12 1908 3007 1938 3030 0.902161
11 446 509 474 533 0.902918
11 1212 468 1241 493 0.904436
12 1636 2947 1666 2970 0.906147
12 1379 1748 1409 1772 0.907542
11 2117 578 2146 602 0.908541
0 129 1607 150 1906 0.909088
8 506 296 537 365 0.9
8 1028 335 1060 406 0.9
8 1550 293 1582 363 0.9
8 2316 209 2343 275 0.9
8 533 914 559 979 0.9
8 781 916 809 980 0.9
8 1069 914 1095 980 0.9
8 1319 933 1348 999 0.9
8 533 1590 559 1654 0.9
8 783 1589 807 1652 0.9
8 1064 1593 1091 1652 0.9
8 533 2265 558 2327 0.9
8 781 2265 807 2328 0.9
8 1069 2266 1095 2328 0.9
8 1319 2284 1345 2348 0.9
8 533 2941 559 3005 0.9
8 785 2941 809 3004 0.9
8 1072 2941 1098 3003 0.9
8 1324 2944 1348 3003 0.9
8 2294 3035 2326 3102 0.9
11 1396 1003 1424 1027 0.909742
12 1379 1678 1409 1701 0.910593
12 1902 973 1932 996 0.910602
12 1884 308 1914 331 0.910862
12 1886 1728 1916 1751 0.911675
12 1400 3027 1430 3050 0.912049
11 860 2291 889 2315 0.91212
12 2121 1698 2151 1721 0.912472
11 1631 2333 1660 2357 0.912631
0 131 269 150 544 0.912906
12 1614 1737 1644 1761 0.913044
11 1735 318 1762 341 0.913081
11 690 318 718 342 0.913998
12 1902 2322 1932 2346 0.914245
11 1551 277 1580 301 0.914266
11 1046 1043 1075 1067 0.914276
11 1369 318 1397 341 0.914661
0 129 2964 149 3250 0.914664
11 1029 318 1057 341 0.914739
11 1734 248 1763 272 0.91479
11 1042 1647 1071 1671 0.914868
11 1631 982 1659 1006 0.915193
11 1396 2353 1424 2377 0.915208
11 1886 1948 1915 1972 0.915227
11 1091 318 1119 341 0.91545
11 573 1607 602 1631 0.915626
11 574 2957 602 2981 0.916143
11 846 258 875 282 0.916187
11 1514 2412 1542 2436 0.916327
11 862 3277 891 3301 0.916395
12 1907 2937 1937 2960 0.916486
11 1109 2302 1137 2326 0.916492
11 2167 2977 2195 3001 0.916573
0 130 938 150 1225 0.916638
11 2292 257 2321 282 0.916657
12 1902 2393 1932 2416 0.916755
11 1110 2372 1138 2396 0.916786
11 1110 2604 1138 2627 0.916839
11 860 943 889 966 0.916989
11 1109 953 1137 977 0.916991
11 2293 3017 2322 3041 0.917022
11 1612 207 1641 231 0.917109
11 1369 248 1397 272 0.917279
11 324 318 352 342 0.917335
11 2244 2322 2272 2346 0.917364
11 2244 1043 2272 1067 0.917555
11 1551 207 1580 231 0.917556
11 1749 2373 1777 2397 0.917608
11 690 248 718 272 0.917655
11 324 3017 352 3041 0.917671
11 1091 248 1119 272 0.917729
11 506 208 534 231 0.917897
11 1109 1253 1138 1278 0.917912
11 1300 2997 1328 3021 0.91793
11 510 2393 538 2417 0.918021
12 1902 1043 1931 1067 0.918024
11 2117 228 2145 252 0.91805
11 1295 2412 1324 2437 0.918106
11 2122 1948 2151 1972 0.918112
11 324 993 352 1016 0.918136
11 510 2322 539 2346 0.91835
11 1631 2593 1660 2617 0.918353
11 1673 468 1702 492 0.918377
11 1943 579 1972 603 0.918474
11 1273 439 1301 462 0.918584
11 510 1043 539 1067 0.918588
11 2244 2393 2272 2417 0.918615
11 323 1263 352 1288 0.918629
11 699 3237 728 3261 0.918632
11 861 1617 890 1641 0.918635
11 510 1647 539 1671 0.918716
11 1046 2322 1075 2346 0.91872
11 2038 3238 2066 3261 0.918785
11 573 932 601 956 0.9188
11 861 2604 889 2628 0.918826
11 2167 2907 2195 2931 0.918861
11 1112 2946 1141 2970 0.918862
11 1748 953 1777 977 0.918903
11 759 2322 788 2346 0.919007
11 1295 1223 1324 1248 0.919015
11 572 2282 601 2306 0.919031
11 2187 1223 2216 1248 0.919141
11 1631 1053 1659 1077 0.919144
11 984 1204 1013 1227 0.919191
11 324 2272 352 2296 0.919219
11 1046 1224 1075 1248 0.91923
11 506 278 535 301 0.919266
11 1050 2997 1078 3021 0.919266
11 761 2996 790 3021 0.919274
11 1113 3017 1141 3041 0.919279
11 1491 508 1519 533 0.919281
11 511 2997 540 3021 0.919282
11 861 1254 889 1278 0.919298
11 1631 2403 1659 2427 0.919302
0 129 2284 150 2581 0.919306
11 1514 993 1542 1017 0.919311
11 861 1687 890 1712 0.91932
11 759 1224 788 1248 0.919321
11 324 1668 352 1691 0.919324
11 1109 1022 1138 1046 0.919339
11 1042 1899 1071 1922 0.919346
11 323 248 352 272 0.919421
11 1029 509 1057 533 0.919439
11 2130 1183 2159 1208 0.919539
11 1212 238 1241 262 0.919561
11 750 468 779 493 0.919581
11 1171 1224 1200 1248 0.919605
11 386 3248 415 3272 0.91962
11 572 1002 601 1027 0.919673
11 1755 3237 1784 3261 0.919681
11 2118 298 2145 322 0.919729
11 1102 1627 1131 1652 0.919781
11 1902 1274 1931 1298 0.91982
11 846 598 875 623 0.919832
11 1237 3237 1266 3262 0.919848
11 1612 277 1641 301 0.919865
11 449 1879 477 1902 0.919905
11 386 1898 415 1922 0.919909
11 568 278 596 302 0.919924
11 628 469 657 493 0.919932
11 862 1928 890 1952 0.919936
11 862 2936 891 2961 0.919948
11 2102 3228 2131 3252 0.919973
11 1519 3208 1548 3232 0.919989
11 690 438 718 462 0.920006
11 1283 1738 1311 1762 0.920058
11 1103 1928 1131 1952 0.920065
11 573 1677 602 1701 0.920085
11 384 549 413 573 0.920133
11 907 549 936 573 0.920156
11 1908 3277 1936 3301 0.920161
11 1690 1224 1719 1248 0.920171
11 2234 509 2262 533 0.920177
11 922 1224 951 1248 0.920184
11 635 1224 663 1248 0.920184
11 385 1223 414 1248 0.920186
11 1295 992 1324 1017 0.920207
11 982 1879 1010 1903 0.920323
11 1579 3248 1607 3271 0.920324
11 2293 2946 2322 2971 0.920329
11 1151 479 1180 503 0.920348
11 1973 3248 2002 3272 0.92037
11 698 1213 726 1237 0.92037
11 1368 589 1397 613 0.920372
11 2001 529 2029 553 0.920422
11 1792 1899 1821 1923 0.920429
11 572 1264 601 1288 0.920454
11 862 3007 891 3031 0.92046
11 1514 1183 1543 1208 0.920461
11 759 2393 788 2417 0.920465
11 1631 1243 1659 1267 0.92047
11 1749 2302 1777 2326 0.920488
11 1295 1063 1324 1087 0.920491
11 698 2562 726 2586 0.920497
11 1514 2533 1542 2557 0.920503
11 1615 1918 1644 1942 0.920516
11 324 2342 352 2366 0.920525
11 1497 1859 1525 1883 0.920535
11 1795 468 1823 492 0.920564
11 1945 1899 1973 1923 0.920575
11 1029 248 1058 272 0.920595
11 1637 3268 1666 3292 0.920612
11 506 489 535 513 0.920612
11 698 1889 726 1913 0.920626
11 1233 1214 1261 1238 0.920636
11 512 3068 540 3092 0.920637
11 1112 3277 1140 3301 0.920639
11 2240 1858 2269 1882 0.920646
11 635 1898 664 1923 0.920652
11 860 2363 889 2387 0.920692
11 2187 2573 2216 2597 0.920694
11 510 972 539 997 0.920737
11 1300 3067 1329 3092 0.920738
11 511 1899 539 1923 0.920764
11 1233 2562 1262 2586 0.920765
11 759 972 788 997 0.920768
11 573 2353 601 2377 0.920784
11 1300 3248 1329 3272 0.920816
11 1902 2624 1931 2648 0.92082
11 1514 1063 1542 1087 0.920838
11 323 922 352 947 0.920838
11 1050 3067 1079 3092 0.920851
11 760 1718 789 1742 0.920866
11 1429 549 1458 573 0.920867
11 2292 328 2320 351 0.920876
11 323 1597 352 1621 0.92088
11 761 3067 790 3092 0.920919
11 1396 1073 1425 1097 0.920931
11 1042 1718 1070 1742 0.920935
11 1046 2393 1075 2417 0.920951
11 323 2613 352 2638 0.920952
11 1224 1668 1252 1691 0.920964
11 1397 1244 1425 1268 0.92097
11 1295 2573 1324 2598 0.921003
11 1574 2573 1602 2597 0.921022
11 1396 2423 1425 2447 0.921037
11 2301 1224 2330 1248 0.921063
11 1959 2573 1988 2597 0.921081
11 2130 2533 2159 2557 0.921083
11 448 2553 477 2577 0.921093
11 2301 2574 2330 2598 0.92111
11 573 3026 602 3051 0.921135
11 760 1899 789 1923 0.921166
11 1438 1899 1467 1923 0.921177
11 1455 1224 1484 1248 0.921201
11 1885 529 1913 553 0.921213
11 2063 1899 2092 1923 0.921222
11 1959 1223 1987 1248 0.921294
11 1556 1899 1585 1923 0.921295
11 1748 1022 1777 1047 0.921296
11 573 2613 601 2638 0.921297
11 1734 438 1763 462 0.921324
11 1046 972 1075 997 0.92133
11 968 539 997 563 0.921332
11 1808 2573 1837 2597 0.921336
11 2243 1213 2272 1238 0.921342
11 760 2574 788 2598 0.921358
11 636 3248 665 3272 0.921372
11 921 1899 950 1922 0.921384
11 1102 1697 1131 1721 0.9214
11 985 2553 1013 2577 0.921407
11 1090 488 1119 513 0.921409
11 510 1224 539 1248 0.921421
11 1514 2342 1542 2367 0.921484
11 1171 2574 1200 2598 0.92149
11 861 1012 889 1037 0.921524
11 324 2946 352 2970 0.921529
11 1733 1889 1761 1913 0.921594
11 924 3247 953 3272 0.921605
12 2166 3208 2196 3232 0.921631
11 1808 1223 1837 1248 0.921632
11 1163 1898 1191 1922 0.921633
11 2244 972 2272 997 0.921719
11 574 1939 602 1963 0.921739
12 2121 1628 2151 1651 0.921784
11 2016 2562 2045 2586 0.9218
11 2073 1223 2102 1248 0.921823
11 511 3248 540 3272 0.921834
11 1573 1223 1602 1247 0.921838
11 1283 1899 1312 1923 0.921856
11 1295 2342 1324 2367 0.921878
11 2176 539 2205 563 0.9219
11 573 3288 602 3313 0.921954
11 510 1717 539 1742 0.921971
11 1212 307 1241 331 0.922002
11 1748 1213 1777 1238 0.922031
11 449 3228 477 3252 0.922148
11 1224 1889 1252 1913 0.922175
11 567 478 596 503 0.922177
11 1551 489 1580 512 0.922184
11 2059 538 2088 563 0.922186
11 449 1203 477 1228 0.922206
11 1047 2573 1075 2598 0.922307
11 324 1939 353 1963 0.922336
11 1814 3248 1843 3272 0.922378
11 846 328 875 352 0.9224
11 2016 1214 2044 1237 0.922418
11 511 2573 539 2598 0.922436
11 1460 3248 1489 3272 0.922521
11 2181 1899 2209 1922 0.922521
11 1396 2593 1425 2618 0.922522
11 2292 539 2320 563 0.922528
11 2073 2573 2102 2598 0.922557
11 2299 1828 2328 1852 0.922611
11 2004 1889 2033 1913 0.922651
11 987 3228 1016 3252 0.922688
11 1612 478 1641 502 0.922738
11 923 2574 951 2598 0.922852
11 385 2573 414 2597 0.922875
11 323 3288 352 3313 0.922879
11 1674 1898 1702 1922 0.92288
11 1690 2574 1719 2598 0.922985
11 635 2573 663 2598 0.923031
11 323 588 352 613 0.923065
11 1455 2573 1484 2597 0.923137
11 1401 3268 1429 3292 0.923518
11 1050 3248 1079 3272 0.92359
11 1379 1918 1408 1943 0.92359
11 761 3247 790 3272 0.923902
11 1749 2562 1778 2586 0.923962
11 1175 3248 1204 3272 0.924166
11 2244 2562 2272 2586 0.924241
11 1696 3248 1725 3272 0.924271
10 173 1576 226 1721 0.932005
10 173 227 225 371 0.936426
1 172 2490 228 2559 0.939296
1 172 1815 230 1884 0.946625
1 172 466 229 535 0.949295
1 172 3165 229 3234 0.950581
1 172 1141 229 1210 0.950997
10 174 2251 226 2394 0.953958
10 174 900 226 1044 0.955687
10 173 2924 226 3069 0.955809
