8 483 337 508 400 0.802672
8 1564 335 1590 399 0.807533
8 1223 336 1248 399 0.817037
8 701 338 725 399 0.836147
8 962 858 987 919 0.838389
8 2290 338 2315 399 0.857437
8 2041 288 2065 349 0.857818
8 1499 337 1523 400 0.86119
8 1758 296 1789 365 0.9
8 475 876 506 945 0.9
8 707 875 740 944 0.9
8 1203 874 1236 944 0.9
8 1326 751 1350 815 0.9
8 1494 868 1525 933 0.9
8 478 1305 502 1368 0.9
8 2030 1846 2056 1909 0.9
8 2108 1845 2133 1908 0.9
8 1815 2487 1847 2553 0.9
8 2039 2369 2064 2432 0.9
8 2030 2925 2056 2989 0.9
8 2108 2927 2133 2987 0.9
11 2158 2688 2186 2712 0.887499
12 771 2907 800 2930 0.895057
12 770 1827 799 1850 0.898671
11 2008 2977 2036 3000 0.899339
12 1286 3017 1316 3040 0.901131
12 456 3198 485 3222 0.902561
11 1759 207 1788 232 0.902767
12 934 2648 964 2671 0.903639
12 458 2658 488 2682 0.903879
12 770 2976 799 3000 0.903982
12 1026 1668 1056 1692 0.904034
12 1824 768 1855 791 0.904102
13 1855 1658 1895 1682 0.904727
13 1313 1327 1352 1351 0.905159
13 1314 1397 1352 1422 0.905945
12 2092 848 2121 871 0.90611
12 323 1867 353 1890 0.906154
12 2091 778 2121 801 0.906273
12 323 2478 353 2501 0.906452
12 1286 1867 1316 1890 0.906848
11 1022 838 1050 862 0.907067
0 130 1878 150 2175 0.90712
12 1824 837 1854 861 0.907647
12 775 1658 805 1682 0.907653
12 1452 3178 1482 3201 0.907821
12 323 3017 354 3041 0.908346
12 777 2436 807 2459 0.908662
12 1299 2406 1329 2430 0.908918
12 1568 1629 1599 1653 0.909004
12 1286 2947 1316 2970 0.909599
12 523 1658 553 1682 0.910056
12 1452 2129 1482 2152 0.910182
12 323 2407 354 2431 0.910462
12 323 2946 354 2970 0.911066
12 324 1938 354 1961 0.911223
12 1859 1408 1888 1431 0.911294
11 2008 2168 2036 2192 0.911899
11 390 2168 419 2192 0.912176
11 323 207 352 232 0.912219
12 1300 2477 1329 2500 0.912221
12 777 2367 806 2390 0.912257
0 131 269 150 544 0.912377
11 1759 278 1787 302 0.912412
12 925 3188 955 3211 0.912602
12 1859 1338 1888 1361 0.912688
11 2225 2648 2253 2672 0.912706
11 1221 317 1249 341 0.913018
11 542 469 570 492 0.913256
11 542 318 570 341 0.913328
11 2289 318 2317 341 0.913394
11 542 248 570 272 0.913446
12 770 1897 800 1921 0.913576
11 2139 1338 2167 1362 0.913718
11 1497 318 1525 342 0.913778
11 323 798 352 822 0.913838
0 129 1342 149 1632 0.913901
12 925 2108 955 2131 0.913981
11 1871 2168 1900 2192 0.914024
12 1286 1937 1316 1961 0.914032
11 699 318 727 341 0.914325
11 2015 2417 2043 2441 0.914425
12 324 1649 354 1672 0.914561
0 129 2964 149 3250 0.914685
11 675 2437 703 2460 0.914979
11 602 2967 631 2990 0.915028
11 1563 318 1591 342 0.915041
11 1635 1866 1664 1891 0.915247
11 1631 2407 1659 2431 0.915289
11 1327 207 1356 232 0.915365
12 455 2118 485 2141 0.915476
11 1205 858 1233 881 0.915539
12 1457 2638 1487 2662 0.915567
11 2085 2976 2114 3001 0.915627
11 1939 2127 1968 2152 0.915759
11 1726 838 1754 861 0.916008
11 1628 207 1657 232 0.916013
11 481 318 509 341 0.916036
11 1097 1948 1125 1972 0.9161
11 2085 1897 2113 1921 0.916186
11 698 248 727 272 0.9162
11 1027 1317 1055 1341 0.91647
11 2288 248 2317 272 0.91663
11 669 2977 698 3001 0.916653
11 1882 2457 1911 2481 0.916725
11 1860 207 1889 232 0.916806
11 1153 1377 1181 1401 0.916835
11 523 1387 552 1412 0.916865
11 1939 3208 1968 3232 0.916877
11 1300 2728 1329 2752 0.916879
12 1318 1669 1348 1692 0.91692
11 1661 888 1690 911 0.917149
11 2109 207 2137 232 0.917174
11 1882 2386 1911 2410 0.917215
11 602 1817 631 1841 0.917251
11 323 1139 352 1163 0.917291
11 960 837 989 861 0.917292
11 2153 2936 2182 2960 0.917331
11 1301 798 1330 822 0.917448
11 1635 1938 1664 1962 0.917484
11 2291 2407 2319 2431 0.917657
11 2248 1357 2277 1382 0.917666
11 456 1427 485 1451 0.917889
11 2153 2168 2182 2192 0.918015
11 900 1427 929 1451 0.918061
11 1636 3017 1664 3041 0.918082
11 2039 267 2068 291 0.9182
11 639 509 667 533 0.918265
11 2153 1928 2181 1952 0.918269
11 961 228 990 252 0.91828
11 1726 768 1754 791 0.918319
11 649 1028 678 1052 0.918348
11 1301 1119 1330 1142 0.918396
11 2008 1897 2036 1921 0.918424
11 1710 2729 1739 2753 0.91843
11 2039 198 2068 222 0.91845
11 901 1357 929 1382 0.918468
0 129 2419 150 2718 0.918509
11 2248 1427 2276 1451 0.918519
11 421 509 449 533 0.918527
11 2225 2397 2253 2421 0.91864
11 1174 1866 1203 1890 0.918649
11 2139 1407 2167 1431 0.918657
11 670 2907 698 2931 0.91867
0 130 802 150 1094 0.918697
11 1803 2936 1832 2960 0.918716
11 603 1887 631 1911 0.918729
11 475 858 503 882 0.918743
11 631 1427 660 1451 0.918868
11 1187 2477 1215 2501 0.918869
11 1205 788 1234 812 0.918894
11 708 858 736 882 0.918927
11 2015 2688 2043 2712 0.918931
11 1380 2688 1408 2712 0.918935
11 771 3277 800 3301 0.919004
11 2221 2128 2250 2152 0.919081
11 524 1316 552 1341 0.919154
11 1563 248 1592 272 0.919184
11 456 1357 485 1381 0.919185
11 1287 2209 1316 2232 0.919189
11 1882 2688 1911 2712 0.9192
11 1494 777 1523 801 0.919205
11 1144 1019 1173 1043 0.919229
11 1108 2417 1137 2441 0.919235
11 1892 1078 1921 1102 0.919254
11 2008 3048 2036 3072 0.919286
11 631 1357 660 1382 0.919333
11 2153 1857 2181 1881 0.919373
11 533 858 562 882 0.919385
11 2091 1118 2120 1143 0.919387
11 2158 2407 2186 2431 0.919434
11 1948 2648 1976 2672 0.919447
11 533 788 562 812 0.919469
11 323 277 352 302 0.91947
11 1803 1856 1832 1881 0.919473
11 2289 2168 2318 2193 0.919504
11 801 1129 830 1153 0.919515
11 1055 228 1083 252 0.919538
11 608 2426 636 2451 0.919548
11 416 1089 445 1113 0.919548
11 1958 1028 1987 1053 0.919565
11 1497 248 1525 272 0.919565
11 1152 1307 1181 1331 0.919583
11 794 578 823 603 0.919601
11 1175 3017 1203 3041 0.919613
11 775 1398 803 1422 0.919627
11 1559 1029 1587 1052 0.919629
11 1098 3027 1126 3051 0.919653
11 1970 549 1999 573 0.919658
11 2153 3248 2182 3272 0.919669
11 1563 478 1592 503 0.919768
11 1495 848 1523 871 0.919789
11 2092 2417 2121 2441 0.919789
11 1803 3298 1831 3322 0.919799
11 323 549 352 573 0.919828
11 2289 3248 2318 3272 0.919834
11 1559 847 1587 871 0.919836
11 1629 277 1657 302 0.919842
11 1631 2478 1660 2502 0.919914
11 2219 548 2247 573 0.919923
11 2085 3047 2113 3072 0.919927
11 794 238 822 262 0.919942
11 1186 2407 1215 2431 0.919952
11 2085 2098 2113 2122 0.919967
11 1027 1388 1055 1411 0.919987
11 1221 248 1250 272 0.920059
11 2291 2688 2320 2712 0.920161
11 391 2708 420 2732 0.920188
11 1804 1928 1832 1952 0.920211
11 1097 2957 1126 2981 0.920232
11 960 767 989 791 0.920254
11 801 778 830 801 0.920288
11 674 2366 702 2390 0.9203
11 1635 2946 1664 2971 0.920308
11 1097 1877 1126 1901 0.920313
11 1055 298 1083 321 0.920348
11 1370 2168 1398 2192 0.920372
11 1327 569 1355 593 0.920449
11 848 3237 877 3262 0.920453
11 856 2698 884 2722 0.920456
11 669 1897 698 1921 0.920458
11 794 307 823 332 0.920497
11 2109 278 2138 302 0.920499
11 1432 529 1460 553 0.920506
11 2008 1968 2036 1992 0.920507
11 669 1826 698 1851 0.92053
11 323 2749 352 2773 0.920533
11 1151 539 1179 563 0.920546
11 607 2357 636 2381 0.920553
11 771 2198 800 2222 0.920554
11 2085 3178 2113 3202 0.920576
11 1287 3268 1315 3292 0.920618
11 849 2159 877 2183 0.920632
11 778 2739 807 2763 0.920635
11 324 1326 353 1350 0.920636
11 1825 1119 1853 1143 0.92065
11 1803 3006 1832 3030 0.92065
11 1370 3228 1398 3252 0.920677
11 1662 818 1690 841 0.92073
11 1174 1937 1203 1961 0.920779
11 603 2897 631 2921 0.920803
11 2159 2478 2187 2501 0.920834
11 1631 2637 1660 2662 0.92085
11 481 248 510 272 0.920856
11 533 1049 562 1073 0.92087
11 1083 1068 1112 1093 0.920889
11 1054 489 1083 513 0.920898
11 1327 278 1356 302 0.920912
11 2221 3208 2250 3232 0.920955
11 2153 3006 2181 3030 0.920975
11 774 1327 803 1351 0.920988
11 890 538 919 563 0.921033
11 1816 2637 1844 2662 0.921036
11 1558 777 1587 801 0.921075
11 1366 788 1395 812 0.921135
11 1301 867 1330 892 0.921178
11 390 3248 419 3272 0.921222
11 961 298 990 322 0.921251
11 475 788 504 812 0.921274
11 1694 529 1722 553 0.921297
11 801 848 830 872 0.921312
11 900 1089 928 1113 0.921319
11 323 2188 352 2213 0.921338
11 591 1068 620 1093 0.921368
11 1816 2466 1845 2491 0.921399
11 1860 278 1889 302 0.92141
11 2008 3248 2036 3272 0.92143
11 2291 1009 2319 1033 0.921444
11 2158 1079 2186 1102 0.92151
11 1021 1048 1050 1073 0.921524
11 1008 217 1037 241 0.921526
11 1803 2218 1832 2243 0.921545
11 1021 767 1050 791 0.921563
11 2225 1048 2253 1073 0.921623
11 2109 498 2137 523 0.921664
11 2092 2487 2121 2511 0.921669
11 1430 1079 1459 1103 0.921768
11 1661 1079 1690 1102 0.921772
11 325 1398 353 1421 0.921799
11 2015 2487 2043 2511 0.921825
11 1205 1069 1234 1093 0.921834
11 2225 2466 2254 2491 0.921839
11 1366 858 1395 882 0.921856
11 1816 2397 1844 2421 0.921921
11 708 1019 737 1043 0.921967
11 2092 2617 2121 2641 0.922053
11 708 788 737 812 0.922092
11 1871 3248 1900 3272 0.922208
11 323 867 352 892 0.922275
11 2085 1968 2113 1992 0.922369
11 2291 2478 2320 2501 0.922765
11 323 3288 352 3313 0.922785
11 1108 2487 1137 2511 0.922863
11 1175 2946 1203 2970 0.922917
11 1860 589 1888 613 0.923039
11 2025 1078 2053 1103 0.923094
11 1008 287 1037 311 0.923348
1 172 1006 230 1075 0.932674
10 173 227 225 371 0.936075
10 173 1843 225 1990 0.936104
1 172 1546 229 1614 0.947436
1 172 2086 229 2154 0.948655
1 172 467 228 535 0.948896
10 174 765 225 909 0.950321
10 174 2384 225 2529 0.950493
1 172 3165 229 3234 0.95071
1 172 2626 229 2694 0.950856
10 173 1304 226 1451 0.955026
10 173 2924 226 3069 0.955797
