8 629 1154 654 1216 0.82007
8 1147 2503 1172 2564 0.82423
8 1393 3197 1416 3258 0.824386
8 2182 1829 2205 1891 0.829919
8 1664 2525 1690 2587 0.832682
8 1148 1829 1171 1891 0.840916
8 630 1831 653 1889 0.85691
11 1856 3167 1885 3191 0.857314
8 2181 1154 2206 1217 0.86395
8 2182 2504 2206 2566 0.864255
8 478 226 502 290 0.9
8 1145 1152 1176 1218 0.9
8 1661 1173 1694 1239 0.9
8 626 2504 659 2568 0.9
8 561 3177 594 3241 0.9
8 974 3178 1007 3243 0.9
8 1808 3178 1841 3243 0.9
15 2120 1843 2143 1880 0.865981
8 1664 1849 1687 1911 0.875409
15 1085 2518 1109 2555 0.876049
11 1157 2977 1186 3001 0.876469
15 2120 2519 2143 2555 0.879212
15 1344 3192 1367 3230 0.879432
15 568 2518 591 2556 0.880089
15 929 3193 953 3230 0.88108
11 609 3017 638 3041 0.883163
15 516 3192 540 3230 0.883177
13 1988 3318 2026 3341 0.884298
15 1085 1842 1109 1879 0.884386
11 609 3168 638 3192 0.886429
15 1084 1168 1109 1206 0.886532
15 2119 1168 2143 1206 0.887489
15 1760 3192 1784 3230 0.888495
15 1602 2518 1626 2555 0.890631
15 567 1843 591 1880 0.89107
15 567 1170 592 1207 0.891392
11 377 3017 405 3041 0.893903
15 1601 1168 1625 1206 0.893938
13 1988 2877 2027 2900 0.894947
13 843 1949 883 1972 0.894967
12 522 579 551 602 0.895564
13 738 3299 778 3322 0.895812
11 1761 3017 1790 3041 0.89712
13 1566 3278 1606 3301 0.898134
13 1855 579 1895 603 0.898294
13 324 3319 365 3342 0.899065
13 1360 1264 1400 1288 0.899985
12 1859 258 1888 281 0.900035
13 1153 3288 1193 3312 0.901284
13 1876 2604 1917 2627 0.901788
13 1359 2613 1400 2637 0.902122
13 324 1969 365 1992 0.902343
13 324 2644 365 2668 0.902702
12 774 579 805 602 0.903436
15 1601 1844 1624 1880 0.903627
13 843 1274 883 1298 0.903694
12 1027 588 1057 612 0.903764
13 1360 1938 1400 1963 0.90428
13 1876 1929 1916 1952 0.905245
13 843 2624 883 2648 0.905524
13 1876 1254 1917 1277 0.905972
13 1313 248 1352 271 0.906429
13 324 1294 366 1318 0.907557
12 1569 549 1598 572 0.908449
0 129 1607 150 1906 0.908993
11 1145 2482 1174 2507 0.909459
12 1859 328 1889 352 0.909465
12 1318 588 1348 612 0.909699
11 775 248 803 272 0.910948
11 2179 2482 2207 2506 0.911291
11 775 318 803 341 0.911405
13 1313 318 1353 342 0.911521
11 628 2483 656 2507 0.913109
11 330 923 359 947 0.913403
0 131 269 150 545 0.913762
11 966 2333 995 2357 0.914624
11 456 278 485 302 0.914666
11 1204 1113 1233 1136 0.914793
11 2248 277 2276 302 0.914816
0 129 2961 149 3251 0.915002
11 744 2977 773 3001 0.91529
11 631 278 660 302 0.916086
11 1153 298 1181 321 0.91649
11 1662 1154 1691 1178 0.916568
11 1437 3017 1466 3041 0.916608
11 627 1132 656 1156 0.916675
0 130 937 150 1225 0.916878
11 1204 3017 1233 3041 0.916898
11 930 3017 959 3041 0.91733
11 1437 3168 1466 3192 0.91748
11 1662 2503 1691 2527 0.917554
11 900 277 929 302 0.91783
11 976 3157 1004 3182 0.917888
11 563 3157 592 3182 0.918053
11 1026 238 1055 262 0.918107
11 2060 1607 2089 1631 0.918131
11 331 952 359 976 0.91824
11 524 237 552 261 0.918321
11 2179 1133 2207 1157 0.918412
11 1152 228 1180 252 0.918488
11 1024 3017 1052 3041 0.918571
11 2139 258 2167 281 0.918693
11 325 318 353 342 0.918697
11 1026 933 1055 957 0.918738
12 323 569 354 593 0.918739
11 1904 2907 1933 2931 0.918775
11 456 348 485 372 0.918822
11 1483 2977 1512 3001 0.918897
11 325 248 353 272 0.918962
11 508 1607 537 1631 0.919098
11 1543 1607 1572 1631 0.919161
0 129 2284 150 2581 0.919176
11 330 2977 359 3001 0.919178
11 1145 1132 1174 1156 0.919239
11 1662 1827 1691 1852 0.919311
11 1069 2977 1098 3001 0.919334
11 1484 2333 1513 2357 0.919415
11 1264 2302 1293 2326 0.91947
11 1662 1596 1691 1621 0.919514
11 2179 1597 2207 1621 0.919517
11 2060 2281 2089 2306 0.919553
11 2001 2333 2029 2357 0.919591
11 656 2977 685 3001 0.919603
11 1856 2936 1885 2961 0.919607
11 2239 2493 2267 2517 0.919622
11 1204 2462 1232 2486 0.919648
11 1809 2947 1838 2971 0.919733
11 687 2492 716 2517 0.919789
11 2179 1808 2207 1832 0.919795
11 1204 1668 1233 1692 0.919809
11 976 2946 1005 2971 0.919821
11 1086 2342 1114 2366 0.919893
11 517 3017 545 3041 0.919902
11 1026 307 1055 331 0.920023
11 523 307 551 331 0.920053
11 2139 328 2168 352 0.920063
11 907 2342 936 2366 0.920065
11 1721 1667 1749 1691 0.9201
11 2239 1143 2268 1168 0.920125
11 2298 1586 2327 1611 0.920129
11 2179 2272 2207 2296 0.92014
11 1204 2342 1233 2367 0.920147
11 1424 1668 1453 1692 0.920183
11 631 347 660 372 0.920185
11 1543 933 1572 957 0.92019
11 449 2333 478 2357 0.920193
11 508 933 537 957 0.920193
11 1571 2977 1600 3001 0.920202
11 1344 3017 1373 3041 0.920206
11 628 1807 656 1831 0.920208
11 1714 2957 1743 2981 0.920214
11 628 1596 656 1620 0.920222
11 1619 3017 1648 3041 0.920253
11 1145 2271 1174 2296 0.920271
11 1390 2946 1419 2971 0.920287
11 2001 983 2029 1007 0.920294
11 563 2946 592 2971 0.920309
11 791 3017 819 3041 0.92032
11 1602 1668 1631 1692 0.920323
11 331 992 359 1016 0.92034
11 1086 1668 1114 1691 0.920391
11 688 2342 716 2366 0.920394
11 1662 923 1691 947 0.920416
11 848 1628 876 1651 0.920433
11 2239 952 2267 977 0.92047
11 847 2302 876 2326 0.920477
11 628 2272 656 2295 0.920519
11 2001 1658 2029 1682 0.920556
11 1085 992 1114 1016 0.920582
11 1882 952 1911 977 0.920597
11 449 1658 478 1682 0.920599
11 330 2302 359 2326 0.92061
11 1204 1788 1232 1812 0.920646
11 2298 913 2327 937 0.92065
11 2179 923 2207 947 0.920665
11 1026 1607 1055 1631 0.920745
11 569 1668 597 1692 0.920761
11 1390 3177 1419 3201 0.920761
11 1543 2282 1572 2306 0.920766
11 450 983 478 1006 0.920803
11 423 3006 452 3030 0.920815
11 687 992 716 1017 0.92082
11 1781 1628 1810 1652 0.920838
11 1781 952 1810 977 0.920841
11 1297 2957 1326 2981 0.920841
11 2238 1817 2267 1842 0.920878
11 1250 3006 1279 3030 0.920905
11 967 983 995 1006 0.920915
11 1662 2272 1691 2296 0.920921
11 2248 347 2276 372 0.920933
11 1365 1627 1394 1652 0.921015
11 837 3006 866 3031 0.921029
11 1882 2302 1911 2326 0.921031
11 470 2957 498 2981 0.921039
11 1145 923 1174 947 0.921043
11 1941 1667 1969 1692 0.921053
11 747 1628 775 1651 0.921103
11 884 2957 912 2981 0.921126
11 2298 2261 2327 2286 0.921156
11 627 923 656 947 0.921167
11 508 2282 537 2306 0.921197
11 390 1668 418 1691 0.921206
11 1145 1807 1174 1831 0.921261
11 2060 932 2089 956 0.921277
11 1721 2492 1750 2516 0.921304
11 907 992 936 1016 0.921311
11 2120 993 2149 1017 0.921326
11 2120 1667 2148 1692 0.921329
11 1721 1818 1750 1842 0.921376
11 1484 1658 1513 1682 0.921388
11 1781 2302 1809 2326 0.921397
11 1808 3158 1837 3182 0.921411
11 1424 2342 1453 2367 0.921421
11 1145 1596 1174 1621 0.921424
11 746 952 775 977 0.921491
11 1023 3137 1052 3161 0.921563
11 1204 993 1233 1017 0.921604
11 1484 983 1513 1007 0.921616
11 1365 953 1394 977 0.921691
11 2120 2342 2149 2366 0.921752
11 688 1818 716 1842 0.921787
11 1721 2342 1750 2366 0.921876
11 900 347 929 372 0.921881
11 2239 2302 2267 2326 0.921919
11 907 1668 936 1691 0.921964
11 1602 2342 1631 2367 0.921992
11 568 993 597 1017 0.922008
11 390 993 418 1017 0.922023
11 1666 3006 1695 3030 0.922071
11 1722 993 1750 1016 0.922107
11 746 2302 775 2326 0.922121
11 1424 993 1453 1017 0.922147
11 1941 2342 1970 2366 0.922328
11 1721 1143 1750 1167 0.922348
11 2239 1628 2268 1652 0.922444
11 1882 1627 1911 1652 0.922479
11 1264 952 1293 977 0.922549
11 1026 2282 1055 2306 0.922563
11 390 2342 418 2367 0.922609
11 847 952 876 977 0.92261
11 1941 993 1970 1017 0.922652
11 966 1657 995 1682 0.922667
11 331 1627 359 1651 0.922722
11 1602 993 1631 1017 0.922738
11 568 2342 597 2367 0.922793
11 1264 1627 1293 1652 0.922831
11 687 1668 716 1691 0.922982
11 687 1143 716 1168 0.92305
11 1365 2302 1393 2326 0.923331
10 173 1576 226 1721 0.925894
10 173 227 225 371 0.934405
1 172 2491 228 2559 0.93994
1 172 1815 230 1885 0.947134
1 172 467 228 535 0.950322
1 172 3165 229 3234 0.951899
1 172 1141 229 1210 0.952286
10 174 2251 226 2395 0.953733
10 174 900 226 1044 0.955098
10 173 2924 226 3069 0.955506
