3 0.53271484375 0.2744140625 0.0068359375 0.03662109375
14 0.5263671875 0.06298828125 0.0087890625 0.01708984375
11 0.52587890625 0.306640625 0.00830078125 0.0068359375
14 0.5263671875 0.65234375 0.0087890625 0.017578125
15 0.60546875 0.2568359375 0.0078125 0.01171875
11 0.60546875 0.64013671875 0.00830078125 0.0068359375
7 0.6123046875 0.05126953125 0.0068359375 0.03125
11 0.60546875 0.0654296875 0.00830078125 0.0068359375
11 0.55712890625 0.3125 0.00830078125 0.00732421875
3 0.56396484375 0.2744140625 0.0068359375 0.03662109375
11 0.47802734375 0.27392578125 0.00830078125 0.0068359375
11 0.4892578125 0.068359375 0.00830078125 0.0068359375
11 0.46630859375 0.294921875 0.00830078125 0.0068359375
7 0.44189453125 0.6376953125 0.00732421875 0.03125
11 0.5107421875 0.63671875 0.00830078125 0.0068359375
11 0.50048828125 0.2978515625 0.00830078125 0.00732421875
7 0.49609375 0.05419921875 0.00732421875 0.03125
11 0.4892578125 0.64306640625 0.00830078125 0.0068359375
11 0.4892578125 0.27392578125 0.00830078125 0.0068359375
11 0.4892578125 0.2919921875 0.00830078125 0.0068359375
19 0.79638671875 0.25439453125 0.00830078125 0.00390625
21 0.7734375 0.25439453125 0.00634765625 0.0185546875
15 0.75390625 0.2568359375 0.0078125 0.01171875
14 0.73583984375 0.259765625 0.0087890625 0.01708984375
14 0.66748046875 0.65234375 0.0087890625 0.017578125
14 0.66748046875 0.06298828125 0.0087890625 0.01708984375
7 0.64208984375 0.06005859375 0.00732421875 0.03125
11 0.6357421875 0.07421875 0.00830078125 0.00732421875
11 0.62109375 0.64892578125 0.00830078125 0.0068359375
7 0.69287109375 0.271484375 0.00732421875 0.03125
22 0.68603515625 0.64453125 0.00830078125 0.00390625
11 0.68603515625 0.294921875 0.00830078125 0.0068359375
22 0.68603515625 0.05517578125 0.00830078125 0.00390625
3 0.2412109375 0.2744140625 0.0068359375 0.03662109375
6 0.234375 0.650390625 0.00732421875 0.02734375
1 0.193359375 0.82373046875 0.017578125 0.02099609375
11 0.234375 0.0595703125 0.00830078125 0.00732421875
11 0.234375 0.2919921875 0.00830078125 0.0068359375
11 0.234375 0.6337890625 0.00830078125 0.0068359375
6 0.234375 0.07470703125 0.00732421875 0.02734375
11 0.2958984375 0.04443359375 0.00830078125 0.00732421875
11 0.2958984375 0.3037109375 0.00830078125 0.0068359375
11 0.2958984375 0.64013671875 0.00830078125 0.0068359375
11 0.26513671875 0.30078125 0.00830078125 0.0068359375
3 0.27197265625 0.2744140625 0.0068359375 0.03662109375
22 0.515625 0.4482421875 0.00830078125 0.00390625
0 0.17529296875 0.78662109375 0.00634765625 0.103515625
22 0.515625 0.1533203125 0.00830078125 0.00390625
22 0.515625 0.35595703125 0.00830078125 0.00390625
22 0.515625 0.54638671875 0.00830078125 0.00390625
22 0.515625 0.74267578125 0.00830078125 0.00390625
22 0.515625 0.8212890625 0.00830078125 0.00390625
1 0.193359375 0.548828125 0.017578125 0.02099609375
1 0.193359375 0.7451171875 0.017578125 0.02099609375
1 0.193359375 0.45068359375 0.017578125 0.02099609375
1 0.193359375 0.25390625 0.017578125 0.02099609375
1 0.193359375 0.15576171875 0.017578125 0.02099609375
11 0.38671875 0.306640625 0.00830078125 0.0068359375
11 0.37548828125 0.2978515625 0.00830078125 0.00732421875
7 0.44189453125 0.06005859375 0.00732421875 0.03125
11 0.435546875 0.07421875 0.00830078125 0.00732421875
11 0.435546875 0.30078125 0.00830078125 0.0068359375
11 0.435546875 0.65185546875 0.00830078125 0.0068359375
3 0.44189453125 0.2744140625 0.00732421875 0.03662109375
15 0.4150390625 0.6494140625 0.0078125 0.01171875
15 0.4150390625 0.2568359375 0.0078125 0.01171875
15 0.4150390625 0.06005859375 0.0078125 0.01171875
11 0.31884765625 0.65478515625 0.00830078125 0.0068359375
11 0.31884765625 0.27978515625 0.00830078125 0.0068359375
11 0.31884765625 0.28857421875 0.00830078125 0.0068359375
11 0.31884765625 0.0654296875 0.00830078125 0.0068359375
11 0.3076171875 0.27978515625 0.00830078125 0.0068359375
11 0.3447265625 0.6279296875 0.00830078125 0.0068359375
11 0.3447265625 0.3037109375 0.00830078125 0.0068359375
14 0.34521484375 0.06298828125 0.0087890625 0.01708984375
3 0.3515625 0.2744140625 0.00732421875 0.03662109375