8 0.60302734375 0.2060546875 0.0048828125 0.01416015625
9 0.59033203125 0.1943359375 0.00537109375 0.01416015625
11 0.58544921875 0.2041015625 0.00634765625 0.00537109375
15 0.5849609375 0.1005859375 0.00634765625 0.00927734375
15 0.5849609375 0.05126953125 0.00634765625 0.00927734375
15 0.603515625 0.05126953125 0.005859375 0.00927734375
15 0.603515625 0.1005859375 0.005859375 0.00927734375
11 0.603515625 0.19677734375 0.00634765625 0.005859375
11 0.65869140625 0.0458984375 0.00634765625 0.00537109375
11 0.65869140625 0.10498046875 0.00634765625 0.00537109375
11 0.65869140625 0.2041015625 0.00634765625 0.00537109375
8 0.65869140625 0.05517578125 0.0048828125 0.01416015625
11 0.50732421875 0.1494140625 0.00634765625 0.00537109375
9 0.62548828125 0.09521484375 0.00537109375 0.01416015625
11 0.62060546875 0.10498046875 0.00634765625 0.00537109375
15 0.6201171875 0.19970703125 0.005859375 0.00927734375
8 0.6201171875 0.05517578125 0.0048828125 0.01416015625
11 0.62060546875 0.0458984375 0.00634765625 0.00537109375
15 0.638671875 0.05126953125 0.00634765625 0.00927734375
15 0.638671875 0.1005859375 0.00634765625 0.00927734375
11 0.638671875 0.2041015625 0.00634765625 0.00537109375
15 0.53271484375 0.1005859375 0.00634765625 0.00927734375
13 0.5341796875 0.1494140625 0.0087890625 0.00537109375
11 0.533203125 0.21337890625 0.00634765625 0.00537109375
15 0.53271484375 0.05126953125 0.00634765625 0.00927734375
15 0.50732421875 0.19970703125 0.00634765625 0.00927734375
8 0.50732421875 0.05078125 0.0048828125 0.01416015625
9 0.5126953125 0.09326171875 0.00537109375 0.013671875
11 0.568359375 0.0458984375 0.00634765625 0.00537109375
11 0.568359375 0.10498046875 0.00634765625 0.00537109375
15 0.568359375 0.19970703125 0.00634765625 0.00927734375
9 0.5380859375 0.20361328125 0.00537109375 0.01416015625
11 0.55126953125 0.0458984375 0.00634765625 0.00537109375
11 0.55126953125 0.10498046875 0.00634765625 0.00537109375
15 0.55126953125 0.19970703125 0.005859375 0.00927734375
11 0.78759765625 0.0390625 0.00634765625 0.00537109375
11 0.78759765625 0.10009765625 0.00634765625 0.005859375
11 0.8056640625 0.0341796875 0.00634765625 0.00537109375
11 0.8056640625 0.095703125 0.00634765625 0.00537109375
9 0.740234375 0.09521484375 0.00537109375 0.01416015625
11 0.75341796875 0.0439453125 0.00634765625 0.00537109375
11 0.75341796875 0.10498046875 0.00634765625 0.00537109375
11 0.77001953125 0.041015625 0.00634765625 0.00537109375
11 0.77001953125 0.1025390625 0.00634765625 0.00537109375
9 0.6640625 0.09521484375 0.00537109375 0.01416015625
11 0.68994140625 0.04833984375 0.00634765625 0.005859375
11 0.68994140625 0.0439453125 0.00634765625 0.00537109375
11 0.68994140625 0.10498046875 0.00634765625 0.00537109375
11 0.68994140625 0.1494140625 0.00634765625 0.00537109375
11 0.68994140625 0.2060546875 0.00634765625 0.00537109375
11 0.73486328125 0.05078125 0.00634765625 0.00537109375
11 0.73486328125 0.10498046875 0.00634765625 0.00537109375
8 0.73486328125 0.0595703125 0.00537109375 0.01416015625
15 0.7177734375 0.1005859375 0.005859375 0.00927734375
15 0.7177734375 0.05126953125 0.005859375 0.00927734375
19 0.71826171875 0.1484375 0.00634765625 0.0029296875
19 0.71826171875 0.19775390625 0.00634765625 0.0029296875
9 0.30078125 0.19189453125 0.00537109375 0.01416015625
11 0.31396484375 0.0439453125 0.00634765625 0.00537109375
11 0.31396484375 0.1025390625 0.00634765625 0.00537109375
15 0.3134765625 0.19970703125 0.00634765625 0.00927734375
8 0.3134765625 0.05322265625 0.0048828125 0.01416015625
15 0.2744140625 0.05126953125 0.005859375 0.00927734375
15 0.2744140625 0.1005859375 0.005859375 0.00927734375
11 0.2744140625 0.1943359375 0.00634765625 0.00537109375
8 0.2744140625 0.20361328125 0.0048828125 0.01416015625
15 0.29541015625 0.05126953125 0.005859375 0.00927734375
15 0.29541015625 0.1005859375 0.005859375 0.00927734375
11 0.2958984375 0.20166015625 0.00634765625 0.00537109375
15 0.35302734375 0.19970703125 0.00634765625 0.00927734375
8 0.33154296875 0.20361328125 0.0048828125 0.01416015625
11 0.35302734375 0.0439453125 0.00634765625 0.00537109375
11 0.35302734375 0.1025390625 0.00634765625 0.00537109375
11 0.35302734375 0.14501953125 0.00634765625 0.00537109375
11 0.50732421875 0.1025390625 0.00634765625 0.00537109375
8 0.3525390625 0.05322265625 0.00537109375 0.01416015625
9 0.3583984375 0.09326171875 0.00537109375 0.013671875
11 0.33203125 0.14013671875 0.00634765625 0.005859375
9 0.31884765625 0.09326171875 0.00537109375 0.013671875
15 0.33154296875 0.05126953125 0.005859375 0.00927734375
15 0.33154296875 0.1005859375 0.005859375 0.00927734375
11 0.33203125 0.1943359375 0.00634765625 0.00537109375
1 0.19091796875 0.19775390625 0.013671875 0.0166015625
15 0.22314453125 0.05126953125 0.00634765625 0.00927734375
15 0.22314453125 0.1005859375 0.00634765625 0.00927734375
12 0.2236328125 0.1474609375 0.0068359375 0.00537109375
11 0.22314453125 0.1943359375 0.00634765625 0.00537109375
10 0.19140625 0.04931640625 0.01318359375 0.0361328125
10 0.19140625 0.09912109375 0.01318359375 0.0361328125
10 0.19140625 0.1484375 0.01318359375 0.0361328125
11 0.25732421875 0.041015625 0.00634765625 0.00537109375
11 0.25732421875 0.1025390625 0.00634765625 0.00537109375
15 0.25732421875 0.19970703125 0.00634765625 0.00927734375
8 0.22314453125 0.20361328125 0.00537109375 0.01416015625
11 0.240234375 0.041015625 0.00634765625 0.00537109375
11 0.240234375 0.1025390625 0.00634765625 0.00537109375
15 0.240234375 0.19970703125 0.00634765625 0.00927734375
15 0.4541015625 0.1005859375 0.00634765625 0.00927734375
9 0.44140625 0.1943359375 0.00537109375 0.01416015625
15 0.4541015625 0.05126953125 0.00634765625 0.00927734375
11 0.4541015625 0.1943359375 0.00634765625 0.00537109375
11 0.4189453125 0.1025390625 0.00634765625 0.00537109375
15 0.4189453125 0.19970703125 0.00634765625 0.00927734375
15 0.43603515625 0.05126953125 0.005859375 0.00927734375
15 0.43603515625 0.1005859375 0.005859375 0.00927734375
11 0.43603515625 0.2041015625 0.00634765625 0.00537109375
11 0.4892578125 0.1474609375 0.00634765625 0.00537109375
11 0.4892578125 0.2041015625 0.00634765625 0.00537109375
15 0.4892578125 0.1005859375 0.005859375 0.00927734375
9 0.49462890625 0.1943359375 0.00537109375 0.01416015625
11 0.50732421875 0.041015625 0.00634765625 0.00537109375
8 0.4541015625 0.20361328125 0.0048828125 0.01416015625
11 0.47119140625 0.041015625 0.00634765625 0.00537109375
11 0.47119140625 0.1025390625 0.00634765625 0.00537109375
15 0.47119140625 0.19970703125 0.00634765625 0.00927734375
8 0.47119140625 0.05078125 0.0048828125 0.01416015625
9 0.4765625 0.09326171875 0.00537109375 0.013671875
15 0.4892578125 0.05126953125 0.005859375 0.00927734375
11 0.4189453125 0.041015625 0.00634765625 0.00537109375
9 0.38916015625 0.1943359375 0.00537109375 0.01416015625
15 0.3837890625 0.05126953125 0.005859375 0.00927734375
15 0.3837890625 0.1005859375 0.005859375 0.00927734375
12 0.38427734375 0.14501953125 0.0068359375 0.00537109375
11 0.3837890625 0.2041015625 0.00634765625 0.00537109375
15 0.40185546875 0.19970703125 0.00634765625 0.00927734375
11 0.40185546875 0.1025390625 0.00634765625 0.00537109375
11 0.40185546875 0.041015625 0.00634765625 0.00537109375
11 0.68359375 0.44775390625 0.00634765625 0.005859375
11 0.68359375 0.2802734375 0.00634765625 0.00537109375
11 0.68359375 0.341796875 0.00634765625 0.00537109375
11 0.68359375 0.39111328125 0.00634765625 0.00537109375
9 0.640625 0.4453125 0.00537109375 0.013671875
11 0.6357421875 0.388671875 0.00634765625 0.00537109375
11 0.6357421875 0.455078125 0.00634765625 0.00537109375
11 0.65380859375 0.38671875 0.00634765625 0.00537109375
15 0.65380859375 0.45068359375 0.00634765625 0.00927734375
11 0.7021484375 0.38671875 0.00634765625 0.00537109375
11 0.54638671875 0.38671875 0.00634765625 0.00537109375
11 0.5634765625 0.388671875 0.00634765625 0.00537109375
15 0.5634765625 0.45068359375 0.00634765625 0.00927734375
15 0.6181640625 0.45068359375 0.00634765625 0.00927734375
9 0.60546875 0.4453125 0.00537109375 0.013671875
11 0.61865234375 0.38671875 0.00634765625 0.00537109375
11 0.5830078125 0.38671875 0.00634765625 0.00537109375
11 0.5830078125 0.4453125 0.00634765625 0.00537109375
8 0.58251953125 0.455078125 0.0048828125 0.01416015625
11 0.60009765625 0.388671875 0.00634765625 0.00537109375
11 0.60009765625 0.455078125 0.00634765625 0.00537109375
15 0.8046875 0.45068359375 0.005859375 0.00927734375
8 0.78759765625 0.45703125 0.0048828125 0.01416015625
11 0.80517578125 0.28515625 0.00634765625 0.00537109375
11 0.80517578125 0.3466796875 0.00634765625 0.00537109375
11 0.80517578125 0.39111328125 0.00634765625 0.00537109375
11 0.78759765625 0.28271484375 0.00634765625 0.00537109375
11 0.78759765625 0.34423828125 0.00634765625 0.00537109375
15 0.78759765625 0.4013671875 0.005859375 0.00927734375
11 0.78759765625 0.44775390625 0.00634765625 0.005859375
8 0.8046875 0.40087890625 0.0048828125 0.01416015625
11 0.73583984375 0.38671875 0.00634765625 0.00537109375
11 0.73583984375 0.4384765625 0.00634765625 0.00537109375
8 0.73583984375 0.44775390625 0.0048828125 0.01416015625
11 0.75341796875 0.2783203125 0.00634765625 0.00537109375
11 0.75341796875 0.33935546875 0.00634765625 0.005859375
15 0.7529296875 0.4013671875 0.00634765625 0.00927734375
21 0.71728515625 0.30078125 0.00537109375 0.0146484375
21 0.71728515625 0.35009765625 0.00537109375 0.0146484375
11 0.71826171875 0.39111328125 0.00634765625 0.00537109375
15 0.7177734375 0.45068359375 0.005859375 0.00927734375
11 0.75341796875 0.44775390625 0.00634765625 0.005859375
11 0.7705078125 0.2802734375 0.00634765625 0.00537109375
11 0.7705078125 0.341796875 0.00634765625 0.00537109375
11 0.7705078125 0.38671875 0.00634765625 0.00537109375
15 0.7705078125 0.45068359375 0.00634765625 0.00927734375
8 0.77001953125 0.39599609375 0.00537109375 0.01416015625
8 0.7529296875 0.45703125 0.0048828125 0.01416015625
8 0.29638671875 0.4501953125 0.0048828125 0.01416015625
11 0.31396484375 0.38427734375 0.00634765625 0.00537109375
15 0.31396484375 0.45068359375 0.00634765625 0.00927734375
8 0.3134765625 0.3935546875 0.0048828125 0.01416015625
11 0.3310546875 0.28271484375 0.00634765625 0.00537109375
11 0.3310546875 0.34423828125 0.00634765625 0.00537109375
15 0.3310546875 0.4013671875 0.00634765625 0.00927734375
11 0.3310546875 0.44775390625 0.00634765625 0.005859375
8 0.279296875 0.45703125 0.00537109375 0.01416015625
15 0.279296875 0.4013671875 0.00634765625 0.00927734375
11 0.279296875 0.44775390625 0.00634765625 0.005859375
15 0.296875 0.4013671875 0.00634765625 0.00927734375
11 0.296875 0.44091796875 0.00634765625 0.00537109375
15 0.37353515625 0.4013671875 0.00634765625 0.00927734375
8 0.34814453125 0.3984375 0.0048828125 0.01416015625
12 0.3740234375 0.28759765625 0.0068359375 0.005859375
12 0.3740234375 0.3486328125 0.0068359375 0.00537109375
8 0.3310546875 0.45703125 0.0048828125 0.01416015625
11 0.34814453125 0.388671875 0.00634765625 0.00537109375
15 0.34814453125 0.45068359375 0.00634765625 0.00927734375
1 0.19091796875 0.44873046875 0.013671875 0.0166015625
12 0.2216796875 0.294921875 0.0068359375 0.00537109375
12 0.2216796875 0.35595703125 0.0068359375 0.005859375
15 0.22119140625 0.4013671875 0.00634765625 0.00927734375
11 0.22119140625 0.45703125 0.00634765625 0.00537109375
10 0.19140625 0.30078125 0.01318359375 0.0361328125
10 0.19140625 0.35009765625 0.01318359375 0.0361328125
11 0.24951171875 0.388671875 0.00634765625 0.00537109375
11 0.26220703125 0.38427734375 0.00634765625 0.00537109375
15 0.26220703125 0.45068359375 0.00634765625 0.00927734375
8 0.26220703125 0.3935546875 0.00537109375 0.01416015625
11 0.37353515625 0.4501953125 0.00634765625 0.00537109375
11 0.23828125 0.38427734375 0.00634765625 0.00537109375
11 0.4833984375 0.353515625 0.00634765625 0.00537109375
8 0.4658203125 0.40283203125 0.0048828125 0.01416015625
11 0.4833984375 0.29248046875 0.00634765625 0.00537109375
15 0.4833984375 0.4013671875 0.005859375 0.00927734375
11 0.4833984375 0.4501953125 0.00634765625 0.00537109375
8 0.431640625 0.4501953125 0.0048828125 0.01416015625
15 0.44921875 0.4013671875 0.00634765625 0.00927734375
11 0.44921875 0.4501953125 0.00634765625 0.00537109375
8 0.44873046875 0.458984375 0.0048828125 0.01416015625
11 0.46630859375 0.3935546875 0.00634765625 0.00537109375
15 0.46630859375 0.45068359375 0.005859375 0.00927734375
13 0.5302734375 0.2802734375 0.0087890625 0.00537109375
13 0.5302734375 0.341796875 0.0087890625 0.00537109375
11 0.52880859375 0.388671875 0.00634765625 0.00537109375
11 0.52880859375 0.455078125 0.00634765625 0.00537109375
11 0.50048828125 0.388671875 0.00634765625 0.00537109375
8 0.4833984375 0.458984375 0.0048828125 0.01416015625
15 0.50048828125 0.45068359375 0.005859375 0.00927734375
8 0.50048828125 0.3984375 0.0048828125 0.01416015625
11 0.390625 0.388671875 0.00634765625 0.00537109375
11 0.40185546875 0.3935546875 0.00634765625 0.00537109375
15 0.41455078125 0.45068359375 0.00634765625 0.00927734375
8 0.41455078125 0.3984375 0.0048828125 0.01416015625
11 0.41455078125 0.388671875 0.00634765625 0.00537109375
15 0.431640625 0.4013671875 0.00634765625 0.00927734375
11 0.43212890625 0.44091796875 0.00634765625 0.00537109375
11 0.6376953125 0.712890625 0.00634765625 0.00537109375
15 0.63720703125 0.65234375 0.00634765625 0.00927734375
8 0.6025390625 0.65869140625 0.0048828125 0.01416015625
11 0.67919921875 0.712890625 0.00634765625 0.00537109375
15 0.6787109375 0.65234375 0.00634765625 0.00927734375
15 0.6787109375 0.60302734375 0.00634765625 0.00927734375
11 0.67919921875 0.53125 0.00634765625 0.00537109375
9 0.642578125 0.70361328125 0.00537109375 0.013671875
11 0.6025390625 0.6494140625 0.00634765625 0.00537109375
21 0.6015625 0.60107421875 0.00537109375 0.0146484375
21 0.6015625 0.5517578125 0.00537109375 0.0146484375
11 0.5830078125 0.642578125 0.00634765625 0.00537109375
15 0.6025390625 0.70166015625 0.005859375 0.00927734375
11 0.56103515625 0.6494140625 0.00634765625 0.00537109375
8 0.78564453125 0.654296875 0.00537109375 0.01416015625
9 0.791015625 0.59521484375 0.00537109375 0.013671875
15 0.78564453125 0.70166015625 0.00634765625 0.00927734375
11 0.78564453125 0.64453125 0.00634765625 0.00537109375
11 0.71484375 0.60693359375 0.00634765625 0.005859375
15 0.71484375 0.70166015625 0.005859375 0.00927734375
11 0.71484375 0.6494140625 0.00634765625 0.00537109375
11 0.71484375 0.5341796875 0.00634765625 0.00537109375
9 0.68408203125 0.70361328125 0.00537109375 0.013671875
11 0.78564453125 0.6044921875 0.00634765625 0.00537109375
11 0.78564453125 0.53857421875 0.00634765625 0.005859375
9 0.7548828125 0.70361328125 0.00537109375 0.013671875
11 0.75 0.712890625 0.00634765625 0.00537109375
11 0.75 0.5361328125 0.00634765625 0.00537109375
11 0.2978515625 0.6396484375 0.00634765625 0.00537109375
11 0.27783203125 0.63525390625 0.00634765625 0.005859375
15 0.29736328125 0.70166015625 0.005859375 0.00927734375
11 0.25634765625 0.6396484375 0.00634765625 0.00537109375
11 0.33251953125 0.60693359375 0.00634765625 0.005859375
11 0.33251953125 0.69873046875 0.00634765625 0.00537109375
15 0.33251953125 0.65234375 0.00634765625 0.00927734375
11 0.33251953125 0.5458984375 0.00634765625 0.00537109375
8 0.29736328125 0.6494140625 0.0048828125 0.01416015625
10 0.19140625 0.5517578125 0.01318359375 0.0361328125
10 0.19140625 0.60107421875 0.01318359375 0.0361328125
1 0.19091796875 0.69970703125 0.013671875 0.0166015625
11 0.22119140625 0.70849609375 0.00634765625 0.00537109375
15 0.22119140625 0.65234375 0.00634765625 0.00927734375
11 0.22119140625 0.59521484375 0.00634765625 0.005859375
11 0.22119140625 0.5341796875 0.00634765625 0.00537109375
11 0.4716796875 0.7060546875 0.00634765625 0.00537109375
11 0.4716796875 0.642578125 0.00634765625 0.00537109375
11 0.43701171875 0.70849609375 0.00634765625 0.00537109375
15 0.43701171875 0.65234375 0.00634765625 0.00927734375
11 0.43701171875 0.59521484375 0.00634765625 0.005859375
11 0.5224609375 0.59521484375 0.00634765625 0.005859375
11 0.5224609375 0.70361328125 0.00634765625 0.005859375
15 0.5224609375 0.65234375 0.005859375 0.00927734375
11 0.5224609375 0.5341796875 0.00634765625 0.00537109375
8 0.4716796875 0.65185546875 0.00537109375 0.01416015625
11 0.43701171875 0.5341796875 0.00634765625 0.00537109375
8 0.3671875 0.701171875 0.0048828125 0.01416015625
11 0.3671875 0.69189453125 0.00634765625 0.005859375
15 0.3671875 0.65234375 0.00634765625 0.00927734375
8 0.33251953125 0.70849609375 0.0048828125 0.01416015625
8 0.40185546875 0.6494140625 0.0048828125 0.01416015625
11 0.40234375 0.6396484375 0.00634765625 0.00537109375
15 0.40234375 0.70166015625 0.00634765625 0.00927734375
11 0.60986328125 0.8583984375 0.00634765625 0.00537109375
11 0.58984375 0.89794921875 0.00634765625 0.00537109375
11 0.58984375 0.8583984375 0.00634765625 0.00537109375
15 0.64501953125 0.85400390625 0.005859375 0.00927734375
8 0.60986328125 0.90966796875 0.0048828125 0.01416015625
9 0.615234375 0.8486328125 0.00537109375 0.01416015625
15 0.60986328125 0.953125 0.00634765625 0.00927734375
11 0.60986328125 0.900390625 0.00634765625 0.00537109375
21 0.609375 0.802734375 0.00537109375 0.0146484375
11 0.53173828125 0.966796875 0.00634765625 0.00537109375
15 0.53173828125 0.9033203125 0.005859375 0.00927734375
15 0.53173828125 0.85400390625 0.005859375 0.00927734375
11 0.53173828125 0.787109375 0.00634765625 0.00537109375
11 0.56982421875 0.900390625 0.00634765625 0.00537109375
11 0.56982421875 0.8583984375 0.00634765625 0.00537109375
11 0.78857421875 0.7919921875 0.00634765625 0.00537109375
9 0.650390625 0.95703125 0.00537109375 0.01416015625
11 0.681640625 0.95703125 0.00634765625 0.00537109375
11 0.681640625 0.8837890625 0.00634765625 0.00537109375
11 0.681640625 0.84375 0.00634765625 0.00537109375
11 0.681640625 0.78515625 0.00634765625 0.00537109375
11 0.6455078125 0.966796875 0.00634765625 0.00537109375
11 0.75048828125 0.9501953125 0.00634765625 0.00537109375
11 0.75048828125 0.888671875 0.00634765625 0.00537109375
11 0.75048828125 0.84619140625 0.00634765625 0.005859375
11 0.75048828125 0.78955078125 0.00634765625 0.00537109375
11 0.7158203125 0.787109375 0.00634765625 0.00537109375
15 0.64501953125 0.9033203125 0.005859375 0.00927734375
11 0.28271484375 0.900390625 0.00634765625 0.00537109375
11 0.28271484375 0.8603515625 0.00634765625 0.00537109375
11 0.25732421875 0.8955078125 0.00634765625 0.00537109375
11 0.25732421875 0.85546875 0.00634765625 0.00537109375
15 0.34033203125 0.85400390625 0.005859375 0.00927734375
11 0.34033203125 0.79931640625 0.00634765625 0.00537109375
8 0.3037109375 0.9052734375 0.0048828125 0.01416015625
9 0.30908203125 0.84619140625 0.00537109375 0.01416015625
15 0.30419921875 0.953125 0.005859375 0.00927734375
11 0.30419921875 0.8955078125 0.00634765625 0.00537109375
11 0.30419921875 0.85546875 0.00634765625 0.00537109375
1 0.19091796875 0.95068359375 0.013671875 0.0166015625
10 0.19140625 0.85205078125 0.01318359375 0.0361328125
10 0.19140625 0.802734375 0.01318359375 0.0361328125
11 0.22119140625 0.95703125 0.00634765625 0.00537109375
15 0.22119140625 0.9033203125 0.00634765625 0.00927734375
15 0.22119140625 0.85400390625 0.00634765625 0.00927734375
11 0.22119140625 0.787109375 0.00634765625 0.00537109375
11 0.44775390625 0.94775390625 0.00634765625 0.00537109375
15 0.44775390625 0.9033203125 0.00634765625 0.00927734375
15 0.44775390625 0.85400390625 0.00634765625 0.00927734375
11 0.44775390625 0.787109375 0.00634765625 0.00537109375
8 0.412109375 0.90966796875 0.0048828125 0.01416015625
9 0.41748046875 0.84619140625 0.00537109375 0.01416015625
15 0.34033203125 0.9033203125 0.005859375 0.00927734375
15 0.41259765625 0.953125 0.005859375 0.00927734375
11 0.41259765625 0.900390625 0.00634765625 0.00537109375
8 0.48193359375 0.90966796875 0.0048828125 0.01416015625
9 0.4873046875 0.84619140625 0.00537109375 0.01416015625
15 0.48193359375 0.953125 0.00634765625 0.00927734375
11 0.48193359375 0.900390625 0.00634765625 0.00537109375
11 0.48193359375 0.85546875 0.00634765625 0.00537109375
8 0.44775390625 0.95703125 0.0048828125 0.01416015625
15 0.37451171875 0.85400390625 0.00634765625 0.00927734375
8 0.34033203125 0.95703125 0.0048828125 0.01416015625
11 0.41259765625 0.85546875 0.00634765625 0.00537109375
11 0.34033203125 0.94775390625 0.00634765625 0.00537109375
11 0.37451171875 0.94775390625 0.00634765625 0.00537109375
8 0.3740234375 0.95703125 0.00537109375 0.01416015625
15 0.37451171875 0.9033203125 0.00634765625 0.00927734375