11 0.68798828125 0.0625 0.00830078125 0.0068359375
11 0.65625 0.07763671875 0.00830078125 0.0068359375
11 0.67236328125 0.0625 0.00830078125 0.0068359375
11 0.70068359375 0.07763671875 0.00830078125 0.0068359375
11 0.7158203125 0.08984375 0.00830078125 0.0068359375
11 0.58154296875 0.0625 0.00830078125 0.0068359375
11 0.59716796875 0.0625 0.0078125 0.0068359375
11 0.60986328125 0.07763671875 0.00830078125 0.0068359375
11 0.625 0.08984375 0.00830078125 0.0068359375
11 0.640625 0.08984375 0.00830078125 0.0068359375
11 0.806640625 0.08984375 0.00830078125 0.0068359375
11 0.7314453125 0.08984375 0.00830078125 0.0068359375
11 0.74755859375 0.07763671875 0.00830078125 0.0068359375
11 0.76318359375 0.0625 0.00830078125 0.0068359375
11 0.77880859375 0.0625 0.00830078125 0.0068359375
11 0.79150390625 0.07763671875 0.00830078125 0.0068359375
11 0.34228515625 0.08984375 0.00830078125 0.0068359375
11 0.34228515625 0.07763671875 0.00830078125 0.0068359375
11 0.34228515625 0.0625 0.00830078125 0.0068359375
11 0.34228515625 0.0478515625 0.00830078125 0.0068359375
11 0.392578125 0.08984375 0.00830078125 0.0068359375
11 0.392578125 0.07763671875 0.00830078125 0.0068359375
11 0.392578125 0.0625 0.00830078125 0.0068359375
11 0.392578125 0.0478515625 0.00830078125 0.0068359375
11 0.458984375 0.08984375 0.00830078125 0.0068359375
1 0.193359375 0.06396484375 0.017578125 0.02099609375
11 0.24169921875 0.08984375 0.00830078125 0.0068359375
11 0.24169921875 0.07763671875 0.00830078125 0.0068359375
11 0.24169921875 0.0625 0.00830078125 0.0068359375
11 0.24169921875 0.0478515625 0.00830078125 0.0068359375
11 0.2919921875 0.08984375 0.00830078125 0.0068359375
11 0.2919921875 0.07763671875 0.00830078125 0.0068359375
11 0.2919921875 0.0625 0.00830078125 0.0068359375
11 0.2919921875 0.0478515625 0.00830078125 0.0068359375
11 0.51904296875 0.07763671875 0.00830078125 0.0068359375
11 0.50634765625 0.0625 0.00830078125 0.0068359375
11 0.5498046875 0.08984375 0.00830078125 0.0068359375
11 0.5341796875 0.08984375 0.00830078125 0.0068359375
11 0.47509765625 0.07763671875 0.00830078125 0.0068359375
11 0.5654296875 0.07763671875 0.00830078125 0.0068359375
11 0.49072265625 0.0625 0.00830078125 0.0068359375
11 0.630859375 0.17431640625 0.00830078125 0.0068359375
11 0.65478515625 0.18310546875 0.00830078125 0.0068359375
11 0.67919921875 0.18310546875 0.00830078125 0.0068359375
11 0.70361328125 0.17138671875 0.00830078125 0.00732421875
11 0.5361328125 0.18310546875 0.00830078125 0.0068359375
11 0.560546875 0.17138671875 0.00830078125 0.00732421875
11 0.5849609375 0.1591796875 0.00830078125 0.0068359375
11 0.609375 0.1591796875 0.00830078125 0.0068359375
11 0.72802734375 0.1591796875 0.00830078125 0.0068359375
11 0.75244140625 0.1591796875 0.00830078125 0.0068359375
11 0.77392578125 0.17431640625 0.00830078125 0.0068359375
11 0.7978515625 0.18310546875 0.00830078125 0.0068359375
11 0.29931640625 0.1591796875 0.00830078125 0.0068359375
11 0.267578125 0.17138671875 0.00830078125 0.00732421875
11 0.3232421875 0.1591796875 0.00830078125 0.0068359375
11 0.3447265625 0.17431640625 0.00830078125 0.0068359375
11 0.51220703125 0.18310546875 0.00830078125 0.0068359375
1 0.193359375 0.16064453125 0.017578125 0.02099609375
11 0.2431640625 0.18310546875 0.00830078125 0.0068359375
11 0.41748046875 0.17138671875 0.00830078125 0.00732421875
11 0.48779296875 0.17431640625 0.00830078125 0.0068359375
11 0.44189453125 0.1591796875 0.00830078125 0.0068359375
11 0.46630859375 0.1591796875 0.00830078125 0.0068359375
11 0.39306640625 0.18310546875 0.00830078125 0.0068359375
11 0.36865234375 0.18310546875 0.00830078125 0.0068359375
11 0.62841796875 0.27099609375 0.00830078125 0.0068359375
11 0.65234375 0.28271484375 0.00830078125 0.0068359375
11 0.67724609375 0.28271484375 0.00830078125 0.0068359375
11 0.7021484375 0.27099609375 0.00830078125 0.0068359375
11 0.5322265625 0.28271484375 0.00830078125 0.0068359375
11 0.55712890625 0.27099609375 0.00830078125 0.0068359375
11 0.58154296875 0.255859375 0.0078125 0.00732421875
11 0.6064453125 0.255859375 0.00830078125 0.00732421875
11 0.7265625 0.255859375 0.00830078125 0.00732421875
11 0.75146484375 0.255859375 0.00830078125 0.00732421875
11 0.7734375 0.27099609375 0.00830078125 0.0068359375
11 0.79736328125 0.28271484375 0.00830078125 0.0068359375
11 0.291015625 0.255859375 0.00830078125 0.00732421875
11 0.31591796875 0.255859375 0.00830078125 0.00732421875
11 0.337890625 0.27099609375 0.00830078125 0.0068359375
11 0.36181640625 0.28271484375 0.00830078125 0.0068359375
1 0.193359375 0.2568359375 0.017578125 0.02099609375
11 0.24169921875 0.28271484375 0.00830078125 0.0068359375
11 0.2666015625 0.27099609375 0.00830078125 0.0068359375
11 0.4365234375 0.255859375 0.00830078125 0.00732421875
11 0.4609375 0.255859375 0.00830078125 0.00732421875
11 0.48291015625 0.27099609375 0.00830078125 0.0068359375
11 0.50732421875 0.28271484375 0.00830078125 0.0068359375
11 0.38671875 0.28271484375 0.00830078125 0.0068359375
11 0.41162109375 0.27099609375 0.00830078125 0.0068359375
11 0.630859375 0.3671875 0.00830078125 0.0068359375
11 0.65478515625 0.37646484375 0.00830078125 0.00732421875
11 0.67919921875 0.37646484375 0.00830078125 0.00732421875
11 0.70361328125 0.3642578125 0.00830078125 0.0068359375
11 0.5361328125 0.37646484375 0.00830078125 0.00732421875
11 0.560546875 0.3642578125 0.00830078125 0.0068359375
11 0.5849609375 0.3525390625 0.00830078125 0.0068359375
11 0.609375 0.3525390625 0.00830078125 0.0068359375
11 0.72802734375 0.3525390625 0.00830078125 0.0068359375
11 0.75244140625 0.3525390625 0.00830078125 0.0068359375
11 0.77392578125 0.3671875 0.00830078125 0.0068359375
11 0.7978515625 0.37646484375 0.00830078125 0.00732421875
11 0.29931640625 0.3525390625 0.00830078125 0.0068359375
11 0.267578125 0.3642578125 0.00830078125 0.0068359375
11 0.3232421875 0.3525390625 0.00830078125 0.0068359375
11 0.3447265625 0.3671875 0.00830078125 0.0068359375
11 0.51220703125 0.37646484375 0.00830078125 0.00732421875
1 0.193359375 0.353515625 0.017578125 0.02099609375
11 0.2431640625 0.37646484375 0.00830078125 0.00732421875
11 0.41748046875 0.3642578125 0.00830078125 0.0068359375
11 0.48779296875 0.3671875 0.00830078125 0.0068359375
11 0.44189453125 0.3525390625 0.00830078125 0.0068359375
11 0.46630859375 0.3525390625 0.00830078125 0.0068359375
11 0.39306640625 0.37646484375 0.00830078125 0.00732421875
11 0.36865234375 0.37646484375 0.00830078125 0.00732421875
11 0.6328125 0.4638671875 0.00830078125 0.0068359375
11 0.65673828125 0.47265625 0.00830078125 0.0068359375
11 0.6806640625 0.47265625 0.00830078125 0.0068359375
11 0.705078125 0.4609375 0.0078125 0.00732421875
11 0.5322265625 0.47265625 0.00830078125 0.0068359375
11 0.556640625 0.4609375 0.00830078125 0.00732421875
11 0.58740234375 0.44921875 0.00830078125 0.0068359375
11 0.611328125 0.44921875 0.00830078125 0.0068359375
11 0.72900390625 0.44921875 0.00830078125 0.0068359375
11 0.7529296875 0.44921875 0.00830078125 0.0068359375
11 0.7744140625 0.4638671875 0.00830078125 0.0068359375
11 0.79833984375 0.47265625 0.00830078125 0.0068359375
11 0.2900390625 0.44921875 0.00830078125 0.0068359375
11 0.31396484375 0.44921875 0.00830078125 0.0068359375
11 0.3349609375 0.4638671875 0.00830078125 0.0068359375
11 0.35888671875 0.47607421875 0.00830078125 0.00732421875
1 0.193359375 0.4501953125 0.017578125 0.02099609375
11 0.24169921875 0.47607421875 0.00830078125 0.00732421875
11 0.26611328125 0.4638671875 0.00830078125 0.0068359375
11 0.43115234375 0.44921875 0.00830078125 0.0068359375
11 0.455078125 0.44921875 0.00830078125 0.0068359375
11 0.4765625 0.4638671875 0.00830078125 0.0068359375
11 0.50048828125 0.47607421875 0.00830078125 0.00732421875
11 0.4072265625 0.4638671875 0.00830078125 0.0068359375
11 0.3828125 0.47607421875 0.00830078125 0.00732421875
11 0.6328125 0.560546875 0.00830078125 0.00732421875
11 0.65673828125 0.5693359375 0.00830078125 0.0068359375
11 0.6806640625 0.5693359375 0.00830078125 0.0068359375
11 0.705078125 0.5576171875 0.0078125 0.0068359375
11 0.5322265625 0.5693359375 0.00830078125 0.0068359375
11 0.556640625 0.5576171875 0.00830078125 0.0068359375
11 0.58740234375 0.54541015625 0.00830078125 0.00732421875
11 0.611328125 0.54541015625 0.00830078125 0.00732421875
11 0.72900390625 0.54541015625 0.00830078125 0.00732421875
11 0.7529296875 0.54541015625 0.00830078125 0.00732421875
11 0.7744140625 0.560546875 0.00830078125 0.00732421875
11 0.79833984375 0.5693359375 0.00830078125 0.0068359375
11 0.2900390625 0.54541015625 0.00830078125 0.00732421875
11 0.31396484375 0.54541015625 0.00830078125 0.00732421875
11 0.3349609375 0.560546875 0.00830078125 0.00732421875
11 0.35888671875 0.572265625 0.00830078125 0.0068359375
1 0.193359375 0.546875 0.017578125 0.02099609375
11 0.24169921875 0.572265625 0.00830078125 0.0068359375
11 0.26611328125 0.560546875 0.00830078125 0.00732421875
11 0.43115234375 0.54541015625 0.00830078125 0.00732421875
11 0.455078125 0.54541015625 0.00830078125 0.00732421875
11 0.4765625 0.560546875 0.00830078125 0.00732421875
11 0.50048828125 0.572265625 0.00830078125 0.0068359375
11 0.4072265625 0.560546875 0.00830078125 0.00732421875
11 0.3828125 0.572265625 0.00830078125 0.0068359375
11 0.63134765625 0.6572265625 0.00830078125 0.0068359375
11 0.654296875 0.6689453125 0.00830078125 0.0068359375
11 0.677734375 0.666015625 0.00830078125 0.0068359375
11 0.701171875 0.654296875 0.00830078125 0.0068359375
11 0.5322265625 0.6689453125 0.00830078125 0.0068359375
11 0.5556640625 0.6572265625 0.00830078125 0.0068359375
11 0.58740234375 0.64208984375 0.00830078125 0.0068359375
11 0.61083984375 0.64208984375 0.00830078125 0.0068359375
11 0.7314453125 0.64208984375 0.00830078125 0.0068359375
11 0.7548828125 0.64208984375 0.00830078125 0.0068359375
11 0.775390625 0.6572265625 0.00830078125 0.0068359375
11 0.798828125 0.666015625 0.00830078125 0.0068359375
11 0.28857421875 0.64208984375 0.00830078125 0.0068359375
11 0.31201171875 0.64208984375 0.00830078125 0.0068359375
11 0.3330078125 0.6572265625 0.00830078125 0.0068359375
11 0.35595703125 0.6689453125 0.00830078125 0.0068359375
1 0.193359375 0.64306640625 0.017578125 0.02099609375
11 0.24169921875 0.6689453125 0.00830078125 0.0068359375
11 0.26513671875 0.6572265625 0.00830078125 0.0068359375
11 0.44140625 0.64208984375 0.00830078125 0.0068359375
11 0.46484375 0.64208984375 0.00830078125 0.0068359375
11 0.4853515625 0.6572265625 0.00830078125 0.0068359375
11 0.5087890625 0.666015625 0.00830078125 0.0068359375
11 0.38720703125 0.666015625 0.00830078125 0.0068359375
11 0.4111328125 0.654296875 0.00830078125 0.0068359375
11 0.6357421875 0.75048828125 0.00830078125 0.0068359375
11 0.65625 0.7626953125 0.00830078125 0.0068359375
11 0.6796875 0.759765625 0.00830078125 0.00732421875
11 0.703125 0.74755859375 0.0078125 0.0068359375
11 0.5380859375 0.7626953125 0.00830078125 0.0068359375
11 0.568359375 0.75048828125 0.00830078125 0.0068359375
11 0.615234375 0.73583984375 0.00830078125 0.0068359375
11 0.591796875 0.73583984375 0.00830078125 0.0068359375
11 0.734375 0.73291015625 0.00830078125 0.0068359375
11 0.75830078125 0.73291015625 0.00830078125 0.0068359375
11 0.7783203125 0.74755859375 0.00830078125 0.0068359375
11 0.798828125 0.759765625 0.00830078125 0.00732421875
11 0.28857421875 0.73876953125 0.00830078125 0.0068359375
11 0.31201171875 0.73876953125 0.00830078125 0.0068359375
11 0.33251953125 0.75390625 0.00830078125 0.0068359375
11 0.35546875 0.765625 0.00830078125 0.00732421875
1 0.193359375 0.73974609375 0.017578125 0.02099609375
11 0.24169921875 0.765625 0.00830078125 0.00732421875
11 0.26513671875 0.75390625 0.00830078125 0.0068359375
11 0.484375 0.75390625 0.00830078125 0.0068359375
11 0.44091796875 0.73876953125 0.00830078125 0.0068359375
11 0.46435546875 0.73876953125 0.00830078125 0.0068359375
11 0.38671875 0.7626953125 0.00830078125 0.0068359375
11 0.5078125 0.7626953125 0.00830078125 0.0068359375
11 0.41015625 0.75048828125 0.00830078125 0.0068359375
11 0.58251953125 0.8623046875 0.00830078125 0.0068359375
11 0.56005859375 0.84130859375 0.00830078125 0.0068359375
11 0.56005859375 0.8623046875 0.00830078125 0.0068359375
11 0.63671875 0.84130859375 0.00830078125 0.0068359375
11 0.63671875 0.8623046875 0.00830078125 0.0068359375
11 0.58251953125 0.84130859375 0.00830078125 0.0068359375
11 0.60498046875 0.84130859375 0.00830078125 0.0068359375
11 0.60498046875 0.8623046875 0.00830078125 0.0068359375
11 0.50146484375 0.8232421875 0.00830078125 0.0068359375
11 0.490234375 0.8232421875 0.00830078125 0.0068359375
11 0.47900390625 0.83837890625 0.00830078125 0.0068359375
11 0.537109375 0.84130859375 0.00830078125 0.0068359375
11 0.537109375 0.8623046875 0.00830078125 0.0068359375
11 0.51806640625 0.85009765625 0.00830078125 0.0068359375
11 0.509765625 0.83837890625 0.00830078125 0.0068359375
21 0.80078125 0.8369140625 0.00634765625 0.0185546875
11 0.779296875 0.84130859375 0.00830078125 0.0068359375
11 0.779296875 0.8623046875 0.00830078125 0.0068359375
21 0.75732421875 0.8369140625 0.00634765625 0.0185546875
11 0.681640625 0.84130859375 0.00830078125 0.0068359375
11 0.681640625 0.8623046875 0.00830078125 0.0068359375
11 0.7041015625 0.8623046875 0.00830078125 0.0068359375
11 0.6591796875 0.84130859375 0.00830078125 0.0068359375
11 0.6591796875 0.8623046875 0.00830078125 0.0068359375
11 0.736328125 0.84130859375 0.00830078125 0.0068359375
11 0.736328125 0.8623046875 0.00830078125 0.0068359375
11 0.7041015625 0.84130859375 0.00830078125 0.0068359375
11 0.31103515625 0.85302734375 0.00830078125 0.0068359375
11 0.2998046875 0.85595703125 0.00830078125 0.0068359375
11 0.29150390625 0.84423828125 0.00830078125 0.00732421875
11 0.34521484375 0.826171875 0.00830078125 0.0068359375
11 0.333984375 0.826171875 0.00830078125 0.0068359375
11 0.32275390625 0.84130859375 0.00830078125 0.0068359375
11 0.2421875 0.85595703125 0.00830078125 0.0068359375
1 0.193359375 0.83642578125 0.017578125 0.02099609375
11 0.283203125 0.8291015625 0.00830078125 0.00732421875
11 0.271484375 0.8291015625 0.00830078125 0.00732421875
11 0.26025390625 0.84423828125 0.00830078125 0.00732421875
11 0.42236328125 0.826171875 0.00830078125 0.0068359375
11 0.4111328125 0.826171875 0.00830078125 0.0068359375
11 0.46728515625 0.85009765625 0.00830078125 0.0068359375
11 0.44921875 0.85009765625 0.00830078125 0.0068359375
11 0.44091796875 0.83837890625 0.00830078125 0.0068359375
11 0.36181640625 0.85302734375 0.00830078125 0.0068359375
11 0.3818359375 0.85009765625 0.00830078125 0.0068359375
11 0.353515625 0.84130859375 0.00830078125 0.0068359375
11 0.39306640625 0.83837890625 0.00830078125 0.0068359375
12 0.60986328125 0.9169921875 0.0087890625 0.0068359375
12 0.65576171875 0.9169921875 0.0087890625 0.0068359375
12 0.6357421875 0.9169921875 0.0087890625 0.0068359375
12 0.546875 0.9228515625 0.0087890625 0.0068359375
11 0.52685546875 0.92578125 0.00830078125 0.0068359375
11 0.56982421875 0.919921875 0.00830078125 0.0068359375
12 0.58984375 0.919921875 0.0087890625 0.0068359375
12 0.7822265625 0.931640625 0.0087890625 0.0068359375
11 0.75732421875 0.9287109375 0.00830078125 0.00732421875
11 0.744140625 0.9228515625 0.00830078125 0.0068359375
12 0.8017578125 0.93798828125 0.0087890625 0.0068359375
12 0.681640625 0.919921875 0.0087890625 0.0068359375
12 0.724609375 0.92578125 0.0087890625 0.0068359375
11 0.7041015625 0.9228515625 0.00830078125 0.0068359375
21 0.3154296875 0.93359375 0.0068359375 0.0185546875
19 0.3291015625 0.93310546875 0.00830078125 0.00390625
11 0.3017578125 0.93798828125 0.00830078125 0.0068359375
11 0.3017578125 0.958984375 0.00830078125 0.0068359375
11 0.35498046875 0.93798828125 0.00830078125 0.0068359375
11 0.35498046875 0.958984375 0.00830078125 0.0068359375
11 0.24169921875 0.93798828125 0.00830078125 0.0068359375
11 0.24169921875 0.958984375 0.00830078125 0.0068359375
1 0.193359375 0.93310546875 0.017578125 0.02099609375
11 0.26904296875 0.93798828125 0.00830078125 0.0068359375
21 0.2822265625 0.93359375 0.00634765625 0.0185546875
11 0.26904296875 0.958984375 0.00830078125 0.0068359375
21 0.25537109375 0.93359375 0.00634765625 0.0185546875
12 0.50439453125 0.92919921875 0.0087890625 0.0068359375
19 0.44921875 0.93310546875 0.00830078125 0.00390625
11 0.48193359375 0.93798828125 0.00830078125 0.0068359375
21 0.4677734375 0.93359375 0.00634765625 0.0185546875
19 0.3818359375 0.93310546875 0.00830078125 0.00390625
13 0.4130859375 0.95849609375 0.01123046875 0.00732421875
13 0.4130859375 0.9375 0.01123046875 0.00732421875
21 0.3681640625 0.93359375 0.00634765625 0.0185546875