11 0.5458984375 0.35009765625 0.00830078125 0.0068359375
11 0.65185546875 0.10498046875 0.00830078125 0.0068359375
11 0.65185546875 0.35009765625 0.00830078125 0.0068359375
11 0.62548828125 0.35302734375 0.00830078125 0.0068359375
11 0.63916015625 0.10205078125 0.0078125 0.0068359375
11 0.63916015625 0.34716796875 0.0078125 0.00732421875
12 0.69287109375 0.10791015625 0.0087890625 0.0068359375
12 0.69287109375 0.35302734375 0.0087890625 0.0068359375
11 0.68017578125 0.35595703125 0.00830078125 0.0068359375
11 0.68017578125 0.11083984375 0.00830078125 0.0068359375
12 0.6640625 0.35302734375 0.0087890625 0.0068359375
12 0.6640625 0.10791015625 0.0087890625 0.0068359375
12 0.57080078125 0.11083984375 0.0087890625 0.0068359375
12 0.57080078125 0.35595703125 0.0087890625 0.0068359375
12 0.58740234375 0.11376953125 0.0087890625 0.00732421875
12 0.58740234375 0.35888671875 0.0087890625 0.0068359375
22 0.44482421875 0.06298828125 0.00390625 0.00634765625
11 0.55810546875 0.10791015625 0.00830078125 0.0068359375
11 0.55810546875 0.35302734375 0.00830078125 0.0068359375
12 0.60791015625 0.11376953125 0.0087890625 0.00732421875
12 0.60791015625 0.35888671875 0.0087890625 0.0068359375
11 0.62548828125 0.10791015625 0.00830078125 0.0068359375
12 0.79541015625 0.11083984375 0.0087890625 0.0068359375
12 0.79541015625 0.35595703125 0.0087890625 0.0068359375
11 0.8115234375 0.11083984375 0.00830078125 0.0068359375
11 0.8115234375 0.35595703125 0.00830078125 0.0068359375
11 0.7705078125 0.10791015625 0.00830078125 0.0068359375
11 0.7705078125 0.35302734375 0.00830078125 0.0068359375
11 0.78271484375 0.11083984375 0.00830078125 0.0068359375
11 0.78271484375 0.35595703125 0.00830078125 0.0068359375
22 0.65185546875 0.30810546875 0.00390625 0.00634765625
22 0.65185546875 0.06298828125 0.00390625 0.00634765625
22 0.54833984375 0.30810546875 0.00390625 0.00634765625
22 0.54833984375 0.06298828125 0.00390625 0.00634765625
22 0.44482421875 0.30810546875 0.00390625 0.00634765625
21 0.72216796875 0.1181640625 0.00634765625 0.0185546875
21 0.72216796875 0.36328125 0.00634765625 0.01806640625
21 0.71142578125 0.279296875 0.00634765625 0.0185546875
21 0.71142578125 0.5244140625 0.00634765625 0.0185546875
11 0.75830078125 0.10791015625 0.0078125 0.0068359375
11 0.74560546875 0.35009765625 0.00830078125 0.0068359375
11 0.75830078125 0.35302734375 0.0078125 0.0068359375
11 0.7333984375 0.10205078125 0.00830078125 0.0068359375
11 0.7333984375 0.34716796875 0.00830078125 0.00732421875
11 0.74560546875 0.10498046875 0.00830078125 0.0068359375
11 0.3515625 0.35302734375 0.00830078125 0.0068359375
11 0.3515625 0.10791015625 0.00830078125 0.0068359375
11 0.3271484375 0.10791015625 0.00830078125 0.0068359375
11 0.3271484375 0.35302734375 0.00830078125 0.0068359375
12 0.3642578125 0.11083984375 0.0087890625 0.0068359375
11 0.33935546875 0.10498046875 0.00830078125 0.0068359375
11 0.33935546875 0.35009765625 0.00830078125 0.0068359375
12 0.4013671875 0.11376953125 0.0087890625 0.00732421875
12 0.4013671875 0.35888671875 0.0087890625 0.0068359375
11 0.5458984375 0.10498046875 0.00830078125 0.0068359375
12 0.3642578125 0.35595703125 0.0087890625 0.0068359375
12 0.38037109375 0.11376953125 0.0087890625 0.00732421875
12 0.38037109375 0.35888671875 0.0087890625 0.0068359375
1 0.24365234375 0.11767578125 0.017578125 0.02099609375
22 0.76171875 0.06298828125 0.00390625 0.00634765625
22 0.76171875 0.30810546875 0.00390625 0.00634765625
19 0.30029296875 0.064453125 0.00830078125 0.00390625
10 0.244140625 0.064453125 0.0166015625 0.0458984375
12 0.30029296875 0.10205078125 0.0087890625 0.0068359375
10 0.244140625 0.31005859375 0.0166015625 0.0458984375
12 0.30029296875 0.34716796875 0.0087890625 0.0068359375
0 0.22607421875 0.0927734375 0.005859375 0.0791015625
22 0.33837890625 0.30810546875 0.00390625 0.00634765625
1 0.24365234375 0.36328125 0.017578125 0.02099609375
0 0.22607421875 0.33837890625 0.005859375 0.0791015625
16 0.31396484375 0.06298828125 0.00390625 0.00634765625
11 0.31640625 0.10205078125 0.00830078125 0.0068359375
11 0.31640625 0.34716796875 0.00830078125 0.00732421875
12 0.5068359375 0.10205078125 0.0087890625 0.0068359375
12 0.5068359375 0.34716796875 0.0087890625 0.0068359375
11 0.4736328125 0.11083984375 0.00830078125 0.0068359375
11 0.4736328125 0.35595703125 0.00830078125 0.0068359375
12 0.486328125 0.10791015625 0.0087890625 0.0068359375
12 0.486328125 0.35302734375 0.0087890625 0.0068359375
11 0.53369140625 0.35302734375 0.00830078125 0.0068359375
11 0.53369140625 0.10791015625 0.00830078125 0.0068359375
11 0.52294921875 0.10205078125 0.0078125 0.0068359375
11 0.52294921875 0.34716796875 0.0078125 0.00732421875
11 0.4453125 0.35009765625 0.00830078125 0.0068359375
11 0.4453125 0.10498046875 0.00830078125 0.0068359375
11 0.4189453125 0.10791015625 0.00830078125 0.0068359375
11 0.4189453125 0.35302734375 0.00830078125 0.0068359375
11 0.4326171875 0.34716796875 0.00830078125 0.00732421875
11 0.4326171875 0.10205078125 0.00830078125 0.0068359375
12 0.45751953125 0.35302734375 0.0087890625 0.0068359375
12 0.45751953125 0.10791015625 0.0087890625 0.0068359375
12 0.57958984375 0.71142578125 0.0087890625 0.0068359375
12 0.57958984375 0.59521484375 0.0087890625 0.0068359375
12 0.662109375 0.71142578125 0.0087890625 0.0068359375
12 0.662109375 0.59521484375 0.0087890625 0.0068359375
12 0.62060546875 0.59814453125 0.0087890625 0.0068359375
12 0.62060546875 0.71435546875 0.0087890625 0.0068359375
0 0.17529296875 0.69677734375 0.005859375 0.0791015625
11 0.5517578125 0.70849609375 0.00830078125 0.00732421875
11 0.5517578125 0.59228515625 0.00830078125 0.0068359375
12 0.7119140625 0.59521484375 0.0087890625 0.0068359375
11 0.52490234375 0.70556640625 0.00830078125 0.0068359375
11 0.52490234375 0.58935546875 0.00830078125 0.0068359375
22 0.583984375 0.55078125 0.00390625 0.00634765625
22 0.583984375 0.6669921875 0.00390625 0.00634765625
16 0.7509765625 0.720703125 0.00390625 0.00634765625
12 0.7119140625 0.71142578125 0.0087890625 0.0068359375
16 0.7509765625 0.6044921875 0.00390625 0.00634765625
0 0.17529296875 0.58056640625 0.005859375 0.0791015625
11 0.255859375 0.71435546875 0.00830078125 0.0068359375
11 0.255859375 0.59814453125 0.00830078125 0.0068359375
21 0.2548828125 0.55224609375 0.00634765625 0.01806640625
11 0.2822265625 0.71435546875 0.00830078125 0.0068359375
11 0.2822265625 0.59814453125 0.00830078125 0.0068359375
16 0.2802734375 0.55078125 0.00390625 0.00634765625
1 0.193359375 0.60546875 0.017578125 0.02099609375
10 0.19384765625 0.55224609375 0.0166015625 0.04541015625
22 0.75634765625 0.6669921875 0.00390625 0.00634765625
22 0.75634765625 0.55078125 0.00390625 0.00634765625
22 0.34033203125 0.6669921875 0.00390625 0.00634765625
21 0.2294921875 0.72216796875 0.00634765625 0.0185546875
21 0.2294921875 0.60595703125 0.00634765625 0.0185546875
21 0.2294921875 0.55224609375 0.00634765625 0.01806640625
1 0.193359375 0.7216796875 0.017578125 0.02099609375
10 0.19384765625 0.66845703125 0.0166015625 0.0458984375
12 0.4326171875 0.7177734375 0.0087890625 0.0068359375
12 0.4326171875 0.6015625 0.0087890625 0.0068359375
12 0.39111328125 0.71435546875 0.0087890625 0.0068359375
12 0.39111328125 0.59814453125 0.0087890625 0.0068359375
12 0.482421875 0.71435546875 0.0087890625 0.0068359375
12 0.482421875 0.59814453125 0.0087890625 0.0068359375
11 0.33642578125 0.70849609375 0.00830078125 0.00732421875
11 0.33642578125 0.59228515625 0.00830078125 0.0068359375
11 0.3095703125 0.71142578125 0.00830078125 0.0068359375
11 0.3095703125 0.59521484375 0.00830078125 0.0068359375
11 0.36376953125 0.71142578125 0.00830078125 0.0068359375
11 0.36376953125 0.59521484375 0.00830078125 0.0068359375