11 0.671875 0.04833984375 0.00830078125 0.00732421875
15 0.671875 0.12939453125 0.0078125 0.01171875
15 0.671875 0.19140625 0.0078125 0.01171875
11 0.671875 0.31591796875 0.00830078125 0.0068359375
11 0.671875 0.38720703125 0.00830078125 0.0068359375
8 0.6103515625 0.19677734375 0.00634765625 0.017578125
11 0.63623046875 0.04833984375 0.00830078125 0.00732421875
11 0.63623046875 0.11669921875 0.00830078125 0.0068359375
15 0.63623046875 0.19140625 0.0078125 0.01171875
8 0.67138671875 0.06005859375 0.00634765625 0.017578125
11 0.61083984375 0.11669921875 0.00830078125 0.0068359375
11 0.671875 0.4404296875 0.00830078125 0.00732421875
11 0.58935546875 0.32470703125 0.00830078125 0.0068359375
11 0.58935546875 0.44970703125 0.00830078125 0.0068359375
11 0.61083984375 0.04541015625 0.00830078125 0.0068359375
11 0.61083984375 0.18505859375 0.00830078125 0.0068359375
11 0.568359375 0.0419921875 0.00830078125 0.00732421875
11 0.568359375 0.1103515625 0.00830078125 0.0068359375
11 0.568359375 0.17919921875 0.00830078125 0.0068359375
11 0.79833984375 0.04833984375 0.00830078125 0.00732421875
11 0.771484375 0.4404296875 0.00830078125 0.00732421875
8 0.74462890625 0.45166015625 0.00634765625 0.017578125
11 0.771484375 0.05419921875 0.00830078125 0.0068359375
21 0.7705078125 0.126953125 0.00634765625 0.01806640625
21 0.7705078125 0.189453125 0.00634765625 0.0185546875
11 0.771484375 0.31591796875 0.00830078125 0.0068359375
11 0.771484375 0.38720703125 0.00830078125 0.0068359375
22 0.583984375 0.3740234375 0.00830078125 0.00390625
22 0.583984375 0.2490234375 0.00830078125 0.00390625
11 0.69677734375 0.04541015625 0.00830078125 0.0068359375
11 0.69677734375 0.11669921875 0.00830078125 0.0068359375
11 0.69677734375 0.18505859375 0.00830078125 0.0068359375
11 0.71826171875 0.31591796875 0.00830078125 0.0068359375
11 0.71826171875 0.38720703125 0.00830078125 0.0068359375
11 0.71826171875 0.4404296875 0.00830078125 0.00732421875
8 0.74462890625 0.3271484375 0.00634765625 0.017578125
9 0.75146484375 0.375 0.0068359375 0.017578125
8 0.7177734375 0.3271484375 0.00634765625 0.017578125
9 0.724609375 0.375 0.0068359375 0.017578125
8 0.7177734375 0.45166015625 0.00634765625 0.017578125
15 0.7451171875 0.06689453125 0.0078125 0.01171875
15 0.7451171875 0.12939453125 0.0078125 0.01171875
15 0.7451171875 0.19140625 0.0078125 0.01171875
11 0.7451171875 0.31591796875 0.00830078125 0.0068359375
11 0.7451171875 0.38720703125 0.00830078125 0.0068359375
11 0.7451171875 0.4404296875 0.00830078125 0.00732421875
11 0.29541015625 0.31591796875 0.00830078125 0.0068359375
11 0.29541015625 0.38720703125 0.00830078125 0.0068359375
11 0.29541015625 0.4404296875 0.00830078125 0.00732421875
11 0.27392578125 0.04541015625 0.00830078125 0.0068359375
11 0.27392578125 0.11669921875 0.00830078125 0.0068359375
11 0.27392578125 0.18505859375 0.00830078125 0.0068359375
11 0.31640625 0.04541015625 0.00830078125 0.0068359375
11 0.37841796875 0.107421875 0.00830078125 0.0068359375
11 0.37841796875 0.17626953125 0.00830078125 0.0068359375
11 0.37841796875 0.24755859375 0.00830078125 0.0068359375
11 0.37841796875 0.32177734375 0.00830078125 0.00732421875
11 0.37841796875 0.39306640625 0.00830078125 0.0068359375
11 0.37841796875 0.4462890625 0.00830078125 0.0068359375
11 0.31640625 0.11669921875 0.00830078125 0.0068359375
11 0.31640625 0.18505859375 0.00830078125 0.0068359375
11 0.3427734375 0.0419921875 0.00830078125 0.00732421875
11 0.3427734375 0.1103515625 0.00830078125 0.0068359375
11 0.3427734375 0.17919921875 0.00830078125 0.0068359375
1 0.193359375 0.06396484375 0.017578125 0.02099609375
1 0.193359375 0.12646484375 0.017578125 0.02099609375
1 0.193359375 0.18896484375 0.017578125 0.02099609375
1 0.193359375 0.25146484375 0.017578125 0.02099609375
1 0.193359375 0.31396484375 0.017578125 0.02099609375
1 0.193359375 0.3759765625 0.017578125 0.02099609375
22 0.28759765625 0.2490234375 0.00830078125 0.00390625
22 0.73828125 0.2490234375 0.00830078125 0.00390625
1 0.193359375 0.4384765625 0.017578125 0.02099609375
11 0.37841796875 0.0390625 0.00830078125 0.0068359375
11 0.23046875 0.04541015625 0.00830078125 0.0068359375
11 0.23046875 0.11669921875 0.00830078125 0.0068359375
11 0.23046875 0.18505859375 0.00830078125 0.0068359375
11 0.23046875 0.31591796875 0.00830078125 0.0068359375
11 0.23046875 0.38720703125 0.00830078125 0.0068359375
11 0.23046875 0.4404296875 0.00830078125 0.00732421875
11 0.46435546875 0.107421875 0.00830078125 0.0068359375
11 0.46435546875 0.0390625 0.00830078125 0.0068359375
11 0.46435546875 0.17626953125 0.00830078125 0.0068359375
11 0.46435546875 0.24755859375 0.00830078125 0.0068359375
11 0.44287109375 0.39306640625 0.00830078125 0.0068359375
11 0.44287109375 0.32177734375 0.00830078125 0.00732421875
11 0.44287109375 0.4462890625 0.00830078125 0.0068359375
11 0.52490234375 0.0419921875 0.00830078125 0.00732421875
11 0.52490234375 0.1103515625 0.00830078125 0.0068359375
11 0.52490234375 0.17919921875 0.00830078125 0.0068359375
11 0.52490234375 0.32470703125 0.00830078125 0.0068359375
11 0.52490234375 0.44970703125 0.00830078125 0.0068359375
11 0.48974609375 0.0361328125 0.00830078125 0.0068359375
11 0.48974609375 0.1044921875 0.00830078125 0.00732421875
11 0.48974609375 0.1728515625 0.00830078125 0.0068359375
11 0.48974609375 0.24462890625 0.00830078125 0.00732421875
11 0.42138671875 0.0390625 0.00830078125 0.0068359375
11 0.42138671875 0.107421875 0.00830078125 0.0068359375
11 0.42138671875 0.17626953125 0.00830078125 0.0068359375
11 0.42138671875 0.24755859375 0.00830078125 0.0068359375
11 0.6259765625 0.9482421875 0.0078125 0.0068359375
11 0.6259765625 0.89453125 0.0078125 0.0068359375
11 0.6259765625 0.8232421875 0.0078125 0.0068359375
11 0.6259765625 0.68359375 0.0078125 0.0068359375
11 0.6259765625 0.61474609375 0.0078125 0.0068359375
11 0.6259765625 0.54638671875 0.0078125 0.0068359375
11 0.54541015625 0.68359375 0.00830078125 0.0068359375
11 0.54541015625 0.61474609375 0.00830078125 0.0068359375
11 0.54541015625 0.54345703125 0.00830078125 0.0068359375
11 0.51611328125 0.8349609375 0.00830078125 0.00732421875
11 0.51611328125 0.90673828125 0.00830078125 0.0068359375
11 0.51611328125 0.9599609375 0.00830078125 0.0068359375
11 0.57958984375 0.60888671875 0.00830078125 0.0068359375
11 0.57958984375 0.67724609375 0.00830078125 0.0068359375
11 0.57958984375 0.54052734375 0.00830078125 0.00732421875
15 0.7763671875 0.63330078125 0.0078125 0.01171875
11 0.7763671875 0.552734375 0.0078125 0.0068359375
8 0.74267578125 0.6328125 0.00634765625 0.017578125
22 0.50927734375 0.75341796875 0.00830078125 0.00390625
11 0.68505859375 0.68359375 0.00830078125 0.0068359375
11 0.68505859375 0.61474609375 0.00830078125 0.0068359375
11 0.68505859375 0.54638671875 0.00830078125 0.0068359375
21 0.7421875 0.69384765625 0.00634765625 0.0185546875
11 0.7431640625 0.62109375 0.00830078125 0.0068359375
11 0.7431640625 0.5498046875 0.00830078125 0.0068359375
11 0.71435546875 0.9541015625 0.00830078125 0.00732421875
11 0.71435546875 0.900390625 0.00830078125 0.0068359375
11 0.71435546875 0.8291015625 0.00830078125 0.0068359375
11 0.28955078125 0.5498046875 0.00830078125 0.0068359375
11 0.31884765625 0.826171875 0.00830078125 0.0068359375
11 0.31884765625 0.95068359375 0.00830078125 0.0068359375
11 0.31884765625 0.8974609375 0.00830078125 0.00732421875
11 0.23046875 0.95068359375 0.00830078125 0.0068359375
11 0.28955078125 0.689453125 0.00830078125 0.0068359375
11 0.28955078125 0.6181640625 0.00830078125 0.00732421875
1 0.193359375 0.630859375 0.017578125 0.02099609375
1 0.193359375 0.568359375 0.017578125 0.02099609375
22 0.705078125 0.75341796875 0.00830078125 0.00390625
22 0.31103515625 0.75341796875 0.00830078125 0.00390625
1 0.193359375 0.693359375 0.017578125 0.02099609375
11 0.23046875 0.8974609375 0.00830078125 0.00732421875
11 0.23046875 0.826171875 0.00830078125 0.0068359375
11 0.23046875 0.689453125 0.00830078125 0.0068359375
11 0.23046875 0.6181640625 0.00830078125 0.00732421875
11 0.23046875 0.5498046875 0.00830078125 0.0068359375
1 0.193359375 0.94287109375 0.017578125 0.02099609375
1 0.193359375 0.880859375 0.017578125 0.02099609375
1 0.193359375 0.818359375 0.017578125 0.02099609375
1 0.193359375 0.755859375 0.017578125 0.02099609375
11 0.48681640625 0.68359375 0.00830078125 0.0068359375
11 0.48681640625 0.61474609375 0.00830078125 0.0068359375
11 0.48681640625 0.54345703125 0.00830078125 0.0068359375
11 0.3818359375 0.68359375 0.00830078125 0.0068359375
11 0.3818359375 0.61474609375 0.00830078125 0.0068359375
11 0.3818359375 0.54638671875 0.00830078125 0.0068359375
11 0.34814453125 0.689453125 0.00830078125 0.0068359375
11 0.34814453125 0.6181640625 0.00830078125 0.00732421875
11 0.34814453125 0.5498046875 0.00830078125 0.0068359375
11 0.42822265625 0.8349609375 0.00830078125 0.00732421875
11 0.42822265625 0.90673828125 0.00830078125 0.0068359375
11 0.42822265625 0.9599609375 0.00830078125 0.0068359375
11 0.42822265625 0.68359375 0.00830078125 0.0068359375
11 0.42822265625 0.61474609375 0.00830078125 0.0068359375
11 0.42822265625 0.54345703125 0.00830078125 0.0068359375