11 0.61865234375 0.06640625 0.00830078125 0.0068359375
11 0.61865234375 0.234375 0.00830078125 0.00732421875
11 0.603515625 0.06640625 0.00830078125 0.0068359375
11 0.603515625 0.234375 0.00830078125 0.00732421875
11 0.6416015625 0.06640625 0.00830078125 0.0068359375
11 0.6416015625 0.125 0.00830078125 0.0068359375
11 0.6416015625 0.1162109375 0.00830078125 0.00732421875
11 0.6416015625 0.1103515625 0.00830078125 0.00732421875
13 0.64306640625 0.2314453125 0.01123046875 0.0068359375
11 0.54248046875 0.06396484375 0.00830078125 0.0068359375
11 0.54248046875 0.22216796875 0.00830078125 0.0068359375
11 0.5576171875 0.06982421875 0.00830078125 0.0068359375
22 0.29296875 0.267578125 0.00830078125 0.00390625
11 0.5576171875 0.1220703125 0.00830078125 0.0068359375
11 0.5263671875 0.06982421875 0.00830078125 0.0068359375
11 0.5263671875 0.22216796875 0.00830078125 0.0068359375
12 0.57373046875 0.1220703125 0.0087890625 0.0068359375
12 0.57373046875 0.1162109375 0.0087890625 0.00732421875
11 0.57373046875 0.21337890625 0.0078125 0.0068359375
11 0.57373046875 0.060546875 0.0078125 0.00732421875
11 0.587890625 0.06396484375 0.00830078125 0.0068359375
11 0.5576171875 0.1162109375 0.00830078125 0.00732421875
11 0.5576171875 0.21337890625 0.00830078125 0.0068359375
11 0.587890625 0.234375 0.00830078125 0.00732421875
8 0.55712890625 0.1337890625 0.00634765625 0.01806640625
0 0.17529296875 0.10302734375 0.005859375 0.08544921875
22 0.56591796875 0.267578125 0.00830078125 0.00390625
22 0.43212890625 0.267578125 0.00830078125 0.00390625
22 0.73876953125 0.267578125 0.00830078125 0.00390625
22 0.73876953125 0.203125 0.00830078125 0.00390625
22 0.67138671875 0.267578125 0.00830078125 0.00390625
12 0.68505859375 0.1103515625 0.0087890625 0.0068359375
8 0.6689453125 0.13720703125 0.00634765625 0.017578125
12 0.68505859375 0.06982421875 0.0087890625 0.0068359375
12 0.68505859375 0.125 0.0087890625 0.0068359375
12 0.68505859375 0.1162109375 0.0087890625 0.00732421875
11 0.66943359375 0.06982421875 0.00830078125 0.0068359375
11 0.66943359375 0.125 0.00830078125 0.0068359375
11 0.66943359375 0.1162109375 0.00830078125 0.00732421875
11 0.66943359375 0.1103515625 0.00830078125 0.00732421875
8 0.6689453125 0.08154296875 0.00634765625 0.017578125
13 0.72900390625 0.06982421875 0.01123046875 0.00732421875
13 0.72900390625 0.15771484375 0.01123046875 0.00732421875
13 0.72900390625 0.125 0.01123046875 0.00732421875
13 0.72900390625 0.1162109375 0.01123046875 0.00732421875
13 0.72900390625 0.1103515625 0.01123046875 0.00732421875
11 0.3193359375 0.21923828125 0.00830078125 0.00732421875
11 0.3349609375 0.21923828125 0.00830078125 0.00732421875
8 0.287109375 0.130859375 0.00634765625 0.017578125
12 0.3046875 0.08447265625 0.0087890625 0.0068359375
12 0.3046875 0.06396484375 0.0087890625 0.0068359375
12 0.3046875 0.119140625 0.0087890625 0.0068359375
11 0.30419921875 0.21923828125 0.00830078125 0.00732421875
18 0.79248046875 0.2509765625 0.00830078125 0.01220703125
22 0.79248046875 0.26904296875 0.00390625 0.00634765625
11 0.35009765625 0.21923828125 0.00830078125 0.00732421875
9 0.2939453125 0.0546875 0.0068359375 0.017578125
11 0.37841796875 0.07861328125 0.00830078125 0.0068359375
11 0.37841796875 0.0576171875 0.00830078125 0.0068359375
12 0.37841796875 0.1162109375 0.0087890625 0.00732421875
11 0.37841796875 0.21630859375 0.00830078125 0.0068359375
11 0.24169921875 0.07275390625 0.00830078125 0.0068359375
11 0.24169921875 0.0517578125 0.00830078125 0.0068359375
11 0.24169921875 0.1220703125 0.00830078125 0.0068359375
11 0.24169921875 0.22216796875 0.00830078125 0.0068359375
10 0.19384765625 0.0712890625 0.0166015625 0.0458984375
1 0.193359375 0.1318359375 0.017578125 0.02099609375
1 0.193359375 0.20556640625 0.017578125 0.02099609375
10 0.19384765625 0.2705078125 0.0166015625 0.0458984375
15 0.27197265625 0.0732421875 0.0078125 0.01171875
11 0.2724609375 0.22216796875 0.00830078125 0.0068359375
11 0.28759765625 0.08447265625 0.00830078125 0.0068359375
11 0.28759765625 0.06396484375 0.00830078125 0.0068359375
11 0.28759765625 0.119140625 0.00830078125 0.0068359375
11 0.28759765625 0.21923828125 0.00830078125 0.00732421875
11 0.2568359375 0.22216796875 0.00830078125 0.0068359375
11 0.2568359375 0.06982421875 0.00830078125 0.0068359375
11 0.2568359375 0.048828125 0.00830078125 0.0068359375
11 0.4560546875 0.21630859375 0.00830078125 0.0068359375
11 0.4716796875 0.1162109375 0.00830078125 0.00732421875
11 0.4716796875 0.21630859375 0.00830078125 0.0068359375
11 0.48681640625 0.21630859375 0.0078125 0.0068359375
12 0.44140625 0.08154296875 0.0087890625 0.0068359375
12 0.44140625 0.060546875 0.0087890625 0.00732421875
11 0.44091796875 0.1162109375 0.00830078125 0.00732421875
11 0.44091796875 0.21630859375 0.00830078125 0.0068359375
22 0.79248046875 0.130859375 0.00390625 0.00634765625
18 0.79248046875 0.0517578125 0.00830078125 0.0126953125
22 0.79248046875 0.06982421875 0.00390625 0.00634765625
15 0.5107421875 0.0732421875 0.0078125 0.01171875
11 0.51123046875 0.1220703125 0.00830078125 0.0068359375
11 0.51123046875 0.1162109375 0.00830078125 0.00732421875
11 0.51123046875 0.22216796875 0.00830078125 0.0068359375
18 0.79248046875 0.11328125 0.00830078125 0.0126953125
11 0.40869140625 0.21630859375 0.00830078125 0.0068359375
11 0.40869140625 0.0576171875 0.00830078125 0.0068359375
11 0.40869140625 0.07861328125 0.00830078125 0.0068359375
11 0.3935546875 0.09033203125 0.00830078125 0.00732421875
11 0.3935546875 0.06982421875 0.00830078125 0.0068359375
11 0.3935546875 0.21630859375 0.00830078125 0.0068359375
11 0.42431640625 0.060546875 0.00830078125 0.00732421875
18 0.79248046875 0.1865234375 0.00830078125 0.0126953125
11 0.42431640625 0.21630859375 0.00830078125 0.0068359375
11 0.42431640625 0.08154296875 0.00830078125 0.0068359375
22 0.79248046875 0.2041015625 0.00390625 0.00634765625
10 0.19384765625 0.611328125 0.0166015625 0.0458984375
18 0.51806640625 0.4541015625 0.00732421875 0.0126953125
22 0.51806640625 0.4716796875 0.15625 0.00634765625
18 0.51806640625 0.39453125 0.00732421875 0.0126953125
22 0.51806640625 0.412109375 0.15625 0.00634765625
22 0.51806640625 0.54541015625 0.15625 0.00634765625
0 0.17529296875 0.44482421875 0.005859375 0.0849609375
10 0.19384765625 0.41357421875 0.0166015625 0.0458984375
1 0.193359375 0.47265625 0.017578125 0.02099609375
1 0.193359375 0.54638671875 0.017578125 0.02099609375
18 0.51806640625 0.59228515625 0.00732421875 0.0126953125
22 0.51806640625 0.609375 0.15625 0.00634765625
18 0.51806640625 0.52734375 0.00732421875 0.0126953125