11 0.64013671875 0.11572265625 0.00830078125 0.0068359375
13 0.5625 0.18359375 0.01123046875 0.00732421875
13 0.5625 0.1630859375 0.01123046875 0.00732421875
11 0.56103515625 0.10400390625 0.00830078125 0.00732421875
11 0.6875 0.10400390625 0.00830078125 0.00732421875
11 0.67626953125 0.10693359375 0.00830078125 0.0068359375
11 0.65185546875 0.11572265625 0.00830078125 0.0068359375
11 0.66455078125 0.10400390625 0.00830078125 0.00732421875
11 0.576171875 0.10693359375 0.00830078125 0.0068359375
11 0.591796875 0.10986328125 0.00830078125 0.00732421875
13 0.63037109375 0.18701171875 0.01123046875 0.0068359375
13 0.63037109375 0.166015625 0.01123046875 0.0068359375
11 0.62890625 0.11572265625 0.00830078125 0.0068359375
11 0.60693359375 0.11279296875 0.00830078125 0.0068359375
11 0.8095703125 0.10986328125 0.00830078125 0.00732421875
11 0.79833984375 0.10693359375 0.00830078125 0.0068359375
11 0.78662109375 0.10400390625 0.00830078125 0.00732421875
11 0.775390625 0.10693359375 0.00830078125 0.0068359375
11 0.76416015625 0.10400390625 0.00830078125 0.00732421875
13 0.72998046875 0.1630859375 0.01123046875 0.00732421875
13 0.72998046875 0.18359375 0.01123046875 0.00732421875
11 0.728515625 0.11572265625 0.00830078125 0.0068359375
11 0.7099609375 0.10986328125 0.00830078125 0.00732421875
11 0.69873046875 0.10693359375 0.00830078125 0.0068359375
11 0.7509765625 0.11572265625 0.00830078125 0.0068359375
11 0.73974609375 0.11572265625 0.00830078125 0.0068359375
11 0.3759765625 0.10986328125 0.00830078125 0.00732421875
11 0.3642578125 0.10693359375 0.00830078125 0.0068359375
11 0.35302734375 0.10400390625 0.00830078125 0.00732421875
11 0.341796875 0.10693359375 0.00830078125 0.0068359375
13 0.3955078125 0.1630859375 0.01123046875 0.00732421875
13 0.3955078125 0.18359375 0.01123046875 0.00732421875
11 0.39404296875 0.11572265625 0.00830078125 0.0068359375
1 0.24365234375 0.158203125 0.017578125 0.02099609375
13 0.2958984375 0.166015625 0.01123046875 0.0068359375
13 0.2958984375 0.18701171875 0.01123046875 0.0068359375
10 0.244140625 0.099609375 0.0166015625 0.0458984375
11 0.29443359375 0.11572265625 0.00830078125 0.0068359375
0 0.22607421875 0.13037109375 0.005859375 0.08447265625
11 0.3056640625 0.11572265625 0.00830078125 0.0068359375
11 0.330078125 0.10400390625 0.00830078125 0.00732421875
11 0.3173828125 0.11572265625 0.00830078125 0.0068359375
11 0.4755859375 0.10986328125 0.00830078125 0.00732421875
11 0.4638671875 0.10693359375 0.00830078125 0.0068359375
11 0.5087890625 0.10986328125 0.00830078125 0.00732421875
13 0.4951171875 0.16015625 0.01123046875 0.00732421875
13 0.4951171875 0.1806640625 0.01123046875 0.0068359375
11 0.49365234375 0.10693359375 0.00830078125 0.0068359375
11 0.4296875 0.10400390625 0.00830078125 0.00732421875
11 0.4169921875 0.11572265625 0.00830078125 0.0068359375
11 0.5390625 0.11572265625 0.00830078125 0.0068359375
11 0.45263671875 0.10400390625 0.00830078125 0.00732421875
11 0.4052734375 0.11572265625 0.00830078125 0.0068359375
11 0.44140625 0.10693359375 0.00830078125 0.0068359375
11 0.52392578125 0.11279296875 0.00830078125 0.0068359375
11 0.6826171875 0.28125 0.00830078125 0.0068359375
11 0.6279296875 0.29052734375 0.00830078125 0.00732421875
11 0.61474609375 0.29052734375 0.00830078125 0.00732421875
11 0.65625 0.28125 0.00830078125 0.0068359375
11 0.66943359375 0.2783203125 0.00830078125 0.0068359375
11 0.64306640625 0.2783203125 0.00830078125 0.0068359375
11 0.5654296875 0.28759765625 0.00830078125 0.0068359375
11 0.5517578125 0.28466796875 0.00830078125 0.0068359375
11 0.53857421875 0.28125 0.00830078125 0.0068359375
11 0.525390625 0.2783203125 0.00830078125 0.0068359375
13 0.6025390625 0.34033203125 0.01123046875 0.00732421875
13 0.6025390625 0.361328125 0.01123046875 0.00732421875
11 0.60107421875 0.29052734375 0.00830078125 0.00732421875
11 0.810546875 0.28466796875 0.0078125 0.0068359375
11 0.796875 0.28125 0.00830078125 0.0068359375
11 0.78369140625 0.2783203125 0.00830078125 0.0068359375
11 0.7705078125 0.28125 0.00830078125 0.0068359375
13 0.716796875 0.33740234375 0.01123046875 0.0068359375
13 0.716796875 0.3583984375 0.01123046875 0.0068359375
11 0.71533203125 0.29052734375 0.00830078125 0.00732421875
11 0.6962890625 0.28466796875 0.00830078125 0.0068359375
11 0.7568359375 0.2783203125 0.00830078125 0.0068359375
11 0.7421875 0.29052734375 0.00830078125 0.00732421875
11 0.728515625 0.29052734375 0.00830078125 0.00732421875
13 0.31640625 0.3583984375 0.01123046875 0.0068359375
13 0.31640625 0.37939453125 0.01123046875 0.00732421875
11 0.31494140625 0.31103515625 0.0078125 0.0068359375
11 0.28857421875 0.31103515625 0.00830078125 0.0068359375
11 0.37255859375 0.30224609375 0.00830078125 0.0068359375
11 0.353515625 0.30517578125 0.00830078125 0.00732421875
11 0.333984375 0.30810546875 0.00830078125 0.0068359375
1 0.193359375 0.353515625 0.017578125 0.02099609375
10 0.19384765625 0.294921875 0.0166015625 0.0458984375
0 0.17529296875 0.32568359375 0.005859375 0.08447265625
11 0.26904296875 0.30810546875 0.00830078125 0.0068359375
11 0.25 0.30517578125 0.00830078125 0.00732421875
13 0.23193359375 0.35546875 0.01123046875 0.00732421875
13 0.23193359375 0.37646484375 0.01123046875 0.00732421875
11 0.23046875 0.30224609375 0.00830078125 0.0068359375
13 0.4609375 0.3583984375 0.01123046875 0.0068359375
13 0.4609375 0.37939453125 0.01123046875 0.00732421875
13 0.4609375 0.29931640625 0.01123046875 0.00732421875
13 0.4609375 0.30810546875 0.01123046875 0.0068359375
13 0.4609375 0.31396484375 0.01123046875 0.00732421875
19 0.50048828125 0.294921875 0.00830078125 0.00390625
13 0.50146484375 0.37939453125 0.01123046875 0.00732421875
13 0.50146484375 0.3583984375 0.01123046875 0.0068359375
13 0.4150390625 0.35546875 0.01123046875 0.00732421875
13 0.4150390625 0.37646484375 0.01123046875 0.00732421875
13 0.4150390625 0.29931640625 0.01123046875 0.00732421875
13 0.4150390625 0.30517578125 0.01123046875 0.00732421875
13 0.4150390625 0.31103515625 0.01123046875 0.00732421875
11 0.5673828125 0.556640625 0.00830078125 0.0068359375
11 0.650390625 0.47412109375 0.00830078125 0.0068359375
11 0.650390625 0.5537109375 0.00830078125 0.0068359375
11 0.650390625 0.5419921875 0.00830078125 0.0068359375
11 0.63671875 0.5537109375 0.00830078125 0.0068359375
11 0.63671875 0.48583984375 0.00830078125 0.00732421875
11 0.63671875 0.53271484375 0.00830078125 0.0068359375
11 0.67529296875 0.47412109375 0.00830078125 0.0068359375
11 0.67529296875 0.5537109375 0.00830078125 0.0068359375
11 0.67529296875 0.5419921875 0.00830078125 0.0068359375
11 0.6884765625 0.4765625 0.00830078125 0.0068359375
11 0.6884765625 0.5537109375 0.00830078125 0.0068359375
11 0.6884765625 0.53271484375 0.00830078125 0.0068359375
11 0.5673828125 0.47412109375 0.00830078125 0.0068359375
11 0.6630859375 0.53271484375 0.00830078125 0.0068359375
11 0.6630859375 0.5537109375 0.00830078125 0.0068359375
11 0.6630859375 0.4765625 0.00830078125 0.0068359375
11 0.5927734375 0.544921875 0.00830078125 0.0068359375
11 0.611328125 0.48583984375 0.00830078125 0.00732421875
11 0.611328125 0.5537109375 0.00830078125 0.0068359375
11 0.611328125 0.53271484375 0.00830078125 0.0068359375
11 0.580078125 0.5361328125 0.00830078125 0.00732421875
11 0.580078125 0.4765625 0.00830078125 0.0068359375
11 0.5927734375 0.47998046875 0.00830078125 0.0068359375
11 0.5927734375 0.556640625 0.00830078125 0.0068359375
11 0.6240234375 0.48583984375 0.00830078125 0.00732421875
11 0.6240234375 0.5537109375 0.00830078125 0.0068359375
11 0.6240234375 0.5419921875 0.00830078125 0.0068359375
11 0.5673828125 0.544921875 0.00830078125 0.0068359375
11 0.580078125 0.556640625 0.00830078125 0.0068359375
11 0.79541015625 0.5419921875 0.00830078125 0.0068359375
11 0.78271484375 0.55078125 0.00830078125 0.00732421875
11 0.79541015625 0.48583984375 0.00830078125 0.00732421875
11 0.79541015625 0.5625 0.00830078125 0.0068359375
11 0.78271484375 0.5625 0.00830078125 0.0068359375
11 0.77001953125 0.48291015625 0.00830078125 0.0068359375
11 0.77001953125 0.5625 0.00830078125 0.0068359375
11 0.77001953125 0.5419921875 0.00830078125 0.0068359375
11 0.80810546875 0.5625 0.00830078125 0.0068359375
11 0.80810546875 0.55078125 0.00830078125 0.00732421875
11 0.71923828125 0.4765625 0.00830078125 0.0068359375
11 0.71923828125 0.5625 0.00830078125 0.0068359375
11 0.71923828125 0.5419921875 0.00830078125 0.0068359375
11 0.701171875 0.47998046875 0.00830078125 0.0068359375
11 0.701171875 0.5537109375 0.00830078125 0.0068359375
11 0.701171875 0.5419921875 0.00830078125 0.0068359375
11 0.74462890625 0.47998046875 0.00830078125 0.0068359375
11 0.74462890625 0.5625 0.00830078125 0.0068359375
11 0.74462890625 0.5419921875 0.00830078125 0.0068359375
11 0.75732421875 0.5625 0.00830078125 0.0068359375
11 0.75732421875 0.55078125 0.00830078125 0.00732421875
11 0.73193359375 0.5625 0.00830078125 0.0068359375
11 0.73193359375 0.55078125 0.00830078125 0.00732421875
11 0.39501953125 0.47412109375 0.00830078125 0.0068359375
11 0.39501953125 0.56005859375 0.00830078125 0.0068359375
11 0.39501953125 0.5390625 0.00830078125 0.0068359375
11 0.361328125 0.48291015625 0.00830078125 0.0068359375
11 0.32568359375 0.4765625 0.00830078125 0.0068359375
11 0.34326171875 0.47998046875 0.00830078125 0.0068359375
11 0.42041015625 0.4765625 0.00830078125 0.0068359375
11 0.42041015625 0.56005859375 0.00830078125 0.0068359375
11 0.42041015625 0.5390625 0.00830078125 0.0068359375
11 0.43310546875 0.56005859375 0.00830078125 0.0068359375
11 0.43310546875 0.5478515625 0.00830078125 0.0068359375
11 0.40771484375 0.56005859375 0.00830078125 0.0068359375
11 0.40771484375 0.5478515625 0.00830078125 0.0068359375
11 0.23046875 0.4765625 0.00830078125 0.0068359375
1 0.193359375 0.548828125 0.017578125 0.02099609375
13 0.23193359375 0.55078125 0.01123046875 0.00732421875
13 0.23193359375 0.52978515625 0.01123046875 0.00732421875
0 0.17529296875 0.521484375 0.005859375 0.083984375
10 0.19384765625 0.490234375 0.0166015625 0.0458984375
13 0.30908203125 0.5537109375 0.01123046875 0.0068359375
13 0.30908203125 0.53271484375 0.01123046875 0.0068359375
11 0.3076171875 0.47412109375 0.00830078125 0.0068359375
11 0.24853515625 0.47998046875 0.00830078125 0.0068359375
11 0.2666015625 0.48291015625 0.00830078125 0.0068359375
11 0.28466796875 0.48583984375 0.00830078125 0.00732421875
11 0.515625 0.48583984375 0.00830078125 0.00732421875
11 0.515625 0.556640625 0.00830078125 0.0068359375
11 0.515625 0.544921875 0.00830078125 0.0068359375
11 0.5283203125 0.48583984375 0.00830078125 0.00732421875
11 0.5283203125 0.556640625 0.00830078125 0.0068359375
11 0.5283203125 0.5361328125 0.00830078125 0.00732421875
11 0.5546875 0.4765625 0.00830078125 0.0068359375
11 0.5546875 0.556640625 0.00830078125 0.0068359375
11 0.5546875 0.5361328125 0.00830078125 0.00732421875
11 0.5419921875 0.47412109375 0.00830078125 0.0068359375
11 0.5419921875 0.556640625 0.00830078125 0.0068359375
11 0.5419921875 0.544921875 0.00830078125 0.0068359375
11 0.48388671875 0.5478515625 0.00830078125 0.0068359375
11 0.48388671875 0.56005859375 0.00830078125 0.0068359375
11 0.45849609375 0.5478515625 0.00830078125 0.0068359375
11 0.47119140625 0.48291015625 0.00830078125 0.0068359375
11 0.47119140625 0.5390625 0.00830078125 0.0068359375
11 0.47119140625 0.56005859375 0.00830078125 0.0068359375
11 0.45849609375 0.56005859375 0.00830078125 0.0068359375
11 0.44580078125 0.47998046875 0.00830078125 0.0068359375
11 0.5029296875 0.5361328125 0.00830078125 0.00732421875
11 0.5029296875 0.556640625 0.00830078125 0.0068359375
11 0.5029296875 0.48583984375 0.00830078125 0.00732421875
11 0.44580078125 0.56005859375 0.00830078125 0.0068359375
11 0.44580078125 0.5390625 0.00830078125 0.0068359375
11 0.5888671875 0.7373046875 0.00830078125 0.00732421875
11 0.60302734375 0.75830078125 0.00830078125 0.0068359375
11 0.60302734375 0.74658203125 0.00830078125 0.0068359375
11 0.5888671875 0.75830078125 0.00830078125 0.0068359375
11 0.64501953125 0.67822265625 0.00830078125 0.0068359375
11 0.64501953125 0.75830078125 0.00830078125 0.0068359375
11 0.64501953125 0.7373046875 0.00830078125 0.00732421875
11 0.6171875 0.67529296875 0.00830078125 0.0068359375
11 0.6171875 0.75830078125 0.00830078125 0.0068359375
11 0.6171875 0.7373046875 0.00830078125 0.00732421875
11 0.63134765625 0.75830078125 0.00830078125 0.0068359375
11 0.63134765625 0.74658203125 0.00830078125 0.0068359375
11 0.52685546875 0.67236328125 0.00830078125 0.00732421875
11 0.52685546875 0.7490234375 0.00830078125 0.0068359375
11 0.52685546875 0.728515625 0.00830078125 0.0068359375
11 0.541015625 0.66943359375 0.00830078125 0.0068359375
11 0.541015625 0.7490234375 0.00830078125 0.0068359375
11 0.541015625 0.7373046875 0.00830078125 0.00732421875
11 0.5126953125 0.7373046875 0.00830078125 0.00732421875
11 0.5126953125 0.66943359375 0.00830078125 0.0068359375
11 0.5126953125 0.7490234375 0.00830078125 0.0068359375
11 0.56884765625 0.67529296875 0.0078125 0.0068359375
11 0.56884765625 0.7490234375 0.0078125 0.0068359375
11 0.56884765625 0.7373046875 0.0078125 0.00732421875
11 0.5888671875 0.67236328125 0.00830078125 0.00732421875
11 0.55517578125 0.67236328125 0.00830078125 0.00732421875
11 0.55517578125 0.7490234375 0.00830078125 0.0068359375
11 0.55517578125 0.728515625 0.00830078125 0.0068359375
11 0.79541015625 0.75537109375 0.00830078125 0.0068359375
11 0.78125 0.75537109375 0.00830078125 0.0068359375
11 0.78125 0.7431640625 0.00830078125 0.0068359375
11 0.79541015625 0.67236328125 0.00830078125 0.00732421875
11 0.79541015625 0.734375 0.00830078125 0.0068359375
11 0.76708984375 0.734375 0.00830078125 0.0068359375
11 0.7529296875 0.7431640625 0.00830078125 0.0068359375
11 0.76708984375 0.67529296875 0.00830078125 0.0068359375
11 0.76708984375 0.75537109375 0.00830078125 0.0068359375
11 0.80908203125 0.75537109375 0.00830078125 0.0068359375
11 0.80908203125 0.7431640625 0.00830078125 0.0068359375
11 0.7529296875 0.75537109375 0.00830078125 0.0068359375
11 0.7109375 0.68408203125 0.00830078125 0.0068359375
11 0.6875 0.75830078125 0.00830078125 0.0068359375
11 0.6875 0.74658203125 0.00830078125 0.0068359375
11 0.7109375 0.75537109375 0.00830078125 0.0068359375
11 0.7109375 0.734375 0.00830078125 0.0068359375
11 0.67333984375 0.7373046875 0.00830078125 0.00732421875
11 0.6591796875 0.74658203125 0.00830078125 0.0068359375
11 0.67333984375 0.68115234375 0.00830078125 0.0068359375
11 0.67333984375 0.75830078125 0.00830078125 0.0068359375
11 0.73876953125 0.67822265625 0.00830078125 0.0068359375
11 0.73876953125 0.75537109375 0.00830078125 0.0068359375
11 0.73876953125 0.734375 0.00830078125 0.0068359375
11 0.72509765625 0.7431640625 0.00830078125 0.0068359375
11 0.6591796875 0.75830078125 0.00830078125 0.0068359375
11 0.72509765625 0.75537109375 0.00830078125 0.0068359375
11 0.32958984375 0.75537109375 0.00830078125 0.0068359375
11 0.32958984375 0.7431640625 0.00830078125 0.0068359375
11 0.35009765625 0.68115234375 0.00830078125 0.0068359375
11 0.35009765625 0.75244140625 0.00830078125 0.00732421875
11 0.35009765625 0.7314453125 0.00830078125 0.0068359375
11 0.30126953125 0.75537109375 0.00830078125 0.0068359375
11 0.30126953125 0.7431640625 0.00830078125 0.0068359375
11 0.3154296875 0.67822265625 0.00830078125 0.0068359375
11 0.3154296875 0.75537109375 0.00830078125 0.0068359375
11 0.3154296875 0.734375 0.00830078125 0.0068359375
11 0.3642578125 0.68115234375 0.00830078125 0.0068359375
11 0.3642578125 0.75244140625 0.00830078125 0.00732421875
11 0.3642578125 0.740234375 0.00830078125 0.0068359375
11 0.37841796875 0.68115234375 0.00830078125 0.0068359375
11 0.23046875 0.75537109375 0.00830078125 0.0068359375
11 0.23046875 0.66943359375 0.00830078125 0.0068359375
11 0.23046875 0.734375 0.00830078125 0.0068359375
0 0.17529296875 0.716796875 0.005859375 0.08447265625
10 0.19384765625 0.685546875 0.0166015625 0.0458984375
1 0.193359375 0.74462890625 0.017578125 0.02099609375
11 0.27294921875 0.75537109375 0.00830078125 0.0068359375
11 0.27294921875 0.7431640625 0.00830078125 0.0068359375
11 0.287109375 0.67529296875 0.00830078125 0.0068359375
11 0.287109375 0.75537109375 0.00830078125 0.0068359375
11 0.287109375 0.734375 0.00830078125 0.0068359375
11 0.2587890625 0.67236328125 0.00830078125 0.00732421875
11 0.24462890625 0.75537109375 0.00830078125 0.0068359375
11 0.24462890625 0.7431640625 0.00830078125 0.0068359375
11 0.2587890625 0.75537109375 0.00830078125 0.0068359375
11 0.2587890625 0.734375 0.00830078125 0.0068359375
11 0.4697265625 0.7490234375 0.00830078125 0.0068359375
11 0.4697265625 0.68115234375 0.00830078125 0.0068359375
11 0.4697265625 0.728515625 0.00830078125 0.0068359375
11 0.37841796875 0.75244140625 0.00830078125 0.00732421875
11 0.43505859375 0.75244140625 0.00830078125 0.00732421875
11 0.43505859375 0.7314453125 0.00830078125 0.0068359375
11 0.44921875 0.67529296875 0.00830078125 0.0068359375
11 0.44921875 0.75244140625 0.00830078125 0.00732421875
11 0.44921875 0.740234375 0.00830078125 0.0068359375
11 0.48388671875 0.7373046875 0.00830078125 0.00732421875
11 0.48388671875 0.7490234375 0.00830078125 0.0068359375
11 0.498046875 0.68115234375 0.00830078125 0.0068359375
11 0.498046875 0.7490234375 0.00830078125 0.0068359375
11 0.498046875 0.728515625 0.00830078125 0.0068359375
11 0.48388671875 0.68115234375 0.00830078125 0.0068359375
11 0.4072265625 0.75244140625 0.00830078125 0.00732421875
11 0.4072265625 0.67236328125 0.00830078125 0.00732421875
11 0.37841796875 0.7314453125 0.00830078125 0.0068359375
11 0.4072265625 0.7314453125 0.00830078125 0.0068359375
11 0.39306640625 0.66943359375 0.00830078125 0.0068359375
11 0.39306640625 0.75244140625 0.00830078125 0.00732421875
11 0.39306640625 0.740234375 0.00830078125 0.0068359375
11 0.43505859375 0.67236328125 0.00830078125 0.00732421875
11 0.4208984375 0.740234375 0.00830078125 0.0068359375
11 0.4208984375 0.75244140625 0.00830078125 0.00732421875
11 0.4208984375 0.66943359375 0.00830078125 0.0068359375
11 0.63330078125 0.95068359375 0.00830078125 0.0068359375
11 0.63330078125 0.93896484375 0.00830078125 0.00732421875
11 0.60546875 0.95068359375 0.00830078125 0.0068359375
11 0.60546875 0.93896484375 0.00830078125 0.00732421875
11 0.619140625 0.86767578125 0.00830078125 0.0068359375
11 0.619140625 0.95068359375 0.00830078125 0.0068359375
11 0.619140625 0.9296875 0.00830078125 0.0068359375
11 0.67529296875 0.87353515625 0.00830078125 0.00732421875
11 0.67529296875 0.95068359375 0.00830078125 0.0068359375
11 0.67529296875 0.9296875 0.00830078125 0.0068359375
11 0.689453125 0.95068359375 0.00830078125 0.0068359375
11 0.689453125 0.93896484375 0.00830078125 0.00732421875
11 0.49755859375 0.95361328125 0.00830078125 0.00732421875
11 0.6474609375 0.87060546875 0.00830078125 0.0068359375
11 0.6474609375 0.95068359375 0.00830078125 0.0068359375
11 0.6474609375 0.9296875 0.00830078125 0.0068359375
11 0.66162109375 0.95068359375 0.0078125 0.0068359375
11 0.66162109375 0.93896484375 0.0078125 0.00732421875
11 0.52587890625 0.87353515625 0.00830078125 0.00732421875
11 0.52587890625 0.95361328125 0.00830078125 0.00732421875
11 0.52587890625 0.9326171875 0.00830078125 0.00732421875
11 0.5400390625 0.95361328125 0.00830078125 0.00732421875
11 0.5400390625 0.94189453125 0.00830078125 0.0068359375
11 0.49755859375 0.9326171875 0.00830078125 0.00732421875
11 0.51171875 0.95361328125 0.00830078125 0.00732421875
11 0.51171875 0.94189453125 0.00830078125 0.0068359375
11 0.59130859375 0.86474609375 0.00830078125 0.0068359375
11 0.59130859375 0.95068359375 0.00830078125 0.0068359375
11 0.59130859375 0.9296875 0.00830078125 0.0068359375
11 0.55419921875 0.876953125 0.00830078125 0.0068359375
11 0.55419921875 0.95361328125 0.00830078125 0.00732421875
11 0.55419921875 0.9326171875 0.00830078125 0.00732421875
11 0.568359375 0.95361328125 0.00830078125 0.00732421875
11 0.568359375 0.94189453125 0.00830078125 0.0068359375
11 0.7958984375 0.86767578125 0.00830078125 0.0068359375
11 0.7958984375 0.94775390625 0.00830078125 0.0068359375
11 0.7958984375 0.9267578125 0.00830078125 0.0068359375
11 0.8095703125 0.87060546875 0.00830078125 0.0068359375
11 0.8095703125 0.94775390625 0.00830078125 0.0068359375
11 0.8095703125 0.935546875 0.00830078125 0.0068359375
11 0.78173828125 0.935546875 0.00830078125 0.0068359375
11 0.78173828125 0.86474609375 0.00830078125 0.0068359375
11 0.78173828125 0.94775390625 0.00830078125 0.0068359375
11 0.724609375 0.876953125 0.00830078125 0.0068359375
11 0.724609375 0.94775390625 0.00830078125 0.0068359375
11 0.724609375 0.935546875 0.00830078125 0.0068359375
11 0.71044921875 0.876953125 0.0078125 0.0068359375
11 0.71044921875 0.94775390625 0.0078125 0.0068359375
11 0.71044921875 0.9267578125 0.0078125 0.0068359375
11 0.75341796875 0.86474609375 0.00830078125 0.0068359375
11 0.75341796875 0.94775390625 0.00830078125 0.0068359375
11 0.75341796875 0.935546875 0.00830078125 0.0068359375
11 0.767578125 0.86767578125 0.00830078125 0.0068359375
11 0.767578125 0.94775390625 0.00830078125 0.0068359375
11 0.767578125 0.9267578125 0.00830078125 0.0068359375
11 0.73828125 0.876953125 0.00830078125 0.0068359375
11 0.73828125 0.94775390625 0.00830078125 0.0068359375
11 0.73828125 0.9267578125 0.00830078125 0.0068359375
11 0.31591796875 0.94775390625 0.00830078125 0.0068359375
11 0.31591796875 0.86767578125 0.00830078125 0.0068359375
11 0.31591796875 0.9267578125 0.00830078125 0.0068359375
11 0.2880859375 0.86767578125 0.00830078125 0.0068359375
11 0.2880859375 0.94775390625 0.00830078125 0.0068359375
11 0.2880859375 0.9267578125 0.00830078125 0.0068359375
11 0.3017578125 0.86474609375 0.0078125 0.0068359375
11 0.3017578125 0.94775390625 0.0078125 0.0068359375
11 0.3017578125 0.935546875 0.0078125 0.0068359375
11 0.49755859375 0.87060546875 0.00830078125 0.0068359375
11 0.330078125 0.87060546875 0.00830078125 0.0068359375
11 0.330078125 0.94775390625 0.00830078125 0.0068359375
11 0.330078125 0.935546875 0.00830078125 0.0068359375
11 0.35009765625 0.876953125 0.00830078125 0.0068359375
11 0.35009765625 0.94482421875 0.00830078125 0.0068359375
11 0.35009765625 0.923828125 0.00830078125 0.0068359375
11 0.23046875 0.876953125 0.00830078125 0.0068359375
11 0.23046875 0.94775390625 0.00830078125 0.0068359375
11 0.23046875 0.9267578125 0.00830078125 0.0068359375
0 0.17529296875 0.912109375 0.005859375 0.08447265625
10 0.19384765625 0.88134765625 0.0166015625 0.0458984375
1 0.193359375 0.93994140625 0.017578125 0.02099609375
11 0.27392578125 0.935546875 0.00830078125 0.0068359375
11 0.27392578125 0.86474609375 0.00830078125 0.0068359375
11 0.27392578125 0.94775390625 0.00830078125 0.0068359375
11 0.24462890625 0.876953125 0.00830078125 0.0068359375
11 0.24462890625 0.94775390625 0.00830078125 0.0068359375
11 0.24462890625 0.935546875 0.00830078125 0.0068359375
11 0.2587890625 0.876953125 0.00830078125 0.0068359375
11 0.2587890625 0.94775390625 0.00830078125 0.0068359375
11 0.2587890625 0.9267578125 0.00830078125 0.0068359375
11 0.435546875 0.86767578125 0.00830078125 0.0068359375
11 0.435546875 0.94482421875 0.00830078125 0.0068359375
11 0.435546875 0.923828125 0.00830078125 0.0068359375
11 0.42138671875 0.9326171875 0.00830078125 0.00732421875
11 0.42138671875 0.94482421875 0.00830078125 0.0068359375
11 0.42138671875 0.86474609375 0.00830078125 0.0068359375
11 0.4697265625 0.95361328125 0.0078125 0.00732421875
11 0.4697265625 0.86767578125 0.0078125 0.0068359375
11 0.4697265625 0.9326171875 0.0078125 0.00732421875
11 0.44970703125 0.9326171875 0.00830078125 0.00732421875
11 0.44970703125 0.94482421875 0.00830078125 0.0068359375
11 0.44970703125 0.87060546875 0.00830078125 0.0068359375
11 0.4833984375 0.95361328125 0.00830078125 0.00732421875
11 0.4833984375 0.94189453125 0.00830078125 0.0068359375
11 0.37841796875 0.876953125 0.00830078125 0.0068359375
11 0.37841796875 0.94482421875 0.00830078125 0.0068359375
11 0.37841796875 0.923828125 0.00830078125 0.0068359375
11 0.3642578125 0.9326171875 0.00830078125 0.00732421875
11 0.3642578125 0.94482421875 0.00830078125 0.0068359375
11 0.3642578125 0.876953125 0.00830078125 0.0068359375
11 0.40771484375 0.86767578125 0.00830078125 0.0068359375
11 0.40771484375 0.923828125 0.00830078125 0.0068359375
11 0.40771484375 0.94482421875 0.00830078125 0.0068359375
11 0.3935546875 0.86474609375 0.00830078125 0.0068359375
11 0.3935546875 0.94482421875 0.00830078125 0.0068359375
11 0.3935546875 0.9326171875 0.00830078125 0.00732421875