9 0.61767578125 0.0478515625 0.0078125 0.013671875
11 0.6259765625 0.05859375 0.0068359375 0.005859375
11 0.63427734375 0.0615234375 0.0068359375 0.005859375
11 0.599609375 0.05615234375 0.0068359375 0.005859375
11 0.599609375 0.11962890625 0.0068359375 0.00634765625
11 0.61474609375 0.05615234375 0.0048828125 0.00439453125
11 0.60791015625 0.05859375 0.0068359375 0.005859375
11 0.67236328125 0.11474609375 0.0068359375 0.005859375
11 0.65869140625 0.1123046875 0.0068359375 0.005859375
11 0.67236328125 0.0615234375 0.0068359375 0.005859375
11 0.5126953125 0.10986328125 0.0068359375 0.005859375
11 0.64794921875 0.1123046875 0.0068359375 0.005859375
11 0.64794921875 0.06396484375 0.0068359375 0.005859375
11 0.52978515625 0.05615234375 0.0068359375 0.005859375
11 0.537109375 0.1123046875 0.0068359375 0.005859375
11 0.5439453125 0.05615234375 0.0068359375 0.005859375
11 0.51904296875 0.1123046875 0.0068359375 0.005859375
11 0.5546875 0.05615234375 0.0068359375 0.005859375
11 0.52099609375 0.05615234375 0.0068359375 0.005859375
11 0.57275390625 0.0537109375 0.0068359375 0.00634765625
11 0.564453125 0.05126953125 0.0068359375 0.005859375
11 0.5810546875 0.05615234375 0.0068359375 0.005859375
11 0.58837890625 0.0537109375 0.0048828125 0.00439453125
11 0.5546875 0.10986328125 0.0068359375 0.005859375
11 0.5546875 0.11474609375 0.0068359375 0.005859375
9 0.56005859375 0.10009765625 0.005859375 0.01513671875
9 0.59130859375 0.04541015625 0.0078125 0.013671875
11 0.8125 0.1044921875 0.0068359375 0.005859375
11 0.79296875 0.09423828125 0.0068359375 0.005859375
11 0.8037109375 0.05126953125 0.0068359375 0.005859375
11 0.8037109375 0.09716796875 0.0068359375 0.005859375
11 0.71435546875 0.05615234375 0.0068359375 0.005859375
11 0.71435546875 0.10986328125 0.0068359375 0.005859375
11 0.7236328125 0.11962890625 0.0068359375 0.00634765625
11 0.681640625 0.11962890625 0.0068359375 0.00634765625
11 0.693359375 0.05859375 0.0068359375 0.005859375
11 0.693359375 0.1123046875 0.0068359375 0.005859375
11 0.70263671875 0.11962890625 0.0068359375 0.00634765625
11 0.7705078125 0.1044921875 0.0068359375 0.005859375
11 0.78125 0.0537109375 0.0068359375 0.00634765625
11 0.78125 0.10693359375 0.0068359375 0.00634765625
11 0.73583984375 0.0537109375 0.0068359375 0.00634765625
11 0.73583984375 0.10693359375 0.0068359375 0.00634765625
11 0.74755859375 0.09423828125 0.0068359375 0.005859375
11 0.76123046875 0.05126953125 0.0068359375 0.005859375
11 0.76123046875 0.09716796875 0.0068359375 0.005859375
11 0.31982421875 0.05615234375 0.0068359375 0.005859375
11 0.328125 0.05615234375 0.0068359375 0.005859375
9 0.30224609375 0.09814453125 0.005859375 0.0146484375
11 0.31103515625 0.0537109375 0.0068359375 0.00634765625
11 0.31103515625 0.10986328125 0.0068359375 0.005859375
11 0.3173828125 0.1123046875 0.0068359375 0.005859375
11 0.5126953125 0.0537109375 0.0068359375 0.00634765625
9 0.3583984375 0.10009765625 0.005859375 0.01513671875
11 0.36279296875 0.05126953125 0.0068359375 0.005859375
11 0.37109375 0.0537109375 0.0068359375 0.00634765625
11 0.33544921875 0.1123046875 0.0068359375 0.005859375
11 0.34228515625 0.05615234375 0.0068359375 0.005859375
11 0.35302734375 0.05615234375 0.0068359375 0.005859375
11 0.35302734375 0.10986328125 0.0068359375 0.005859375
11 0.35302734375 0.11474609375 0.0068359375 0.005859375
11 0.2451171875 0.0712890625 0.0068359375 0.005859375
11 0.2451171875 0.05859375 0.0068359375 0.005859375
11 0.2451171875 0.0458984375 0.0068359375 0.005859375
11 0.2451171875 0.1298828125 0.0068359375 0.005859375
11 0.2451171875 0.11962890625 0.0068359375 0.00634765625
11 0.2451171875 0.10693359375 0.0068359375 0.00634765625
11 0.2451171875 0.09423828125 0.0068359375 0.005859375
8 0.24462890625 0.0791015625 0.00537109375 0.01513671875
9 0.2509765625 0.0869140625 0.005859375 0.01513671875
11 0.259765625 0.0537109375 0.0068359375 0.00634765625
11 0.259765625 0.10205078125 0.0068359375 0.005859375
1 0.19140625 0.10791015625 0.0146484375 0.017578125
11 0.28125 0.06396484375 0.0068359375 0.005859375
11 0.28125 0.1123046875 0.0068359375 0.005859375
11 0.29638671875 0.0537109375 0.0068359375 0.00634765625
11 0.29638671875 0.10693359375 0.0068359375 0.00634765625
11 0.29638671875 0.1123046875 0.0068359375 0.005859375
11 0.2734375 0.05859375 0.0068359375 0.005859375
11 0.2734375 0.10693359375 0.0068359375 0.00634765625
8 0.44677734375 0.0791015625 0.00537109375 0.01513671875
11 0.48291015625 0.1123046875 0.0068359375 0.005859375
9 0.45263671875 0.0869140625 0.005859375 0.01513671875
11 0.48291015625 0.06396484375 0.0068359375 0.005859375
11 0.44677734375 0.0712890625 0.0068359375 0.005859375
11 0.44677734375 0.05859375 0.0068359375 0.005859375
11 0.44677734375 0.0458984375 0.0068359375 0.005859375
11 0.44677734375 0.1298828125 0.0068359375 0.005859375
11 0.44677734375 0.11962890625 0.0068359375 0.00634765625
11 0.44677734375 0.10693359375 0.0068359375 0.00634765625
11 0.44677734375 0.09423828125 0.0068359375 0.005859375
11 0.474609375 0.05859375 0.0068359375 0.005859375
11 0.474609375 0.10693359375 0.0068359375 0.00634765625
11 0.46142578125 0.0537109375 0.0068359375 0.00634765625
11 0.46142578125 0.10205078125 0.0068359375 0.005859375
11 0.3974609375 0.05615234375 0.0068359375 0.005859375
11 0.3974609375 0.11962890625 0.0068359375 0.00634765625
9 0.3896484375 0.04541015625 0.0078125 0.013671875
9 0.50341796875 0.09814453125 0.005859375 0.0146484375
11 0.4326171875 0.0615234375 0.0068359375 0.005859375
11 0.3798828125 0.05615234375 0.0068359375 0.005859375
11 0.38671875 0.0537109375 0.0048828125 0.00439453125
11 0.498046875 0.1123046875 0.0068359375 0.005859375
9 0.416015625 0.0478515625 0.0078125 0.013671875
11 0.498046875 0.10693359375 0.0068359375 0.00634765625
11 0.498046875 0.0537109375 0.0068359375 0.00634765625
11 0.42431640625 0.05859375 0.0068359375 0.005859375
11 0.40625 0.05859375 0.0068359375 0.005859375
11 0.4130859375 0.05615234375 0.0048828125 0.00439453125
11 0.61865234375 0.15673828125 0.0068359375 0.005859375
11 0.62890625 0.154296875 0.0068359375 0.00634765625
11 0.62890625 0.216796875 0.0068359375 0.00634765625
9 0.634765625 0.146484375 0.005859375 0.0146484375
11 0.6025390625 0.15673828125 0.0068359375 0.005859375
11 0.60791015625 0.208984375 0.0068359375 0.005859375
11 0.61083984375 0.162109375 0.0068359375 0.005859375
11 0.6162109375 0.2138671875 0.0068359375 0.005859375
11 0.646484375 0.15673828125 0.0068359375 0.005859375
11 0.646484375 0.216796875 0.0068359375 0.00634765625
8 0.638671875 0.16943359375 0.00537109375 0.01513671875
11 0.65478515625 0.1591796875 0.0068359375 0.005859375
11 0.66259765625 0.162109375 0.0068359375 0.005859375
11 0.53515625 0.2138671875 0.0068359375 0.005859375
11 0.630859375 0.162109375 0.0068359375 0.005859375
11 0.638671875 0.1591796875 0.0068359375 0.005859375
11 0.55078125 0.2138671875 0.0068359375 0.005859375
11 0.55322265625 0.15673828125 0.0068359375 0.005859375
12 0.5615234375 0.154296875 0.00732421875 0.00634765625
11 0.5615234375 0.216796875 0.0068359375 0.00634765625
11 0.53759765625 0.15673828125 0.0068359375 0.005859375
11 0.54296875 0.208984375 0.0068359375 0.005859375
11 0.54541015625 0.162109375 0.0068359375 0.005859375
11 0.5869140625 0.1591796875 0.0068359375 0.005859375
11 0.59228515625 0.21923828125 0.0068359375 0.005859375
11 0.5947265625 0.16455078125 0.0068359375 0.005859375
11 0.60009765625 0.2138671875 0.0068359375 0.005859375
11 0.5634765625 0.162109375 0.0068359375 0.005859375
11 0.5712890625 0.1591796875 0.0068359375 0.005859375
11 0.57666015625 0.216796875 0.0068359375 0.00634765625
11 0.5791015625 0.16455078125 0.0068359375 0.005859375
11 0.8076171875 0.1591796875 0.0068359375 0.005859375
11 0.8076171875 0.216796875 0.0068359375 0.00634765625
11 0.8154296875 0.154296875 0.0068359375 0.00634765625
11 0.7900390625 0.154296875 0.0068359375 0.00634765625
11 0.7900390625 0.216796875 0.0068359375 0.00634765625
11 0.7978515625 0.21142578125 0.0068359375 0.005859375
11 0.79931640625 0.16455078125 0.0068359375 0.005859375
11 0.6943359375 0.15185546875 0.0068359375 0.005859375
11 0.7041015625 0.15185546875 0.0068359375 0.005859375
11 0.7041015625 0.216796875 0.0068359375 0.00634765625
11 0.71337890625 0.1494140625 0.0068359375 0.005859375
11 0.673828125 0.154296875 0.0048828125 0.00439453125
9 0.67724609375 0.14599609375 0.0078125 0.013671875
11 0.68505859375 0.15185546875 0.0068359375 0.005859375
11 0.68505859375 0.216796875 0.0068359375 0.00634765625
11 0.751953125 0.1494140625 0.0068359375 0.005859375
11 0.765625 0.15673828125 0.0068359375 0.005859375
11 0.7802734375 0.154296875 0.0068359375 0.00634765625
11 0.72314453125 0.146484375 0.0068359375 0.005859375
11 0.732421875 0.1494140625 0.0068359375 0.005859375
11 0.6708984375 0.16455078125 0.0068359375 0.005859375
11 0.7421875 0.15185546875 0.0068359375 0.005859375
11 0.7421875 0.216796875 0.0068359375 0.00634765625
11 0.31298828125 0.1494140625 0.0068359375 0.005859375
11 0.322265625 0.146484375 0.0068359375 0.005859375
11 0.33203125 0.1494140625 0.0068359375 0.005859375
11 0.2939453125 0.154296875 0.0068359375 0.00634765625
11 0.2939453125 0.21923828125 0.0068359375 0.005859375
11 0.30322265625 0.15185546875 0.0068359375 0.005859375
11 0.30322265625 0.216796875 0.0068359375 0.00634765625
11 0.3720703125 0.17724609375 0.0068359375 0.005859375
11 0.36474609375 0.16943359375 0.0068359375 0.005859375
11 0.3720703125 0.21142578125 0.0068359375 0.005859375
9 0.37744140625 0.1669921875 0.005859375 0.0146484375
11 0.34130859375 0.15185546875 0.0068359375 0.005859375
11 0.3486328125 0.1591796875 0.0068359375 0.005859375
11 0.35693359375 0.16455078125 0.0068359375 0.005859375
11 0.35693359375 0.2138671875 0.0068359375 0.005859375
11 0.24072265625 0.16455078125 0.0068359375 0.005859375
11 0.24072265625 0.2216796875 0.0068359375 0.005859375
11 0.24853515625 0.1669921875 0.0068359375 0.00634765625
11 0.24853515625 0.22412109375 0.0068359375 0.005859375
1 0.19140625 0.2177734375 0.0146484375 0.01806640625
11 0.232421875 0.1591796875 0.0068359375 0.005859375
11 0.232421875 0.216796875 0.0068359375 0.00634765625
11 0.27197265625 0.1591796875 0.0068359375 0.005859375
11 0.27197265625 0.216796875 0.0068359375 0.00634765625
11 0.27978515625 0.15673828125 0.0068359375 0.005859375
11 0.27978515625 0.2138671875 0.0068359375 0.005859375
11 0.25634765625 0.16455078125 0.0068359375 0.005859375
11 0.25634765625 0.2216796875 0.0068359375 0.005859375
11 0.26416015625 0.162109375 0.0068359375 0.005859375
11 0.26416015625 0.21923828125 0.0068359375 0.005859375
11 0.51123046875 0.216796875 0.0068359375 0.00634765625
11 0.46923828125 0.16943359375 0.0068359375 0.005859375
11 0.46142578125 0.171875 0.0068359375 0.00634765625
15 0.46142578125 0.20947265625 0.0068359375 0.009765625
11 0.51416015625 0.16455078125 0.0068359375 0.005859375
11 0.478515625 0.16943359375 0.0048828125 0.00439453125
8 0.47802734375 0.17919921875 0.0078125 0.013671875
11 0.4873046875 0.171875 0.0068359375 0.00634765625
8 0.48681640625 0.1806640625 0.00537109375 0.01513671875
11 0.505859375 0.1591796875 0.0068359375 0.005859375
12 0.498046875 0.154296875 0.00732421875 0.00634765625
11 0.49755859375 0.216796875 0.0068359375 0.00634765625
11 0.412109375 0.1591796875 0.0068359375 0.005859375
11 0.52734375 0.21923828125 0.0068359375 0.005859375
11 0.52978515625 0.16455078125 0.0068359375 0.005859375
11 0.41943359375 0.1591796875 0.0048828125 0.00439453125
11 0.40478515625 0.162109375 0.0068359375 0.005859375
11 0.396484375 0.2294921875 0.0068359375 0.005859375
11 0.52197265625 0.1591796875 0.0068359375 0.005859375
11 0.396484375 0.1591796875 0.0068359375 0.005859375
15 0.46142578125 0.15966796875 0.0068359375 0.009765625
9 0.42236328125 0.15087890625 0.0078125 0.013671875
11 0.4296875 0.162109375 0.0068359375 0.005859375
11 0.4296875 0.2294921875 0.0068359375 0.005859375
9 0.435546875 0.154296875 0.005859375 0.0146484375
11 0.65576171875 0.26806640625 0.0068359375 0.005859375
11 0.64111328125 0.3388671875 0.0068359375 0.005859375
11 0.64111328125 0.265625 0.0068359375 0.005859375
11 0.681640625 0.3388671875 0.0068359375 0.005859375
11 0.7001953125 0.33154296875 0.0068359375 0.005859375
11 0.7001953125 0.2607421875 0.0068359375 0.005859375
11 0.666015625 0.32861328125 0.0068359375 0.005859375
11 0.666015625 0.26806640625 0.0068359375 0.005859375
11 0.56591796875 0.3388671875 0.0068359375 0.005859375
11 0.56591796875 0.27099609375 0.0068359375 0.00634765625
11 0.5498046875 0.33154296875 0.0068359375 0.005859375
11 0.5498046875 0.27099609375 0.0068359375 0.00634765625
11 0.62451171875 0.326171875 0.0068359375 0.005859375
11 0.62451171875 0.265625 0.0068359375 0.005859375
11 0.6064453125 0.3388671875 0.0068359375 0.005859375
11 0.59033203125 0.333984375 0.0068359375 0.005859375
11 0.59033203125 0.2734375 0.0068359375 0.005859375
11 0.58056640625 0.2734375 0.0068359375 0.005859375
11 0.8037109375 0.32861328125 0.0068359375 0.005859375
11 0.78662109375 0.32861328125 0.0068359375 0.005859375
11 0.78662109375 0.27099609375 0.0068359375 0.00634765625
11 0.74072265625 0.333984375 0.0068359375 0.005859375
11 0.74072265625 0.26318359375 0.0068359375 0.005859375
11 0.73095703125 0.26318359375 0.0068359375 0.005859375
11 0.71630859375 0.3388671875 0.0068359375 0.005859375
11 0.71630859375 0.2607421875 0.0068359375 0.005859375
11 0.77490234375 0.33154296875 0.0068359375 0.005859375
11 0.77490234375 0.27099609375 0.0068359375 0.00634765625
11 0.76416015625 0.326171875 0.0068359375 0.005859375
11 0.76416015625 0.265625 0.0068359375 0.005859375
11 0.751953125 0.26806640625 0.0068359375 0.005859375
11 0.35205078125 0.33154296875 0.0068359375 0.005859375
11 0.35205078125 0.27099609375 0.0068359375 0.00634765625
11 0.3349609375 0.26806640625 0.0068359375 0.005859375
11 0.3212890625 0.33154296875 0.0068359375 0.005859375
11 0.30712890625 0.26806640625 0.0068359375 0.005859375
11 0.38525390625 0.333984375 0.0068359375 0.005859375
11 0.38525390625 0.2734375 0.0068359375 0.005859375
11 0.36767578125 0.27587890625 0.0068359375 0.00634765625
11 0.232421875 0.326171875 0.0068359375 0.005859375
11 0.232421875 0.26318359375 0.0068359375 0.005859375
1 0.19140625 0.322265625 0.0146484375 0.01806640625
11 0.29345703125 0.3212890625 0.0068359375 0.005859375
11 0.27978515625 0.265625 0.0068359375 0.005859375
11 0.26611328125 0.32373046875 0.0068359375 0.00634765625
11 0.251953125 0.265625 0.0068359375 0.005859375
11 0.4716796875 0.27099609375 0.0068359375 0.00634765625
11 0.4599609375 0.27099609375 0.0068359375 0.00634765625
11 0.51513671875 0.2734375 0.0068359375 0.005859375
11 0.48876953125 0.32861328125 0.0068359375 0.005859375
11 0.51513671875 0.333984375 0.0068359375 0.005859375
11 0.4716796875 0.33154296875 0.0068359375 0.005859375
11 0.419921875 0.32861328125 0.0068359375 0.005859375
11 0.419921875 0.26318359375 0.0068359375 0.005859375
11 0.40283203125 0.33154296875 0.0068359375 0.005859375
11 0.40283203125 0.2607421875 0.0068359375 0.005859375
11 0.53125 0.3388671875 0.0068359375 0.005859375
11 0.44873046875 0.326171875 0.0068359375 0.005859375
11 0.44873046875 0.265625 0.0068359375 0.005859375
11 0.43701171875 0.26806640625 0.0068359375 0.005859375
11 0.646484375 0.3701171875 0.0068359375 0.005859375
11 0.65576171875 0.36767578125 0.0068359375 0.005859375
11 0.615234375 0.3828125 0.0068359375 0.00634765625
11 0.625 0.38037109375 0.0068359375 0.005859375
11 0.6357421875 0.37548828125 0.0068359375 0.005859375
11 0.69677734375 0.3603515625 0.0068359375 0.005859375
11 0.7060546875 0.36279296875 0.0068359375 0.005859375
11 0.66650390625 0.36279296875 0.0068359375 0.005859375
11 0.68701171875 0.43310546875 0.0068359375 0.005859375
11 0.68701171875 0.357421875 0.0068359375 0.005859375
11 0.677734375 0.357421875 0.0068359375 0.005859375
11 0.5263671875 0.3779296875 0.0068359375 0.00634765625
11 0.53515625 0.3857421875 0.0068359375 0.005859375
11 0.55078125 0.3828125 0.0068359375 0.00634765625
11 0.5166015625 0.38037109375 0.0068359375 0.005859375
11 0.58447265625 0.390625 0.0068359375 0.005859375
11 0.6005859375 0.38818359375 0.0068359375 0.005859375
11 0.5751953125 0.3857421875 0.0068359375 0.005859375
11 0.56591796875 0.38818359375 0.0068359375 0.005859375
11 0.8095703125 0.3779296875 0.0068359375 0.00634765625
11 0.8095703125 0.435546875 0.0068359375 0.005859375
11 0.79443359375 0.42578125 0.0068359375 0.005859375
11 0.79443359375 0.373046875 0.0068359375 0.005859375
11 0.73486328125 0.3701171875 0.0068359375 0.005859375
11 0.744140625 0.373046875 0.0068359375 0.005859375
11 0.75390625 0.37548828125 0.0068359375 0.005859375
11 0.72509765625 0.36767578125 0.0068359375 0.005859375
11 0.7158203125 0.365234375 0.0068359375 0.00634765625
11 0.72509765625 0.43310546875 0.0068359375 0.005859375
11 0.77587890625 0.3701171875 0.0068359375 0.005859375
11 0.77587890625 0.42333984375 0.0068359375 0.005859375
11 0.78466796875 0.37548828125 0.0068359375 0.005859375
11 0.78466796875 0.42822265625 0.0068359375 0.005859375
11 0.76318359375 0.42578125 0.0068359375 0.005859375
11 0.76318359375 0.373046875 0.0068359375 0.005859375
11 0.31884765625 0.3701171875 0.0068359375 0.005859375
11 0.31884765625 0.4306640625 0.0068359375 0.00634765625
11 0.3310546875 0.3701171875 0.0068359375 0.005859375
11 0.3310546875 0.443359375 0.0068359375 0.005859375
11 0.29345703125 0.3779296875 0.0068359375 0.00634765625
11 0.29345703125 0.4384765625 0.0068359375 0.005859375
11 0.30517578125 0.443359375 0.0068359375 0.005859375
11 0.35302734375 0.373046875 0.0068359375 0.005859375
11 0.35302734375 0.43310546875 0.0068359375 0.005859375
11 0.36474609375 0.443359375 0.0068359375 0.005859375
11 0.34423828125 0.373046875 0.0068359375 0.005859375
11 0.232421875 0.3779296875 0.0068359375 0.00634765625
11 0.232421875 0.443359375 0.0068359375 0.005859375
11 0.24658203125 0.4384765625 0.0068359375 0.005859375
1 0.19140625 0.4267578125 0.0146484375 0.01806640625
11 0.271484375 0.443359375 0.0068359375 0.005859375
11 0.271484375 0.37548828125 0.0068359375 0.005859375
11 0.28466796875 0.3779296875 0.0068359375 0.00634765625
11 0.25927734375 0.37548828125 0.0068359375 0.005859375
11 0.25927734375 0.435546875 0.0068359375 0.005859375
11 0.4580078125 0.36767578125 0.0068359375 0.005859375
11 0.44873046875 0.3701171875 0.0068359375 0.005859375
15 0.4580078125 0.41845703125 0.0068359375 0.009765625
11 0.43359375 0.365234375 0.0068359375 0.00634765625
11 0.42431640625 0.3603515625 0.0068359375 0.005859375
9 0.4189453125 0.42822265625 0.005859375 0.01513671875
11 0.4921875 0.37548828125 0.0068359375 0.005859375
11 0.5078125 0.373046875 0.0068359375 0.005859375
19 0.5078125 0.41650390625 0.00732421875 0.00341796875
11 0.48291015625 0.3701171875 0.0068359375 0.005859375
11 0.466796875 0.373046875 0.0068359375 0.005859375
11 0.390625 0.443359375 0.0068359375 0.005859375
11 0.40380859375 0.36767578125 0.0068359375 0.005859375
11 0.390625 0.365234375 0.0068359375 0.00634765625
11 0.37841796875 0.435546875 0.0068359375 0.005859375
11 0.37841796875 0.365234375 0.0068359375 0.00634765625
11 0.4130859375 0.4384765625 0.0068359375 0.005859375
11 0.4130859375 0.36767578125 0.0068359375 0.005859375
11 0.642578125 0.47216796875 0.0068359375 0.00634765625
11 0.642578125 0.53271484375 0.0068359375 0.005859375
11 0.56787109375 0.47216796875 0.0068359375 0.00634765625
11 0.6767578125 0.53515625 0.0068359375 0.005859375
11 0.6767578125 0.47216796875 0.0068359375 0.00634765625
11 0.59521484375 0.4775390625 0.0068359375 0.005859375
11 0.56787109375 0.52001953125 0.0068359375 0.005859375
11 0.60791015625 0.5302734375 0.0068359375 0.005859375
11 0.60791015625 0.482421875 0.0068359375 0.005859375
11 0.59521484375 0.525390625 0.0068359375 0.00634765625
8 0.79443359375 0.47998046875 0.00537109375 0.01513671875
11 0.7265625 0.53271484375 0.0068359375 0.005859375
11 0.7265625 0.482421875 0.0068359375 0.005859375
11 0.7109375 0.482421875 0.0068359375 0.005859375
11 0.69091796875 0.4775390625 0.0068359375 0.005859375
11 0.794921875 0.5380859375 0.0068359375 0.00634765625
11 0.794921875 0.46728515625 0.0068359375 0.005859375
11 0.7607421875 0.53515625 0.0068359375 0.005859375
11 0.30224609375 0.482421875 0.0048828125 0.00439453125
11 0.31298828125 0.47998046875 0.0068359375 0.005859375
11 0.29296875 0.48486328125 0.0048828125 0.00439453125
11 0.31298828125 0.5380859375 0.0068359375 0.00634765625
1 0.19140625 0.53125 0.0146484375 0.017578125
11 0.34716796875 0.5380859375 0.0068359375 0.00634765625
11 0.232421875 0.482421875 0.0068359375 0.005859375
11 0.232421875 0.5380859375 0.0068359375 0.00634765625
11 0.26708984375 0.5380859375 0.0068359375 0.00634765625
11 0.53564453125 0.51220703125 0.0068359375 0.005859375
11 0.53564453125 0.46484375 0.0068359375 0.005859375
21 0.4267578125 0.521484375 0.00537109375 0.015625
21 0.4267578125 0.47607421875 0.00537109375 0.015625
11 0.3798828125 0.5478515625 0.0068359375 0.005859375
11 0.3798828125 0.482421875 0.0068359375 0.005859375
11 0.68017578125 0.57177734375 0.0048828125 0.00439453125
11 0.6708984375 0.57421875 0.0068359375 0.005859375
11 0.6572265625 0.57666015625 0.0068359375 0.005859375
11 0.720703125 0.57421875 0.0068359375 0.005859375
11 0.70751953125 0.57666015625 0.0068359375 0.005859375
11 0.69384765625 0.634765625 0.0068359375 0.005859375
11 0.69384765625 0.57421875 0.0068359375 0.005859375
9 0.68310546875 0.5634765625 0.0078125 0.013671875
11 0.58203125 0.63232421875 0.0068359375 0.00634765625
11 0.58203125 0.57177734375 0.0068359375 0.005859375
11 0.56884765625 0.5693359375 0.0068359375 0.005859375
11 0.55517578125 0.56640625 0.0068359375 0.005859375
11 0.6435546875 0.634765625 0.0068359375 0.005859375
11 0.6435546875 0.57421875 0.0068359375 0.005859375
9 0.62646484375 0.5634765625 0.0078125 0.013671875
11 0.623046875 0.57177734375 0.0048828125 0.00439453125
11 0.61376953125 0.57666015625 0.0068359375 0.005859375
11 0.595703125 0.57421875 0.0068359375 0.005859375
11 0.77587890625 0.57421875 0.0068359375 0.005859375
11 0.76220703125 0.57177734375 0.0068359375 0.005859375
11 0.7490234375 0.5693359375 0.0068359375 0.005859375
11 0.77587890625 0.634765625 0.0068359375 0.005859375
11 0.734375 0.634765625 0.0068359375 0.005859375
11 0.8125 0.57958984375 0.0068359375 0.00634765625
11 0.734375 0.57421875 0.0068359375 0.005859375
11 0.79443359375 0.57666015625 0.0068359375 0.005859375
11 0.34619140625 0.63232421875 0.0068359375 0.00634765625
11 0.34619140625 0.57958984375 0.0068359375 0.00634765625
11 0.318359375 0.64013671875 0.0068359375 0.005859375
11 0.318359375 0.58203125 0.0068359375 0.005859375
11 0.38525390625 0.64990234375 0.0068359375 0.005859375
11 0.38525390625 0.58447265625 0.0068359375 0.005859375
11 0.373046875 0.57958984375 0.0068359375 0.00634765625
11 0.29052734375 0.64013671875 0.0068359375 0.005859375
11 0.36083984375 0.57421875 0.0068359375 0.005859375
1 0.19140625 0.6357421875 0.0146484375 0.01806640625
9 0.22509765625 0.5634765625 0.0078125 0.013671875
11 0.2216796875 0.57177734375 0.0048828125 0.00439453125
11 0.29052734375 0.57958984375 0.0068359375 0.00634765625
11 0.26318359375 0.642578125 0.0068359375 0.005859375
11 0.26318359375 0.57666015625 0.0068359375 0.005859375
11 0.2353515625 0.64501953125 0.0068359375 0.00634765625
11 0.2353515625 0.57421875 0.0068359375 0.005859375
11 0.48583984375 0.63232421875 0.0068359375 0.00634765625
11 0.54052734375 0.63232421875 0.0068359375 0.00634765625
11 0.54052734375 0.57177734375 0.0068359375 0.005859375
11 0.48583984375 0.57177734375 0.0068359375 0.005859375
11 0.51318359375 0.63232421875 0.0068359375 0.00634765625
11 0.51318359375 0.57177734375 0.0068359375 0.005859375
9 0.42822265625 0.591796875 0.005859375 0.0146484375
11 0.42236328125 0.64990234375 0.0068359375 0.005859375
11 0.42236328125 0.60205078125 0.0068359375 0.005859375
11 0.40966796875 0.59716796875 0.0068359375 0.005859375
11 0.3974609375 0.59228515625 0.0068359375 0.00634765625
15 0.4501953125 0.58251953125 0.0068359375 0.009765625
15 0.4501953125 0.6279296875 0.0068359375 0.009765625
11 0.62646484375 0.74951171875 0.0068359375 0.005859375
11 0.62646484375 0.68896484375 0.0068359375 0.005859375
11 0.68359375 0.73681640625 0.0068359375 0.005859375
11 0.68359375 0.68408203125 0.0068359375 0.005859375
11 0.65576171875 0.7392578125 0.0068359375 0.00634765625
11 0.65576171875 0.681640625 0.0068359375 0.005859375
11 0.53076171875 0.7470703125 0.0068359375 0.005859375
11 0.53076171875 0.6865234375 0.0068359375 0.00634765625
11 0.51171875 0.68408203125 0.0068359375 0.005859375
11 0.498046875 0.6865234375 0.0068359375 0.00634765625
11 0.59814453125 0.751953125 0.0068359375 0.00634765625
11 0.59814453125 0.69140625 0.0068359375 0.005859375
11 0.55859375 0.74951171875 0.0068359375 0.005859375
11 0.55859375 0.68896484375 0.0068359375 0.005859375
11 0.71875 0.744140625 0.0068359375 0.005859375
11 0.71875 0.68408203125 0.0068359375 0.005859375
9 0.7080078125 0.6728515625 0.0078125 0.013671875
9 0.72412109375 0.73388671875 0.005859375 0.0146484375
11 0.705078125 0.68115234375 0.0048828125 0.00439453125
9 0.7998046875 0.73681640625 0.005859375 0.01513671875
11 0.7939453125 0.7470703125 0.0068359375 0.005859375
21 0.77392578125 0.68505859375 0.00537109375 0.015625
11 0.74658203125 0.744140625 0.0068359375 0.005859375
11 0.74658203125 0.6865234375 0.0068359375 0.00634765625
11 0.30419921875 0.68408203125 0.0068359375 0.005859375
11 0.29052734375 0.74169921875 0.0068359375 0.005859375
11 0.29052734375 0.681640625 0.0068359375 0.005859375
9 0.27978515625 0.67041015625 0.0078125 0.013671875
11 0.27685546875 0.6787109375 0.0048828125 0.00439453125
11 0.3505859375 0.67626953125 0.0068359375 0.005859375
11 0.33154296875 0.74169921875 0.0068359375 0.005859375
11 0.33154296875 0.681640625 0.0068359375 0.005859375
11 0.31787109375 0.681640625 0.0068359375 0.005859375
9 0.22509765625 0.67041015625 0.0078125 0.013671875
11 0.2216796875 0.6787109375 0.0048828125 0.00439453125
1 0.19140625 0.740234375 0.0146484375 0.017578125
11 0.26708984375 0.681640625 0.0068359375 0.005859375
11 0.25341796875 0.68408203125 0.0068359375 0.005859375
11 0.2353515625 0.74169921875 0.0068359375 0.005859375
11 0.2353515625 0.681640625 0.0068359375 0.005859375
11 0.43359375 0.744140625 0.0068359375 0.005859375
11 0.447265625 0.6865234375 0.0068359375 0.00634765625
11 0.43359375 0.68408203125 0.0068359375 0.005859375
9 0.42333984375 0.6728515625 0.0078125 0.013671875
11 0.42041015625 0.68115234375 0.0048828125 0.00439453125
11 0.484375 0.744140625 0.0068359375 0.005859375
11 0.484375 0.68408203125 0.0068359375 0.005859375
9 0.4736328125 0.6728515625 0.0078125 0.013671875
11 0.470703125 0.68115234375 0.0048828125 0.00439453125
11 0.4609375 0.68408203125 0.0068359375 0.005859375
11 0.396484375 0.68408203125 0.0068359375 0.005859375
11 0.3642578125 0.6787109375 0.0068359375 0.005859375
11 0.3779296875 0.74169921875 0.0068359375 0.005859375
11 0.3779296875 0.681640625 0.0068359375 0.005859375
11 0.41015625 0.6865234375 0.0068359375 0.00634765625
11 0.6650390625 0.79833984375 0.0068359375 0.005859375
11 0.6455078125 0.8564453125 0.0068359375 0.005859375
11 0.6455078125 0.7958984375 0.0068359375 0.005859375
11 0.56689453125 0.78564453125 0.0068359375 0.005859375
11 0.7177734375 0.8388671875 0.0068359375 0.005859375
11 0.7177734375 0.791015625 0.0068359375 0.005859375
9 0.68994140625 0.83837890625 0.005859375 0.01513671875
8 0.6845703125 0.81640625 0.00537109375 0.01513671875
11 0.6845703125 0.84912109375 0.0068359375 0.005859375
11 0.6845703125 0.783203125 0.0068359375 0.005859375
11 0.6845703125 0.7958984375 0.0068359375 0.005859375
11 0.6845703125 0.80859375 0.0068359375 0.005859375
11 0.58642578125 0.78857421875 0.0068359375 0.005859375
11 0.56689453125 0.8564453125 0.0068359375 0.005859375
11 0.62548828125 0.79345703125 0.0068359375 0.00634765625
11 0.60595703125 0.8515625 0.0068359375 0.005859375
11 0.60595703125 0.791015625 0.0068359375 0.005859375
9 0.79541015625 0.8349609375 0.005859375 0.01513671875
11 0.74365234375 0.84375 0.0068359375 0.005859375
11 0.74365234375 0.7958984375 0.0068359375 0.005859375
11 0.78955078125 0.84912109375 0.0068359375 0.005859375
11 0.78955078125 0.84375 0.0068359375 0.005859375
11 0.78955078125 0.791015625 0.0068359375 0.005859375
11 0.75634765625 0.84912109375 0.0068359375 0.005859375
11 0.75634765625 0.80126953125 0.0068359375 0.005859375
11 0.34033203125 0.783203125 0.0068359375 0.005859375
11 0.30615234375 0.85400390625 0.0068359375 0.005859375
11 0.30615234375 0.79345703125 0.0068359375 0.00634765625
11 0.4140625 0.783203125 0.0068359375 0.005859375
11 0.29296875 0.79345703125 0.0068359375 0.00634765625
11 0.373046875 0.8564453125 0.0068359375 0.005859375
11 0.373046875 0.78564453125 0.0068359375 0.005859375
1 0.19140625 0.8447265625 0.0146484375 0.01806640625
11 0.265625 0.79345703125 0.0068359375 0.00634765625
11 0.232421875 0.85400390625 0.0068359375 0.005859375
11 0.232421875 0.79345703125 0.0068359375 0.00634765625
11 0.52490234375 0.8564453125 0.0068359375 0.005859375
11 0.52490234375 0.78076171875 0.0068359375 0.005859375
11 0.4951171875 0.8515625 0.0068359375 0.005859375
11 0.54443359375 0.783203125 0.0068359375 0.005859375
11 0.45458984375 0.8388671875 0.0068359375 0.005859375
11 0.43359375 0.8564453125 0.0068359375 0.005859375
11 0.43359375 0.78076171875 0.0068359375 0.005859375
11 0.47314453125 0.84619140625 0.0068359375 0.00634765625
11 0.6220703125 0.9560546875 0.0068359375 0.005859375
11 0.6220703125 0.89794921875 0.0068359375 0.005859375
11 0.60791015625 0.8955078125 0.0068359375 0.005859375
11 0.59423828125 0.89306640625 0.0068359375 0.005859375
11 0.68310546875 0.8876953125 0.0068359375 0.005859375
11 0.63623046875 0.900390625 0.0068359375 0.00634765625
11 0.6640625 0.95361328125 0.0068359375 0.00634765625
11 0.6640625 0.900390625 0.0068359375 0.00634765625
11 0.64990234375 0.9033203125 0.0068359375 0.005859375
11 0.5498046875 0.95361328125 0.0068359375 0.00634765625
11 0.5498046875 0.89794921875 0.0068359375 0.005859375
11 0.53173828125 0.89794921875 0.0068359375 0.005859375
9 0.58447265625 0.94140625 0.005859375 0.0146484375
11 0.57861328125 0.9560546875 0.0068359375 0.005859375
11 0.57861328125 0.95068359375 0.0068359375 0.005859375
11 0.57861328125 0.89794921875 0.0068359375 0.005859375
11 0.80517578125 0.9033203125 0.0068359375 0.005859375
9 0.794921875 0.8916015625 0.0078125 0.013671875
11 0.79150390625 0.900390625 0.0048828125 0.00439453125
11 0.73388671875 0.9482421875 0.0068359375 0.00634765625
11 0.73388671875 0.8955078125 0.0068359375 0.005859375
11 0.71630859375 0.89794921875 0.0068359375 0.005859375
11 0.69970703125 0.95068359375 0.0068359375 0.005859375
11 0.69970703125 0.89306640625 0.0068359375 0.005859375
11 0.77880859375 0.94580078125 0.0068359375 0.005859375
11 0.77880859375 0.89794921875 0.0068359375 0.005859375
9 0.76806640625 0.88720703125 0.0078125 0.013671875
11 0.7646484375 0.8955078125 0.0048828125 0.00439453125
11 0.751953125 0.89306640625 0.0068359375 0.005859375
11 0.31298828125 0.89306640625 0.0068359375 0.005859375
9 0.30322265625 0.94140625 0.005859375 0.0146484375
11 0.29736328125 0.9560546875 0.0068359375 0.005859375
11 0.29736328125 0.95068359375 0.0068359375 0.005859375
11 0.29736328125 0.89794921875 0.0068359375 0.005859375
11 0.36865234375 0.9033203125 0.0068359375 0.005859375
11 0.35498046875 0.900390625 0.0068359375 0.00634765625
11 0.3408203125 0.9609375 0.0068359375 0.005859375
11 0.3408203125 0.89794921875 0.0068359375 0.005859375
11 0.32666015625 0.8955078125 0.0068359375 0.005859375
1 0.19140625 0.94921875 0.0146484375 0.01806640625
11 0.2392578125 0.95361328125 0.0068359375 0.00634765625
11 0.232421875 0.95068359375 0.0068359375 0.005859375
11 0.232421875 0.8955078125 0.0068359375 0.005859375
11 0.2685546875 0.95361328125 0.0068359375 0.00634765625
11 0.2685546875 0.89794921875 0.0068359375 0.005859375
11 0.25048828125 0.89794921875 0.0068359375 0.005859375
11 0.4765625 0.95361328125 0.0068359375 0.00634765625
11 0.4765625 0.9482421875 0.0068359375 0.00634765625
11 0.4765625 0.8955078125 0.0068359375 0.005859375
11 0.44677734375 0.95361328125 0.0068359375 0.00634765625
11 0.44677734375 0.90576171875 0.0068359375 0.005859375
11 0.51416015625 0.95068359375 0.0068359375 0.005859375
11 0.5205078125 0.95361328125 0.0068359375 0.00634765625
11 0.51416015625 0.8955078125 0.0068359375 0.005859375
9 0.48193359375 0.939453125 0.005859375 0.01513671875
11 0.412109375 0.8955078125 0.0068359375 0.005859375
11 0.3828125 0.95361328125 0.0068359375 0.00634765625
11 0.412109375 0.943359375 0.0068359375 0.005859375
11 0.3828125 0.8876953125 0.0068359375 0.005859375
8 0.38232421875 0.9208984375 0.00537109375 0.01513671875
9 0.38818359375 0.943359375 0.005859375 0.01513671875
11 0.3828125 0.9130859375 0.0068359375 0.00634765625
11 0.43505859375 0.900390625 0.0068359375 0.00634765625
11 0.43505859375 0.9482421875 0.0068359375 0.00634765625
11 0.3828125 0.900390625 0.0068359375 0.00634765625