14 0.6435546875 0.259765625 0.0087890625 0.01708984375
2 0.6630859375 0.5458984375 0.00732421875 0.03271484375
3 0.66943359375 0.25341796875 0.00732421875 0.03662109375
3 0.66943359375 0.6494140625 0.00732421875 0.03662109375
14 0.6435546875 0.65234375 0.0087890625 0.01708984375
14 0.6435546875 0.55419921875 0.0087890625 0.01708984375
11 0.6630859375 0.2705078125 0.0078125 0.0068359375
19 0.6630859375 0.45068359375 0.00830078125 0.00390625
11 0.6630859375 0.52685546875 0.0078125 0.0068359375
11 0.6630859375 0.66650390625 0.0078125 0.0068359375
14 0.54150390625 0.259765625 0.0087890625 0.01708984375
14 0.54150390625 0.55419921875 0.0087890625 0.01708984375
15 0.560546875 0.25634765625 0.0078125 0.01171875
21 0.5595703125 0.45068359375 0.00634765625 0.0185546875
15 0.560546875 0.55126953125 0.0078125 0.01171875
2 0.58203125 0.55810546875 0.0078125 0.03271484375
2 0.58203125 0.6650390625 0.0078125 0.03271484375
11 0.58203125 0.64599609375 0.00830078125 0.0068359375
11 0.58203125 0.23779296875 0.00830078125 0.00732421875
11 0.58203125 0.35400390625 0.00830078125 0.0068359375
11 0.58203125 0.53857421875 0.00830078125 0.0068359375
2 0.58203125 0.25732421875 0.0078125 0.03271484375
15 0.7783203125 0.453125 0.0078125 0.01171875
21 0.79833984375 0.45068359375 0.00634765625 0.0185546875
19 0.77197265625 0.15576171875 0.00830078125 0.00390625
19 0.77197265625 0.25439453125 0.00830078125 0.00390625
19 0.77197265625 0.3525390625 0.00830078125 0.00390625
19 0.77197265625 0.548828125 0.00830078125 0.00390625
19 0.77197265625 0.64697265625 0.00830078125 0.00390625
21 0.74755859375 0.25439453125 0.0068359375 0.01806640625
11 0.74853515625 0.35400390625 0.00830078125 0.0068359375
21 0.74755859375 0.54931640625 0.0068359375 0.0185546875
21 0.74755859375 0.6474609375 0.0068359375 0.0185546875
14 0.7294921875 0.259765625 0.0087890625 0.01708984375
14 0.7294921875 0.55419921875 0.0087890625 0.01708984375
14 0.7294921875 0.65234375 0.0087890625 0.01708984375
22 0.515625 0.8212890625 0.00830078125 0.00390625
3 0.23388671875 0.64013671875 0.0068359375 0.03662109375
14 0.29345703125 0.259765625 0.0087890625 0.01708984375
11 0.29345703125 0.44921875 0.00830078125 0.0068359375
14 0.29345703125 0.55419921875 0.0087890625 0.01708984375
11 0.29345703125 0.66357421875 0.00830078125 0.0068359375
22 0.515625 0.0546875 0.00830078125 0.00390625
22 0.515625 0.74267578125 0.00830078125 0.00390625
1 0.193359375 0.548828125 0.017578125 0.02099609375
1 0.193359375 0.7451171875 0.017578125 0.02099609375
1 0.193359375 0.82373046875 0.017578125 0.02099609375
1 0.193359375 0.25390625 0.017578125 0.02099609375
1 0.193359375 0.4501953125 0.017578125 0.02099609375
1 0.193359375 0.15576171875 0.017578125 0.02099609375
2 0.22705078125 0.25146484375 0.00732421875 0.03271484375
3 0.23388671875 0.5419921875 0.0068359375 0.03662109375
11 0.22705078125 0.35400390625 0.00830078125 0.0068359375
13 0.228515625 0.1337890625 0.01123046875 0.00732421875
11 0.22705078125 0.23193359375 0.00830078125 0.0068359375
11 0.22705078125 0.46435546875 0.00830078125 0.0068359375
11 0.22705078125 0.5595703125 0.00830078125 0.0068359375
11 0.22705078125 0.65771484375 0.00830078125 0.0068359375
14 0.4560546875 0.259765625 0.0087890625 0.01708984375
14 0.4560546875 0.4560546875 0.0087890625 0.01708984375
11 0.47509765625 0.2529296875 0.00830078125 0.00732421875
11 0.47509765625 0.35400390625 0.00830078125 0.0068359375
15 0.474609375 0.453125 0.0078125 0.01171875
11 0.47509765625 0.5712890625 0.00830078125 0.0068359375
21 0.4736328125 0.6474609375 0.00634765625 0.0185546875
2 0.47509765625 0.2724609375 0.00732421875 0.03271484375
3 0.48193359375 0.55419921875 0.0068359375 0.03662109375
11 0.34130859375 0.669921875 0.00830078125 0.00732421875
3 0.34814453125 0.65234375 0.00732421875 0.03662109375
0 0.17529296875 0.7861328125 0.00634765625 0.103515625
3 0.30029296875 0.646484375 0.0068359375 0.03662109375
11 0.38916015625 0.267578125 0.00830078125 0.0068359375
11 0.38916015625 0.46435546875 0.00830078125 0.0068359375
15 0.38916015625 0.55126953125 0.0078125 0.01171875
15 0.38916015625 0.6494140625 0.0078125 0.01171875
3 0.39599609375 0.25048828125 0.00732421875 0.03662109375