11 0.5830078125 0.1162109375 0.00830078125 0.0068359375
11 0.60009765625 0.11328125 0.00830078125 0.00732421875
21 0.6162109375 0.0458984375 0.00634765625 0.0185546875
11 0.6171875 0.1103515625 0.00830078125 0.0068359375
11 0.6171875 0.193359375 0.00830078125 0.0068359375
19 0.68603515625 0.25146484375 0.00830078125 0.00390625
11 0.68603515625 0.1875 0.00830078125 0.0068359375
11 0.68603515625 0.1103515625 0.00830078125 0.0068359375
11 0.68603515625 0.05908203125 0.00830078125 0.0068359375
11 0.6689453125 0.1904296875 0.00830078125 0.0068359375
11 0.6513671875 0.193359375 0.00830078125 0.0068359375
11 0.63427734375 0.1962890625 0.00830078125 0.0068359375
12 0.55029296875 0.25634765625 0.0087890625 0.0068359375
11 0.55029296875 0.193359375 0.00830078125 0.0068359375
11 0.55029296875 0.11328125 0.00830078125 0.00732421875
11 0.55029296875 0.05029296875 0.00830078125 0.00732421875
11 0.5146484375 0.1962890625 0.00830078125 0.0068359375
11 0.56591796875 0.119140625 0.00830078125 0.00732421875
11 0.80615234375 0.1962890625 0.00830078125 0.0068359375
11 0.80615234375 0.05322265625 0.00830078125 0.0068359375
11 0.7373046875 0.1162109375 0.00830078125 0.0068359375
11 0.72021484375 0.11328125 0.00830078125 0.00732421875
11 0.703125 0.1103515625 0.00830078125 0.0068359375
11 0.7890625 0.193359375 0.00830078125 0.0068359375
11 0.77197265625 0.1904296875 0.00830078125 0.0068359375
11 0.7548828125 0.1875 0.00830078125 0.0068359375
11 0.7548828125 0.11328125 0.00830078125 0.00732421875
11 0.7548828125 0.05029296875 0.00830078125 0.00732421875
11 0.32275390625 0.26513671875 0.00830078125 0.0068359375
11 0.32275390625 0.1962890625 0.00830078125 0.0068359375
11 0.32275390625 0.11328125 0.00830078125 0.00732421875
11 0.32275390625 0.04443359375 0.00830078125 0.0068359375
11 0.30517578125 0.1162109375 0.00830078125 0.0068359375
11 0.2880859375 0.11328125 0.00830078125 0.00732421875
11 0.27099609375 0.1103515625 0.00830078125 0.0068359375
11 0.35595703125 0.205078125 0.00830078125 0.0068359375
11 0.35595703125 0.04150390625 0.00830078125 0.0068359375
11 0.3388671875 0.2080078125 0.0078125 0.0068359375
11 0.3388671875 0.04443359375 0.0078125 0.0068359375
0 0.17529296875 0.22314453125 0.005859375 0.08447265625
0 0.17529296875 0.08935546875 0.005859375 0.08447265625
11 0.25390625 0.25927734375 0.00830078125 0.0068359375
11 0.25390625 0.1962890625 0.00830078125 0.0068359375
11 0.25390625 0.107421875 0.00830078125 0.0068359375
11 0.25390625 0.04443359375 0.00830078125 0.0068359375
1 0.193359375 0.25146484375 0.017578125 0.02099609375
11 0.4462890625 0.119140625 0.00830078125 0.00732421875
11 0.46337890625 0.25927734375 0.00830078125 0.0068359375
11 0.46337890625 0.19921875 0.00830078125 0.00732421875
11 0.46337890625 0.1220703125 0.00830078125 0.0068359375
11 0.46337890625 0.04736328125 0.00830078125 0.0068359375
11 0.4287109375 0.1162109375 0.00830078125 0.0068359375
11 0.412109375 0.11328125 0.00830078125 0.00732421875
11 0.48046875 0.2021484375 0.00830078125 0.0068359375
11 0.49755859375 0.19921875 0.00830078125 0.00732421875
11 0.49755859375 0.11328125 0.00830078125 0.00732421875
11 0.39453125 0.26220703125 0.00830078125 0.0068359375
11 0.39453125 0.19921875 0.00830078125 0.00732421875
11 0.39453125 0.11328125 0.00830078125 0.00732421875
11 0.39453125 0.05029296875 0.00830078125 0.00732421875
11 0.37841796875 0.2021484375 0.00830078125 0.0068359375
11 0.37841796875 0.03857421875 0.00830078125 0.0068359375
11 0.65478515625 0.466796875 0.00830078125 0.0068359375
11 0.65478515625 0.5947265625 0.00830078125 0.00732421875
11 0.623046875 0.4697265625 0.00830078125 0.0068359375
11 0.65478515625 0.40380859375 0.00830078125 0.0068359375
11 0.63916015625 0.40087890625 0.00830078125 0.0068359375
9 0.62939453125 0.45751953125 0.0068359375 0.017578125
11 0.70263671875 0.6005859375 0.00830078125 0.0068359375
11 0.70263671875 0.4638671875 0.00830078125 0.0068359375
11 0.6865234375 0.59765625 0.00830078125 0.0068359375
11 0.67041015625 0.5947265625 0.00830078125 0.00732421875
11 0.556640625 0.6005859375 0.00830078125 0.0068359375
11 0.54052734375 0.603515625 0.00830078125 0.0068359375
11 0.60693359375 0.39453125 0.00830078125 0.0068359375
11 0.623046875 0.39794921875 0.00830078125 0.00732421875
11 0.59130859375 0.5947265625 0.00830078125 0.00732421875
11 0.59130859375 0.39794921875 0.00830078125 0.00732421875
11 0.572265625 0.59765625 0.00830078125 0.0068359375
11 0.80908203125 0.603515625 0.00830078125 0.0068359375
11 0.79736328125 0.6064453125 0.00830078125 0.0068359375
11 0.79736328125 0.40673828125 0.00830078125 0.0068359375
11 0.75048828125 0.6005859375 0.00830078125 0.0068359375
11 0.75048828125 0.40087890625 0.00830078125 0.0068359375
11 0.73876953125 0.603515625 0.00830078125 0.0068359375
11 0.71826171875 0.6005859375 0.00830078125 0.0068359375
11 0.71826171875 0.4609375 0.00830078125 0.00732421875
11 0.71826171875 0.40380859375 0.00830078125 0.0068359375
11 0.77392578125 0.40380859375 0.00830078125 0.0068359375
11 0.78564453125 0.603515625 0.00830078125 0.0068359375
11 0.77392578125 0.6005859375 0.00830078125 0.0068359375
11 0.76220703125 0.603515625 0.00830078125 0.0068359375
11 0.318359375 0.40380859375 0.00830078125 0.0068359375
11 0.318359375 0.45751953125 0.00830078125 0.0068359375
11 0.318359375 0.54052734375 0.00830078125 0.0068359375
11 0.2998046875 0.603515625 0.00830078125 0.0068359375
11 0.2998046875 0.45458984375 0.00830078125 0.0068359375
11 0.2998046875 0.40087890625 0.00830078125 0.0068359375
11 0.28369140625 0.6064453125 0.00830078125 0.0068359375
11 0.267578125 0.609375 0.00830078125 0.00732421875
11 0.35009765625 0.53759765625 0.00830078125 0.0068359375
11 0.333984375 0.54052734375 0.00830078125 0.0068359375
11 0.318359375 0.6005859375 0.00830078125 0.0068359375
1 0.193359375 0.5927734375 0.017578125 0.02099609375
22 0.66552734375 0.5302734375 0.00830078125 0.00390625
0 0.17529296875 0.564453125 0.005859375 0.08447265625
0 0.17529296875 0.4306640625 0.005859375 0.0849609375
14 0.25146484375 0.59814453125 0.0087890625 0.01708984375
11 0.25146484375 0.54052734375 0.00830078125 0.0068359375
11 0.25146484375 0.45166015625 0.00830078125 0.0068359375
11 0.25146484375 0.39794921875 0.00830078125 0.00732421875
11 0.4775390625 0.609375 0.00830078125 0.00732421875
11 0.46142578125 0.6064453125 0.00830078125 0.0068359375
21 0.44482421875 0.533203125 0.00634765625 0.0185546875
11 0.44580078125 0.40380859375 0.00830078125 0.0068359375
11 0.52294921875 0.609375 0.00830078125 0.00732421875
11 0.52294921875 0.47265625 0.00830078125 0.0068359375
11 0.52294921875 0.39794921875 0.00830078125 0.00732421875
11 0.44580078125 0.603515625 0.00830078125 0.0068359375
11 0.49853515625 0.61279296875 0.00830078125 0.0068359375
11 0.49853515625 0.40087890625 0.00830078125 0.0068359375
11 0.396484375 0.6064453125 0.0078125 0.0068359375
11 0.3818359375 0.53759765625 0.00830078125 0.0068359375
11 0.3818359375 0.6005859375 0.00830078125 0.0068359375
11 0.3662109375 0.53466796875 0.00830078125 0.0068359375
11 0.41357421875 0.59765625 0.00830078125 0.0068359375
11 0.3818359375 0.40673828125 0.00830078125 0.0068359375
11 0.4296875 0.6005859375 0.00830078125 0.0068359375
12 0.38232421875 0.4609375 0.0087890625 0.00732421875
11 0.6826171875 0.8701171875 0.00830078125 0.0068359375
11 0.6826171875 0.80810546875 0.00830078125 0.00732421875
11 0.6826171875 0.7392578125 0.00830078125 0.00732421875
11 0.66552734375 0.9423828125 0.00830078125 0.00732421875
11 0.66552734375 0.8671875 0.00830078125 0.0068359375
11 0.6484375 0.93896484375 0.00830078125 0.0068359375
11 0.69970703125 0.7421875 0.00830078125 0.0068359375
11 0.6826171875 0.9453125 0.00830078125 0.0068359375
11 0.59423828125 0.736328125 0.00830078125 0.0068359375
11 0.5771484375 0.7333984375 0.00830078125 0.0068359375
11 0.56005859375 0.72998046875 0.00830078125 0.0068359375
11 0.63134765625 0.93603515625 0.00830078125 0.00732421875
11 0.611328125 0.93896484375 0.00830078125 0.0068359375
11 0.611328125 0.8642578125 0.00830078125 0.0068359375
11 0.611328125 0.7392578125 0.00830078125 0.00732421875
11 0.8037109375 0.7509765625 0.00830078125 0.0068359375
11 0.78662109375 0.80517578125 0.00830078125 0.0068359375
11 0.78662109375 0.748046875 0.00830078125 0.0068359375
11 0.73388671875 0.873046875 0.00830078125 0.00732421875
11 0.73388671875 0.748046875 0.00830078125 0.0068359375
11 0.716796875 0.93896484375 0.00830078125 0.0068359375
11 0.716796875 0.81103515625 0.00830078125 0.0068359375
11 0.76953125 0.7451171875 0.00830078125 0.0068359375
11 0.716796875 0.7451171875 0.00830078125 0.0068359375
11 0.7509765625 0.951171875 0.00830078125 0.0068359375
11 0.7509765625 0.8759765625 0.00830078125 0.0068359375
11 0.7509765625 0.80810546875 0.00830078125 0.00732421875
11 0.7509765625 0.7509765625 0.00830078125 0.0068359375
11 0.32177734375 0.9423828125 0.00830078125 0.00732421875
11 0.32177734375 0.736328125 0.00830078125 0.0068359375
11 0.3388671875 0.93896484375 0.00830078125 0.0068359375
11 0.30419921875 0.7392578125 0.00830078125 0.00732421875
11 0.287109375 0.7421875 0.00830078125 0.0068359375
11 0.27001953125 0.7451171875 0.00830078125 0.0068359375
11 0.3759765625 0.93310546875 0.0078125 0.0068359375
11 0.39306640625 0.80224609375 0.00830078125 0.0068359375
11 0.39306640625 0.736328125 0.00830078125 0.0068359375
11 0.35888671875 0.93603515625 0.00830078125 0.00732421875
22 0.3798828125 0.8720703125 0.00830078125 0.00390625
0 0.17529296875 0.90625 0.005859375 0.0849609375
0 0.17529296875 0.7724609375 0.005859375 0.0849609375
11 0.39306640625 0.93017578125 0.00830078125 0.0068359375
11 0.25146484375 0.9423828125 0.00830078125 0.00732421875
12 0.251953125 0.79931640625 0.0087890625 0.0068359375
11 0.25146484375 0.7509765625 0.00830078125 0.0068359375
1 0.193359375 0.93408203125 0.017578125 0.02099609375
9 0.50244140625 0.79296875 0.0068359375 0.017578125
11 0.515625 0.93603515625 0.00830078125 0.00732421875
11 0.515625 0.72998046875 0.00830078125 0.0068359375
11 0.49560546875 0.80517578125 0.00830078125 0.0068359375
11 0.49560546875 0.7333984375 0.00830078125 0.0068359375
11 0.5400390625 0.93896484375 0.00830078125 0.0068359375
11 0.5400390625 0.8759765625 0.00830078125 0.0068359375
12 0.54052734375 0.80810546875 0.0087890625 0.00732421875
11 0.5400390625 0.72705078125 0.00830078125 0.0068359375
11 0.46142578125 0.7392578125 0.0078125 0.00732421875
11 0.4443359375 0.7421875 0.00830078125 0.0068359375
11 0.42724609375 0.7392578125 0.00830078125 0.00732421875
11 0.478515625 0.736328125 0.00830078125 0.0068359375
11 0.41015625 0.736328125 0.00830078125 0.0068359375
11 0.46142578125 0.93310546875 0.0078125 0.0068359375