9 0.65380859375 0.0771484375 0.00439453125 0.01123046875
11 0.6494140625 0.083984375 0.0048828125 0.00439453125
11 0.66162109375 0.0869140625 0.00732421875 0.00634765625
8 0.6611328125 0.09716796875 0.00537109375 0.01611328125
11 0.66162109375 0.14599609375 0.00732421875 0.00634765625
11 0.59130859375 0.083984375 0.00732421875 0.00634765625
11 0.580078125 0.14306640625 0.00732421875 0.00634765625
11 0.580078125 0.07861328125 0.00732421875 0.00634765625
11 0.62744140625 0.08935546875 0.00732421875 0.00634765625
11 0.61474609375 0.13525390625 0.00732421875 0.00634765625
11 0.61474609375 0.0869140625 0.00732421875 0.00634765625
15 0.7958984375 0.146484375 0.0068359375 0.01025390625
11 0.7958984375 0.0869140625 0.00732421875 0.00634765625
11 0.71435546875 0.14599609375 0.00732421875 0.00634765625
11 0.74267578125 0.091796875 0.00732421875 0.00634765625
11 0.68896484375 0.140625 0.00732421875 0.00634765625
11 0.68896484375 0.0947265625 0.00732421875 0.00634765625
8 0.7421875 0.1484375 0.005859375 0.015625
15 0.76904296875 0.146484375 0.0068359375 0.01025390625
11 0.76904296875 0.08935546875 0.00732421875 0.00634765625
11 0.74267578125 0.13818359375 0.00732421875 0.00634765625
11 0.37255859375 0.0947265625 0.00732421875 0.00634765625
11 0.37255859375 0.1484375 0.00732421875 0.00634765625
11 0.345703125 0.14599609375 0.00732421875 0.00634765625
11 0.42578125 0.1484375 0.00732421875 0.00634765625
11 0.4521484375 0.09716796875 0.0048828125 0.00439453125
11 0.39794921875 0.15380859375 0.00732421875 0.00634765625
10 0.24267578125 0.0908203125 0.0146484375 0.04052734375
1 0.2421875 0.14404296875 0.015625 0.0185546875
11 0.29248046875 0.14599609375 0.00732421875 0.00634765625
11 0.29248046875 0.0869140625 0.00732421875 0.00634765625
11 0.32080078125 0.140625 0.00732421875 0.00634765625
15 0.5263671875 0.0927734375 0.0068359375 0.01025390625
11 0.5 0.140625 0.00732421875 0.00634765625
11 0.5 0.10498046875 0.00732421875 0.00634765625
9 0.4560546875 0.087890625 0.00439453125 0.01123046875
11 0.4814453125 0.1025390625 0.00732421875 0.00634765625
11 0.5537109375 0.13818359375 0.00732421875 0.00634765625
11 0.5537109375 0.091796875 0.00732421875 0.00634765625
11 0.5263671875 0.14599609375 0.00732421875 0.00634765625
11 0.46240234375 0.10009765625 0.00732421875 0.00634765625
11 0.46240234375 0.14599609375 0.00732421875 0.00634765625
11 0.61767578125 0.30224609375 0.00732421875 0.00634765625
11 0.61767578125 0.2431640625 0.00732421875 0.00634765625
11 0.6884765625 0.31298828125 0.00732421875 0.00634765625
11 0.638671875 0.24609375 0.00732421875 0.00634765625
11 0.65966796875 0.29443359375 0.00732421875 0.00634765625
11 0.65966796875 0.24853515625 0.00732421875 0.00634765625
11 0.5771484375 0.29443359375 0.00732421875 0.00634765625
15 0.57666015625 0.251953125 0.0068359375 0.01025390625
11 0.54736328125 0.2890625 0.00732421875 0.00634765625
11 0.54736328125 0.2431640625 0.00732421875 0.00634765625
9 0.60888671875 0.2333984375 0.00439453125 0.01123046875
11 0.60498046875 0.24072265625 0.00537109375 0.00439453125
11 0.73583984375 0.24853515625 0.00732421875 0.00634765625
11 0.75146484375 0.25146484375 0.00732421875 0.00634765625
11 0.72021484375 0.30517578125 0.00732421875 0.00634765625
11 0.72021484375 0.24609375 0.00732421875 0.00634765625
11 0.79833984375 0.30517578125 0.00732421875 0.00634765625
11 0.79833984375 0.25390625 0.00732421875 0.00634765625
11 0.7685546875 0.30517578125 0.00732421875 0.00634765625
11 0.7685546875 0.24072265625 0.00732421875 0.00634765625
11 0.32177734375 0.3076171875 0.00732421875 0.00634765625
11 0.32177734375 0.25634765625 0.00732421875 0.00634765625
9 0.32763671875 0.24560546875 0.00634765625 0.015625
15 0.29150390625 0.3056640625 0.0068359375 0.01025390625
11 0.2919921875 0.25390625 0.0068359375 0.00634765625
11 0.35205078125 0.30517578125 0.00732421875 0.00634765625
11 0.35205078125 0.25927734375 0.00732421875 0.00634765625
1 0.19140625 0.30322265625 0.015625 0.0185546875
10 0.1923828125 0.25 0.0146484375 0.04052734375
15 0.26220703125 0.3056640625 0.0068359375 0.01025390625
11 0.26220703125 0.24072265625 0.00732421875 0.00634765625
8 0.23095703125 0.310546875 0.00537109375 0.01611328125
11 0.2314453125 0.2998046875 0.00732421875 0.00634765625
11 0.2314453125 0.24609375 0.00732421875 0.00634765625
11 0.42236328125 0.31298828125 0.00732421875 0.00634765625
11 0.42236328125 0.26171875 0.00732421875 0.00634765625
11 0.5166015625 0.2431640625 0.0068359375 0.00634765625
11 0.48583984375 0.30224609375 0.00732421875 0.00634765625
11 0.48583984375 0.2431640625 0.00732421875 0.00634765625
11 0.4541015625 0.3076171875 0.00732421875 0.00634765625
9 0.416015625 0.25 0.00439453125 0.01123046875
11 0.412109375 0.25927734375 0.00537109375 0.00439453125
11 0.38232421875 0.3154296875 0.00732421875 0.00634765625
11 0.5166015625 0.29443359375 0.0068359375 0.00634765625
11 0.5400390625 0.41015625 0.00732421875 0.00634765625
8 0.640625 0.42041015625 0.00537109375 0.01611328125
11 0.64111328125 0.474609375 0.00732421875 0.00634765625
11 0.70751953125 0.474609375 0.0068359375 0.00634765625
14 0.7080078125 0.41357421875 0.0078125 0.015625
11 0.685546875 0.474609375 0.00732421875 0.00634765625
11 0.6630859375 0.474609375 0.00732421875 0.00634765625
11 0.6630859375 0.40234375 0.00732421875 0.00634765625
11 0.578125 0.4130859375 0.00732421875 0.00634765625
11 0.5654296875 0.41015625 0.00732421875 0.00634765625
11 0.55322265625 0.466796875 0.00732421875 0.00634765625
11 0.55322265625 0.40771484375 0.00732421875 0.00634765625
11 0.64111328125 0.41015625 0.00732421875 0.00634765625
11 0.61767578125 0.40771484375 0.00732421875 0.00634765625
11 0.60498046875 0.4052734375 0.0068359375 0.00634765625
11 0.59228515625 0.466796875 0.00732421875 0.00634765625
11 0.59228515625 0.40234375 0.00732421875 0.00634765625
11 0.810546875 0.4052734375 0.00732421875 0.00634765625
11 0.74560546875 0.4052734375 0.00732421875 0.00634765625
11 0.75830078125 0.40771484375 0.00732421875 0.00634765625
11 0.74560546875 0.474609375 0.00732421875 0.00634765625
11 0.7333984375 0.40771484375 0.00732421875 0.00634765625
11 0.720703125 0.41015625 0.00732421875 0.00634765625
11 0.7978515625 0.40234375 0.00732421875 0.00634765625
11 0.78515625 0.474609375 0.0068359375 0.00634765625
11 0.78515625 0.39990234375 0.0068359375 0.00634765625
11 0.77099609375 0.41015625 0.00732421875 0.00634765625
11 0.3408203125 0.41552734375 0.00732421875 0.00634765625
11 0.32763671875 0.46142578125 0.00732421875 0.00634765625
14 0.328125 0.41357421875 0.0078125 0.015625
11 0.3056640625 0.46142578125 0.00732421875 0.00634765625
11 0.37890625 0.4130859375 0.00732421875 0.00634765625
11 0.283203125 0.46142578125 0.0068359375 0.00634765625
11 0.3662109375 0.46142578125 0.00732421875 0.00634765625
11 0.3662109375 0.41015625 0.00732421875 0.00634765625
11 0.353515625 0.4130859375 0.00732421875 0.00634765625
9 0.2275390625 0.40380859375 0.00439453125 0.01123046875
11 0.2236328125 0.4130859375 0.00537109375 0.00439453125
1 0.19140625 0.46240234375 0.015625 0.0185546875
10 0.1923828125 0.4091796875 0.0146484375 0.04052734375
11 0.283203125 0.39990234375 0.0068359375 0.00634765625
11 0.26806640625 0.4208984375 0.00732421875 0.00634765625
11 0.255859375 0.41845703125 0.0068359375 0.00634765625
11 0.2431640625 0.46142578125 0.00732421875 0.00634765625
11 0.2431640625 0.41552734375 0.00732421875 0.00634765625
11 0.47021484375 0.466796875 0.00732421875 0.00634765625
11 0.47021484375 0.40234375 0.00732421875 0.00634765625
9 0.4541015625 0.40234375 0.005859375 0.015625
11 0.52783203125 0.4130859375 0.00732421875 0.00634765625
11 0.5146484375 0.466796875 0.00732421875 0.00634765625
14 0.5146484375 0.41357421875 0.0078125 0.015625
11 0.49267578125 0.466796875 0.00732421875 0.00634765625
11 0.43017578125 0.41015625 0.00732421875 0.00634765625
11 0.4052734375 0.4052734375 0.00732421875 0.00634765625
11 0.4052734375 0.46142578125 0.00732421875 0.00634765625
11 0.41796875 0.40771484375 0.00732421875 0.00634765625
11 0.4482421875 0.4130859375 0.00732421875 0.00634765625
11 0.39111328125 0.41552734375 0.00732421875 0.00634765625
11 0.4482421875 0.466796875 0.00732421875 0.00634765625
11 0.6240234375 0.61279296875 0.00732421875 0.00634765625
11 0.6005859375 0.63134765625 0.00732421875 0.00634765625
21 0.60009765625 0.568359375 0.005859375 0.0166015625
11 0.67236328125 0.62060546875 0.00732421875 0.00634765625
11 0.64013671875 0.61572265625 0.00732421875 0.00634765625
11 0.65625 0.6181640625 0.00732421875 0.00634765625
15 0.65625 0.5703125 0.0068359375 0.01025390625
11 0.5390625 0.61279296875 0.00732421875 0.00634765625
11 0.5390625 0.572265625 0.00732421875 0.00634765625
11 0.5087890625 0.63916015625 0.00732421875 0.00634765625
11 0.580078125 0.6259765625 0.00732421875 0.00634765625
11 0.5595703125 0.62060546875 0.00732421875 0.00634765625
11 0.8037109375 0.6259765625 0.00732421875 0.00634765625
11 0.7802734375 0.63134765625 0.00732421875 0.00634765625
11 0.69384765625 0.62353515625 0.00732421875 0.00634765625
11 0.69384765625 0.564453125 0.00732421875 0.00634765625
11 0.73779296875 0.62353515625 0.00732421875 0.00634765625
11 0.759765625 0.6259765625 0.00732421875 0.00634765625
11 0.759765625 0.572265625 0.00732421875 0.00634765625
11 0.71728515625 0.6181640625 0.00732421875 0.00634765625
11 0.29736328125 0.55908203125 0.0068359375 0.00634765625
8 0.296875 0.5693359375 0.005859375 0.015625
11 0.29736328125 0.62353515625 0.0068359375 0.00634765625
11 0.3193359375 0.57470703125 0.00732421875 0.00634765625
11 0.275390625 0.6259765625 0.00732421875 0.00634765625
11 0.36962890625 0.63671875 0.00732421875 0.00634765625
11 0.36962890625 0.5537109375 0.00732421875 0.00634765625
11 0.33984375 0.63916015625 0.0068359375 0.00634765625
11 0.275390625 0.5615234375 0.00732421875 0.00634765625
11 0.3193359375 0.62060546875 0.00732421875 0.00634765625
11 0.2314453125 0.56689453125 0.00732421875 0.00634765625
1 0.19140625 0.62158203125 0.015625 0.0185546875
11 0.2314453125 0.63134765625 0.00732421875 0.00634765625
10 0.1923828125 0.568359375 0.0146484375 0.04052734375
11 0.25341796875 0.564453125 0.00732421875 0.00634765625
11 0.25341796875 0.62890625 0.00732421875 0.00634765625
11 0.44189453125 0.55908203125 0.00732421875 0.00634765625
11 0.44189453125 0.62353515625 0.00732421875 0.00634765625
11 0.45458984375 0.5615234375 0.00732421875 0.00634765625
9 0.4345703125 0.54931640625 0.00439453125 0.01123046875
11 0.48828125 0.6181640625 0.0068359375 0.00634765625
11 0.48828125 0.5693359375 0.0068359375 0.00634765625
9 0.47998046875 0.55859375 0.00439453125 0.01123046875
11 0.47607421875 0.56689453125 0.0048828125 0.00439453125
11 0.4306640625 0.55615234375 0.0048828125 0.00439453125
11 0.46728515625 0.564453125 0.00732421875 0.00634765625
11 0.39306640625 0.6181640625 0.00732421875 0.00634765625
11 0.41357421875 0.572265625 0.00732421875 0.00634765625
11 0.41357421875 0.6259765625 0.00732421875 0.00634765625
9 0.41943359375 0.5615234375 0.005859375 0.015625
11 0.6435546875 0.77734375 0.00732421875 0.00634765625
11 0.6064453125 0.7236328125 0.0068359375 0.00634765625
15 0.673828125 0.783203125 0.0068359375 0.01025390625
11 0.6435546875 0.7236328125 0.00732421875 0.00634765625
15 0.60595703125 0.783203125 0.0068359375 0.01025390625
11 0.48583984375 0.7314453125 0.00732421875 0.00634765625
11 0.67431640625 0.71826171875 0.00732421875 0.00634765625
8 0.64306640625 0.7880859375 0.00537109375 0.01611328125
11 0.54638671875 0.7744140625 0.00732421875 0.00634765625
11 0.54638671875 0.72900390625 0.00732421875 0.00634765625
11 0.51513671875 0.78271484375 0.00732421875 0.00634765625
11 0.48583984375 0.77734375 0.00732421875 0.00634765625
11 0.576171875 0.72607421875 0.00732421875 0.00634765625
15 0.576171875 0.783203125 0.0068359375 0.01025390625
8 0.5458984375 0.78515625 0.00537109375 0.015625
11 0.796875 0.79296875 0.00732421875 0.00634765625
15 0.703125 0.783203125 0.0068359375 0.01025390625
11 0.7333984375 0.73388671875 0.00732421875 0.00634765625
11 0.7333984375 0.78515625 0.00732421875 0.00634765625
11 0.70361328125 0.7314453125 0.00732421875 0.00634765625
11 0.76708984375 0.78271484375 0.00732421875 0.00634765625
11 0.76708984375 0.73681640625 0.00732421875 0.00634765625
9 0.76025390625 0.724609375 0.00439453125 0.01123046875
11 0.75634765625 0.73388671875 0.0048828125 0.00439453125
9 0.73876953125 0.72314453125 0.005859375 0.015625
11 0.3056640625 0.78271484375 0.00732421875 0.00634765625
15 0.30517578125 0.7294921875 0.0068359375 0.01025390625
11 0.2763671875 0.77734375 0.00732421875 0.00634765625
11 0.2763671875 0.7421875 0.00732421875 0.00634765625
11 0.3662109375 0.7158203125 0.00732421875 0.00634765625
11 0.2548828125 0.7392578125 0.00732421875 0.00634765625
11 0.3359375 0.7744140625 0.00732421875 0.00634765625
11 0.3359375 0.72900390625 0.00732421875 0.00634765625
1 0.19140625 0.78076171875 0.015625 0.0185546875
10 0.1923828125 0.7275390625 0.0146484375 0.04052734375
11 0.23388671875 0.78271484375 0.00732421875 0.00634765625
11 0.23388671875 0.73681640625 0.00732421875 0.00634765625
9 0.2275390625 0.724609375 0.00439453125 0.01123046875
11 0.2236328125 0.73388671875 0.00537109375 0.00439453125
11 0.44287109375 0.720703125 0.00537109375 0.00439453125
9 0.44677734375 0.7138671875 0.00439453125 0.01123046875
11 0.3662109375 0.77978515625 0.00732421875 0.00634765625
11 0.41796875 0.72607421875 0.00732421875 0.00634765625
8 0.455078125 0.73388671875 0.005859375 0.015625
11 0.45556640625 0.78271484375 0.00732421875 0.00634765625
11 0.45556640625 0.7236328125 0.00732421875 0.00634765625
11 0.40478515625 0.77197265625 0.00732421875 0.00634765625
11 0.40478515625 0.7236328125 0.00732421875 0.00634765625
11 0.37841796875 0.720703125 0.00732421875 0.00634765625
11 0.64990234375 0.9365234375 0.00732421875 0.00634765625
11 0.64990234375 0.890625 0.00732421875 0.00634765625
11 0.6318359375 0.89306640625 0.00732421875 0.00634765625
11 0.6982421875 0.947265625 0.00732421875 0.00634765625
11 0.71240234375 0.8828125 0.00732421875 0.00634765625
14 0.69873046875 0.89111328125 0.0078125 0.01513671875
11 0.67431640625 0.9365234375 0.00732421875 0.00634765625
11 0.58935546875 0.8876953125 0.00732421875 0.00634765625
11 0.5751953125 0.88525390625 0.00732421875 0.00634765625
11 0.5615234375 0.9443359375 0.00732421875 0.00634765625
11 0.5615234375 0.8828125 0.00732421875 0.00634765625
11 0.61376953125 0.890625 0.00732421875 0.00634765625
11 0.61376953125 0.9365234375 0.00732421875 0.00634765625
9 0.607421875 0.87939453125 0.00439453125 0.01123046875
11 0.603515625 0.8876953125 0.0048828125 0.00439453125
11 0.80859375 0.890625 0.00732421875 0.00634765625
11 0.75390625 0.8798828125 0.00732421875 0.00634765625
11 0.740234375 0.947265625 0.00732421875 0.00634765625
11 0.740234375 0.87744140625 0.00732421875 0.00634765625
11 0.72607421875 0.8798828125 0.00732421875 0.00634765625
11 0.794921875 0.8876953125 0.00732421875 0.00634765625
11 0.78125 0.947265625 0.00732421875 0.00634765625
11 0.78125 0.88525390625 0.00732421875 0.00634765625
11 0.767578125 0.8828125 0.00732421875 0.00634765625
11 0.333984375 0.94189453125 0.00732421875 0.00634765625
11 0.333984375 0.890625 0.00732421875 0.00634765625
11 0.3095703125 0.9365234375 0.00732421875 0.00634765625
15 0.3095703125 0.888671875 0.0068359375 0.01025390625
11 0.38330078125 0.88525390625 0.0048828125 0.00439453125
11 0.5478515625 0.8798828125 0.00732421875 0.00634765625
11 0.359375 0.9365234375 0.00732421875 0.00634765625
11 0.359375 0.890625 0.00732421875 0.00634765625
11 0.2236328125 0.89599609375 0.00537109375 0.00439453125
1 0.19140625 0.93994140625 0.015625 0.0185546875
9 0.2275390625 0.88671875 0.00439453125 0.01123046875
10 0.1923828125 0.88671875 0.0146484375 0.04052734375
11 0.28466796875 0.93408203125 0.00732421875 0.00634765625
11 0.259765625 0.93115234375 0.00732421875 0.00634765625
9 0.38720703125 0.876953125 0.00439453125 0.01123046875
11 0.2333984375 0.94970703125 0.00732421875 0.00634765625
11 0.2333984375 0.8984375 0.00732421875 0.00634765625
11 0.49267578125 0.8798828125 0.00732421875 0.00634765625
11 0.47900390625 0.9443359375 0.00732421875 0.00634765625
14 0.47900390625 0.89111328125 0.0078125 0.01513671875
11 0.455078125 0.93408203125 0.00732421875 0.00634765625
11 0.5341796875 0.87744140625 0.00732421875 0.00634765625
11 0.5205078125 0.9443359375 0.00732421875 0.00634765625
11 0.5205078125 0.87451171875 0.00732421875 0.00634765625
11 0.5068359375 0.87744140625 0.00732421875 0.00634765625
11 0.39404296875 0.8876953125 0.00732421875 0.00634765625
11 0.39404296875 0.93408203125 0.00732421875 0.00634765625
11 0.412109375 0.890625 0.00732421875 0.00634765625
11 0.43017578125 0.8876953125 0.00732421875 0.00634765625
11 0.43017578125 0.93408203125 0.00732421875 0.00634765625