11 0.5322265625 0.04541015625 0.00439453125 0.00390625
11 0.5322265625 0.1181640625 0.00439453125 0.00390625
11 0.5322265625 0.162109375 0.00439453125 0.00390625
19 0.63232421875 0.04248046875 0.0048828125 0.001953125
15 0.6318359375 0.76904296875 0.00439453125 0.00634765625
11 0.640625 0.763671875 0.00439453125 0.00390625
12 0.6728515625 0.162109375 0.0048828125 0.00390625
12 0.6728515625 0.16552734375 0.0048828125 0.00390625
12 0.6728515625 0.2470703125 0.0048828125 0.00390625
12 0.6728515625 0.25048828125 0.0048828125 0.00390625
12 0.6728515625 0.36767578125 0.0048828125 0.00390625
11 0.658203125 0.763671875 0.00439453125 0.00390625
12 0.6728515625 0.1181640625 0.0048828125 0.00390625
11 0.5322265625 0.23876953125 0.00439453125 0.00390625
11 0.5322265625 0.2353515625 0.00439453125 0.00390625
19 0.63232421875 0.8779296875 0.0048828125 0.001953125
11 0.650390625 0.75830078125 0.00439453125 0.00390625
11 0.5322265625 0.16552734375 0.00439453125 0.00390625
11 0.5322265625 0.775390625 0.00439453125 0.00390625
15 0.6728515625 0.84716796875 0.00439453125 0.00634765625
11 0.6728515625 0.75830078125 0.00439453125 0.00390625
12 0.6728515625 0.37109375 0.0048828125 0.00390625
9 0.52294921875 0.77392578125 0.00390625 0.009765625
11 0.69873046875 0.84326171875 0.00439453125 0.00390625
19 0.70849609375 0.767578125 0.0048828125 0.001953125
11 0.70849609375 0.83837890625 0.00439453125 0.00390625
11 0.68115234375 0.84326171875 0.00439453125 0.00390625
21 0.6904296875 0.76806640625 0.00390625 0.01025390625
11 0.69091796875 0.83837890625 0.00439453125 0.00390625
8 0.54931640625 0.880859375 0.00341796875 0.009765625
9 0.59765625 0.23388671875 0.00390625 0.009765625
8 0.59375 0.125 0.00341796875 0.009765625
11 0.564453125 0.0419921875 0.00439453125 0.00390625
9 0.59765625 0.15966796875 0.00390625 0.009765625
9 0.55322265625 0.228515625 0.00390625 0.009765625
9 0.55322265625 0.76708984375 0.00390625 0.009765625
11 0.57763671875 0.04345703125 0.00439453125 0.00390625
11 0.57763671875 0.11669921875 0.00439453125 0.00390625
11 0.57763671875 0.1640625 0.00439453125 0.00390625
11 0.57763671875 0.2373046875 0.00439453125 0.00390625
11 0.57763671875 0.7685546875 0.00439453125 0.00390625
11 0.57763671875 0.87744140625 0.00439453125 0.00390625
8 0.57763671875 0.0498046875 0.00341796875 0.009765625
11 0.564453125 0.2353515625 0.00439453125 0.00390625
11 0.564453125 0.7705078125 0.00439453125 0.00390625
11 0.564453125 0.87548828125 0.00439453125 0.00390625
15 0.59375 0.3818359375 0.00439453125 0.00634765625
11 0.59423828125 0.04541015625 0.00439453125 0.00390625
11 0.59423828125 0.1181640625 0.00439453125 0.00390625
11 0.59423828125 0.16552734375 0.00439453125 0.00390625
15 0.59375 0.1748046875 0.00439453125 0.00634765625
11 0.59423828125 0.23876953125 0.00439453125 0.00390625
15 0.59375 0.25244140625 0.00439453125 0.00634765625
15 0.59375 0.3681640625 0.00439453125 0.00634765625
8 0.57763671875 0.8837890625 0.00341796875 0.009765625
11 0.59423828125 0.763671875 0.00439453125 0.00390625
11 0.59423828125 0.87890625 0.00439453125 0.00390625
9 0.59765625 0.03857421875 0.00390625 0.009765625
11 0.564453125 0.11474609375 0.00439453125 0.00390625
9 0.58154296875 0.23193359375 0.00390625 0.009765625
8 0.57763671875 0.12353515625 0.00341796875 0.009765625
9 0.58154296875 0.15869140625 0.00390625 0.009765625
8 0.57763671875 0.77490234375 0.00341796875 0.01025390625
12 0.61669921875 0.1181640625 0.0048828125 0.00390625
12 0.61669921875 0.162109375 0.0048828125 0.00390625
12 0.61669921875 0.16552734375 0.0048828125 0.00390625
12 0.61669921875 0.2470703125 0.0048828125 0.00390625
11 0.6162109375 0.04541015625 0.00439453125 0.00390625
12 0.61669921875 0.25048828125 0.0048828125 0.00390625
12 0.61669921875 0.36767578125 0.0048828125 0.00390625
12 0.61669921875 0.37109375 0.0048828125 0.00390625
11 0.6162109375 0.76708984375 0.00439453125 0.00390625
11 0.6162109375 0.87890625 0.00439453125 0.00390625
11 0.564453125 0.162109375 0.00439453125 0.00390625
9 0.55322265625 0.15576171875 0.00390625 0.009765625
8 0.54931640625 0.12353515625 0.00341796875 0.009765625
8 0.54931640625 0.046875 0.00341796875 0.009765625
11 0.54931640625 0.11328125 0.00439453125 0.00390625
11 0.54931640625 0.0400390625 0.00439453125 0.00390625
11 0.54931640625 0.16064453125 0.00439453125 0.00390625
8 0.59375 0.8857421875 0.00341796875 0.01025390625
11 0.54931640625 0.8740234375 0.00439453125 0.00390625
11 0.54931640625 0.77392578125 0.00439453125 0.00390625
19 0.54931640625 0.36669921875 0.0048828125 0.001953125
8 0.59375 0.7705078125 0.00341796875 0.009765625
19 0.54931640625 0.25146484375 0.0048828125 0.001953125
11 0.54931640625 0.23388671875 0.00439453125 0.00390625
19 0.54931640625 0.17333984375 0.0048828125 0.001953125
22 0.54931640625 0.63720703125 0.00439453125 0.001953125
22 0.54931640625 0.92236328125 0.00439453125 0.001953125
22 0.54931640625 0.84423828125 0.00439453125 0.001953125
22 0.54931640625 0.80517578125 0.00439453125 0.001953125
22 0.54931640625 0.71533203125 0.00439453125 0.001953125
22 0.54931640625 0.67626953125 0.00439453125 0.001953125
22 0.54931640625 0.59814453125 0.00439453125 0.001953125
22 0.54931640625 0.55908203125 0.00439453125 0.001953125
22 0.54931640625 0.5048828125 0.00439453125 0.001953125
22 0.54931640625 0.46923828125 0.00439453125 0.001953125
22 0.54931640625 0.42333984375 0.00439453125 0.001953125
22 0.625 0.2041015625 0.00439453125 0.001953125
22 0.625 0.0869140625 0.00439453125 0.001953125
22 0.54931640625 0.32958984375 0.00439453125 0.001953125
22 0.4697265625 0.63720703125 0.00439453125 0.001953125
22 0.4697265625 0.92236328125 0.00439453125 0.001953125
22 0.4697265625 0.84423828125 0.00439453125 0.001953125
22 0.4697265625 0.80517578125 0.00439453125 0.001953125
22 0.4697265625 0.71533203125 0.00439453125 0.001953125
22 0.4697265625 0.67626953125 0.00439453125 0.001953125
22 0.4697265625 0.59814453125 0.00439453125 0.001953125
22 0.4697265625 0.55908203125 0.00439453125 0.001953125
22 0.4697265625 0.5048828125 0.00439453125 0.001953125
22 0.4697265625 0.46923828125 0.00439453125 0.001953125
22 0.4697265625 0.42333984375 0.00439453125 0.001953125
22 0.54931640625 0.2822265625 0.00439453125 0.001953125
22 0.54931640625 0.2041015625 0.00439453125 0.001953125
22 0.54931640625 0.0869140625 0.00439453125 0.001953125
22 0.625 0.2822265625 0.00439453125 0.001953125
22 0.703125 0.80517578125 0.00439453125 0.001953125
22 0.703125 0.92236328125 0.00439453125 0.001953125
22 0.703125 0.8798828125 0.00439453125 0.001953125
22 0.703125 0.71533203125 0.00439453125 0.001953125
22 0.703125 0.67626953125 0.00439453125 0.001953125
22 0.703125 0.63720703125 0.00439453125 0.001953125
22 0.703125 0.59814453125 0.00439453125 0.001953125
22 0.703125 0.55908203125 0.00439453125 0.001953125
22 0.703125 0.5048828125 0.00439453125 0.001953125
22 0.625 0.59814453125 0.00439453125 0.001953125
22 0.625 0.84423828125 0.00439453125 0.001953125
22 0.625 0.80517578125 0.00439453125 0.001953125
22 0.625 0.71533203125 0.00439453125 0.001953125
22 0.625 0.67626953125 0.00439453125 0.001953125
22 0.625 0.63720703125 0.00439453125 0.001953125
22 0.625 0.92236328125 0.00439453125 0.001953125
22 0.625 0.55908203125 0.00439453125 0.001953125
22 0.625 0.5048828125 0.00439453125 0.001953125
22 0.625 0.46923828125 0.00439453125 0.001953125
22 0.625 0.42333984375 0.00439453125 0.001953125
22 0.625 0.32958984375 0.00439453125 0.001953125
22 0.703125 0.0869140625 0.00439453125 0.001953125
22 0.703125 0.46923828125 0.00439453125 0.001953125
22 0.703125 0.42333984375 0.00439453125 0.001953125
22 0.703125 0.32958984375 0.00439453125 0.001953125
22 0.703125 0.2822265625 0.00439453125 0.001953125
22 0.703125 0.2041015625 0.00439453125 0.001953125
22 0.4697265625 0.32958984375 0.00439453125 0.001953125
22 0.703125 0.041015625 0.00439453125 0.001953125
22 0.2841796875 0.92236328125 0.00439453125 0.001953125
22 0.2841796875 0.80517578125 0.00439453125 0.001953125
22 0.2841796875 0.76611328125 0.00439453125 0.001953125
22 0.2841796875 0.71533203125 0.00439453125 0.001953125
22 0.2841796875 0.67626953125 0.00439453125 0.001953125
22 0.2841796875 0.63720703125 0.00439453125 0.001953125
22 0.34423828125 0.67626953125 0.0048828125 0.001953125
22 0.34423828125 0.63720703125 0.0048828125 0.001953125
22 0.34423828125 0.59814453125 0.0048828125 0.001953125
22 0.34423828125 0.55908203125 0.0048828125 0.001953125
22 0.34423828125 0.5048828125 0.0048828125 0.001953125
22 0.34423828125 0.46923828125 0.0048828125 0.001953125
22 0.34423828125 0.42333984375 0.0048828125 0.001953125
22 0.34423828125 0.32958984375 0.0048828125 0.001953125
22 0.34423828125 0.2822265625 0.0048828125 0.001953125
22 0.34423828125 0.2041015625 0.0048828125 0.001953125
22 0.34423828125 0.0869140625 0.0048828125 0.001953125
22 0.2841796875 0.59814453125 0.00439453125 0.001953125
22 0.2841796875 0.55908203125 0.00439453125 0.001953125
22 0.2841796875 0.5048828125 0.00439453125 0.001953125
22 0.2841796875 0.46923828125 0.00439453125 0.001953125
22 0.2841796875 0.42333984375 0.00439453125 0.001953125
22 0.2841796875 0.32958984375 0.00439453125 0.001953125
22 0.2841796875 0.2822265625 0.00439453125 0.001953125
22 0.2841796875 0.2041015625 0.00439453125 0.001953125
22 0.2841796875 0.0869140625 0.00439453125 0.001953125
22 0.2841796875 0.041015625 0.00439453125 0.001953125
22 0.40234375 0.67626953125 0.0048828125 0.001953125
22 0.40234375 0.63720703125 0.0048828125 0.001953125
22 0.40234375 0.59814453125 0.0048828125 0.001953125
22 0.40234375 0.55908203125 0.0048828125 0.001953125
22 0.40234375 0.5048828125 0.0048828125 0.001953125
22 0.40234375 0.46923828125 0.0048828125 0.001953125
22 0.40234375 0.42333984375 0.0048828125 0.001953125
22 0.40234375 0.32958984375 0.0048828125 0.001953125
22 0.40234375 0.2822265625 0.0048828125 0.001953125
22 0.40234375 0.2041015625 0.0048828125 0.001953125
22 0.40234375 0.0869140625 0.0048828125 0.001953125
22 0.4697265625 0.2822265625 0.00439453125 0.001953125
22 0.4697265625 0.2041015625 0.00439453125 0.001953125
22 0.4697265625 0.0869140625 0.00439453125 0.001953125
22 0.40234375 0.92236328125 0.0048828125 0.001953125
22 0.40234375 0.71533203125 0.0048828125 0.001953125
22 0.34423828125 0.92236328125 0.0048828125 0.001953125
22 0.34423828125 0.8798828125 0.0048828125 0.001953125
22 0.34423828125 0.84423828125 0.0048828125 0.001953125
22 0.34423828125 0.80517578125 0.0048828125 0.001953125
22 0.34423828125 0.71533203125 0.0048828125 0.001953125
11 0.73388671875 0.25244140625 0.00439453125 0.00390625
11 0.73388671875 0.3662109375 0.00439453125 0.00390625
11 0.73388671875 0.373046875 0.00439453125 0.00390625
11 0.73388671875 0.84326171875 0.00439453125 0.00390625
8 0.73388671875 0.12646484375 0.00341796875 0.01025390625
11 0.73388671875 0.2490234375 0.00439453125 0.00390625
9 0.73779296875 0.15576171875 0.00390625 0.009765625
8 0.73388671875 0.173828125 0.00341796875 0.01025390625
11 0.71630859375 0.84326171875 0.00439453125 0.00390625
11 0.72607421875 0.83837890625 0.00439453125 0.00390625
11 0.73388671875 0.1201171875 0.00439453125 0.00390625
11 0.73388671875 0.16064453125 0.00439453125 0.00390625
11 0.73388671875 0.16748046875 0.00439453125 0.00390625
12 0.75 0.37109375 0.0048828125 0.00390625
12 0.75 0.1181640625 0.0048828125 0.00390625
12 0.75 0.162109375 0.0048828125 0.00390625
12 0.75 0.16552734375 0.0048828125 0.00390625
12 0.75 0.2470703125 0.0048828125 0.00390625
12 0.75 0.25048828125 0.0048828125 0.00390625
12 0.75 0.36767578125 0.0048828125 0.00390625
11 0.75 0.83837890625 0.00439453125 0.00390625
15 0.75 0.87939453125 0.00439453125 0.00634765625
9 0.73779296875 0.2421875 0.00390625 0.009765625
8 0.73388671875 0.25732421875 0.00341796875 0.01025390625
9 0.73779296875 0.36083984375 0.00390625 0.009765625
8 0.73388671875 0.37939453125 0.00341796875 0.01025390625
9 0.81494140625 0.2421875 0.00390625 0.009765625
8 0.81103515625 0.25732421875 0.00341796875 0.01025390625
9 0.81494140625 0.36083984375 0.00390625 0.009765625
8 0.81103515625 0.37939453125 0.00341796875 0.01025390625
21 0.767578125 0.845703125 0.00390625 0.01025390625
11 0.76806640625 0.87890625 0.00439453125 0.00390625
11 0.7587890625 0.88427734375 0.00439453125 0.00390625
11 0.7763671875 0.88427734375 0.00439453125 0.00390625
19 0.78564453125 0.845703125 0.00439453125 0.001953125
8 0.81103515625 0.12646484375 0.00341796875 0.01025390625
11 0.81103515625 0.16064453125 0.00439453125 0.00390625
11 0.81103515625 0.16748046875 0.00439453125 0.00390625
11 0.81103515625 0.2490234375 0.00439453125 0.00390625
11 0.81103515625 0.25244140625 0.00439453125 0.00390625
11 0.81103515625 0.3662109375 0.00439453125 0.00390625
11 0.81103515625 0.373046875 0.00439453125 0.00390625
11 0.81103515625 0.88427734375 0.00439453125 0.00390625
9 0.81494140625 0.15576171875 0.00390625 0.009765625
8 0.81103515625 0.173828125 0.00341796875 0.01025390625
11 0.78564453125 0.87890625 0.00439453125 0.00390625
11 0.79345703125 0.88427734375 0.00439453125 0.00390625
11 0.80322265625 0.87890625 0.00439453125 0.00390625
11 0.81103515625 0.1201171875 0.00439453125 0.00390625
12 0.29150390625 0.23876953125 0.0048828125 0.00390625
12 0.29150390625 0.12353515625 0.0048828125 0.00390625
12 0.29150390625 0.16552734375 0.0048828125 0.00390625
12 0.29150390625 0.17431640625 0.0048828125 0.00390625
12 0.29150390625 0.2470703125 0.0048828125 0.00390625
12 0.29150390625 0.3662109375 0.0048828125 0.00390625
12 0.29150390625 0.3779296875 0.0048828125 0.00390625
19 0.29150390625 0.845703125 0.00439453125 0.001953125
19 0.27392578125 0.12744140625 0.00439453125 0.001953125
19 0.27392578125 0.15966796875 0.00439453125 0.001953125
19 0.27392578125 0.17333984375 0.00439453125 0.001953125
19 0.27392578125 0.23779296875 0.00439453125 0.001953125
19 0.27392578125 0.25146484375 0.00439453125 0.001953125
19 0.27392578125 0.36669921875 0.00439453125 0.001953125
19 0.27392578125 0.38037109375 0.00439453125 0.001953125
12 0.27392578125 0.8466796875 0.0048828125 0.00390625
12 0.27392578125 0.87548828125 0.0048828125 0.00390625
11 0.32568359375 0.0419921875 0.00439453125 0.00390625
11 0.32568359375 0.775390625 0.00439453125 0.00390625
11 0.33642578125 0.0419921875 0.00439453125 0.00390625
11 0.33642578125 0.7705078125 0.00439453125 0.00390625
21 0.29931640625 0.87841796875 0.00341796875 0.01025390625
11 0.31640625 0.0419921875 0.00439453125 0.00390625
12 0.31640625 0.12353515625 0.0048828125 0.00390625
12 0.31640625 0.16552734375 0.0048828125 0.00390625
12 0.31640625 0.17431640625 0.0048828125 0.00390625
12 0.31640625 0.23876953125 0.0048828125 0.00390625
12 0.31640625 0.2470703125 0.0048828125 0.00390625
12 0.31640625 0.3642578125 0.0048828125 0.00390625
12 0.31640625 0.37646484375 0.0048828125 0.00390625
11 0.31640625 0.77880859375 0.00439453125 0.00390625
10 0.1875 0.3349609375 0.00927734375 0.02587890625
1 0.18701171875 0.37353515625 0.009765625 0.01171875
1 0.18701171875 0.28369140625 0.009765625 0.01171875
1 0.18701171875 0.42431640625 0.009765625 0.01171875
10 0.1875 0.470703125 0.00927734375 0.02587890625
1 0.18701171875 0.50927734375 0.009765625 0.01171875
10 0.1875 0.16650390625 0.00927734375 0.02587890625
10 0.1875 0.08837890625 0.00927734375 0.02587890625
10 0.1875 0.1279296875 0.00927734375 0.02587890625
10 0.1875 0.20556640625 0.00927734375 0.02587890625
1 0.18701171875 0.24462890625 0.009765625 0.01171875
10 0.1875 0.76806640625 0.00927734375 0.02587890625
10 0.1875 0.80712890625 0.00927734375 0.02587890625
1 0.18701171875 0.884765625 0.009765625 0.01171875
1 0.18701171875 0.923828125 0.009765625 0.01171875
10 0.1875 0.560546875 0.00927734375 0.02587890625
10 0.1875 0.599609375 0.00927734375 0.02587890625
1 0.18701171875 0.677734375 0.009765625 0.01171875
1 0.18701171875 0.716796875 0.009765625 0.01171875
0 0.1767578125 0.4912109375 0.00341796875 0.05322265625
22 0.7802734375 0.59814453125 0.00439453125 0.001953125
22 0.23681640625 0.71533203125 0.00439453125 0.001953125
22 0.23681640625 0.76611328125 0.00439453125 0.001953125
22 0.7802734375 0.041015625 0.00439453125 0.001953125
22 0.7802734375 0.0869140625 0.00439453125 0.001953125
22 0.7802734375 0.2041015625 0.00439453125 0.001953125
22 0.7802734375 0.2822265625 0.00439453125 0.001953125
22 0.7802734375 0.32958984375 0.00439453125 0.001953125
22 0.7802734375 0.42333984375 0.00439453125 0.001953125
22 0.7802734375 0.46923828125 0.00439453125 0.001953125
22 0.7802734375 0.5048828125 0.00439453125 0.001953125
22 0.7802734375 0.55908203125 0.00439453125 0.001953125
22 0.23681640625 0.67626953125 0.00439453125 0.001953125
22 0.7802734375 0.63720703125 0.00439453125 0.001953125
22 0.7802734375 0.67626953125 0.00439453125 0.001953125
22 0.7802734375 0.71533203125 0.00439453125 0.001953125
22 0.7802734375 0.76611328125 0.00439453125 0.001953125
22 0.7802734375 0.80517578125 0.00439453125 0.001953125
22 0.7802734375 0.92236328125 0.00439453125 0.001953125
10 0.1875 0.04248046875 0.00927734375 0.02587890625
22 0.23681640625 0.0869140625 0.00439453125 0.001953125
22 0.23681640625 0.2041015625 0.00439453125 0.001953125
22 0.23681640625 0.2822265625 0.00439453125 0.001953125
22 0.23681640625 0.32958984375 0.00439453125 0.001953125
22 0.23681640625 0.46923828125 0.00439453125 0.001953125
22 0.23681640625 0.5048828125 0.00439453125 0.001953125
22 0.23681640625 0.55908203125 0.00439453125 0.001953125
22 0.23681640625 0.59814453125 0.00439453125 0.001953125
22 0.23681640625 0.63720703125 0.00439453125 0.001953125
11 0.23486328125 0.4306640625 0.00439453125 0.00390625
11 0.23486328125 0.0419921875 0.00439453125 0.00390625
11 0.23486328125 0.814453125 0.00439453125 0.00390625
11 0.23486328125 0.8466796875 0.00439453125 0.00390625
11 0.23486328125 0.87548828125 0.00439453125 0.00390625
11 0.23486328125 0.91796875 0.00439453125 0.00390625
11 0.2255859375 0.8466796875 0.00439453125 0.00390625
11 0.2255859375 0.87548828125 0.00439453125 0.00390625
11 0.2255859375 0.91796875 0.00439453125 0.00390625
12 0.251953125 0.16552734375 0.0048828125 0.00390625
12 0.251953125 0.17431640625 0.0048828125 0.00390625
12 0.251953125 0.2353515625 0.0048828125 0.00390625
12 0.251953125 0.23876953125 0.0048828125 0.00390625
12 0.251953125 0.3662109375 0.0048828125 0.00390625
12 0.251953125 0.3662109375 0.0048828125 0.00390625
12 0.251953125 0.4306640625 0.0048828125 0.00390625
12 0.251953125 0.8095703125 0.0048828125 0.00390625
12 0.251953125 0.8466796875 0.0048828125 0.00390625
12 0.251953125 0.87548828125 0.0048828125 0.00390625
12 0.251953125 0.12353515625 0.0048828125 0.00390625
12 0.251953125 0.91796875 0.0048828125 0.00390625
11 0.2255859375 0.81787109375 0.00439453125 0.00390625
12 0.251953125 0.0419921875 0.0048828125 0.00390625
11 0.216796875 0.87548828125 0.00439453125 0.00390625
11 0.216796875 0.91796875 0.00439453125 0.00390625
12 0.21728515625 0.17431640625 0.0048828125 0.00390625
11 0.216796875 0.0419921875 0.00439453125 0.00390625
12 0.21728515625 0.12353515625 0.0048828125 0.00390625
12 0.21728515625 0.16552734375 0.0048828125 0.00390625
12 0.21728515625 0.2353515625 0.0048828125 0.00390625
12 0.21728515625 0.2353515625 0.0048828125 0.00390625
12 0.21728515625 0.3662109375 0.0048828125 0.00390625
12 0.21728515625 0.3662109375 0.0048828125 0.00390625
11 0.216796875 0.4306640625 0.00439453125 0.00390625
11 0.216796875 0.8212890625 0.00439453125 0.00390625
11 0.216796875 0.8466796875 0.00439453125 0.00390625
11 0.2255859375 0.0419921875 0.00439453125 0.00390625
11 0.2255859375 0.4306640625 0.00439453125 0.00390625
11 0.45458984375 0.0419921875 0.00439453125 0.00390625
11 0.45458984375 0.8876953125 0.00439453125 0.00390625
11 0.46875 0.0419921875 0.00439453125 0.00390625
11 0.46875 0.88427734375 0.00439453125 0.00390625
11 0.484375 0.162109375 0.00439453125 0.00390625
11 0.484375 0.0419921875 0.00439453125 0.00390625
11 0.484375 0.1181640625 0.00439453125 0.00390625
11 0.484375 0.16552734375 0.00439453125 0.00390625
11 0.484375 0.2353515625 0.00439453125 0.00390625
11 0.484375 0.23876953125 0.00439453125 0.00390625
12 0.48486328125 0.3642578125 0.0048828125 0.00390625
12 0.48486328125 0.37646484375 0.0048828125 0.00390625
21 0.48388671875 0.76806640625 0.00341796875 0.01025390625
11 0.484375 0.87890625 0.00439453125 0.00390625
11 0.43310546875 0.0400390625 0.00439453125 0.00390625
19 0.43310546875 0.12744140625 0.00439453125 0.001953125
19 0.43310546875 0.15966796875 0.00439453125 0.001953125
19 0.43310546875 0.23779296875 0.00439453125 0.001953125
19 0.43310546875 0.36669921875 0.00439453125 0.001953125
19 0.43310546875 0.767578125 0.00439453125 0.001953125
11 0.43310546875 0.89111328125 0.00439453125 0.00390625
8 0.51904296875 0.173828125 0.00341796875 0.01025390625
9 0.52294921875 0.15869140625 0.00390625 0.009765625
9 0.52294921875 0.23193359375 0.00390625 0.009765625
8 0.51904296875 0.2470703125 0.00341796875 0.009765625
8 0.51904296875 0.0498046875 0.00341796875 0.009765625
8 0.51904296875 0.12646484375 0.00341796875 0.01025390625
11 0.50537109375 0.1201171875 0.00439453125 0.00390625
15 0.49658203125 0.76904296875 0.00439453125 0.00634765625
11 0.50537109375 0.04345703125 0.00439453125 0.00390625
11 0.50537109375 0.1640625 0.00439453125 0.00390625
11 0.50537109375 0.16748046875 0.00439453125 0.00390625
11 0.50537109375 0.2373046875 0.00439453125 0.00390625
11 0.50537109375 0.240234375 0.00439453125 0.00390625
11 0.50537109375 0.78076171875 0.00439453125 0.00390625
15 0.5048828125 0.87939453125 0.00439453125 0.00634765625
8 0.50537109375 0.0498046875 0.00341796875 0.009765625
8 0.50537109375 0.2470703125 0.00341796875 0.009765625
9 0.5087890625 0.77392578125 0.00390625 0.009765625
11 0.51904296875 0.04345703125 0.00439453125 0.00390625
11 0.51904296875 0.1201171875 0.00439453125 0.00390625
11 0.51904296875 0.1640625 0.00439453125 0.00390625
11 0.51904296875 0.16748046875 0.00439453125 0.00390625
11 0.51904296875 0.2373046875 0.00439453125 0.00390625
11 0.51904296875 0.240234375 0.00439453125 0.00390625
12 0.51904296875 0.3642578125 0.0048828125 0.00390625
12 0.51904296875 0.37646484375 0.0048828125 0.00390625
11 0.51904296875 0.78076171875 0.00439453125 0.00390625
19 0.51904296875 0.8779296875 0.00439453125 0.001953125
8 0.50537109375 0.12646484375 0.00341796875 0.01025390625
9 0.5087890625 0.15869140625 0.00390625 0.009765625
8 0.50537109375 0.173828125 0.00341796875 0.01025390625
9 0.5087890625 0.23193359375 0.00390625 0.009765625
11 0.3837890625 0.2490234375 0.00439453125 0.00390625
11 0.3837890625 0.3642578125 0.00439453125 0.00390625
11 0.3876953125 0.3642578125 0.00439453125 0.00390625
11 0.3837890625 0.37646484375 0.00439453125 0.00390625
11 0.3837890625 0.763671875 0.00439453125 0.00390625
15 0.3837890625 0.80810546875 0.00439453125 0.00634765625
15 0.3837890625 0.84716796875 0.00439453125 0.00634765625
15 0.3837890625 0.87939453125 0.00439453125 0.00634765625
11 0.3837890625 0.240234375 0.00439453125 0.00390625
9 0.3740234375 0.2353515625 0.00390625 0.009765625
8 0.3701171875 0.25439453125 0.00341796875 0.009765625
8 0.3701171875 0.7705078125 0.00341796875 0.009765625
11 0.3837890625 0.04345703125 0.00439453125 0.00390625
11 0.3837890625 0.12353515625 0.00439453125 0.00390625
11 0.3837890625 0.16748046875 0.00439453125 0.00390625
11 0.3837890625 0.17578125 0.00439453125 0.00390625
12 0.35205078125 0.37646484375 0.0048828125 0.00390625
11 0.3515625 0.0419921875 0.00439453125 0.00390625
11 0.3515625 0.12353515625 0.00439453125 0.00390625
11 0.3515625 0.16552734375 0.00439453125 0.00390625
11 0.3515625 0.17431640625 0.00439453125 0.00390625
11 0.3515625 0.23876953125 0.00439453125 0.00390625
11 0.3515625 0.2470703125 0.00439453125 0.00390625
12 0.35205078125 0.3642578125 0.0048828125 0.00390625
12 0.35595703125 0.3642578125 0.0048828125 0.00390625
11 0.3515625 0.76708984375 0.00439453125 0.00390625
8 0.3701171875 0.1298828125 0.00341796875 0.01025390625
11 0.3701171875 0.17578125 0.00439453125 0.00390625
11 0.3701171875 0.240234375 0.00439453125 0.00390625
11 0.3701171875 0.2490234375 0.00439453125 0.00390625
11 0.3701171875 0.763671875 0.00439453125 0.00390625
8 0.3701171875 0.0498046875 0.00341796875 0.009765625
11 0.3701171875 0.16748046875 0.00439453125 0.00390625
9 0.3740234375 0.1611328125 0.00390625 0.009765625
8 0.3701171875 0.18115234375 0.00341796875 0.009765625
11 0.3701171875 0.04345703125 0.00439453125 0.00390625
11 0.3701171875 0.12353515625 0.00439453125 0.00390625
21 0.3984375 0.04248046875 0.00341796875 0.01025390625
21 0.3984375 0.12744140625 0.00341796875 0.01025390625
21 0.3984375 0.15966796875 0.00341796875 0.01025390625
21 0.3984375 0.17333984375 0.00341796875 0.01025390625
21 0.3984375 0.23779296875 0.00341796875 0.01025390625
21 0.3984375 0.25146484375 0.00341796875 0.01025390625
21 0.3984375 0.3671875 0.00341796875 0.01025390625
21 0.3984375 0.380859375 0.00341796875 0.01025390625
21 0.3984375 0.76806640625 0.00341796875 0.01025390625
12 0.392578125 0.802734375 0.0048828125 0.00390625
12 0.392578125 0.83984375 0.0048828125 0.00390625
12 0.392578125 0.87744140625 0.0048828125 0.00390625
19 0.4111328125 0.04248046875 0.00439453125 0.001953125
19 0.4111328125 0.12744140625 0.00439453125 0.001953125
19 0.4111328125 0.15966796875 0.00439453125 0.001953125
19 0.4111328125 0.23779296875 0.00439453125 0.001953125
19 0.4111328125 0.36669921875 0.00439453125 0.001953125
19 0.4111328125 0.767578125 0.00439453125 0.001953125