11 0.6357421875 0.203125 0.00830078125 0.0068359375
11 0.6357421875 0.119140625 0.00830078125 0.0068359375
11 0.6767578125 0.35693359375 0.00830078125 0.00732421875
11 0.6357421875 0.3076171875 0.00830078125 0.0068359375
11 0.6767578125 0.298828125 0.00830078125 0.0068359375
11 0.6767578125 0.2177734375 0.00830078125 0.0068359375
11 0.62109375 0.3017578125 0.00830078125 0.0068359375
11 0.62109375 0.35986328125 0.00830078125 0.0068359375
11 0.62109375 0.35400390625 0.00830078125 0.0068359375
11 0.62109375 0.208984375 0.00830078125 0.0068359375
11 0.6630859375 0.1279296875 0.00830078125 0.00732421875
11 0.6630859375 0.2119140625 0.00830078125 0.00732421875
11 0.6630859375 0.3046875 0.00830078125 0.00732421875
11 0.6494140625 0.35693359375 0.00830078125 0.00732421875
11 0.6767578125 0.1337890625 0.00830078125 0.0068359375
12 0.64990234375 0.0712890625 0.0087890625 0.0068359375
11 0.6494140625 0.1220703125 0.00830078125 0.0068359375
11 0.6494140625 0.2060546875 0.00830078125 0.0068359375
11 0.6494140625 0.310546875 0.00830078125 0.00732421875
11 0.6494140625 0.36279296875 0.00830078125 0.0068359375
11 0.57177734375 0.36279296875 0.00830078125 0.0068359375
11 0.59326171875 0.0654296875 0.00830078125 0.00732421875
11 0.59326171875 0.11328125 0.00830078125 0.00732421875
11 0.57177734375 0.2900390625 0.00830078125 0.00732421875
11 0.59326171875 0.19677734375 0.00830078125 0.0068359375
11 0.59326171875 0.310546875 0.00830078125 0.00732421875
11 0.59326171875 0.36279296875 0.00830078125 0.0068359375
11 0.59326171875 0.35693359375 0.00830078125 0.00732421875
11 0.55810546875 0.119140625 0.00830078125 0.0068359375
11 0.55810546875 0.2958984375 0.00830078125 0.0068359375
11 0.55810546875 0.35693359375 0.00830078125 0.00732421875
11 0.60693359375 0.1220703125 0.00830078125 0.0068359375
11 0.60693359375 0.2060546875 0.00830078125 0.0068359375
11 0.60693359375 0.3046875 0.00830078125 0.00732421875
11 0.62109375 0.068359375 0.00830078125 0.0068359375
11 0.62109375 0.125 0.00830078125 0.0068359375
11 0.79296875 0.3017578125 0.0078125 0.0068359375
11 0.78076171875 0.2958984375 0.00830078125 0.0068359375
11 0.79296875 0.375 0.0078125 0.0068359375
11 0.80712890625 0.3076171875 0.00830078125 0.0068359375
11 0.80712890625 0.36865234375 0.00830078125 0.0068359375
11 0.75439453125 0.28076171875 0.0078125 0.0068359375
11 0.76806640625 0.28662109375 0.00830078125 0.0068359375
11 0.76806640625 0.36865234375 0.00830078125 0.0068359375
11 0.76806640625 0.35986328125 0.00830078125 0.0068359375
11 0.71240234375 0.1337890625 0.00830078125 0.0068359375
11 0.71240234375 0.0712890625 0.00830078125 0.0068359375
11 0.71240234375 0.2177734375 0.00830078125 0.0068359375
11 0.71240234375 0.2841796875 0.00830078125 0.0068359375
11 0.71240234375 0.36279296875 0.00830078125 0.0068359375
11 0.71240234375 0.35693359375 0.00830078125 0.00732421875
11 0.69189453125 0.1279296875 0.00830078125 0.00732421875
11 0.69189453125 0.2119140625 0.00830078125 0.00732421875
11 0.69189453125 0.2900390625 0.00830078125 0.00732421875
11 0.69189453125 0.35107421875 0.00830078125 0.00732421875
12 0.7421875 0.13134765625 0.0087890625 0.0068359375
11 0.72802734375 0.27783203125 0.00830078125 0.0068359375
12 0.7421875 0.068359375 0.0087890625 0.0068359375
12 0.7421875 0.22412109375 0.0087890625 0.0068359375
11 0.7421875 0.27490234375 0.00830078125 0.00732421875
11 0.7421875 0.36865234375 0.00830078125 0.0068359375
11 0.7421875 0.35986328125 0.00830078125 0.0068359375
11 0.3251953125 0.26904296875 0.00830078125 0.00732421875
11 0.3251953125 0.34814453125 0.00830078125 0.0068359375
11 0.34375 0.0654296875 0.00830078125 0.00732421875
11 0.34375 0.14892578125 0.00830078125 0.00732421875
11 0.34375 0.22705078125 0.00830078125 0.00732421875
11 0.34375 0.31396484375 0.00830078125 0.0068359375
11 0.34375 0.3662109375 0.00830078125 0.0068359375
11 0.34375 0.35693359375 0.00830078125 0.00732421875
11 0.2783203125 0.2900390625 0.00830078125 0.00732421875
11 0.2783203125 0.36865234375 0.00830078125 0.0068359375
11 0.2783203125 0.36279296875 0.00830078125 0.0068359375
11 0.2939453125 0.2841796875 0.00830078125 0.0068359375
11 0.3095703125 0.27490234375 0.00830078125 0.00732421875
11 0.3095703125 0.35693359375 0.00830078125 0.00732421875
11 0.35791015625 0.05908203125 0.00830078125 0.0068359375
11 0.35791015625 0.158203125 0.00830078125 0.0068359375
11 0.35791015625 0.3046875 0.00830078125 0.00732421875
11 0.54248046875 0.3046875 0.00830078125 0.00732421875
10 0.19384765625 0.29150390625 0.0166015625 0.0458984375
1 0.193359375 0.35791015625 0.017578125 0.02099609375
11 0.21875 0.05908203125 0.00830078125 0.0068359375
11 0.21875 0.158203125 0.00830078125 0.0068359375
11 0.21875 0.22119140625 0.00830078125 0.0068359375
11 0.21875 0.31396484375 0.00830078125 0.0068359375
11 0.21875 0.3720703125 0.00830078125 0.00732421875
11 0.21875 0.3662109375 0.00830078125 0.0068359375
0 0.17529296875 0.32666015625 0.00634765625 0.091796875
10 0.19384765625 0.0576171875 0.0166015625 0.0458984375
10 0.19384765625 0.1357421875 0.0166015625 0.0458984375
1 0.193359375 0.212890625 0.017578125 0.02099609375
11 0.263671875 0.2958984375 0.00830078125 0.0068359375
11 0.234375 0.3076171875 0.00830078125 0.0068359375
12 0.24853515625 0.06201171875 0.0087890625 0.0068359375
12 0.24853515625 0.15478515625 0.0087890625 0.0068359375
12 0.24853515625 0.22412109375 0.0087890625 0.0068359375
11 0.24853515625 0.3046875 0.00830078125 0.00732421875
11 0.24853515625 0.36865234375 0.00830078125 0.0068359375
11 0.24853515625 0.36279296875 0.00830078125 0.0068359375
11 0.48388671875 0.3046875 0.00830078125 0.00732421875
11 0.48388671875 0.14013671875 0.00830078125 0.0068359375
11 0.498046875 0.06201171875 0.00830078125 0.0068359375
11 0.498046875 0.15185546875 0.00830078125 0.0068359375
11 0.498046875 0.2958984375 0.00830078125 0.0068359375
11 0.498046875 0.36865234375 0.00830078125 0.0068359375
12 0.52734375 0.05615234375 0.0087890625 0.0068359375
11 0.52685546875 0.1337890625 0.00830078125 0.0068359375
11 0.52685546875 0.310546875 0.00830078125 0.00732421875
11 0.52685546875 0.36865234375 0.00830078125 0.0068359375
11 0.52685546875 0.36279296875 0.00830078125 0.0068359375
11 0.54248046875 0.1279296875 0.00830078125 0.00732421875
11 0.498046875 0.36279296875 0.00830078125 0.0068359375
11 0.51318359375 0.14013671875 0.00830078125 0.0068359375
11 0.51318359375 0.2900390625 0.00830078125 0.00732421875
11 0.4033203125 0.35693359375 0.0078125 0.00732421875
11 0.38818359375 0.29296875 0.00830078125 0.0068359375
11 0.4033203125 0.2841796875 0.0078125 0.0068359375
11 0.4033203125 0.3662109375 0.0078125 0.0068359375
11 0.4189453125 0.27783203125 0.00830078125 0.0068359375
12 0.373046875 0.0654296875 0.0087890625 0.0068359375
12 0.373046875 0.14892578125 0.0087890625 0.00732421875
12 0.373046875 0.22119140625 0.0087890625 0.0068359375
11 0.37255859375 0.298828125 0.00830078125 0.0068359375
11 0.37255859375 0.3662109375 0.00830078125 0.0068359375
11 0.37255859375 0.35693359375 0.00830078125 0.00732421875
11 0.44970703125 0.26318359375 0.00830078125 0.0068359375
11 0.44970703125 0.35107421875 0.00830078125 0.00732421875
11 0.46826171875 0.0712890625 0.00830078125 0.0068359375
11 0.46826171875 0.14892578125 0.00830078125 0.00732421875
13 0.4697265625 0.2177734375 0.01123046875 0.00732421875
11 0.46826171875 0.310546875 0.00830078125 0.00732421875
11 0.46826171875 0.36865234375 0.00830078125 0.0068359375
11 0.46826171875 0.36279296875 0.00830078125 0.0068359375
11 0.43408203125 0.27197265625 0.00830078125 0.0068359375
11 0.43408203125 0.35693359375 0.00830078125 0.00732421875
12 0.6162109375 0.73046875 0.0087890625 0.0068359375
11 0.6005859375 0.83837890625 0.00830078125 0.0068359375
12 0.6162109375 0.58984375 0.0087890625 0.0068359375
12 0.6162109375 0.6767578125 0.0087890625 0.0068359375
11 0.61572265625 0.83251953125 0.00830078125 0.0068359375
11 0.61572265625 0.896484375 0.00830078125 0.00732421875
11 0.61572265625 0.890625 0.00830078125 0.0068359375
11 0.6748046875 0.802734375 0.0078125 0.0068359375
11 0.6748046875 0.890625 0.0078125 0.0068359375
11 0.68798828125 0.79638671875 0.00830078125 0.0068359375
11 0.68798828125 0.896484375 0.00830078125 0.00732421875
11 0.64453125 0.8173828125 0.00830078125 0.0068359375
11 0.64453125 0.890625 0.00830078125 0.0068359375
11 0.64453125 0.884765625 0.00830078125 0.0068359375
11 0.63037109375 0.8232421875 0.00830078125 0.0068359375
11 0.65966796875 0.8115234375 0.00830078125 0.0068359375
11 0.5654296875 0.8232421875 0.00830078125 0.0068359375
11 0.5654296875 0.884765625 0.00830078125 0.0068359375
11 0.5087890625 0.8173828125 0.00830078125 0.0068359375
11 0.58544921875 0.5986328125 0.00830078125 0.0068359375
11 0.53564453125 0.83837890625 0.00830078125 0.0068359375
11 0.58544921875 0.6826171875 0.00830078125 0.0068359375
11 0.5205078125 0.890625 0.00830078125 0.0068359375
11 0.55029296875 0.83251953125 0.00830078125 0.0068359375
11 0.5205078125 0.896484375 0.00830078125 0.00732421875
11 0.55029296875 0.890625 0.00830078125 0.0068359375
11 0.5205078125 0.84423828125 0.00830078125 0.0068359375
11 0.58544921875 0.73974609375 0.00830078125 0.0068359375
11 0.58544921875 0.84423828125 0.00830078125 0.0068359375
11 0.58544921875 0.896484375 0.00830078125 0.00732421875
11 0.58544921875 0.890625 0.00830078125 0.0068359375
11 0.78076171875 0.8115234375 0.00830078125 0.0068359375
11 0.79541015625 0.802734375 0.00830078125 0.0068359375
11 0.79541015625 0.890625 0.00830078125 0.0068359375
11 0.810546875 0.79638671875 0.00830078125 0.0068359375
11 0.810546875 0.884765625 0.00830078125 0.0068359375
11 0.75146484375 0.8232421875 0.00830078125 0.0068359375
11 0.765625 0.8173828125 0.00830078125 0.0068359375
11 0.765625 0.896484375 0.00830078125 0.00732421875
11 0.765625 0.890625 0.00830078125 0.0068359375
11 0.70751953125 0.890625 0.00830078125 0.0068359375
11 0.70751953125 0.5986328125 0.00830078125 0.0068359375
11 0.70751953125 0.6826171875 0.00830078125 0.0068359375
11 0.70751953125 0.73974609375 0.00830078125 0.0068359375
11 0.70751953125 0.84423828125 0.00830078125 0.0068359375
11 0.70751953125 0.896484375 0.00830078125 0.00732421875
12 0.73681640625 0.58984375 0.0087890625 0.0068359375
12 0.73681640625 0.6767578125 0.0087890625 0.0068359375
12 0.73681640625 0.73046875 0.0087890625 0.0068359375
11 0.736328125 0.83251953125 0.00830078125 0.0068359375
11 0.736328125 0.896484375 0.00830078125 0.00732421875
11 0.736328125 0.890625 0.00830078125 0.0068359375
11 0.7216796875 0.595703125 0.00830078125 0.00732421875
11 0.7216796875 0.736328125 0.00830078125 0.00732421875
11 0.7216796875 0.83837890625 0.00830078125 0.0068359375
11 0.30712890625 0.896484375 0.00830078125 0.00732421875
11 0.2919921875 0.80859375 0.00830078125 0.0068359375
11 0.30712890625 0.79931640625 0.00830078125 0.00732421875
11 0.30712890625 0.88720703125 0.00830078125 0.0068359375
11 0.322265625 0.79345703125 0.00830078125 0.0068359375
11 0.26318359375 0.8203125 0.00830078125 0.00732421875
11 0.27734375 0.814453125 0.00830078125 0.0068359375
11 0.27734375 0.90234375 0.00830078125 0.00732421875
11 0.27734375 0.896484375 0.00830078125 0.00732421875
11 0.34130859375 0.595703125 0.00830078125 0.00732421875
12 0.341796875 0.6826171875 0.0087890625 0.0068359375
11 0.34130859375 0.736328125 0.00830078125 0.00732421875
11 0.34130859375 0.84423828125 0.00830078125 0.0068359375
11 0.34130859375 0.90234375 0.00830078125 0.00732421875
11 0.34130859375 0.896484375 0.00830078125 0.00732421875
1 0.193359375 0.74658203125 0.017578125 0.02099609375
10 0.19384765625 0.8251953125 0.0166015625 0.0458984375
1 0.193359375 0.8916015625 0.017578125 0.02099609375
11 0.21875 0.61083984375 0.00830078125 0.00732421875
11 0.21875 0.66796875 0.00830078125 0.0068359375
11 0.21875 0.75146484375 0.00830078125 0.0068359375
11 0.21875 0.84423828125 0.00830078125 0.0068359375
11 0.21875 0.896484375 0.00830078125 0.00732421875
11 0.21875 0.890625 0.00830078125 0.0068359375
0 0.17529296875 0.85986328125 0.00634765625 0.091796875
10 0.19384765625 0.59130859375 0.0166015625 0.0458984375
10 0.19384765625 0.66943359375 0.0166015625 0.0458984375
12 0.24853515625 0.6015625 0.0087890625 0.0068359375
12 0.24853515625 0.66455078125 0.0087890625 0.0068359375
12 0.24853515625 0.75732421875 0.0087890625 0.00732421875
11 0.248046875 0.82958984375 0.00830078125 0.0068359375
11 0.248046875 0.908203125 0.00830078125 0.0068359375
11 0.248046875 0.90234375 0.00830078125 0.00732421875
11 0.23388671875 0.60498046875 0.00830078125 0.0068359375
11 0.23388671875 0.83837890625 0.00830078125 0.0068359375
11 0.4638671875 0.685546875 0.00830078125 0.0068359375
11 0.4638671875 0.74267578125 0.00830078125 0.0068359375
11 0.4638671875 0.84130859375 0.00830078125 0.0068359375
11 0.4638671875 0.8994140625 0.00830078125 0.0068359375
11 0.4638671875 0.8935546875 0.00830078125 0.0068359375
11 0.4638671875 0.6015625 0.00830078125 0.0068359375
11 0.443359375 0.826171875 0.00830078125 0.0068359375
11 0.443359375 0.884765625 0.00830078125 0.0068359375
12 0.49365234375 0.60498046875 0.0087890625 0.0068359375
12 0.49365234375 0.6884765625 0.0087890625 0.0068359375
12 0.49365234375 0.74560546875 0.0087890625 0.0068359375
11 0.49365234375 0.8232421875 0.00830078125 0.0068359375
11 0.49365234375 0.896484375 0.00830078125 0.00732421875
11 0.49365234375 0.890625 0.00830078125 0.0068359375
11 0.478515625 0.83251953125 0.00830078125 0.0068359375
11 0.38623046875 0.8232421875 0.00830078125 0.0068359375
11 0.3984375 0.5986328125 0.00830078125 0.0068359375
12 0.39892578125 0.685546875 0.0087890625 0.0068359375
11 0.3984375 0.84716796875 0.00830078125 0.0068359375
11 0.3984375 0.8994140625 0.00830078125 0.0068359375
11 0.3984375 0.8935546875 0.00830078125 0.0068359375
11 0.37158203125 0.82958984375 0.00830078125 0.0068359375
11 0.3564453125 0.83837890625 0.00830078125 0.0068359375
11 0.37158203125 0.58984375 0.00830078125 0.0068359375
11 0.37158203125 0.73046875 0.00830078125 0.0068359375
11 0.3984375 0.73974609375 0.00830078125 0.0068359375
11 0.37158203125 0.90234375 0.00830078125 0.00732421875
11 0.37158203125 0.896484375 0.00830078125 0.00732421875
11 0.41357421875 0.84130859375 0.00830078125 0.0068359375
11 0.42822265625 0.5927734375 0.00830078125 0.0068359375
11 0.42822265625 0.7333984375 0.00830078125 0.0068359375
11 0.42822265625 0.83251953125 0.00830078125 0.0068359375
11 0.42822265625 0.8935546875 0.00830078125 0.0068359375