11 0.65869140625 0.09716796875 0.00830078125 0.00732421875
11 0.5595703125 0.17431640625 0.0078125 0.0068359375
11 0.60009765625 0.16552734375 0.00830078125 0.0068359375
11 0.60009765625 0.11767578125 0.00830078125 0.0068359375
11 0.65869140625 0.09130859375 0.00830078125 0.0068359375
11 0.65869140625 0.076171875 0.00830078125 0.00732421875
11 0.65869140625 0.1953125 0.00830078125 0.0068359375
11 0.65869140625 0.1806640625 0.00830078125 0.0068359375
11 0.65869140625 0.17431640625 0.00830078125 0.0068359375
9 0.66552734375 0.06689453125 0.0068359375 0.017578125
11 0.5595703125 0.16259765625 0.0078125 0.0068359375
11 0.796875 0.12109375 0.00830078125 0.0068359375
11 0.796875 0.10009765625 0.00830078125 0.0068359375
11 0.69921875 0.09716796875 0.00830078125 0.00732421875
11 0.69921875 0.09130859375 0.00830078125 0.0068359375
11 0.69921875 0.076171875 0.00830078125 0.00732421875
11 0.69921875 0.189453125 0.00830078125 0.0068359375
11 0.69921875 0.1806640625 0.00830078125 0.0068359375
11 0.69921875 0.16845703125 0.00830078125 0.0068359375
11 0.7734375 0.1240234375 0.00830078125 0.0068359375
11 0.7734375 0.10302734375 0.00830078125 0.0068359375
11 0.7734375 0.1806640625 0.00830078125 0.0068359375
11 0.7734375 0.16552734375 0.00830078125 0.0068359375
9 0.77978515625 0.15478515625 0.0068359375 0.017578125
11 0.345703125 0.12109375 0.00830078125 0.0068359375
11 0.345703125 0.10009765625 0.00830078125 0.0068359375
11 0.38623046875 0.09716796875 0.00830078125 0.00732421875
11 0.38623046875 0.09130859375 0.00830078125 0.0068359375
11 0.38623046875 0.076171875 0.00830078125 0.00732421875
11 0.38623046875 0.1865234375 0.00830078125 0.00732421875
11 0.38623046875 0.1806640625 0.00830078125 0.0068359375
11 0.38623046875 0.16552734375 0.00830078125 0.0068359375
11 0.5595703125 0.1865234375 0.0078125 0.00732421875
0 0.22607421875 0.13720703125 0.005859375 0.08642578125
11 0.3056640625 0.11767578125 0.00830078125 0.0068359375
11 0.3056640625 0.11181640625 0.00830078125 0.00732421875
11 0.3056640625 0.09716796875 0.00830078125 0.00732421875
10 0.244140625 0.1044921875 0.0166015625 0.0458984375
11 0.3056640625 0.1865234375 0.00830078125 0.00732421875
11 0.3056640625 0.17431640625 0.00830078125 0.0068359375
11 0.3056640625 0.15966796875 0.00830078125 0.0068359375
1 0.24365234375 0.16650390625 0.017578125 0.02099609375
11 0.50048828125 0.1298828125 0.00830078125 0.0068359375
11 0.50048828125 0.11767578125 0.00830078125 0.0068359375
11 0.50048828125 0.10888671875 0.00830078125 0.0068359375
11 0.50048828125 0.1865234375 0.00830078125 0.00732421875
11 0.50048828125 0.17431640625 0.00830078125 0.0068359375
9 0.5068359375 0.16259765625 0.0068359375 0.017578125
11 0.5244140625 0.1328125 0.00830078125 0.00732421875
11 0.5244140625 0.11181640625 0.00830078125 0.00732421875
11 0.5595703125 0.1328125 0.0078125 0.00732421875
11 0.5595703125 0.11474609375 0.0078125 0.0068359375
11 0.42626953125 0.076171875 0.00830078125 0.00732421875
9 0.392578125 0.15478515625 0.0068359375 0.017578125
11 0.42626953125 0.09716796875 0.00830078125 0.00732421875
11 0.42626953125 0.09130859375 0.00830078125 0.0068359375
11 0.42626953125 0.189453125 0.00830078125 0.0068359375
11 0.42626953125 0.1806640625 0.00830078125 0.0068359375
11 0.42626953125 0.16845703125 0.00830078125 0.0068359375
11 0.62841796875 0.28076171875 0.00830078125 0.00732421875
8 0.6279296875 0.28955078125 0.00634765625 0.01806640625
11 0.62841796875 0.32275390625 0.00830078125 0.00732421875
11 0.62841796875 0.34375 0.00830078125 0.00732421875
11 0.62841796875 0.265625 0.00830078125 0.00732421875
11 0.62841796875 0.271484375 0.00830078125 0.0068359375
9 0.634765625 0.310546875 0.0068359375 0.017578125
11 0.67431640625 0.28369140625 0.00830078125 0.0068359375
11 0.67431640625 0.26904296875 0.00830078125 0.0068359375
11 0.67431640625 0.33447265625 0.00830078125 0.0068359375
11 0.67431640625 0.32275390625 0.00830078125 0.00732421875
8 0.61328125 0.27294921875 0.00927734375 0.01611328125
11 0.57763671875 0.26904296875 0.00830078125 0.0068359375
11 0.6142578125 0.2626953125 0.005859375 0.0048828125
9 0.7685546875 0.32275390625 0.0068359375 0.017578125
11 0.7900390625 0.24169921875 0.00830078125 0.0068359375
11 0.7333984375 0.2626953125 0.00830078125 0.0068359375
11 0.76171875 0.2626953125 0.00830078125 0.0068359375
11 0.76171875 0.2568359375 0.00830078125 0.0068359375
11 0.76171875 0.33447265625 0.00830078125 0.0068359375
8 0.76123046875 0.2724609375 0.00634765625 0.017578125
11 0.2880859375 0.2509765625 0.00830078125 0.0068359375
11 0.333984375 0.22705078125 0.00830078125 0.0068359375
11 0.333984375 0.24169921875 0.00830078125 0.0068359375
11 0.333984375 0.248046875 0.00830078125 0.0068359375
11 0.333984375 0.33447265625 0.00830078125 0.0068359375
11 0.2880859375 0.271484375 0.00830078125 0.0068359375
11 0.333984375 0.32861328125 0.00830078125 0.0068359375
11 0.333984375 0.31396484375 0.00830078125 0.0068359375
10 0.19384765625 0.25537109375 0.0166015625 0.0458984375
1 0.193359375 0.31494140625 0.017578125 0.02099609375
0 0.17529296875 0.28662109375 0.005859375 0.0849609375
9 0.3408203125 0.30322265625 0.0068359375 0.017578125
11 0.24169921875 0.26904296875 0.00830078125 0.0068359375
11 0.24169921875 0.2568359375 0.00830078125 0.0068359375
11 0.24169921875 0.248046875 0.00830078125 0.0068359375
11 0.24169921875 0.32861328125 0.00830078125 0.0068359375
11 0.24169921875 0.31396484375 0.00830078125 0.0068359375
9 0.47265625 0.310546875 0.0068359375 0.017578125
11 0.49267578125 0.28369140625 0.00830078125 0.0068359375
11 0.49267578125 0.2626953125 0.00830078125 0.0068359375
11 0.533203125 0.28369140625 0.00830078125 0.0068359375
11 0.533203125 0.2568359375 0.00830078125 0.0068359375
11 0.533203125 0.32275390625 0.00830078125 0.00732421875
11 0.533203125 0.31396484375 0.00830078125 0.0068359375
11 0.533203125 0.30810546875 0.00830078125 0.00732421875
11 0.38037109375 0.32861328125 0.00830078125 0.0068359375
11 0.38037109375 0.31689453125 0.00830078125 0.0068359375
11 0.38037109375 0.337890625 0.00830078125 0.00732421875
11 0.38037109375 0.22705078125 0.00830078125 0.0068359375
11 0.38037109375 0.24169921875 0.00830078125 0.0068359375
11 0.38037109375 0.248046875 0.00830078125 0.0068359375
11 0.4658203125 0.28076171875 0.00830078125 0.00732421875
11 0.4658203125 0.26904296875 0.00830078125 0.0068359375
11 0.4658203125 0.259765625 0.00830078125 0.0068359375
11 0.4658203125 0.34375 0.00830078125 0.00732421875
11 0.4658203125 0.32275390625 0.00830078125 0.00732421875