11 0.63037109375 0.06298828125 0.00830078125 0.00732421875
11 0.64794921875 0.06298828125 0.0078125 0.00732421875
11 0.64794921875 0.146484375 0.0078125 0.0068359375
11 0.64794921875 0.140625 0.0078125 0.0068359375
11 0.60205078125 0.05712890625 0.00830078125 0.0068359375
11 0.6142578125 0.05712890625 0.00830078125 0.0068359375
11 0.6142578125 0.146484375 0.00830078125 0.0068359375
11 0.6142578125 0.140625 0.00830078125 0.0068359375
19 0.5087890625 0.2109375 0.00830078125 0.00390625
11 0.5087890625 0.0419921875 0.00830078125 0.00732421875
11 0.5087890625 0.1435546875 0.00830078125 0.00732421875
11 0.4873046875 0.1435546875 0.00830078125 0.00732421875
21 0.48583984375 0.21142578125 0.00634765625 0.01806640625
13 0.58447265625 0.3466796875 0.01123046875 0.0068359375
11 0.56005859375 0.04833984375 0.0078125 0.00732421875
11 0.5830078125 0.05126953125 0.00830078125 0.0068359375
21 0.58154296875 0.115234375 0.00634765625 0.0185546875
13 0.58447265625 0.275390625 0.01123046875 0.00732421875
13 0.58447265625 0.3525390625 0.01123046875 0.0068359375
13 0.58447265625 0.3408203125 0.01123046875 0.00732421875
13 0.58447265625 0.40576171875 0.01123046875 0.00732421875
15 0.67041015625 0.06103515625 0.0078125 0.01171875
11 0.5439453125 0.0419921875 0.00830078125 0.00732421875
11 0.52783203125 0.0361328125 0.00830078125 0.0068359375
11 0.5439453125 0.1435546875 0.00830078125 0.00732421875
11 0.80615234375 0.04833984375 0.00830078125 0.00732421875
11 0.77392578125 0.0361328125 0.00830078125 0.0068359375
11 0.7900390625 0.0419921875 0.00830078125 0.00732421875
11 0.7900390625 0.1435546875 0.00830078125 0.00732421875
22 0.6376953125 0.2080078125 0.00830078125 0.00390625
13 0.71337890625 0.349609375 0.01123046875 0.00732421875
13 0.71337890625 0.34375 0.01123046875 0.00732421875
13 0.71337890625 0.337890625 0.01123046875 0.0068359375
13 0.71337890625 0.3935546875 0.01123046875 0.0068359375
13 0.71337890625 0.26318359375 0.01123046875 0.00732421875
11 0.67041015625 0.146484375 0.00830078125 0.0068359375
11 0.67041015625 0.140625 0.00830078125 0.0068359375
11 0.68798828125 0.05419921875 0.00830078125 0.0068359375
8 0.6875 0.06591796875 0.00634765625 0.01806640625
12 0.7119140625 0.04248046875 0.0087890625 0.0068359375
21 0.7109375 0.115234375 0.00634765625 0.0185546875
11 0.732421875 0.1435546875 0.00830078125 0.00732421875
11 0.7548828125 0.0419921875 0.00830078125 0.00732421875
11 0.7548828125 0.1435546875 0.00830078125 0.00732421875
11 0.2587890625 0.1376953125 0.00830078125 0.0068359375
11 0.2587890625 0.1494140625 0.00830078125 0.0068359375
11 0.2587890625 0.19775390625 0.00830078125 0.0068359375
11 0.2587890625 0.287109375 0.00830078125 0.0068359375
11 0.2587890625 0.36474609375 0.00830078125 0.00732421875
11 0.2587890625 0.349609375 0.00830078125 0.00732421875
11 0.2587890625 0.40576171875 0.00830078125 0.0068359375
11 0.2841796875 0.146484375 0.00830078125 0.0068359375
12 0.27197265625 0.19775390625 0.0087890625 0.0068359375
12 0.27197265625 0.1376953125 0.0087890625 0.0068359375
11 0.271484375 0.1494140625 0.00830078125 0.0068359375
11 0.271484375 0.287109375 0.00830078125 0.0068359375
12 0.27197265625 0.36474609375 0.0087890625 0.0068359375
12 0.27197265625 0.349609375 0.0087890625 0.0068359375
12 0.27197265625 0.39990234375 0.0087890625 0.0068359375
10 0.19384765625 0.05859375 0.0166015625 0.0458984375
10 0.19384765625 0.12744140625 0.0166015625 0.0458984375
1 0.193359375 0.2109375 0.017578125 0.02099609375
1 0.193359375 0.279296875 0.017578125 0.02099609375
10 0.19384765625 0.34814453125 0.0166015625 0.0458984375
1 0.193359375 0.40966796875 0.017578125 0.02099609375
0 0.17529296875 0.380859375 0.005859375 0.0859375
22 0.32080078125 0.05615234375 0.00830078125 0.00390625
22 0.75244140625 0.2080078125 0.00830078125 0.00390625
11 0.23828125 0.361328125 0.00830078125 0.0068359375
11 0.23828125 0.140625 0.00830078125 0.0068359375
11 0.23828125 0.146484375 0.00830078125 0.0068359375
11 0.23828125 0.19482421875 0.00830078125 0.0068359375
11 0.23828125 0.2841796875 0.00830078125 0.00732421875
11 0.23828125 0.3466796875 0.00830078125 0.0068359375
11 0.23828125 0.4384765625 0.00830078125 0.0068359375
11 0.23828125 0.41748046875 0.00830078125 0.00732421875
11 0.41455078125 0.26611328125 0.00830078125 0.0068359375
11 0.40185546875 0.26904296875 0.00830078125 0.00732421875
12 0.466796875 0.04248046875 0.0087890625 0.0068359375
21 0.46533203125 0.115234375 0.00634765625 0.0185546875
21 0.46533203125 0.21142578125 0.00634765625 0.01806640625
11 0.3876953125 0.27490234375 0.00830078125 0.0068359375
13 0.4677734375 0.3935546875 0.01123046875 0.0068359375
13 0.4677734375 0.26318359375 0.01123046875 0.00732421875
13 0.4677734375 0.349609375 0.01123046875 0.00732421875
13 0.4677734375 0.34375 0.01123046875 0.00732421875
13 0.4677734375 0.337890625 0.01123046875 0.0068359375
11 0.33740234375 0.12890625 0.00830078125 0.00732421875
15 0.35009765625 0.1533203125 0.0078125 0.01171875
11 0.35009765625 0.2841796875 0.00830078125 0.00732421875
11 0.296875 0.1435546875 0.00830078125 0.00732421875
11 0.31103515625 0.1376953125 0.00830078125 0.0068359375
11 0.3251953125 0.1318359375 0.00830078125 0.0068359375
15 0.32470703125 0.28173828125 0.0078125 0.01171875
21 0.37451171875 0.115234375 0.00634765625 0.0185546875
21 0.37451171875 0.13916015625 0.00634765625 0.0185546875
21 0.37451171875 0.21142578125 0.00634765625 0.01806640625
21 0.37451171875 0.34814453125 0.00634765625 0.0185546875
21 0.37451171875 0.3984375 0.00634765625 0.01806640625
11 0.37548828125 0.2783203125 0.00830078125 0.0068359375
11 0.36279296875 0.28125 0.00830078125 0.0068359375
5 0.6435546875 0.85546875 0.0068359375 0.02099609375
21 0.65087890625 0.58056640625 0.00634765625 0.0185546875
11 0.65234375 0.8603515625 0.00830078125 0.0068359375
11 0.70703125 0.9306640625 0.00830078125 0.0068359375
11 0.61474609375 0.91845703125 0.00830078125 0.00732421875
11 0.55322265625 0.84521484375 0.0078125 0.0068359375
11 0.63671875 0.8662109375 0.00830078125 0.0068359375
11 0.62939453125 0.90673828125 0.00830078125 0.0068359375
15 0.70703125 0.5830078125 0.0078125 0.01171875
11 0.70703125 0.6337890625 0.00830078125 0.0068359375
9 0.685546875 0.77978515625 0.0068359375 0.017578125
9 0.685546875 0.91552734375 0.0068359375 0.017578125
11 0.69384765625 0.8603515625 0.00830078125 0.0068359375
11 0.6787109375 0.8662109375 0.00830078125 0.0068359375
11 0.6669921875 0.84521484375 0.0078125 0.0068359375
15 0.70703125 0.85791015625 0.0078125 0.01171875
11 0.70703125 0.794921875 0.00830078125 0.0068359375
11 0.6787109375 0.61865234375 0.00830078125 0.0068359375
11 0.6787109375 0.79150390625 0.00830078125 0.00732421875
11 0.6787109375 0.927734375 0.00830078125 0.0068359375
8 0.67822265625 0.642578125 0.00634765625 0.017578125
11 0.70703125 0.72607421875 0.00830078125 0.00732421875
9 0.57177734375 0.91552734375 0.0068359375 0.017578125
11 0.580078125 0.8603515625 0.00830078125 0.0068359375
21 0.5986328125 0.58056640625 0.00634765625 0.0185546875
11 0.599609375 0.62158203125 0.00830078125 0.0068359375
12 0.60009765625 0.71435546875 0.0087890625 0.0068359375
11 0.599609375 0.79150390625 0.00830078125 0.00732421875
15 0.599609375 0.85791015625 0.0078125 0.01171875
11 0.599609375 0.927734375 0.00830078125 0.0068359375
11 0.5654296875 0.6279296875 0.00830078125 0.0068359375
11 0.5654296875 0.79150390625 0.00830078125 0.00732421875
11 0.5654296875 0.8662109375 0.00830078125 0.0068359375
11 0.5654296875 0.927734375 0.00830078125 0.0068359375
9 0.57177734375 0.77978515625 0.0068359375 0.017578125
11 0.81005859375 0.6396484375 0.00830078125 0.0068359375
11 0.81005859375 0.8603515625 0.00830078125 0.0068359375
9 0.802734375 0.78271484375 0.0068359375 0.017578125
11 0.7958984375 0.63671875 0.00830078125 0.0068359375
11 0.7958984375 0.794921875 0.00830078125 0.0068359375
11 0.7958984375 0.8662109375 0.00830078125 0.0068359375
11 0.7958984375 0.9306640625 0.00830078125 0.0068359375
9 0.802734375 0.91845703125 0.0068359375 0.017578125
22 0.47509765625 0.57763671875 0.00830078125 0.00390625
11 0.72216796875 0.91845703125 0.00830078125 0.00732421875
11 0.7353515625 0.5791015625 0.00830078125 0.0068359375
11 0.7353515625 0.91552734375 0.00830078125 0.0068359375
11 0.76953125 0.5703125 0.00830078125 0.0068359375
11 0.76953125 0.71142578125 0.00830078125 0.00732421875
11 0.76953125 0.8603515625 0.00830078125 0.0068359375
11 0.7841796875 0.84521484375 0.00830078125 0.0068359375
11 0.7470703125 0.576171875 0.00830078125 0.0068359375
11 0.75244140625 0.8662109375 0.00830078125 0.0068359375
5 0.7587890625 0.85546875 0.00732421875 0.02099609375
11 0.7578125 0.5732421875 0.00830078125 0.00732421875
15 0.32666015625 0.5830078125 0.0078125 0.01171875
11 0.3271484375 0.6455078125 0.00830078125 0.00732421875
11 0.3271484375 0.7080078125 0.00830078125 0.0068359375
15 0.345703125 0.5830078125 0.0078125 0.01171875
11 0.345703125 0.642578125 0.00830078125 0.0068359375
11 0.251953125 0.5791015625 0.00830078125 0.0068359375
11 0.26513671875 0.5791015625 0.00830078125 0.0068359375
11 0.28271484375 0.5849609375 0.00830078125 0.0068359375
11 0.3017578125 0.5849609375 0.00830078125 0.0068359375
11 0.3740234375 0.6396484375 0.00830078125 0.0068359375
12 0.37451171875 0.71142578125 0.0087890625 0.0068359375
11 0.3740234375 0.78857421875 0.00830078125 0.0068359375
15 0.3740234375 0.85791015625 0.0078125 0.01171875
11 0.3740234375 0.92431640625 0.00830078125 0.0068359375
10 0.19384765625 0.58056640625 0.0166015625 0.0458984375
10 0.19384765625 0.650390625 0.0166015625 0.0458984375
1 0.193359375 0.78662109375 0.017578125 0.02099609375
10 0.19384765625 0.85595703125 0.0166015625 0.0458984375
1 0.193359375 0.9228515625 0.017578125 0.02099609375
0 0.17529296875 0.89111328125 0.00634765625 0.09228515625
13 0.23193359375 0.8603515625 0.01123046875 0.0068359375
11 0.23046875 0.5732421875 0.00830078125 0.00732421875
19 0.23095703125 0.63818359375 0.00830078125 0.00390625
19 0.23095703125 0.71826171875 0.00830078125 0.00390625
13 0.23193359375 0.78271484375 0.01123046875 0.00732421875
13 0.23193359375 0.8544921875 0.01123046875 0.0068359375
13 0.23193359375 0.84814453125 0.01123046875 0.0068359375
13 0.23193359375 0.91845703125 0.01123046875 0.00732421875
11 0.48046875 0.927734375 0.00830078125 0.0068359375
8 0.45263671875 0.93603515625 0.00634765625 0.017578125
11 0.46728515625 0.6396484375 0.00830078125 0.0068359375
11 0.46728515625 0.8603515625 0.00830078125 0.0068359375
11 0.48046875 0.6396484375 0.00830078125 0.0068359375
12 0.48095703125 0.71142578125 0.0087890625 0.0068359375
11 0.48046875 0.79150390625 0.00830078125 0.00732421875
15 0.48046875 0.85791015625 0.0078125 0.01171875
11 0.53857421875 0.8603515625 0.00830078125 0.0068359375
11 0.5234375 0.8662109375 0.00830078125 0.0068359375
5 0.52978515625 0.85546875 0.0068359375 0.02099609375
11 0.53857421875 0.6337890625 0.00830078125 0.0068359375
11 0.4951171875 0.91259765625 0.00830078125 0.0068359375
11 0.513671875 0.63671875 0.00830078125 0.0068359375
11 0.513671875 0.90673828125 0.00830078125 0.0068359375
11 0.40380859375 0.90380859375 0.00830078125 0.0068359375
11 0.4111328125 0.8662109375 0.00830078125 0.0068359375
5 0.41796875 0.85546875 0.00732421875 0.02099609375
11 0.42626953125 0.8603515625 0.00830078125 0.0068359375
11 0.38916015625 0.91259765625 0.00830078125 0.0068359375
11 0.453125 0.642578125 0.00830078125 0.0068359375
11 0.453125 0.78857421875 0.00830078125 0.0068359375
11 0.453125 0.8662109375 0.00830078125 0.0068359375
11 0.453125 0.92431640625 0.00830078125 0.0068359375
8 0.45263671875 0.7998046875 0.00634765625 0.01806640625
11 0.44140625 0.84521484375 0.00830078125 0.0068359375