9 0.6015625 0.04248046875 0.005859375 0.0146484375
11 0.6259765625 0.13134765625 0.0068359375 0.00634765625
11 0.6259765625 0.04736328125 0.0068359375 0.005859375
8 0.595703125 0.0654296875 0.00537109375 0.01513671875
11 0.67236328125 0.1259765625 0.0068359375 0.005859375
11 0.67236328125 0.05029296875 0.0068359375 0.00634765625
11 0.64892578125 0.13134765625 0.0068359375 0.00634765625
11 0.541015625 0.05029296875 0.0068359375 0.00634765625
8 0.51708984375 0.06787109375 0.00537109375 0.01513671875
9 0.52294921875 0.044921875 0.005859375 0.01513671875
11 0.541015625 0.05517578125 0.0068359375 0.00634765625
11 0.517578125 0.0576171875 0.0068359375 0.005859375
11 0.517578125 0.052734375 0.0068359375 0.005859375
11 0.564453125 0.052734375 0.0068359375 0.005859375
11 0.59619140625 0.05029296875 0.0068359375 0.00634765625
11 0.564453125 0.0576171875 0.0068359375 0.005859375
11 0.59619140625 0.05517578125 0.0068359375 0.00634765625
8 0.54052734375 0.0654296875 0.00537109375 0.01513671875
9 0.54638671875 0.04248046875 0.005859375 0.0146484375
11 0.79443359375 0.13134765625 0.0068359375 0.00634765625
15 0.79443359375 0.05322265625 0.00634765625 0.009765625
11 0.7724609375 0.1259765625 0.0068359375 0.005859375
11 0.71826171875 0.13134765625 0.0068359375 0.00634765625
11 0.71826171875 0.052734375 0.0068359375 0.005859375
11 0.69580078125 0.12353515625 0.0068359375 0.005859375
11 0.69580078125 0.052734375 0.0068359375 0.005859375
11 0.748046875 0.13134765625 0.0068359375 0.00634765625
11 0.748046875 0.05517578125 0.0068359375 0.00634765625
11 0.73291015625 0.05517578125 0.0068359375 0.00634765625
11 0.3251953125 0.13134765625 0.0068359375 0.00634765625
11 0.3251953125 0.04736328125 0.0068359375 0.005859375
11 0.302734375 0.12353515625 0.0068359375 0.005859375
11 0.302734375 0.044921875 0.0068359375 0.005859375
11 0.34912109375 0.04736328125 0.0068359375 0.005859375
11 0.35986328125 0.052734375 0.0068359375 0.005859375
11 0.33837890625 0.04248046875 0.0068359375 0.005859375
11 0.232421875 0.0400390625 0.0068359375 0.005859375
1 0.19140625 0.119140625 0.0146484375 0.017578125
11 0.232421875 0.13134765625 0.0068359375 0.00634765625
11 0.279296875 0.1259765625 0.0068359375 0.005859375
11 0.279296875 0.04248046875 0.0068359375 0.005859375
11 0.255859375 0.13134765625 0.0068359375 0.00634765625
9 0.46728515625 0.044921875 0.005859375 0.01513671875
13 0.462890625 0.13134765625 0.00927734375 0.00634765625
11 0.46142578125 0.0576171875 0.0068359375 0.005859375
11 0.46142578125 0.052734375 0.0068359375 0.005859375
11 0.43603515625 0.1259765625 0.0068359375 0.005859375
11 0.48583984375 0.06005859375 0.0068359375 0.005859375
11 0.48583984375 0.05517578125 0.0068359375 0.00634765625
11 0.37060546875 0.06005859375 0.0068359375 0.005859375
8 0.46142578125 0.06787109375 0.00537109375 0.01513671875
11 0.4091796875 0.11328125 0.0068359375 0.00634765625
9 0.3984375 0.06005859375 0.005859375 0.0146484375
11 0.38134765625 0.0654296875 0.0068359375 0.005859375
11 0.39306640625 0.0703125 0.0068359375 0.005859375
11 0.42236328125 0.12109375 0.0068359375 0.005859375
15 0.42236328125 0.05322265625 0.0068359375 0.009765625
11 0.39306640625 0.13134765625 0.0068359375 0.00634765625
11 0.6328125 0.25830078125 0.0068359375 0.005859375
11 0.69140625 0.2607421875 0.0068359375 0.005859375
11 0.67578125 0.265625 0.0068359375 0.00634765625
11 0.662109375 0.26806640625 0.0068359375 0.005859375
11 0.64599609375 0.26318359375 0.0068359375 0.005859375
11 0.5693359375 0.3212890625 0.0068359375 0.005859375
11 0.5693359375 0.255859375 0.0068359375 0.005859375
11 0.55517578125 0.25830078125 0.0068359375 0.005859375
11 0.529296875 0.32666015625 0.0068359375 0.005859375
11 0.529296875 0.2607421875 0.0068359375 0.005859375
11 0.619140625 0.31640625 0.0068359375 0.00634765625
11 0.619140625 0.255859375 0.0068359375 0.005859375
11 0.59033203125 0.32666015625 0.0068359375 0.005859375
11 0.59033203125 0.255859375 0.0068359375 0.005859375
11 0.80029296875 0.265625 0.0068359375 0.00634765625
11 0.80029296875 0.33154296875 0.0068359375 0.005859375
11 0.77880859375 0.3291015625 0.0068359375 0.00634765625
11 0.73681640625 0.3212890625 0.0068359375 0.005859375
11 0.73681640625 0.248046875 0.0068359375 0.005859375
11 0.72265625 0.25048828125 0.0068359375 0.005859375
8 0.7060546875 0.3291015625 0.00537109375 0.01513671875
11 0.70654296875 0.31884765625 0.0068359375 0.005859375
11 0.77880859375 0.26318359375 0.0068359375 0.005859375
11 0.70654296875 0.255859375 0.0068359375 0.005859375
11 0.7568359375 0.32666015625 0.0068359375 0.005859375
11 0.7568359375 0.2607421875 0.0068359375 0.005859375
11 0.7568359375 0.255859375 0.0068359375 0.005859375
11 0.3349609375 0.25048828125 0.0068359375 0.005859375
11 0.232421875 0.26318359375 0.0068359375 0.005859375
12 0.23291015625 0.33154296875 0.00732421875 0.005859375
12 0.3349609375 0.333984375 0.00732421875 0.005859375
11 0.3134765625 0.26806640625 0.0068359375 0.005859375
11 0.3134765625 0.248046875 0.0068359375 0.005859375
15 0.35205078125 0.2763671875 0.0068359375 0.009765625
11 0.232421875 0.25830078125 0.0068359375 0.005859375
11 0.29931640625 0.26806640625 0.0068359375 0.005859375
11 0.25439453125 0.265625 0.0068359375 0.00634765625
11 0.25439453125 0.25830078125 0.0068359375 0.005859375
11 0.36279296875 0.248046875 0.0068359375 0.005859375
11 0.28271484375 0.265625 0.0068359375 0.00634765625
11 0.28271484375 0.25830078125 0.0068359375 0.005859375
11 0.2724609375 0.25830078125 0.0068359375 0.005859375
11 0.4736328125 0.255859375 0.0068359375 0.005859375
11 0.45947265625 0.2529296875 0.0068359375 0.00634765625
11 0.4453125 0.25048828125 0.0068359375 0.005859375
11 0.50146484375 0.2607421875 0.0068359375 0.005859375
11 0.515625 0.26318359375 0.0068359375 0.005859375
11 0.4873046875 0.25830078125 0.0068359375 0.005859375
1 0.19140625 0.322265625 0.0146484375 0.017578125
12 0.41552734375 0.3291015625 0.00732421875 0.005859375
11 0.4150390625 0.24560546875 0.0068359375 0.005859375
11 0.37646484375 0.24560546875 0.0068359375 0.005859375
11 0.42919921875 0.248046875 0.0068359375 0.005859375
11 0.646484375 0.4609375 0.0068359375 0.005859375
11 0.63427734375 0.53955078125 0.0068359375 0.005859375
11 0.63427734375 0.4638671875 0.0068359375 0.00634765625
11 0.7099609375 0.53955078125 0.0068359375 0.005859375
11 0.7099609375 0.45361328125 0.0068359375 0.005859375
11 0.6845703125 0.4560546875 0.0068359375 0.005859375
11 0.671875 0.53955078125 0.0068359375 0.005859375
11 0.671875 0.45849609375 0.0068359375 0.005859375
11 0.56591796875 0.4609375 0.0068359375 0.005859375
11 0.55322265625 0.53955078125 0.0068359375 0.005859375
11 0.55322265625 0.4638671875 0.0068359375 0.00634765625
11 0.60888671875 0.46630859375 0.0068359375 0.005859375
11 0.58984375 0.53955078125 0.0068359375 0.005859375
11 0.58984375 0.46875 0.0068359375 0.00634765625
11 0.7978515625 0.451171875 0.0068359375 0.00634765625
11 0.74755859375 0.53955078125 0.0068359375 0.005859375
11 0.74755859375 0.45361328125 0.0068359375 0.005859375
11 0.72216796875 0.451171875 0.0068359375 0.00634765625
11 0.78564453125 0.53955078125 0.0068359375 0.005859375
11 0.78564453125 0.45361328125 0.0068359375 0.005859375
11 0.76025390625 0.451171875 0.0068359375 0.00634765625
11 0.3466796875 0.52197265625 0.0068359375 0.005859375
11 0.3466796875 0.45849609375 0.0068359375 0.005859375
11 0.3271484375 0.4638671875 0.0068359375 0.00634765625
11 0.3076171875 0.46875 0.0068359375 0.00634765625
11 0.3857421875 0.5244140625 0.0068359375 0.005859375
11 0.2890625 0.47119140625 0.0068359375 0.005859375
11 0.36767578125 0.45361328125 0.0068359375 0.005859375
8 0.3466796875 0.5322265625 0.00537109375 0.01513671875
11 0.232421875 0.537109375 0.0068359375 0.005859375
11 0.232421875 0.45849609375 0.0068359375 0.005859375
1 0.19140625 0.525390625 0.0146484375 0.01806640625
11 0.2509765625 0.4609375 0.0068359375 0.005859375
11 0.26806640625 0.46630859375 0.0068359375 0.005859375
11 0.3857421875 0.451171875 0.0068359375 0.00634765625
11 0.515625 0.53955078125 0.0068359375 0.005859375
11 0.515625 0.45849609375 0.0068359375 0.005859375
11 0.47607421875 0.529296875 0.0068359375 0.005859375
11 0.47607421875 0.46875 0.0068359375 0.00634765625
11 0.52783203125 0.4560546875 0.0068359375 0.005859375
11 0.4150390625 0.529296875 0.0068359375 0.005859375
11 0.4150390625 0.4638671875 0.0068359375 0.00634765625
11 0.4150390625 0.45849609375 0.0068359375 0.005859375
11 0.44580078125 0.5322265625 0.0068359375 0.00634765625
11 0.44580078125 0.46630859375 0.0068359375 0.005859375
11 0.65234375 0.72509765625 0.0068359375 0.005859375
11 0.65234375 0.66162109375 0.0068359375 0.005859375
11 0.6318359375 0.66650390625 0.0068359375 0.00634765625
11 0.693359375 0.7275390625 0.0068359375 0.005859375
11 0.693359375 0.65380859375 0.0068359375 0.00634765625
8 0.65185546875 0.73486328125 0.00537109375 0.01513671875
11 0.67431640625 0.65673828125 0.0068359375 0.005859375
11 0.5517578125 0.6640625 0.0068359375 0.005859375
11 0.56982421875 0.66943359375 0.0068359375 0.005859375
11 0.611328125 0.671875 0.0068359375 0.005859375
11 0.591796875 0.67431640625 0.0068359375 0.005859375
11 0.78955078125 0.73779296875 0.0068359375 0.005859375
11 0.78955078125 0.671875 0.0068359375 0.005859375
11 0.724609375 0.732421875 0.0068359375 0.005859375
11 0.724609375 0.66650390625 0.0068359375 0.00634765625
11 0.724609375 0.66162109375 0.0068359375 0.005859375
11 0.7568359375 0.66943359375 0.0068359375 0.005859375
11 0.7568359375 0.73486328125 0.0068359375 0.005859375
11 0.330078125 0.740234375 0.0068359375 0.005859375
11 0.29736328125 0.740234375 0.0068359375 0.005859375
11 0.29736328125 0.66943359375 0.0068359375 0.005859375
11 0.3837890625 0.72216796875 0.0068359375 0.005859375
11 0.36328125 0.732421875 0.0068359375 0.005859375
11 0.36328125 0.671875 0.0068359375 0.005859375
1 0.19140625 0.728515625 0.0146484375 0.01806640625
11 0.26513671875 0.740234375 0.0068359375 0.005859375
11 0.232421875 0.740234375 0.0068359375 0.005859375
11 0.232421875 0.67919921875 0.0068359375 0.00634765625
11 0.50244140625 0.73779296875 0.0068359375 0.005859375
11 0.48291015625 0.73486328125 0.0068359375 0.005859375
11 0.46142578125 0.732421875 0.0068359375 0.005859375
11 0.53271484375 0.740234375 0.0068359375 0.005859375
11 0.53271484375 0.66162109375 0.0068359375 0.005859375
21 0.44091796875 0.66015625 0.00537109375 0.015625
11 0.44189453125 0.72998046875 0.0068359375 0.00634765625
11 0.4228515625 0.7275390625 0.0068359375 0.005859375
11 0.4033203125 0.72509765625 0.0068359375 0.005859375
11 0.615234375 0.94580078125 0.0068359375 0.00634765625
11 0.615234375 0.859375 0.0068359375 0.005859375
11 0.5986328125 0.85693359375 0.0068359375 0.005859375
11 0.58935546875 0.94580078125 0.0068359375 0.00634765625
11 0.58935546875 0.859375 0.0068359375 0.005859375
11 0.50830078125 0.94580078125 0.0068359375 0.00634765625
11 0.6455078125 0.94287109375 0.0068359375 0.005859375
11 0.6455078125 0.88232421875 0.0068359375 0.00634765625
11 0.62451171875 0.85693359375 0.0068359375 0.005859375
11 0.5341796875 0.94580078125 0.0068359375 0.00634765625
11 0.5341796875 0.86474609375 0.0068359375 0.00634765625
11 0.51806640625 0.8671875 0.0068359375 0.005859375
11 0.57275390625 0.85693359375 0.0068359375 0.005859375
11 0.56298828125 0.94580078125 0.0068359375 0.00634765625
11 0.56298828125 0.859375 0.0068359375 0.005859375
11 0.5439453125 0.86181640625 0.0068359375 0.005859375
15 0.7783203125 0.92333984375 0.0068359375 0.009765625
15 0.7783203125 0.865234375 0.0068359375 0.009765625
11 0.759765625 0.953125 0.0068359375 0.005859375
11 0.703125 0.94287109375 0.0068359375 0.005859375
11 0.68359375 0.94287109375 0.0068359375 0.005859375
11 0.68359375 0.8720703125 0.0068359375 0.005859375
11 0.66455078125 0.94287109375 0.0068359375 0.005859375
11 0.759765625 0.892578125 0.0068359375 0.005859375
11 0.7412109375 0.94287109375 0.0068359375 0.005859375
11 0.7412109375 0.892578125 0.0068359375 0.005859375
11 0.72314453125 0.935546875 0.0068359375 0.005859375
11 0.72314453125 0.87451171875 0.0068359375 0.005859375
8 0.3125 0.93798828125 0.00537109375 0.01513671875
11 0.3408203125 0.9306640625 0.0068359375 0.005859375
11 0.3408203125 0.85693359375 0.0068359375 0.005859375
11 0.32763671875 0.859375 0.0068359375 0.005859375
11 0.3125 0.927734375 0.0068359375 0.00634765625
11 0.3125 0.86474609375 0.0068359375 0.00634765625
11 0.37744140625 0.93798828125 0.0068359375 0.005859375
11 0.37744140625 0.8720703125 0.0068359375 0.005859375
11 0.50830078125 0.86962890625 0.0068359375 0.005859375
11 0.298828125 0.86962890625 0.0068359375 0.005859375
11 0.3583984375 0.935546875 0.0068359375 0.005859375
11 0.3583984375 0.86962890625 0.0068359375 0.005859375
11 0.3583984375 0.86474609375 0.0068359375 0.00634765625
11 0.232421875 0.94287109375 0.0068359375 0.005859375
11 0.232421875 0.86474609375 0.0068359375 0.00634765625
1 0.19140625 0.93115234375 0.0146484375 0.01806640625
11 0.28466796875 0.87451171875 0.0068359375 0.005859375
11 0.27197265625 0.87744140625 0.0068359375 0.005859375
11 0.2568359375 0.8720703125 0.0068359375 0.005859375
11 0.24560546875 0.8671875 0.0068359375 0.005859375
11 0.451171875 0.86962890625 0.0068359375 0.005859375
11 0.4609375 0.8671875 0.0068359375 0.005859375
11 0.451171875 0.94580078125 0.0068359375 0.00634765625
11 0.43212890625 0.86181640625 0.0068359375 0.005859375
11 0.49169921875 0.8720703125 0.0068359375 0.005859375
11 0.47607421875 0.94580078125 0.0068359375 0.00634765625
11 0.47607421875 0.87451171875 0.0068359375 0.005859375
11 0.396484375 0.87451171875 0.0068359375 0.005859375
11 0.42236328125 0.94580078125 0.0068359375 0.00634765625
11 0.42236328125 0.86474609375 0.0068359375 0.00634765625
11 0.396484375 0.935546875 0.0068359375 0.005859375