11 0.71337890625 0.10693359375 0.00830078125 0.0068359375
11 0.6845703125 0.10400390625 0.00830078125 0.0068359375
11 0.71337890625 0.2080078125 0.00830078125 0.0068359375
11 0.71337890625 0.2353515625 0.00830078125 0.0068359375
11 0.71337890625 0.1962890625 0.00830078125 0.0068359375
11 0.71337890625 0.2021484375 0.00830078125 0.0068359375
12 0.58251953125 0.2353515625 0.0087890625 0.0068359375
13 0.58349609375 0.2021484375 0.01123046875 0.0068359375
13 0.58349609375 0.2080078125 0.01123046875 0.00732421875
12 0.58251953125 0.1962890625 0.0087890625 0.0068359375
12 0.6484375 0.2412109375 0.0087890625 0.0068359375
12 0.6484375 0.193359375 0.0087890625 0.0068359375
11 0.6484375 0.10400390625 0.00830078125 0.0068359375
11 0.73876953125 0.19921875 0.00830078125 0.00732421875
8 0.60986328125 0.1181640625 0.00634765625 0.017578125
11 0.6103515625 0.10693359375 0.00830078125 0.0068359375
11 0.802734375 0.244140625 0.00830078125 0.0068359375
11 0.802734375 0.255859375 0.00830078125 0.0068359375
11 0.802734375 0.1962890625 0.00830078125 0.0068359375
11 0.802734375 0.2021484375 0.00830078125 0.0068359375
11 0.802734375 0.10693359375 0.00830078125 0.0068359375
22 0.41259765625 0.1025390625 0.00830078125 0.00390625
22 0.49072265625 0.1025390625 0.00830078125 0.00390625
22 0.54541015625 0.1025390625 0.00830078125 0.00390625
11 0.7685546875 0.244140625 0.00830078125 0.0068359375
11 0.7685546875 0.255859375 0.00830078125 0.0068359375
11 0.7685546875 0.2021484375 0.00830078125 0.0068359375
11 0.7685546875 0.2080078125 0.00830078125 0.0068359375
11 0.7685546875 0.11279296875 0.00830078125 0.00732421875
11 0.73876953125 0.2412109375 0.00830078125 0.0068359375
11 0.73876953125 0.2470703125 0.00830078125 0.00732421875
11 0.73876953125 0.2080078125 0.00830078125 0.0068359375
11 0.73876953125 0.10986328125 0.00830078125 0.0068359375
11 0.78564453125 0.10986328125 0.00830078125 0.0068359375
11 0.78564453125 0.2412109375 0.00830078125 0.0068359375
11 0.78564453125 0.2470703125 0.00830078125 0.00732421875
11 0.78564453125 0.19921875 0.00830078125 0.00732421875
11 0.78564453125 0.2080078125 0.00830078125 0.0068359375
11 0.37548828125 0.2353515625 0.00830078125 0.0068359375
11 0.37548828125 0.1962890625 0.00830078125 0.0068359375
11 0.37548828125 0.2021484375 0.00830078125 0.0068359375
11 0.37548828125 0.2080078125 0.00830078125 0.0068359375
11 0.4150390625 0.244140625 0.00830078125 0.0068359375
11 0.4150390625 0.255859375 0.00830078125 0.0068359375
11 0.4150390625 0.2021484375 0.00830078125 0.0068359375
11 0.4150390625 0.2080078125 0.00830078125 0.0068359375
11 0.39501953125 0.2412109375 0.00830078125 0.0068359375
11 0.39501953125 0.2470703125 0.00830078125 0.00732421875
11 0.39501953125 0.19921875 0.00830078125 0.00732421875
11 0.39501953125 0.2080078125 0.00830078125 0.0068359375
1 0.24365234375 0.2568359375 0.017578125 0.02099609375
12 0.3154296875 0.2353515625 0.0087890625 0.0068359375
10 0.244140625 0.19482421875 0.0166015625 0.0458984375
13 0.31640625 0.2021484375 0.01123046875 0.0068359375
13 0.31640625 0.2080078125 0.01123046875 0.00732421875
12 0.3154296875 0.1962890625 0.0087890625 0.0068359375
10 0.244140625 0.10546875 0.0166015625 0.0458984375
0 0.22607421875 0.2275390625 0.005859375 0.0869140625
22 0.33203125 0.1025390625 0.00830078125 0.00390625
12 0.341796875 0.2412109375 0.0087890625 0.0068359375
12 0.341796875 0.193359375 0.0087890625 0.0068359375
12 0.498046875 0.1962890625 0.0087890625 0.0068359375
13 0.5380859375 0.255859375 0.01123046875 0.00732421875
13 0.5380859375 0.1962890625 0.01123046875 0.0068359375
13 0.5380859375 0.2080078125 0.01123046875 0.00732421875
12 0.498046875 0.2529296875 0.0087890625 0.0068359375
12 0.498046875 0.26513671875 0.0087890625 0.0068359375
13 0.5380859375 0.25 0.01123046875 0.0068359375
12 0.498046875 0.2109375 0.0087890625 0.0068359375
11 0.58203125 0.10693359375 0.00830078125 0.0068359375
11 0.44287109375 0.244140625 0.00830078125 0.0068359375
11 0.44287109375 0.255859375 0.00830078125 0.0068359375
11 0.44287109375 0.1962890625 0.00830078125 0.0068359375
11 0.44287109375 0.2021484375 0.00830078125 0.0068359375
11 0.42919921875 0.2412109375 0.00830078125 0.0068359375
11 0.42919921875 0.2470703125 0.00830078125 0.00732421875
11 0.42919921875 0.19921875 0.00830078125 0.00732421875
11 0.42919921875 0.2080078125 0.00830078125 0.0068359375
12 0.470703125 0.2529296875 0.0087890625 0.0068359375
12 0.470703125 0.2470703125 0.0087890625 0.00732421875
12 0.470703125 0.193359375 0.0087890625 0.0068359375
12 0.470703125 0.205078125 0.0087890625 0.0068359375
11 0.66552734375 0.55712890625 0.00830078125 0.0068359375
11 0.66552734375 0.56884765625 0.00830078125 0.0068359375
11 0.66552734375 0.51513671875 0.00830078125 0.0068359375
11 0.66552734375 0.52099609375 0.00830078125 0.0068359375
11 0.66552734375 0.44482421875 0.00830078125 0.00732421875
11 0.697265625 0.55712890625 0.00830078125 0.0068359375
11 0.697265625 0.56884765625 0.00830078125 0.0068359375
11 0.697265625 0.50927734375 0.00830078125 0.0068359375
11 0.697265625 0.51513671875 0.00830078125 0.0068359375
11 0.697265625 0.43896484375 0.00830078125 0.0068359375
11 0.68115234375 0.55419921875 0.00830078125 0.0068359375
11 0.68115234375 0.56005859375 0.00830078125 0.0068359375
11 0.68115234375 0.51220703125 0.00830078125 0.0068359375
11 0.68115234375 0.52099609375 0.00830078125 0.0068359375
11 0.68115234375 0.44189453125 0.00830078125 0.0068359375
11 0.6171875 0.43896484375 0.0078125 0.0068359375
11 0.58642578125 0.435546875 0.00830078125 0.0068359375
11 0.6171875 0.52099609375 0.0078125 0.0068359375
11 0.6171875 0.51513671875 0.0078125 0.0068359375
11 0.6171875 0.50927734375 0.0078125 0.0068359375
11 0.6171875 0.5478515625 0.0078125 0.0068359375
12 0.55712890625 0.55419921875 0.0087890625 0.0068359375
12 0.55712890625 0.50634765625 0.0087890625 0.0068359375
11 0.556640625 0.435546875 0.00830078125 0.0068359375
11 0.64111328125 0.44189453125 0.00830078125 0.0068359375
11 0.64111328125 0.52099609375 0.00830078125 0.0068359375
11 0.64111328125 0.51220703125 0.00830078125 0.0068359375
11 0.64111328125 0.56005859375 0.00830078125 0.0068359375
11 0.64111328125 0.55419921875 0.00830078125 0.0068359375
12 0.78466796875 0.55126953125 0.0087890625 0.00732421875
12 0.78466796875 0.50341796875 0.0087890625 0.00732421875
8 0.728515625 0.4501953125 0.00634765625 0.017578125
11 0.72900390625 0.5478515625 0.00830078125 0.0068359375
11 0.72900390625 0.50927734375 0.00830078125 0.0068359375
11 0.72900390625 0.51513671875 0.00830078125 0.0068359375
11 0.72900390625 0.52099609375 0.00830078125 0.0068359375
11 0.72900390625 0.43896484375 0.00830078125 0.0068359375
11 0.75634765625 0.51513671875 0.00830078125 0.0068359375
11 0.75634765625 0.50634765625 0.00830078125 0.0068359375
8 0.75634765625 0.44775390625 0.00634765625 0.01806640625
11 0.75634765625 0.52099609375 0.00830078125 0.0068359375
12 0.78466796875 0.43310546875 0.0087890625 0.0068359375
12 0.78466796875 0.51806640625 0.0087890625 0.0068359375
12 0.78466796875 0.51220703125 0.0087890625 0.0068359375
11 0.75634765625 0.435546875 0.00830078125 0.0068359375
11 0.33251953125 0.51806640625 0.00830078125 0.00732421875
11 0.33251953125 0.50927734375 0.00830078125 0.0068359375
11 0.33251953125 0.50341796875 0.00830078125 0.00732421875
11 0.33251953125 0.55712890625 0.00830078125 0.0068359375
11 0.33251953125 0.43310546875 0.00830078125 0.0068359375
11 0.3076171875 0.50634765625 0.00830078125 0.0068359375
11 0.3076171875 0.56591796875 0.00830078125 0.00732421875
8 0.53173828125 0.4501953125 0.00634765625 0.017578125
11 0.37060546875 0.435546875 0.00830078125 0.0068359375
11 0.37060546875 0.51806640625 0.00830078125 0.00732421875
11 0.37060546875 0.51220703125 0.00830078125 0.0068359375
11 0.37060546875 0.50634765625 0.00830078125 0.0068359375
11 0.37060546875 0.56591796875 0.00830078125 0.00732421875
11 0.3076171875 0.51220703125 0.00830078125 0.0068359375
10 0.19384765625 0.4375 0.0166015625 0.0458984375
10 0.19384765625 0.5078125 0.0166015625 0.0458984375
1 0.193359375 0.56982421875 0.017578125 0.02099609375
0 0.17529296875 0.54052734375 0.005859375 0.0869140625
11 0.28076171875 0.43896484375 0.00830078125 0.0068359375
8 0.27978515625 0.4501953125 0.00634765625 0.017578125
11 0.3076171875 0.435546875 0.00830078125 0.0068359375
11 0.3076171875 0.51806640625 0.00830078125 0.00732421875
12 0.25146484375 0.55712890625 0.0087890625 0.0068359375
11 0.25146484375 0.43896484375 0.00830078125 0.0068359375
12 0.25146484375 0.52392578125 0.0087890625 0.0068359375
12 0.25146484375 0.51513671875 0.0087890625 0.0068359375
12 0.25146484375 0.50927734375 0.0087890625 0.0068359375
12 0.25146484375 0.57763671875 0.0087890625 0.0068359375
11 0.5029296875 0.43896484375 0.00830078125 0.0068359375
12 0.50341796875 0.50927734375 0.0087890625 0.0068359375
12 0.50341796875 0.5478515625 0.0087890625 0.0068359375
11 0.46728515625 0.55712890625 0.00830078125 0.0068359375
11 0.46728515625 0.57763671875 0.00830078125 0.0068359375
11 0.46728515625 0.50927734375 0.00830078125 0.0068359375
11 0.46728515625 0.51806640625 0.00830078125 0.00732421875
11 0.46728515625 0.43896484375 0.00830078125 0.0068359375
11 0.5322265625 0.43896484375 0.00830078125 0.0068359375
11 0.43017578125 0.55126953125 0.00830078125 0.00732421875
11 0.43017578125 0.55712890625 0.00830078125 0.0068359375
11 0.43017578125 0.50927734375 0.00830078125 0.0068359375
11 0.43017578125 0.51806640625 0.00830078125 0.00732421875
11 0.43017578125 0.43896484375 0.00830078125 0.0068359375
11 0.40478515625 0.55126953125 0.00830078125 0.00732421875
11 0.40478515625 0.55712890625 0.00830078125 0.0068359375
11 0.40478515625 0.50927734375 0.00830078125 0.0068359375
11 0.40478515625 0.51806640625 0.00830078125 0.00732421875
11 0.40478515625 0.43896484375 0.00830078125 0.0068359375
11 0.45068359375 0.56591796875 0.00830078125 0.00732421875
11 0.45068359375 0.55419921875 0.00830078125 0.0068359375
11 0.45068359375 0.51220703125 0.00830078125 0.0068359375
11 0.45068359375 0.51806640625 0.00830078125 0.00732421875
11 0.45068359375 0.44189453125 0.00830078125 0.0068359375
12 0.6923828125 0.9052734375 0.0087890625 0.00732421875
11 0.6728515625 0.9169921875 0.00830078125 0.0068359375
12 0.6923828125 0.92578125 0.0087890625 0.0068359375
11 0.7001953125 0.8681640625 0.00830078125 0.0068359375
12 0.6923828125 0.865234375 0.0087890625 0.0068359375
11 0.6923828125 0.7607421875 0.00830078125 0.0068359375
11 0.58447265625 0.7578125 0.00830078125 0.0068359375
9 0.5615234375 0.74560546875 0.0068359375 0.017578125
11 0.55517578125 0.7578125 0.00830078125 0.0068359375
11 0.66015625 0.9111328125 0.00830078125 0.0068359375
11 0.66015625 0.763671875 0.00830078125 0.00732421875
11 0.6220703125 0.7607421875 0.00830078125 0.0068359375
9 0.59130859375 0.74560546875 0.0068359375 0.017578125
11 0.80810546875 0.908203125 0.00830078125 0.0068359375
11 0.7939453125 0.92578125 0.00830078125 0.0068359375
11 0.7939453125 0.9052734375 0.00830078125 0.00732421875
9 0.74169921875 0.74853515625 0.0068359375 0.017578125
11 0.73486328125 0.8740234375 0.00830078125 0.00732421875
11 0.73486328125 0.7607421875 0.00830078125 0.0068359375
11 0.72119140625 0.87109375 0.00830078125 0.0068359375
11 0.7939453125 0.7607421875 0.00830078125 0.0068359375
12 0.7666015625 0.87109375 0.0087890625 0.0068359375
12 0.7666015625 0.865234375 0.0087890625 0.0068359375
11 0.76611328125 0.7607421875 0.00830078125 0.0068359375
11 0.31201171875 0.8994140625 0.00830078125 0.0068359375
11 0.31884765625 0.8564453125 0.00830078125 0.0068359375
11 0.31201171875 0.859375 0.00830078125 0.00732421875
11 0.31201171875 0.865234375 0.00830078125 0.0068359375
11 0.31201171875 0.751953125 0.00830078125 0.0068359375
11 0.287109375 0.89599609375 0.00830078125 0.0068359375
11 0.287109375 0.853515625 0.00830078125 0.0068359375
11 0.287109375 0.859375 0.00830078125 0.00732421875
11 0.287109375 0.865234375 0.00830078125 0.0068359375
11 0.287109375 0.7490234375 0.00830078125 0.00732421875
12 0.345703125 0.89599609375 0.0087890625 0.0068359375
12 0.345703125 0.84765625 0.0087890625 0.0068359375
12 0.345703125 0.8623046875 0.0087890625 0.0068359375
12 0.345703125 0.8681640625 0.0087890625 0.0068359375
12 0.345703125 0.7431640625 0.0087890625 0.0068359375
10 0.19384765625 0.85498046875 0.0166015625 0.0458984375
10 0.19384765625 0.75048828125 0.0166015625 0.0458984375
0 0.17529296875 0.88818359375 0.005859375 0.087890625
12 0.25927734375 0.8564453125 0.0087890625 0.0068359375
12 0.25146484375 0.8994140625 0.0087890625 0.0068359375
12 0.25146484375 0.859375 0.0087890625 0.00732421875
12 0.25146484375 0.865234375 0.0087890625 0.0068359375
12 0.25146484375 0.751953125 0.0087890625 0.0068359375
1 0.193359375 0.91796875 0.017578125 0.02099609375
11 0.51806640625 0.751953125 0.00830078125 0.0068359375
13 0.51953125 0.8681640625 0.01123046875 0.00732421875
12 0.5185546875 0.9169921875 0.0087890625 0.0068359375
13 0.51953125 0.9052734375 0.01123046875 0.00732421875
13 0.51953125 0.8623046875 0.01123046875 0.0068359375
21 0.42919921875 0.8427734375 0.00634765625 0.0185546875
11 0.4306640625 0.7578125 0.00830078125 0.0068359375
21 0.42919921875 0.90673828125 0.00634765625 0.01806640625