12 0.64697265625 0.04541015625 0.0087890625 0.0068359375
12 0.64697265625 0.14013671875 0.0087890625 0.0068359375
12 0.64697265625 0.2109375 0.0087890625 0.0068359375
12 0.64697265625 0.24560546875 0.0087890625 0.0068359375
12 0.64697265625 0.32275390625 0.0087890625 0.0068359375
11 0.60693359375 0.33154296875 0.00830078125 0.0068359375
11 0.62451171875 0.32275390625 0.00830078125 0.0068359375
11 0.5244140625 0.34033203125 0.00830078125 0.00732421875
11 0.5419921875 0.33447265625 0.00830078125 0.0068359375
12 0.57568359375 0.14013671875 0.0087890625 0.0068359375
11 0.55908203125 0.32861328125 0.00830078125 0.0068359375
12 0.57568359375 0.04541015625 0.0087890625 0.0068359375
11 0.58935546875 0.34375 0.00830078125 0.0068359375
12 0.57568359375 0.2109375 0.0087890625 0.0068359375
12 0.57568359375 0.24560546875 0.0087890625 0.0068359375
11 0.5751953125 0.33154296875 0.00830078125 0.0068359375
12 0.57568359375 0.388671875 0.0087890625 0.0068359375
11 0.796875 0.28173828125 0.00830078125 0.0068359375
11 0.796875 0.43017578125 0.00830078125 0.0068359375
11 0.796875 0.4091796875 0.00830078125 0.0068359375
11 0.796875 0.216796875 0.00830078125 0.0068359375
11 0.74951171875 0.15478515625 0.00830078125 0.0068359375
9 0.755859375 0.14013671875 0.0068359375 0.017578125
11 0.7666015625 0.15185546875 0.00830078125 0.0068359375
11 0.78271484375 0.14892578125 0.00830078125 0.0068359375
11 0.796875 0.15478515625 0.00830078125 0.0068359375
22 0.66357421875 0.4111328125 0.00830078125 0.00390625
13 0.7216796875 0.0693359375 0.01123046875 0.0068359375
11 0.72021484375 0.15771484375 0.00830078125 0.00732421875
12 0.720703125 0.216796875 0.0087890625 0.0068359375
12 0.720703125 0.2666015625 0.0087890625 0.0068359375
12 0.720703125 0.42724609375 0.0087890625 0.0068359375
12 0.720703125 0.40673828125 0.0087890625 0.0068359375
19 0.68017578125 0.0615234375 0.00830078125 0.00390625
19 0.68017578125 0.12939453125 0.00830078125 0.00390625
19 0.68017578125 0.197265625 0.00830078125 0.00390625
19 0.68017578125 0.26513671875 0.00830078125 0.00390625
19 0.68017578125 0.3212890625 0.00830078125 0.00390625
11 0.3173828125 0.33154296875 0.00830078125 0.0068359375
11 0.33447265625 0.32275390625 0.00830078125 0.0068359375
11 0.28564453125 0.32275390625 0.00830078125 0.0068359375
12 0.30322265625 0.03955078125 0.0087890625 0.0068359375
12 0.30322265625 0.1279296875 0.0087890625 0.00732421875
12 0.30322265625 0.20458984375 0.0087890625 0.0068359375
11 0.302734375 0.310546875 0.00830078125 0.0068359375
12 0.30322265625 0.3828125 0.0087890625 0.00732421875
8 0.37451171875 0.2578125 0.00634765625 0.01806640625
11 0.375 0.04248046875 0.00830078125 0.0068359375
11 0.35205078125 0.31640625 0.00830078125 0.0068359375
11 0.26806640625 0.32861328125 0.00830078125 0.0068359375
12 0.375 0.13720703125 0.0087890625 0.0068359375
12 0.375 0.2080078125 0.0087890625 0.0068359375
11 0.375 0.2431640625 0.00830078125 0.0068359375
11 0.375 0.31396484375 0.00830078125 0.0068359375
12 0.375 0.3857421875 0.0087890625 0.0068359375
10 0.19384765625 0.12939453125 0.0166015625 0.0458984375
10 0.19384765625 0.06201171875 0.0166015625 0.0458984375
10 0.19384765625 0.3330078125 0.0166015625 0.0458984375
1 0.193359375 0.41357421875 0.017578125 0.02099609375
0 0.17529296875 0.375 0.0068359375 0.10546875
22 0.76416015625 0.32421875 0.00830078125 0.00390625
11 0.25048828125 0.33447265625 0.0078125 0.0068359375
11 0.236328125 0.3076171875 0.00830078125 0.0068359375
12 0.236328125 0.03662109375 0.0087890625 0.00732421875
12 0.236328125 0.125 0.0087890625 0.0068359375
12 0.236328125 0.2021484375 0.0087890625 0.0068359375
13 0.23779296875 0.251953125 0.01123046875 0.0068359375
12 0.236328125 0.37939453125 0.0087890625 0.0068359375
11 0.45361328125 0.32861328125 0.00830078125 0.0068359375
11 0.47119140625 0.04833984375 0.00830078125 0.0068359375
11 0.47119140625 0.2490234375 0.00830078125 0.00732421875
11 0.47119140625 0.31982421875 0.00830078125 0.0068359375
11 0.439453125 0.04833984375 0.00830078125 0.0068359375
12 0.439453125 0.14306640625 0.0087890625 0.00732421875
12 0.439453125 0.2138671875 0.0087890625 0.0068359375
11 0.439453125 0.2490234375 0.00830078125 0.00732421875
11 0.439453125 0.31982421875 0.00830078125 0.0068359375
12 0.439453125 0.3857421875 0.0087890625 0.0068359375
12 0.51025390625 0.2431640625 0.0087890625 0.0068359375
12 0.51025390625 0.04248046875 0.0087890625 0.0068359375
12 0.51025390625 0.14013671875 0.0087890625 0.0068359375
12 0.51025390625 0.2021484375 0.0087890625 0.0068359375
11 0.509765625 0.31396484375 0.00830078125 0.0068359375
12 0.51025390625 0.37939453125 0.0087890625 0.0068359375
11 0.4873046875 0.04541015625 0.00830078125 0.0068359375
11 0.4873046875 0.24560546875 0.00830078125 0.0068359375
11 0.4873046875 0.31640625 0.00830078125 0.0068359375
15 0.3896484375 0.267578125 0.0078125 0.01171875
11 0.39013671875 0.349609375 0.00830078125 0.0068359375
11 0.40625 0.04248046875 0.00830078125 0.0068359375
11 0.40625 0.2431640625 0.00830078125 0.0068359375
11 0.40625 0.34033203125 0.00830078125 0.00732421875
11 0.4228515625 0.32861328125 0.00830078125 0.0068359375
11 0.4228515625 0.24560546875 0.00830078125 0.0068359375
11 0.4228515625 0.04541015625 0.00830078125 0.0068359375
11 0.63134765625 0.69921875 0.00830078125 0.0068359375
12 0.6318359375 0.79052734375 0.0087890625 0.0068359375
12 0.6318359375 0.93212890625 0.0087890625 0.0068359375
12 0.6318359375 0.9111328125 0.0087890625 0.0068359375
22 0.48046875 0.84228515625 0.00830078125 0.00390625
12 0.6318359375 0.6611328125 0.0087890625 0.0068359375
11 0.63134765625 0.560546875 0.00830078125 0.0068359375
11 0.66845703125 0.5634765625 0.00830078125 0.0068359375
11 0.66845703125 0.7021484375 0.00830078125 0.0068359375
22 0.634765625 0.84228515625 0.00830078125 0.00390625
12 0.68994140625 0.56640625 0.0087890625 0.0068359375
12 0.68994140625 0.669921875 0.0087890625 0.0068359375
12 0.68994140625 0.6552734375 0.0087890625 0.0068359375
12 0.68994140625 0.705078125 0.0087890625 0.0068359375
12 0.68994140625 0.78466796875 0.0087890625 0.0068359375
12 0.68994140625 0.92626953125 0.0087890625 0.0068359375
12 0.68994140625 0.9052734375 0.0087890625 0.0068359375
11 0.65380859375 0.560546875 0.00830078125 0.0068359375
22 0.48046875 0.90966796875 0.00830078125 0.00390625
11 0.65380859375 0.69921875 0.00830078125 0.0068359375
22 0.55712890625 0.84228515625 0.00830078125 0.00390625
12 0.5634765625 0.658203125 0.0087890625 0.0068359375
12 0.5634765625 0.716796875 0.0087890625 0.0068359375
12 0.5634765625 0.78759765625 0.0087890625 0.00732421875
12 0.5634765625 0.92919921875 0.0087890625 0.0068359375
12 0.5634765625 0.908203125 0.0087890625 0.0068359375
12 0.5634765625 0.58447265625 0.0087890625 0.00732421875
22 0.35009765625 0.84228515625 0.00830078125 0.00390625
22 0.4228515625 0.90966796875 0.00830078125 0.00390625
22 0.4228515625 0.84228515625 0.00830078125 0.00390625
12 0.6015625 0.5810546875 0.0087890625 0.0068359375
12 0.6015625 0.6552734375 0.0087890625 0.0068359375
12 0.6015625 0.7138671875 0.0087890625 0.0068359375
12 0.6015625 0.78466796875 0.0087890625 0.0068359375
12 0.6015625 0.92626953125 0.0087890625 0.0068359375
12 0.6015625 0.9052734375 0.0087890625 0.0068359375
12 0.7578125 0.92919921875 0.0087890625 0.0068359375
19 0.78759765625 0.783203125 0.00830078125 0.00390625
19 0.78759765625 0.57958984375 0.00830078125 0.00390625
19 0.78759765625 0.6474609375 0.00830078125 0.00390625
19 0.78759765625 0.71533203125 0.00830078125 0.00390625
12 0.7578125 0.94970703125 0.0087890625 0.0068359375
19 0.78759765625 0.91259765625 0.00830078125 0.00390625
22 0.712890625 0.84228515625 0.00830078125 0.00390625
12 0.7578125 0.5693359375 0.0087890625 0.00732421875
12 0.7578125 0.6669921875 0.0087890625 0.0068359375
12 0.7578125 0.65185546875 0.0087890625 0.0068359375
12 0.7578125 0.7080078125 0.0087890625 0.0068359375
12 0.7578125 0.78759765625 0.0087890625 0.00732421875
12 0.72021484375 0.5693359375 0.0087890625 0.00732421875
12 0.72021484375 0.6640625 0.0087890625 0.0068359375
12 0.72021484375 0.6494140625 0.0087890625 0.0068359375
12 0.72021484375 0.7080078125 0.0087890625 0.0068359375
12 0.72021484375 0.77880859375 0.0087890625 0.0068359375
12 0.72021484375 0.92919921875 0.0087890625 0.0068359375
12 0.72021484375 0.908203125 0.0087890625 0.0068359375
11 0.30712890625 0.60498046875 0.00830078125 0.00732421875
11 0.30712890625 0.6728515625 0.00830078125 0.0068359375
11 0.30712890625 0.73193359375 0.00830078125 0.00732421875
11 0.30712890625 0.80859375 0.00830078125 0.0068359375
11 0.30712890625 0.93798828125 0.00830078125 0.00732421875
11 0.30712890625 0.9169921875 0.00830078125 0.00732421875
9 0.26904296875 0.65771484375 0.0068359375 0.017578125
11 0.27880859375 0.60205078125 0.00830078125 0.0068359375
11 0.27880859375 0.669921875 0.00830078125 0.0068359375
11 0.29345703125 0.59912109375 0.00830078125 0.00732421875
11 0.29345703125 0.6669921875 0.00830078125 0.0068359375
13 0.34521484375 0.94677734375 0.01123046875 0.00732421875
13 0.34521484375 0.6083984375 0.01123046875 0.0068359375
13 0.34521484375 0.67578125 0.01123046875 0.00732421875
13 0.34521484375 0.73486328125 0.01123046875 0.0068359375
13 0.34521484375 0.796875 0.01123046875 0.00732421875
13 0.34521484375 0.92626953125 0.01123046875 0.0068359375
10 0.19384765625 0.6474609375 0.0166015625 0.0458984375
1 0.193359375 0.78271484375 0.017578125 0.02099609375
10 0.19384765625 0.85107421875 0.0166015625 0.0458984375
1 0.193359375 0.912109375 0.017578125 0.02099609375
0 0.17529296875 0.88330078125 0.005859375 0.08544921875
22 0.27197265625 0.84228515625 0.00830078125 0.00390625
22 0.7802734375 0.84228515625 0.00830078125 0.00390625
10 0.19384765625 0.580078125 0.0166015625 0.0458984375
11 0.2626953125 0.60498046875 0.00830078125 0.00732421875
11 0.2626953125 0.6728515625 0.00830078125 0.0068359375
9 0.26904296875 0.58984375 0.0068359375 0.017578125
11 0.236328125 0.6083984375 0.00830078125 0.0068359375
11 0.236328125 0.67578125 0.00830078125 0.00732421875
12 0.236328125 0.73486328125 0.0087890625 0.0068359375
12 0.236328125 0.802734375 0.0087890625 0.00732421875
12 0.236328125 0.93212890625 0.0087890625 0.0068359375
12 0.236328125 0.9111328125 0.0087890625 0.0068359375
12 0.4970703125 0.5634765625 0.0087890625 0.0068359375
12 0.4970703125 0.64599609375 0.0087890625 0.0068359375
12 0.4970703125 0.705078125 0.0087890625 0.0068359375
12 0.4970703125 0.77294921875 0.0087890625 0.0068359375
12 0.466796875 0.77294921875 0.0087890625 0.0068359375
12 0.533203125 0.58740234375 0.0087890625 0.0068359375
12 0.533203125 0.6611328125 0.0087890625 0.0068359375
12 0.533203125 0.72021484375 0.0087890625 0.0068359375
12 0.533203125 0.79052734375 0.0087890625 0.0068359375
12 0.533203125 0.93212890625 0.0087890625 0.0068359375
12 0.533203125 0.9111328125 0.0087890625 0.0068359375
12 0.466796875 0.705078125 0.0087890625 0.0068359375
12 0.40087890625 0.64306640625 0.0087890625 0.0068359375
12 0.40087890625 0.560546875 0.0087890625 0.0068359375
12 0.40087890625 0.705078125 0.0087890625 0.0068359375
12 0.40087890625 0.76708984375 0.0087890625 0.00732421875
12 0.4306640625 0.5576171875 0.0087890625 0.0068359375
12 0.4306640625 0.64306640625 0.0087890625 0.0068359375
12 0.4306640625 0.7021484375 0.0087890625 0.0068359375
12 0.4306640625 0.77001953125 0.0087890625 0.0068359375
12 0.466796875 0.64306640625 0.0087890625 0.0068359375
12 0.466796875 0.560546875 0.0087890625 0.0068359375