11 0.63232421875 0.119140625 0.00830078125 0.0068359375
11 0.63232421875 0.0712890625 0.00830078125 0.0068359375
11 0.6552734375 0.1162109375 0.00830078125 0.0068359375
14 0.65576171875 0.05126953125 0.0087890625 0.01708984375
11 0.64306640625 0.125 0.00830078125 0.0068359375
11 0.64306640625 0.0771484375 0.00830078125 0.0068359375
5 0.50244140625 0.06689453125 0.00732421875 0.02099609375
11 0.49560546875 0.125 0.0078125 0.0068359375
11 0.49560546875 0.0771484375 0.0078125 0.0068359375
11 0.4833984375 0.1279296875 0.00830078125 0.00732421875
14 0.4833984375 0.05126953125 0.0087890625 0.01708984375
5 0.5302734375 0.0576171875 0.00732421875 0.02099609375
11 0.5234375 0.1162109375 0.00830078125 0.0068359375
11 0.5234375 0.068359375 0.00830078125 0.0068359375
11 0.5107421875 0.1220703125 0.00830078125 0.00732421875
14 0.5107421875 0.05126953125 0.0087890625 0.01708984375
4 0.72021484375 0.068359375 0.0078125 0.01806640625
11 0.72021484375 0.09521484375 0.00830078125 0.0068359375
11 0.72021484375 0.05615234375 0.00830078125 0.0068359375
11 0.68359375 0.1044921875 0.00830078125 0.0068359375
14 0.68359375 0.05126953125 0.0087890625 0.01708984375
5 0.6748046875 0.060546875 0.00732421875 0.02099609375
11 0.66845703125 0.1103515625 0.00830078125 0.0068359375
11 0.66845703125 0.0712890625 0.00830078125 0.0068359375
11 0.7080078125 0.09521484375 0.00830078125 0.0068359375
14 0.70849609375 0.05126953125 0.0087890625 0.01708984375
4 0.6962890625 0.06201171875 0.00732421875 0.01806640625
11 0.6962890625 0.09814453125 0.00830078125 0.0068359375
11 0.6962890625 0.05029296875 0.00830078125 0.00732421875
11 0.271484375 0.07421875 0.00830078125 0.0068359375
5 0.2783203125 0.0634765625 0.0068359375 0.02099609375
11 0.271484375 0.1279296875 0.00830078125 0.00732421875
14 0.287109375 0.05126953125 0.0087890625 0.01708984375
11 0.26025390625 0.1162109375 0.00830078125 0.0068359375
14 0.26025390625 0.05126953125 0.0087890625 0.01708984375
11 0.2978515625 0.07421875 0.00830078125 0.0068359375
5 0.3046875 0.0634765625 0.00732421875 0.02099609375
11 0.2978515625 0.1279296875 0.00830078125 0.00732421875
11 0.28662109375 0.11328125 0.00830078125 0.0068359375
10 0.19287109375 0.0576171875 0.0166015625 0.0458984375
10 0.19287109375 0.11181640625 0.0166015625 0.0458984375
11 0.2373046875 0.068359375 0.00830078125 0.0068359375
11 0.24755859375 0.1279296875 0.00830078125 0.00732421875
11 0.24755859375 0.07421875 0.00830078125 0.0068359375
11 0.2373046875 0.11328125 0.00830078125 0.0068359375
11 0.4443359375 0.125 0.0078125 0.0068359375
11 0.4443359375 0.0771484375 0.0078125 0.0068359375
14 0.3134765625 0.05126953125 0.0087890625 0.01708984375
5 0.474609375 0.06982421875 0.00732421875 0.02099609375
11 0.46826171875 0.13134765625 0.00830078125 0.0068359375
11 0.46826171875 0.0830078125 0.00830078125 0.0068359375
11 0.45703125 0.1162109375 0.00830078125 0.0068359375
14 0.45703125 0.05126953125 0.0087890625 0.01708984375
11 0.43408203125 0.0712890625 0.00830078125 0.0068359375
5 0.33154296875 0.0634765625 0.00732421875 0.02099609375
11 0.32470703125 0.07421875 0.00830078125 0.0068359375
11 0.32470703125 0.1279296875 0.00830078125 0.00732421875
11 0.31298828125 0.1162109375 0.00830078125 0.0068359375
11 0.43408203125 0.119140625 0.00830078125 0.0068359375
11 0.61181640625 0.21875 0.00830078125 0.0068359375
11 0.61181640625 0.23974609375 0.00830078125 0.0068359375
11 0.61181640625 0.177734375 0.00830078125 0.0068359375
11 0.638671875 0.224609375 0.00830078125 0.0068359375
11 0.638671875 0.24560546875 0.00830078125 0.0068359375
11 0.638671875 0.171875 0.00830078125 0.0068359375
11 0.625 0.2216796875 0.00830078125 0.00732421875
11 0.625 0.24267578125 0.00830078125 0.0068359375
11 0.625 0.1748046875 0.00830078125 0.0068359375
11 0.537109375 0.24267578125 0.00830078125 0.0068359375
11 0.537109375 0.26318359375 0.00830078125 0.0068359375
11 0.537109375 0.166015625 0.00830078125 0.0068359375
11 0.52392578125 0.24267578125 0.00830078125 0.0068359375
11 0.52392578125 0.26318359375 0.00830078125 0.0068359375
11 0.52392578125 0.1689453125 0.00830078125 0.00732421875
11 0.55078125 0.24560546875 0.00830078125 0.0068359375
11 0.55078125 0.2666015625 0.00830078125 0.0068359375
11 0.55078125 0.1689453125 0.00830078125 0.00732421875
11 0.7060546875 0.23046875 0.00830078125 0.0068359375
11 0.7060546875 0.25146484375 0.00830078125 0.0068359375
11 0.7060546875 0.1572265625 0.00830078125 0.0068359375
11 0.66552734375 0.2216796875 0.00830078125 0.00732421875
11 0.66552734375 0.24267578125 0.00830078125 0.0068359375
11 0.66552734375 0.166015625 0.00830078125 0.0068359375
11 0.65185546875 0.2275390625 0.00830078125 0.0068359375
11 0.65185546875 0.24853515625 0.00830078125 0.0068359375
11 0.65185546875 0.1689453125 0.00830078125 0.00732421875
11 0.6923828125 0.2275390625 0.0078125 0.0068359375
11 0.6923828125 0.24853515625 0.0078125 0.0068359375
11 0.6923828125 0.15966796875 0.0078125 0.0068359375
11 0.6787109375 0.224609375 0.00830078125 0.0068359375
11 0.6787109375 0.24560546875 0.00830078125 0.0068359375
11 0.6787109375 0.1630859375 0.00830078125 0.00732421875
11 0.28955078125 0.2333984375 0.00830078125 0.0068359375
11 0.28955078125 0.25439453125 0.00830078125 0.0068359375
11 0.28955078125 0.18359375 0.00830078125 0.00732421875
11 0.2783203125 0.2333984375 0.00830078125 0.0068359375
11 0.2783203125 0.25439453125 0.00830078125 0.0068359375
11 0.2783203125 0.1689453125 0.00830078125 0.00732421875
11 0.31640625 0.236328125 0.00830078125 0.00732421875
11 0.31640625 0.25732421875 0.00830078125 0.00732421875
11 0.31640625 0.1806640625 0.00830078125 0.0068359375
11 0.3037109375 0.236328125 0.00830078125 0.00732421875
11 0.3037109375 0.25732421875 0.00830078125 0.00732421875
11 0.3037109375 0.1689453125 0.00830078125 0.00732421875
11 0.2373046875 0.2275390625 0.00830078125 0.0068359375
11 0.2373046875 0.24853515625 0.00830078125 0.0068359375
11 0.2373046875 0.189453125 0.00830078125 0.0068359375
10 0.19287109375 0.2412109375 0.0166015625 0.0458984375
10 0.19287109375 0.185546875 0.0166015625 0.04541015625
11 0.26416015625 0.23046875 0.00830078125 0.0068359375
11 0.26416015625 0.25146484375 0.00830078125 0.0068359375
11 0.26416015625 0.18701171875 0.00830078125 0.0068359375
11 0.25146484375 0.23046875 0.00830078125 0.0068359375
11 0.25146484375 0.25146484375 0.00830078125 0.0068359375
11 0.25146484375 0.1689453125 0.00830078125 0.00732421875
11 0.482421875 0.236328125 0.00830078125 0.00732421875
11 0.482421875 0.25732421875 0.00830078125 0.00732421875
11 0.482421875 0.1748046875 0.00830078125 0.0068359375
11 0.4697265625 0.236328125 0.00830078125 0.00732421875
11 0.4697265625 0.25732421875 0.00830078125 0.00732421875
11 0.4697265625 0.1689453125 0.00830078125 0.00732421875
11 0.51025390625 0.23974609375 0.00830078125 0.0068359375
11 0.51025390625 0.26025390625 0.00830078125 0.0068359375
11 0.51025390625 0.171875 0.00830078125 0.0068359375
11 0.4970703125 0.23974609375 0.00830078125 0.0068359375
11 0.4970703125 0.26025390625 0.00830078125 0.0068359375
11 0.4970703125 0.1689453125 0.00830078125 0.00732421875
11 0.45556640625 0.2333984375 0.00830078125 0.0068359375
11 0.45556640625 0.25439453125 0.00830078125 0.0068359375
11 0.45556640625 0.177734375 0.00830078125 0.0068359375
11 0.33056640625 0.23974609375 0.00830078125 0.0068359375
11 0.33056640625 0.26025390625 0.00830078125 0.0068359375
11 0.33056640625 0.1689453125 0.00830078125 0.00732421875
11 0.5791015625 0.29052734375 0.00830078125 0.0068359375
11 0.5791015625 0.3759765625 0.00830078125 0.0068359375
11 0.5791015625 0.4033203125 0.00830078125 0.0068359375
11 0.5654296875 0.37353515625 0.00830078125 0.0068359375
11 0.5654296875 0.29638671875 0.00830078125 0.0068359375
11 0.5888671875 0.37939453125 0.00830078125 0.0068359375
11 0.59912109375 0.3759765625 0.00830078125 0.0068359375
11 0.59912109375 0.29345703125 0.00830078125 0.00732421875
11 0.55517578125 0.3759765625 0.00830078125 0.0068359375
11 0.54541015625 0.4033203125 0.00830078125 0.0068359375
11 0.54541015625 0.37353515625 0.00830078125 0.0068359375
11 0.54541015625 0.29345703125 0.00830078125 0.00732421875
11 0.65576171875 0.38525390625 0.00830078125 0.0068359375
11 0.61181640625 0.4033203125 0.00830078125 0.0068359375
11 0.61181640625 0.37939453125 0.00830078125 0.0068359375
11 0.61181640625 0.29638671875 0.00830078125 0.0068359375
11 0.64599609375 0.4033203125 0.00830078125 0.0068359375
11 0.64599609375 0.38232421875 0.00830078125 0.0068359375
11 0.64599609375 0.29345703125 0.00830078125 0.00732421875
11 0.63232421875 0.37939453125 0.00830078125 0.0068359375
11 0.63232421875 0.29931640625 0.00830078125 0.0068359375
11 0.6220703125 0.38232421875 0.00830078125 0.0068359375
8 0.27001953125 0.314453125 0.00634765625 0.017578125
11 0.2705078125 0.37939453125 0.00830078125 0.0068359375
11 0.2705078125 0.29052734375 0.00830078125 0.0068359375
11 0.26025390625 0.38232421875 0.00830078125 0.0068359375
11 0.29296875 0.37939453125 0.00830078125 0.0068359375
11 0.283203125 0.4033203125 0.00830078125 0.0068359375
11 0.283203125 0.38232421875 0.00830078125 0.0068359375
10 0.19287109375 0.32177734375 0.0166015625 0.0458984375
11 0.2373046875 0.29052734375 0.00830078125 0.0068359375
11 0.25 0.4033203125 0.00830078125 0.0068359375
11 0.25 0.38525390625 0.00830078125 0.0068359375
14 0.25048828125 0.31494140625 0.0087890625 0.017578125
4 0.2373046875 0.314453125 0.00732421875 0.01806640625
11 0.2373046875 0.4033203125 0.00830078125 0.0068359375
11 0.2373046875 0.38232421875 0.00830078125 0.0068359375
11 0.349609375 0.4033203125 0.00830078125 0.0068359375
11 0.349609375 0.3759765625 0.00830078125 0.0068359375
11 0.349609375 0.28759765625 0.00830078125 0.0068359375
11 0.33642578125 0.37353515625 0.00830078125 0.0068359375
11 0.33642578125 0.29345703125 0.00830078125 0.00732421875
11 0.35986328125 0.37353515625 0.00830078125 0.0068359375
11 0.53271484375 0.4033203125 0.0078125 0.0068359375
11 0.53271484375 0.3701171875 0.0078125 0.00732421875
11 0.53271484375 0.29052734375 0.0078125 0.0068359375
11 0.31591796875 0.4033203125 0.00830078125 0.0068359375
11 0.31591796875 0.37939453125 0.00830078125 0.0068359375
11 0.31591796875 0.29052734375 0.00830078125 0.0068359375
11 0.30322265625 0.3759765625 0.00830078125 0.0068359375
11 0.30322265625 0.28759765625 0.00830078125 0.0068359375
11 0.326171875 0.3759765625 0.00830078125 0.0068359375
11 0.42822265625 0.51806640625 0.00830078125 0.0068359375
11 0.447265625 0.44140625 0.00830078125 0.0068359375
11 0.447265625 0.51513671875 0.00830078125 0.00732421875
11 0.37744140625 0.43505859375 0.00830078125 0.0068359375
11 0.37744140625 0.51806640625 0.00830078125 0.0068359375
11 0.40869140625 0.43798828125 0.0078125 0.0068359375
11 0.40869140625 0.52099609375 0.0078125 0.0068359375
11 0.40869140625 0.544921875 0.0078125 0.0068359375
11 0.4990234375 0.52099609375 0.00830078125 0.0068359375
11 0.4794921875 0.43505859375 0.00830078125 0.0068359375
11 0.4794921875 0.51806640625 0.00830078125 0.0068359375
11 0.4794921875 0.544921875 0.00830078125 0.0068359375
11 0.2373046875 0.52392578125 0.00830078125 0.0068359375
11 0.2373046875 0.544921875 0.00830078125 0.0068359375
4 0.2373046875 0.4560546875 0.00732421875 0.01806640625
11 0.2373046875 0.43798828125 0.00830078125 0.0068359375
14 0.2685546875 0.45654296875 0.0087890625 0.01708984375
11 0.2685546875 0.52685546875 0.00830078125 0.0068359375
11 0.2685546875 0.544921875 0.00830078125 0.0068359375
11 0.35791015625 0.52099609375 0.00830078125 0.0068359375
10 0.19287109375 0.4638671875 0.0166015625 0.0458984375
11 0.33837890625 0.544921875 0.00830078125 0.0068359375
11 0.3076171875 0.52099609375 0.00830078125 0.0068359375
8 0.306640625 0.4560546875 0.00634765625 0.01806640625
11 0.33837890625 0.52392578125 0.00830078125 0.0068359375
11 0.3076171875 0.43798828125 0.00830078125 0.0068359375
11 0.2880859375 0.52392578125 0.00830078125 0.0068359375
11 0.5693359375 0.5947265625 0.00830078125 0.0068359375
11 0.5595703125 0.59765625 0.00830078125 0.0068359375
11 0.5693359375 0.662109375 0.00830078125 0.0068359375
11 0.5595703125 0.6650390625 0.00830078125 0.00732421875
11 0.60205078125 0.6591796875 0.00830078125 0.0068359375
11 0.60205078125 0.591796875 0.00830078125 0.00732421875
11 0.59228515625 0.662109375 0.00830078125 0.0068359375
11 0.58203125 0.68017578125 0.00830078125 0.0068359375
11 0.58203125 0.6650390625 0.00830078125 0.00732421875
11 0.54931640625 0.68017578125 0.00830078125 0.0068359375
11 0.54931640625 0.66796875 0.00830078125 0.0068359375
11 0.54931640625 0.5947265625 0.00830078125 0.0068359375
11 0.658203125 0.65576171875 0.00830078125 0.0068359375
11 0.61474609375 0.68017578125 0.00830078125 0.0068359375
11 0.61474609375 0.662109375 0.00830078125 0.0068359375
11 0.61474609375 0.5947265625 0.00830078125 0.0068359375
11 0.64794921875 0.68017578125 0.00830078125 0.0068359375
11 0.64794921875 0.6591796875 0.00830078125 0.0068359375
11 0.64794921875 0.591796875 0.00830078125 0.00732421875
11 0.634765625 0.65576171875 0.00830078125 0.0068359375
11 0.634765625 0.59765625 0.00830078125 0.0068359375
11 0.62451171875 0.6591796875 0.0078125 0.0068359375
11 0.27001953125 0.65576171875 0.00830078125 0.0068359375
11 0.27001953125 0.5859375 0.00830078125 0.0068359375
11 0.259765625 0.6533203125 0.00830078125 0.0068359375
11 0.283203125 0.68017578125 0.00830078125 0.0068359375
11 0.283203125 0.6591796875 0.00830078125 0.0068359375
11 0.283203125 0.57958984375 0.00830078125 0.0068359375
10 0.19287109375 0.60498046875 0.0166015625 0.0458984375
11 0.2373046875 0.57958984375 0.00830078125 0.0068359375
11 0.24951171875 0.68017578125 0.00830078125 0.0068359375
11 0.24951171875 0.65576171875 0.00830078125 0.0068359375
11 0.24951171875 0.58251953125 0.00830078125 0.0068359375
11 0.2373046875 0.68017578125 0.00830078125 0.0068359375
11 0.2373046875 0.6533203125 0.00830078125 0.0068359375
11 0.34912109375 0.68017578125 0.00830078125 0.0068359375
11 0.34912109375 0.6591796875 0.00830078125 0.0068359375
11 0.34912109375 0.58251953125 0.00830078125 0.0068359375
11 0.3359375 0.65576171875 0.00830078125 0.0068359375
11 0.3359375 0.58837890625 0.00830078125 0.0068359375
11 0.32568359375 0.6591796875 0.00830078125 0.0068359375
11 0.53076171875 0.68017578125 0.00830078125 0.0068359375
11 0.53076171875 0.6650390625 0.00830078125 0.00732421875
11 0.53076171875 0.5947265625 0.00830078125 0.0068359375
11 0.359375 0.662109375 0.00830078125 0.0068359375
11 0.31591796875 0.68017578125 0.00830078125 0.0068359375
11 0.31591796875 0.662109375 0.00830078125 0.0068359375
11 0.31591796875 0.5859375 0.00830078125 0.0068359375
11 0.30322265625 0.58251953125 0.00830078125 0.0068359375
11 0.30322265625 0.6591796875 0.00830078125 0.0068359375
11 0.29345703125 0.65576171875 0.0078125 0.0068359375
11 0.5732421875 0.73583984375 0.00830078125 0.0068359375
11 0.5732421875 0.796875 0.00830078125 0.0068359375
11 0.5634765625 0.7998046875 0.00830078125 0.0068359375
11 0.5634765625 0.73828125 0.00830078125 0.0068359375
11 0.60546875 0.7939453125 0.00830078125 0.00732421875
11 0.60546875 0.732421875 0.00830078125 0.0068359375
11 0.595703125 0.796875 0.00830078125 0.0068359375
11 0.58544921875 0.81494140625 0.00830078125 0.00732421875
11 0.58544921875 0.7998046875 0.00830078125 0.0068359375
11 0.5537109375 0.81494140625 0.00830078125 0.00732421875
11 0.5537109375 0.80322265625 0.00830078125 0.0068359375
11 0.5537109375 0.73583984375 0.00830078125 0.0068359375
11 0.66015625 0.791015625 0.00830078125 0.0068359375
11 0.61767578125 0.81494140625 0.00830078125 0.00732421875
11 0.61767578125 0.796875 0.00830078125 0.0068359375
11 0.61767578125 0.73583984375 0.00830078125 0.0068359375
11 0.650390625 0.81494140625 0.00830078125 0.00732421875
11 0.650390625 0.7939453125 0.00830078125 0.00732421875
11 0.650390625 0.732421875 0.00830078125 0.0068359375
11 0.6376953125 0.791015625 0.00830078125 0.0068359375
11 0.6376953125 0.73828125 0.00830078125 0.0068359375
11 0.6279296875 0.7939453125 0.00830078125 0.00732421875
11 0.26953125 0.791015625 0.00830078125 0.0068359375
11 0.26953125 0.73583984375 0.00830078125 0.0068359375
11 0.25927734375 0.7939453125 0.00830078125 0.00732421875
11 0.2822265625 0.81494140625 0.00830078125 0.00732421875
11 0.2822265625 0.7939453125 0.00830078125 0.00732421875
11 0.2822265625 0.7294921875 0.00830078125 0.0068359375
10 0.19287109375 0.740234375 0.0166015625 0.0458984375
11 0.2373046875 0.7294921875 0.00830078125 0.0068359375
11 0.24951171875 0.81494140625 0.00830078125 0.00732421875
11 0.24951171875 0.791015625 0.00830078125 0.0068359375
11 0.24951171875 0.732421875 0.00830078125 0.0068359375
11 0.2373046875 0.81494140625 0.00830078125 0.00732421875
11 0.2373046875 0.7880859375 0.00830078125 0.0068359375
11 0.34716796875 0.81494140625 0.00830078125 0.00732421875
11 0.34716796875 0.7998046875 0.00830078125 0.0068359375
11 0.34716796875 0.732421875 0.00830078125 0.0068359375
11 0.33447265625 0.796875 0.0078125 0.0068359375
11 0.33447265625 0.73828125 0.0078125 0.0068359375
11 0.32421875 0.7998046875 0.00830078125 0.0068359375
11 0.53515625 0.81494140625 0.00830078125 0.00732421875
11 0.53515625 0.7998046875 0.00830078125 0.0068359375
11 0.53515625 0.73583984375 0.00830078125 0.0068359375
11 0.36572265625 0.80322265625 0.00830078125 0.0068359375
11 0.314453125 0.81494140625 0.00830078125 0.00732421875
11 0.30224609375 0.732421875 0.00830078125 0.0068359375
11 0.314453125 0.796875 0.00830078125 0.0068359375
11 0.30224609375 0.7939453125 0.00830078125 0.00732421875
11 0.314453125 0.73583984375 0.00830078125 0.0068359375
11 0.29248046875 0.796875 0.00830078125 0.0068359375
11 0.568359375 0.93212890625 0.00830078125 0.0068359375
8 0.56787109375 0.87646484375 0.00634765625 0.017578125
11 0.568359375 0.86474609375 0.00830078125 0.0068359375
11 0.55810546875 0.93505859375 0.00830078125 0.0068359375
11 0.6005859375 0.92919921875 0.00830078125 0.00732421875
11 0.6005859375 0.861328125 0.00830078125 0.0068359375
11 0.5908203125 0.93212890625 0.00830078125 0.0068359375
11 0.58056640625 0.93505859375 0.00830078125 0.0068359375
11 0.58056640625 0.9560546875 0.00830078125 0.0068359375
4 0.53515625 0.87646484375 0.00732421875 0.01806640625
11 0.53515625 0.9560546875 0.00830078125 0.0068359375
11 0.53515625 0.93505859375 0.00830078125 0.0068359375
11 0.5478515625 0.93798828125 0.0078125 0.0068359375
11 0.5478515625 0.9560546875 0.0078125 0.0068359375
14 0.54833984375 0.8681640625 0.0087890625 0.017578125
11 0.6572265625 0.92626953125 0.00830078125 0.0068359375
11 0.61376953125 0.9560546875 0.00830078125 0.0068359375
11 0.61376953125 0.93212890625 0.00830078125 0.0068359375
11 0.61376953125 0.86474609375 0.00830078125 0.0068359375
11 0.64697265625 0.9560546875 0.00830078125 0.0068359375
11 0.64697265625 0.92919921875 0.00830078125 0.00732421875
11 0.64697265625 0.861328125 0.00830078125 0.0068359375
11 0.6337890625 0.92626953125 0.00830078125 0.0068359375
11 0.6337890625 0.86767578125 0.00830078125 0.0068359375
11 0.62353515625 0.92919921875 0.00830078125 0.00732421875
11 0.27001953125 0.93212890625 0.00830078125 0.0068359375
11 0.27001953125 0.87646484375 0.00830078125 0.0068359375
11 0.259765625 0.93505859375 0.00830078125 0.0068359375
11 0.283203125 0.9560546875 0.00830078125 0.0068359375
11 0.283203125 0.93505859375 0.00830078125 0.0068359375
11 0.283203125 0.87060546875 0.00830078125 0.00732421875
10 0.19287109375 0.875 0.0166015625 0.0458984375
11 0.2373046875 0.87060546875 0.00830078125 0.00732421875
11 0.25 0.9560546875 0.00830078125 0.0068359375
11 0.25 0.93212890625 0.00830078125 0.0068359375
11 0.25 0.87353515625 0.00830078125 0.0068359375
11 0.2373046875 0.9560546875 0.00830078125 0.0068359375
11 0.2373046875 0.92919921875 0.00830078125 0.00732421875
11 0.35302734375 0.9560546875 0.00830078125 0.0068359375
11 0.35302734375 0.94091796875 0.00830078125 0.0068359375
11 0.35302734375 0.86474609375 0.00830078125 0.0068359375
11 0.33642578125 0.93798828125 0.00830078125 0.0068359375
11 0.33642578125 0.86767578125 0.00830078125 0.0068359375
11 0.326171875 0.94091796875 0.0078125 0.0068359375
11 0.53515625 0.86474609375 0.00830078125 0.0068359375
11 0.36279296875 0.93798828125 0.00830078125 0.0068359375
11 0.31640625 0.9560546875 0.00830078125 0.0068359375
11 0.31640625 0.93798828125 0.00830078125 0.0068359375
11 0.31640625 0.87060546875 0.00830078125 0.00732421875
11 0.3037109375 0.87353515625 0.0078125 0.0068359375
11 0.3037109375 0.93505859375 0.0078125 0.0068359375
11 0.29345703125 0.93798828125 0.00830078125 0.0068359375