11 0.65576171875 0.16552734375 0.00830078125 0.0068359375
11 0.65576171875 0.0712890625 0.00830078125 0.0068359375
11 0.6953125 0.3115234375 0.00830078125 0.0068359375
11 0.6953125 0.24755859375 0.00830078125 0.00732421875
11 0.70263671875 0.25634765625 0.00830078125 0.0068359375
11 0.6953125 0.25927734375 0.00830078125 0.0068359375
11 0.6953125 0.162109375 0.00830078125 0.0068359375
11 0.6953125 0.068359375 0.00830078125 0.0068359375
11 0.6162109375 0.16845703125 0.00830078125 0.0068359375
11 0.6162109375 0.07421875 0.00830078125 0.0068359375
11 0.7294921875 0.16552734375 0.00830078125 0.0068359375
11 0.76416015625 0.07421875 0.00830078125 0.0068359375
11 0.76416015625 0.16845703125 0.00830078125 0.0068359375
11 0.7294921875 0.0712890625 0.00830078125 0.0068359375
11 0.2451171875 0.29931640625 0.00830078125 0.0068359375
11 0.2451171875 0.3115234375 0.00830078125 0.0068359375
11 0.2451171875 0.24755859375 0.00830078125 0.00732421875
11 0.34228515625 0.24755859375 0.00830078125 0.00732421875
11 0.34228515625 0.25634765625 0.00830078125 0.0068359375
11 0.34228515625 0.17431640625 0.00830078125 0.0068359375
11 0.34228515625 0.0712890625 0.00830078125 0.0068359375
9 0.3134765625 0.15625 0.0068359375 0.017578125
11 0.2451171875 0.25634765625 0.00830078125 0.0068359375
9 0.3134765625 0.05615234375 0.0068359375 0.017578125
11 0.306640625 0.17138671875 0.00830078125 0.00732421875
11 0.306640625 0.068359375 0.00830078125 0.0068359375
10 0.19384765625 0.0576171875 0.0166015625 0.0458984375
0 0.17529296875 0.27197265625 0.00634765625 0.09814453125
11 0.2451171875 0.17431640625 0.00830078125 0.0068359375
11 0.2451171875 0.0654296875 0.00830078125 0.00732421875
1 0.193359375 0.306640625 0.017578125 0.02099609375
10 0.19384765625 0.23388671875 0.0166015625 0.0458984375
10 0.19384765625 0.14599609375 0.0166015625 0.0458984375
11 0.5107421875 0.080078125 0.00830078125 0.0068359375
11 0.5107421875 0.17431640625 0.00830078125 0.0068359375
11 0.34228515625 0.3115234375 0.00830078125 0.0068359375
11 0.44970703125 0.29931640625 0.00830078125 0.0068359375
11 0.57666015625 0.3115234375 0.00830078125 0.0068359375
11 0.57666015625 0.24755859375 0.00830078125 0.00732421875
11 0.583984375 0.25634765625 0.00830078125 0.0068359375
11 0.57666015625 0.25927734375 0.00830078125 0.0068359375
11 0.57666015625 0.17138671875 0.00830078125 0.00732421875
11 0.57666015625 0.0771484375 0.00830078125 0.0068359375
9 0.517578125 0.15625 0.0068359375 0.017578125
9 0.517578125 0.06787109375 0.0068359375 0.017578125
11 0.40478515625 0.07421875 0.00830078125 0.0068359375
11 0.44970703125 0.24755859375 0.00830078125 0.00732421875
11 0.34228515625 0.29931640625 0.00830078125 0.0068359375
11 0.44970703125 0.3115234375 0.00830078125 0.0068359375
11 0.44970703125 0.25634765625 0.00830078125 0.0068359375
11 0.44970703125 0.17138671875 0.00830078125 0.00732421875
11 0.44970703125 0.0771484375 0.00830078125 0.0068359375
9 0.4111328125 0.15625 0.0068359375 0.017578125
11 0.40478515625 0.16845703125 0.00830078125 0.0068359375
9 0.4111328125 0.06201171875 0.0068359375 0.017578125
11 0.62451171875 0.7158203125 0.00830078125 0.0068359375
11 0.62451171875 0.771484375 0.00830078125 0.0068359375
11 0.62451171875 0.6220703125 0.00830078125 0.00732421875
11 0.60302734375 0.771484375 0.00830078125 0.0068359375
12 0.68701171875 0.6220703125 0.0087890625 0.00732421875
11 0.6865234375 0.76220703125 0.00830078125 0.00732421875
12 0.68701171875 0.7158203125 0.0087890625 0.0068359375
11 0.65087890625 0.76220703125 0.00830078125 0.00732421875
11 0.52880859375 0.84423828125 0.00830078125 0.0068359375
11 0.52880859375 0.72216796875 0.00830078125 0.0068359375
11 0.52880859375 0.61279296875 0.00830078125 0.0068359375
11 0.505859375 0.85595703125 0.00830078125 0.0068359375
19 0.57666015625 0.845703125 0.00830078125 0.00390625
11 0.57666015625 0.783203125 0.00830078125 0.00732421875
11 0.57666015625 0.71875 0.00830078125 0.0068359375
11 0.57666015625 0.6162109375 0.00830078125 0.0068359375
11 0.55517578125 0.83251953125 0.00830078125 0.0068359375
11 0.7080078125 0.76220703125 0.00830078125 0.00732421875
21 0.7861328125 0.77294921875 0.00634765625 0.0185546875
11 0.787109375 0.72216796875 0.00830078125 0.0068359375
11 0.787109375 0.6337890625 0.00830078125 0.0068359375
21 0.75244140625 0.69677734375 0.00634765625 0.0185546875
21 0.75244140625 0.6083984375 0.00634765625 0.01806640625
12 0.72998046875 0.7626953125 0.0087890625 0.0068359375
11 0.2939453125 0.625 0.00830078125 0.0068359375
11 0.2939453125 0.7158203125 0.00830078125 0.0068359375
11 0.2939453125 0.8134765625 0.00830078125 0.0068359375
11 0.2939453125 0.80419921875 0.00830078125 0.0068359375
11 0.30126953125 0.80126953125 0.00830078125 0.0068359375
11 0.2939453125 0.8623046875 0.00830078125 0.0068359375
15 0.3369140625 0.61083984375 0.0078125 0.01171875
15 0.3369140625 0.69873046875 0.0078125 0.01171875
11 0.33740234375 0.8134765625 0.00830078125 0.0068359375
11 0.33740234375 0.80419921875 0.00830078125 0.0068359375
11 0.3447265625 0.80126953125 0.00830078125 0.0068359375
11 0.33740234375 0.8623046875 0.00830078125 0.0068359375
22 0.7431640625 0.84912109375 0.00830078125 0.00390625
10 0.19384765625 0.6083984375 0.0166015625 0.0458984375
10 0.19384765625 0.69677734375 0.0166015625 0.0458984375
0 0.17529296875 0.82275390625 0.00634765625 0.09814453125
11 0.2587890625 0.625 0.00830078125 0.0068359375
11 0.2587890625 0.7158203125 0.00830078125 0.0068359375
11 0.2587890625 0.8134765625 0.00830078125 0.0068359375
11 0.2587890625 0.80419921875 0.00830078125 0.0068359375
11 0.26611328125 0.80126953125 0.00830078125 0.0068359375
11 0.2587890625 0.8623046875 0.00830078125 0.0068359375
1 0.193359375 0.857421875 0.017578125 0.02099609375
10 0.19384765625 0.78466796875 0.0166015625 0.0458984375
11 0.4306640625 0.72509765625 0.00830078125 0.0068359375
11 0.48291015625 0.6162109375 0.00830078125 0.0068359375
11 0.48291015625 0.71875 0.00830078125 0.0068359375
11 0.4306640625 0.63671875 0.00830078125 0.00732421875
11 0.4052734375 0.72509765625 0.00830078125 0.0068359375
11 0.4052734375 0.63671875 0.00830078125 0.00732421875
11 0.48291015625 0.8681640625 0.00830078125 0.0068359375
19 0.48291015625 0.77294921875 0.00830078125 0.00390625
11 0.37939453125 0.8623046875 0.00830078125 0.0068359375
11 0.38671875 0.80126953125 0.00830078125 0.0068359375
11 0.37939453125 0.80419921875 0.00830078125 0.0068359375
11 0.37939453125 0.8134765625 0.00830078125 0.0068359375
11 0.37939453125 0.72509765625 0.00830078125 0.0068359375
11 0.37939453125 0.63671875 0.00830078125 0.00732421875
15 0.3583984375 0.69873046875 0.0078125 0.01171875
15 0.3583984375 0.61083984375 0.0078125 0.01171875