12 0.6767578125 0.064453125 0.0087890625 0.00732421875
12 0.6767578125 0.1279296875 0.0087890625 0.0068359375
12 0.70751953125 0.1279296875 0.0087890625 0.0068359375
12 0.70751953125 0.064453125 0.0087890625 0.00732421875
12 0.61474609375 0.1337890625 0.0087890625 0.0068359375
12 0.61474609375 0.0703125 0.0087890625 0.0068359375
12 0.5830078125 0.0615234375 0.0087890625 0.0068359375
12 0.5830078125 0.13671875 0.0087890625 0.00732421875
12 0.64599609375 0.1337890625 0.0087890625 0.0068359375
12 0.64599609375 0.0703125 0.0087890625 0.0068359375
22 0.31396484375 0.078125 0.00830078125 0.00390625
12 0.73876953125 0.0556640625 0.0087890625 0.0068359375
12 0.73876953125 0.1396484375 0.0087890625 0.0068359375
12 0.8017578125 0.13671875 0.0087890625 0.00732421875
12 0.8017578125 0.052734375 0.0087890625 0.0068359375
12 0.7705078125 0.1396484375 0.0087890625 0.0068359375
12 0.7705078125 0.0556640625 0.0087890625 0.0068359375
12 0.36181640625 0.1337890625 0.0087890625 0.0068359375
12 0.36181640625 0.0498046875 0.0087890625 0.0068359375
11 0.330078125 0.142578125 0.00830078125 0.0068359375
11 0.31396484375 0.1484375 0.00830078125 0.0068359375
12 0.3935546875 0.1337890625 0.0087890625 0.0068359375
12 0.3935546875 0.0498046875 0.0087890625 0.0068359375
10 0.19287109375 0.0810546875 0.0166015625 0.0458984375
11 0.24609375 0.15478515625 0.00830078125 0.0068359375
10 0.19287109375 0.14404296875 0.0166015625 0.0458984375
22 0.2578125 0.078125 0.00830078125 0.00390625
11 0.29736328125 0.15478515625 0.00830078125 0.0068359375
11 0.27880859375 0.142578125 0.00830078125 0.0068359375
11 0.2626953125 0.1484375 0.00830078125 0.0068359375
12 0.51904296875 0.1484375 0.0087890625 0.0068359375
12 0.51904296875 0.05859375 0.0087890625 0.0068359375
12 0.48681640625 0.1484375 0.0087890625 0.0068359375
12 0.48681640625 0.05859375 0.0087890625 0.0068359375
12 0.5517578125 0.13671875 0.0087890625 0.00732421875
12 0.5517578125 0.0615234375 0.0087890625 0.0068359375
12 0.4560546875 0.1396484375 0.0087890625 0.0068359375
12 0.4560546875 0.0556640625 0.0087890625 0.0068359375
12 0.4248046875 0.1396484375 0.0087890625 0.0068359375
12 0.4248046875 0.0556640625 0.0087890625 0.0068359375
11 0.5517578125 0.33154296875 0.00830078125 0.00732421875
11 0.5517578125 0.2685546875 0.00830078125 0.0068359375
21 0.68408203125 0.34228515625 0.00634765625 0.0185546875
21 0.68408203125 0.27880859375 0.00634765625 0.0185546875
11 0.24609375 0.25048828125 0.00830078125 0.0068359375
10 0.19287109375 0.34228515625 0.0166015625 0.0458984375
10 0.19287109375 0.27880859375 0.0166015625 0.0458984375
11 0.451171875 0.271484375 0.00830078125 0.0068359375
11 0.24609375 0.33447265625 0.00830078125 0.0068359375
11 0.37890625 0.33447265625 0.00830078125 0.0068359375
11 0.37890625 0.27734375 0.00830078125 0.0068359375