11 0.61962890625 0.1484375 0.00830078125 0.0068359375
11 0.64990234375 0.0478515625 0.00830078125 0.00732421875
11 0.64990234375 0.142578125 0.00830078125 0.0068359375
11 0.64990234375 0.23388671875 0.00830078125 0.0068359375
11 0.6044921875 0.0537109375 0.0078125 0.0068359375
11 0.6044921875 0.14501953125 0.0078125 0.0068359375
11 0.6044921875 0.21875 0.0078125 0.0068359375
11 0.61962890625 0.29833984375 0.00830078125 0.0068359375
11 0.61962890625 0.2216796875 0.00830078125 0.0068359375
8 0.66455078125 0.3193359375 0.00634765625 0.017578125
11 0.69287109375 0.05078125 0.00830078125 0.0068359375
11 0.69287109375 0.142578125 0.00830078125 0.0068359375
11 0.69287109375 0.23388671875 0.00830078125 0.0068359375
11 0.69287109375 0.29833984375 0.00830078125 0.0068359375
11 0.6650390625 0.14501953125 0.00830078125 0.0068359375
11 0.6650390625 0.23681640625 0.00830078125 0.0068359375
11 0.6650390625 0.29833984375 0.00830078125 0.0068359375
11 0.56884765625 0.21875 0.00830078125 0.0068359375
11 0.56884765625 0.05078125 0.00830078125 0.0068359375
11 0.56884765625 0.14501953125 0.00830078125 0.0068359375
11 0.56884765625 0.30419921875 0.00830078125 0.0068359375
11 0.54345703125 0.1513671875 0.0078125 0.0068359375
11 0.54345703125 0.22509765625 0.0078125 0.0068359375
11 0.54345703125 0.30419921875 0.0078125 0.0068359375
11 0.583984375 0.1484375 0.00830078125 0.0068359375
11 0.583984375 0.2216796875 0.00830078125 0.0068359375
11 0.583984375 0.30126953125 0.00830078125 0.00732421875
8 0.568359375 0.3193359375 0.00634765625 0.017578125
8 0.7763671875 0.3193359375 0.00634765625 0.017578125
11 0.77685546875 0.29541015625 0.00830078125 0.0068359375
11 0.77685546875 0.13916015625 0.00830078125 0.00732421875
11 0.77685546875 0.23388671875 0.00830078125 0.0068359375
11 0.71337890625 0.14501953125 0.00830078125 0.0068359375
11 0.71337890625 0.23681640625 0.00830078125 0.0068359375
11 0.71337890625 0.29541015625 0.00830078125 0.0068359375
8 0.6923828125 0.3193359375 0.00634765625 0.017578125
11 0.74609375 0.13916015625 0.00830078125 0.00732421875
11 0.74609375 0.23388671875 0.00830078125 0.0068359375
11 0.74609375 0.31640625 0.00830078125 0.0068359375
11 0.76171875 0.0478515625 0.00830078125 0.00732421875
11 0.76171875 0.13623046875 0.00830078125 0.0068359375
11 0.76171875 0.23681640625 0.00830078125 0.0068359375
11 0.73095703125 0.044921875 0.00830078125 0.0068359375
11 0.73095703125 0.142578125 0.00830078125 0.0068359375
11 0.73095703125 0.23095703125 0.00830078125 0.00732421875
11 0.33056640625 0.322265625 0.00830078125 0.00732421875
11 0.33056640625 0.166015625 0.00830078125 0.0068359375
11 0.33056640625 0.23974609375 0.00830078125 0.0068359375
11 0.29345703125 0.16943359375 0.00830078125 0.0068359375
11 0.29345703125 0.24267578125 0.00830078125 0.0068359375
11 0.29345703125 0.3369140625 0.00830078125 0.00732421875
11 0.310546875 0.07470703125 0.00830078125 0.0068359375
11 0.310546875 0.1630859375 0.00830078125 0.0068359375
11 0.310546875 0.23681640625 0.00830078125 0.0068359375
11 0.3720703125 0.16015625 0.00830078125 0.0068359375
11 0.3720703125 0.23388671875 0.00830078125 0.0068359375
8 0.330078125 0.33447265625 0.00634765625 0.017578125
11 0.35693359375 0.06884765625 0.00830078125 0.0068359375
11 0.35693359375 0.1630859375 0.00830078125 0.0068359375
11 0.35693359375 0.23681640625 0.00830078125 0.0068359375
11 0.35693359375 0.322265625 0.00830078125 0.00732421875
10 0.19384765625 0.15576171875 0.0166015625 0.0458984375
1 0.193359375 0.326171875 0.017578125 0.02099609375
11 0.2451171875 0.07177734375 0.00830078125 0.0068359375
11 0.2451171875 0.166015625 0.00830078125 0.0068359375
11 0.2451171875 0.23974609375 0.00830078125 0.0068359375
11 0.2451171875 0.34912109375 0.00830078125 0.0068359375
10 0.19384765625 0.0703125 0.0166015625 0.0458984375
11 0.2783203125 0.23974609375 0.0078125 0.0068359375
11 0.2783203125 0.07470703125 0.0078125 0.0068359375
11 0.2783203125 0.166015625 0.0078125 0.0068359375
9 0.25146484375 0.3369140625 0.0068359375 0.017578125
11 0.26318359375 0.1630859375 0.00830078125 0.0068359375
11 0.26318359375 0.23681640625 0.00830078125 0.0068359375
11 0.26318359375 0.3369140625 0.00830078125 0.00732421875
8 0.4609375 0.3251953125 0.00634765625 0.01806640625
11 0.4765625 0.1513671875 0.00830078125 0.0068359375
11 0.4765625 0.22509765625 0.00830078125 0.0068359375
11 0.4765625 0.3251953125 0.00830078125 0.0068359375
11 0.46142578125 0.154296875 0.00830078125 0.00732421875
11 0.46142578125 0.22802734375 0.00830078125 0.0068359375
11 0.46142578125 0.3134765625 0.00830078125 0.0068359375
11 0.5068359375 0.30419921875 0.00830078125 0.0068359375
11 0.5068359375 0.23095703125 0.00830078125 0.00732421875
8 0.5068359375 0.3193359375 0.00634765625 0.017578125
11 0.5234375 0.05712890625 0.00830078125 0.0068359375
11 0.5234375 0.1484375 0.00830078125 0.0068359375
11 0.5234375 0.2216796875 0.00830078125 0.0068359375
11 0.5234375 0.30419921875 0.00830078125 0.0068359375
11 0.49169921875 0.06298828125 0.00830078125 0.00732421875
11 0.49169921875 0.154296875 0.00830078125 0.00732421875
11 0.49169921875 0.22802734375 0.00830078125 0.0068359375
11 0.5068359375 0.1572265625 0.00830078125 0.0068359375
11 0.40283203125 0.166015625 0.00830078125 0.0068359375
11 0.40283203125 0.23974609375 0.00830078125 0.0068359375
11 0.40283203125 0.3134765625 0.00830078125 0.0068359375
8 0.40234375 0.3251953125 0.00634765625 0.01806640625
11 0.46142578125 0.06005859375 0.00830078125 0.0068359375
11 0.4208984375 0.06591796875 0.00830078125 0.0068359375
11 0.4208984375 0.154296875 0.00830078125 0.00732421875
11 0.4208984375 0.22802734375 0.00830078125 0.0068359375
11 0.4208984375 0.3134765625 0.00830078125 0.0068359375
11 0.3876953125 0.07177734375 0.00830078125 0.0068359375
11 0.3876953125 0.1630859375 0.00830078125 0.0068359375
11 0.3876953125 0.23681640625 0.00830078125 0.0068359375
11 0.43603515625 0.1572265625 0.00830078125 0.0068359375
11 0.43603515625 0.23095703125 0.00830078125 0.00732421875
11 0.61279296875 0.84716796875 0.00830078125 0.0068359375
11 0.61279296875 0.78271484375 0.00830078125 0.0068359375
11 0.61279296875 0.7060546875 0.00830078125 0.0068359375
11 0.61279296875 0.61474609375 0.00830078125 0.0068359375
11 0.58837890625 0.8564453125 0.0078125 0.00732421875
11 0.58837890625 0.77978515625 0.0078125 0.00732421875
11 0.65966796875 0.7119140625 0.00830078125 0.0068359375
11 0.634765625 0.84423828125 0.00830078125 0.0068359375
11 0.634765625 0.78564453125 0.00830078125 0.0068359375
11 0.65966796875 0.61767578125 0.00830078125 0.00732421875
11 0.634765625 0.708984375 0.00830078125 0.00732421875
11 0.5654296875 0.61181640625 0.00830078125 0.0068359375
11 0.5654296875 0.7001953125 0.00830078125 0.0068359375
11 0.5654296875 0.77685546875 0.00830078125 0.0068359375
11 0.5654296875 0.8623046875 0.00830078125 0.0068359375
11 0.52880859375 0.7060546875 0.00830078125 0.0068359375
11 0.52880859375 0.8681640625 0.00830078125 0.0068359375
11 0.78515625 0.61474609375 0.00830078125 0.0068359375
11 0.74853515625 0.61474609375 0.00830078125 0.0068359375
11 0.681640625 0.84423828125 0.00830078125 0.0068359375
11 0.71240234375 0.61181640625 0.00830078125 0.0068359375
12 0.712890625 0.71484375 0.0087890625 0.0068359375
12 0.712890625 0.78857421875 0.0087890625 0.0068359375
12 0.712890625 0.84423828125 0.0087890625 0.0068359375
11 0.65966796875 0.84130859375 0.00830078125 0.00732421875
11 0.65966796875 0.78564453125 0.00830078125 0.0068359375
11 0.318359375 0.68505859375 0.00830078125 0.0068359375
11 0.318359375 0.78271484375 0.00830078125 0.0068359375
11 0.318359375 0.84716796875 0.00830078125 0.0068359375
11 0.29638671875 0.59375 0.00830078125 0.0068359375
11 0.29638671875 0.68212890625 0.00830078125 0.0068359375
11 0.29638671875 0.78564453125 0.00830078125 0.0068359375
11 0.3642578125 0.6943359375 0.00830078125 0.0068359375
11 0.3642578125 0.78564453125 0.00830078125 0.0068359375
11 0.33935546875 0.599609375 0.00830078125 0.0068359375
11 0.33935546875 0.697265625 0.00830078125 0.0068359375
11 0.33935546875 0.78271484375 0.00830078125 0.0068359375
10 0.19384765625 0.6103515625 0.0166015625 0.0458984375
10 0.19384765625 0.69580078125 0.0166015625 0.0458984375
10 0.19384765625 0.78125 0.0166015625 0.0458984375
1 0.193359375 0.8662109375 0.017578125 0.02099609375
8 0.244140625 0.859375 0.00634765625 0.01806640625
11 0.26953125 0.68505859375 0.0078125 0.0068359375
11 0.26953125 0.78271484375 0.0078125 0.0068359375
11 0.26953125 0.8681640625 0.0078125 0.0068359375
11 0.24462890625 0.5908203125 0.00830078125 0.0068359375
11 0.24462890625 0.6884765625 0.00830078125 0.00732421875
11 0.24462890625 0.77978515625 0.00830078125 0.00732421875
11 0.24462890625 0.83544921875 0.00830078125 0.00732421875
12 0.45703125 0.77392578125 0.0087890625 0.0068359375
11 0.45654296875 0.60595703125 0.00830078125 0.0068359375
11 0.45654296875 0.6943359375 0.00830078125 0.0068359375
11 0.45654296875 0.88916015625 0.00830078125 0.0068359375
11 0.431640625 0.6943359375 0.00830078125 0.0068359375
11 0.431640625 0.767578125 0.00830078125 0.0068359375
11 0.3642578125 0.876953125 0.00830078125 0.0068359375
11 0.48095703125 0.8828125 0.00830078125 0.0068359375
11 0.48095703125 0.697265625 0.00830078125 0.0068359375
11 0.50390625 0.61181640625 0.00830078125 0.0068359375
11 0.50390625 0.7001953125 0.00830078125 0.0068359375
11 0.50390625 0.876953125 0.00830078125 0.0068359375
11 0.431640625 0.8564453125 0.00830078125 0.00732421875
11 0.4091796875 0.6025390625 0.00830078125 0.0068359375
11 0.4091796875 0.69140625 0.00830078125 0.0068359375
11 0.4091796875 0.7705078125 0.00830078125 0.0068359375
11 0.4091796875 0.876953125 0.00830078125 0.0068359375
9 0.37060546875 0.86474609375 0.0068359375 0.017578125