11 0.59912109375 0.07275390625 0.00830078125 0.0068359375
11 0.59912109375 0.06689453125 0.00830078125 0.0068359375
8 0.5830078125 0.08203125 0.00634765625 0.017578125
11 0.58349609375 0.06689453125 0.00830078125 0.0068359375
11 0.58349609375 0.07275390625 0.00830078125 0.0068359375
11 0.650390625 0.1728515625 0.00830078125 0.0068359375
11 0.650390625 0.06689453125 0.00830078125 0.0068359375
11 0.650390625 0.07275390625 0.00830078125 0.0068359375
12 0.65234375 0.05810546875 0.0087890625 0.0068359375
12 0.65234375 0.0791015625 0.0087890625 0.0068359375
8 0.62109375 0.08203125 0.00634765625 0.017578125
11 0.62158203125 0.06689453125 0.00830078125 0.0068359375
11 0.62158203125 0.07275390625 0.00830078125 0.0068359375
11 0.5361328125 0.07568359375 0.00830078125 0.0068359375
11 0.51513671875 0.1494140625 0.00830078125 0.0068359375
11 0.51513671875 0.169921875 0.00830078125 0.0068359375
21 0.51416015625 0.056640625 0.00634765625 0.01806640625
11 0.51513671875 0.06103515625 0.00830078125 0.0068359375
11 0.51513671875 0.08154296875 0.00830078125 0.0068359375
8 0.49951171875 0.0849609375 0.00634765625 0.017578125
12 0.55859375 0.15185546875 0.0087890625 0.0068359375
12 0.55859375 0.1728515625 0.0087890625 0.0068359375
21 0.55712890625 0.056640625 0.00634765625 0.01806640625
12 0.55859375 0.05810546875 0.0087890625 0.0068359375
12 0.55859375 0.0791015625 0.0087890625 0.0068359375
8 0.53564453125 0.0849609375 0.00634765625 0.017578125
11 0.5361328125 0.06982421875 0.00830078125 0.00732421875
12 0.74853515625 0.1494140625 0.0087890625 0.0068359375
12 0.74853515625 0.169921875 0.0087890625 0.0068359375
21 0.7470703125 0.044921875 0.00634765625 0.0185546875
8 0.806640625 0.0751953125 0.00634765625 0.017578125
11 0.80712890625 0.05517578125 0.00830078125 0.00732421875
11 0.80712890625 0.06396484375 0.00830078125 0.0068359375
11 0.7841796875 0.05517578125 0.00830078125 0.00732421875
11 0.7841796875 0.06396484375 0.00830078125 0.0068359375
8 0.7685546875 0.0751953125 0.00634765625 0.017578125
11 0.76904296875 0.05517578125 0.00830078125 0.00732421875
11 0.76904296875 0.06396484375 0.00830078125 0.0068359375
8 0.68701171875 0.08203125 0.00634765625 0.017578125
11 0.6875 0.1611328125 0.00830078125 0.00732421875
11 0.6875 0.06689453125 0.00830078125 0.0068359375
11 0.6875 0.07275390625 0.00830078125 0.0068359375
11 0.6708984375 0.1669921875 0.00830078125 0.00732421875
12 0.74853515625 0.04931640625 0.0087890625 0.0068359375
12 0.74853515625 0.06982421875 0.0087890625 0.0068359375
8 0.7255859375 0.08203125 0.00634765625 0.017578125
11 0.72607421875 0.06689453125 0.00830078125 0.0068359375
11 0.72607421875 0.07275390625 0.00830078125 0.0068359375
11 0.703125 0.15185546875 0.00830078125 0.0068359375
11 0.703125 0.06689453125 0.00830078125 0.0068359375
11 0.703125 0.07275390625 0.00830078125 0.0068359375
11 0.31884765625 0.14013671875 0.00830078125 0.0068359375
11 0.31884765625 0.1611328125 0.00830078125 0.00732421875
21 0.3173828125 0.056640625 0.0068359375 0.01806640625
11 0.31884765625 0.06103515625 0.00830078125 0.0068359375
11 0.31884765625 0.08154296875 0.00830078125 0.0068359375
8 0.294921875 0.07763671875 0.00634765625 0.017578125
11 0.35498046875 0.0791015625 0.00830078125 0.0068359375
11 0.35498046875 0.05810546875 0.00830078125 0.0068359375
21 0.353515625 0.056640625 0.00634765625 0.01806640625
11 0.35498046875 0.1611328125 0.00830078125 0.00732421875
11 0.35498046875 0.14013671875 0.00830078125 0.0068359375
11 0.5 0.06982421875 0.00830078125 0.00732421875
11 0.29541015625 0.06103515625 0.00830078125 0.0068359375
8 0.33935546875 0.08203125 0.00634765625 0.017578125
11 0.33935546875 0.06689453125 0.00830078125 0.0068359375
11 0.33935546875 0.07275390625 0.00830078125 0.0068359375
1 0.193359375 0.150390625 0.017578125 0.02099609375
12 0.236328125 0.07275390625 0.0087890625 0.0068359375
12 0.236328125 0.05224609375 0.0087890625 0.0068359375
21 0.23486328125 0.05078125 0.00634765625 0.0185546875
12 0.236328125 0.1611328125 0.0087890625 0.0068359375
12 0.236328125 0.14013671875 0.0087890625 0.0068359375
10 0.19384765625 0.0625 0.0166015625 0.0458984375
0 0.17529296875 0.10791015625 0.0068359375 0.11328125
11 0.25732421875 0.06689453125 0.00830078125 0.0068359375
11 0.25732421875 0.06103515625 0.00830078125 0.0068359375
8 0.2568359375 0.07763671875 0.00634765625 0.017578125
11 0.2724609375 0.06689453125 0.00830078125 0.0068359375
11 0.2724609375 0.06103515625 0.00830078125 0.0068359375
11 0.29541015625 0.06689453125 0.00830078125 0.0068359375
11 0.45703125 0.06982421875 0.00830078125 0.00732421875
11 0.45703125 0.06396484375 0.00830078125 0.0068359375
8 0.45654296875 0.07958984375 0.00634765625 0.017578125
11 0.47900390625 0.0849609375 0.00830078125 0.0068359375
11 0.47900390625 0.06396484375 0.00830078125 0.0068359375
21 0.4775390625 0.1044921875 0.00634765625 0.0185546875
11 0.47900390625 0.169921875 0.00830078125 0.0068359375
11 0.47900390625 0.1494140625 0.00830078125 0.0068359375
11 0.43408203125 0.06396484375 0.00830078125 0.0068359375
11 0.43408203125 0.06982421875 0.00830078125 0.00732421875
8 0.41845703125 0.07958984375 0.00634765625 0.017578125
11 0.4189453125 0.06982421875 0.0078125 0.00732421875
11 0.5 0.07568359375 0.00830078125 0.0068359375
11 0.4189453125 0.06396484375 0.0078125 0.0068359375
8 0.37548828125 0.08203125 0.00634765625 0.017578125
12 0.39794921875 0.14306640625 0.0087890625 0.0068359375
12 0.39794921875 0.1640625 0.0087890625 0.0068359375
21 0.39697265625 0.05078125 0.00634765625 0.0185546875
12 0.39794921875 0.05517578125 0.0087890625 0.00732421875
12 0.39794921875 0.07568359375 0.0087890625 0.0068359375
11 0.3759765625 0.06396484375 0.00830078125 0.0068359375
11 0.3759765625 0.07275390625 0.00830078125 0.0068359375
9 0.4990234375 0.2998046875 0.00927734375 0.01611328125
11 0.603515625 0.236328125 0.00830078125 0.0068359375
11 0.64794921875 0.2880859375 0.00830078125 0.0068359375
12 0.6484375 0.224609375 0.0087890625 0.0068359375
12 0.6484375 0.2333984375 0.0087890625 0.0068359375
12 0.6484375 0.2392578125 0.0087890625 0.0068359375
11 0.61083984375 0.296875 0.00830078125 0.00732421875
11 0.61083984375 0.22705078125 0.00830078125 0.0068359375
11 0.61083984375 0.2333984375 0.00830078125 0.0068359375
11 0.54052734375 0.22412109375 0.00830078125 0.00732421875
11 0.54052734375 0.236328125 0.00830078125 0.0068359375
11 0.54052734375 0.2939453125 0.00830078125 0.0068359375
11 0.51025390625 0.296875 0.00830078125 0.00732421875
11 0.51025390625 0.22412109375 0.00830078125 0.00732421875
11 0.51025390625 0.2333984375 0.00830078125 0.0068359375
12 0.5107421875 0.21826171875 0.0087890625 0.0068359375
11 0.5810546875 0.291015625 0.00830078125 0.00732421875
11 0.5810546875 0.2333984375 0.00830078125 0.0068359375
11 0.57421875 0.236328125 0.00830078125 0.0068359375
12 0.58154296875 0.22119140625 0.0087890625 0.0068359375
11 0.78271484375 0.30859375 0.0078125 0.0068359375
11 0.78271484375 0.32958984375 0.0078125 0.0068359375
11 0.78271484375 0.22412109375 0.0078125 0.00732421875
11 0.78271484375 0.2333984375 0.0078125 0.0068359375
11 0.78271484375 0.2392578125 0.0078125 0.0068359375
15 0.76611328125 0.29150390625 0.0078125 0.01171875
15 0.76611328125 0.212890625 0.0078125 0.01171875
15 0.80712890625 0.29150390625 0.0078125 0.01171875
15 0.80712890625 0.212890625 0.0078125 0.01171875
11 0.68798828125 0.2939453125 0.00830078125 0.0068359375
8 0.6708984375 0.30908203125 0.00634765625 0.017578125
11 0.67138671875 0.296875 0.00830078125 0.00732421875
11 0.74169921875 0.2392578125 0.00830078125 0.0068359375
11 0.74169921875 0.30859375 0.00830078125 0.0068359375
11 0.74169921875 0.22412109375 0.00830078125 0.00732421875
11 0.74169921875 0.2333984375 0.00830078125 0.0068359375
11 0.71875 0.302734375 0.00830078125 0.0068359375
11 0.7041015625 0.296875 0.00830078125 0.00732421875
11 0.3271484375 0.21240234375 0.00830078125 0.0068359375
11 0.3271484375 0.296875 0.00830078125 0.00732421875
11 0.3271484375 0.31787109375 0.00830078125 0.0068359375
21 0.326171875 0.2109375 0.00634765625 0.01806640625
11 0.3271484375 0.2333984375 0.00830078125 0.0068359375
8 0.30322265625 0.2353515625 0.00634765625 0.017578125
11 0.3037109375 0.21826171875 0.00830078125 0.0068359375
11 0.3037109375 0.22412109375 0.00830078125 0.00732421875
11 0.27880859375 0.21826171875 0.00830078125 0.0068359375
11 0.27880859375 0.22412109375 0.00830078125 0.00732421875
11 0.36669921875 0.296875 0.00830078125 0.00732421875
11 0.36669921875 0.31787109375 0.00830078125 0.0068359375
21 0.365234375 0.216796875 0.00634765625 0.0185546875
11 0.36669921875 0.21826171875 0.00830078125 0.0068359375
11 0.36669921875 0.2392578125 0.00830078125 0.0068359375
8 0.349609375 0.2353515625 0.00634765625 0.017578125
11 0.35009765625 0.21826171875 0.00830078125 0.0068359375
11 0.35009765625 0.22412109375 0.00830078125 0.00732421875
12 0.23828125 0.2998046875 0.0087890625 0.0068359375
12 0.23828125 0.32080078125 0.0087890625 0.0068359375
21 0.23681640625 0.2109375 0.00634765625 0.01806640625
12 0.23828125 0.20947265625 0.0087890625 0.00732421875
12 0.23828125 0.23046875 0.0087890625 0.00732421875
1 0.193359375 0.30078125 0.017578125 0.02099609375
10 0.19384765625 0.22265625 0.0166015625 0.0458984375
0 0.17529296875 0.263671875 0.00634765625 0.103515625
8 0.26171875 0.2353515625 0.00634765625 0.017578125
11 0.26220703125 0.21826171875 0.0078125 0.0068359375
11 0.26220703125 0.22412109375 0.0078125 0.00732421875
11 0.4541015625 0.32666015625 0.00830078125 0.00732421875
21 0.453125 0.216796875 0.00634765625 0.0185546875
11 0.4541015625 0.21533203125 0.00830078125 0.0068359375
11 0.4541015625 0.236328125 0.00830078125 0.0068359375
8 0.4375 0.248046875 0.00634765625 0.01806640625
11 0.43798828125 0.23046875 0.00830078125 0.00732421875
11 0.43798828125 0.2392578125 0.00830078125 0.0068359375
11 0.4541015625 0.30615234375 0.00830078125 0.0068359375
11 0.4951171875 0.31201171875 0.005859375 0.00537109375
8 0.47705078125 0.23974609375 0.00634765625 0.017578125
11 0.4775390625 0.22119140625 0.00830078125 0.0068359375
11 0.4775390625 0.23046875 0.00830078125 0.00732421875
8 0.39111328125 0.248046875 0.00634765625 0.01806640625
11 0.3916015625 0.2333984375 0.00830078125 0.0068359375
11 0.3916015625 0.2392578125 0.00830078125 0.0068359375
11 0.4150390625 0.2939453125 0.00830078125 0.0068359375
11 0.4150390625 0.31494140625 0.00830078125 0.0068359375
21 0.41357421875 0.2646484375 0.00634765625 0.0185546875
11 0.4150390625 0.2451171875 0.00830078125 0.00732421875
11 0.4150390625 0.22412109375 0.00830078125 0.00732421875
11 0.234375 0.39306640625 0.005859375 0.0048828125
8 0.2333984375 0.40283203125 0.00927734375 0.01611328125
9 0.23779296875 0.36083984375 0.00927734375 0.01611328125
0 0.17529296875 0.40185546875 0.005859375 0.0791015625
11 0.234375 0.3720703125 0.005859375 0.0048828125
10 0.19384765625 0.37353515625 0.0166015625 0.0458984375
1 0.193359375 0.4267578125 0.017578125 0.02099609375
11 0.52587890625 0.515625 0.00830078125 0.00732421875
11 0.625 0.498046875 0.00830078125 0.0068359375
11 0.7236328125 0.4951171875 0.00830078125 0.00732421875
11 0.625 0.51904296875 0.00830078125 0.0068359375
11 0.7236328125 0.515625 0.00830078125 0.00732421875
11 0.236328125 0.4951171875 0.00830078125 0.00732421875
11 0.52587890625 0.4951171875 0.00830078125 0.00732421875
1 0.193359375 0.560546875 0.017578125 0.02099609375
0 0.17529296875 0.53173828125 0.005859375 0.0859375
10 0.19384765625 0.49951171875 0.0166015625 0.0458984375
11 0.42626953125 0.515625 0.00830078125 0.00732421875
8 0.42578125 0.52490234375 0.00634765625 0.01806640625
9 0.4326171875 0.4853515625 0.0068359375 0.017578125
11 0.42626953125 0.4951171875 0.00830078125 0.00732421875
11 0.236328125 0.515625 0.00830078125 0.00732421875
11 0.64404296875 0.61962890625 0.00830078125 0.0068359375
11 0.64404296875 0.640625 0.00830078125 0.0068359375
11 0.61474609375 0.6435546875 0.00830078125 0.00732421875
11 0.61474609375 0.62255859375 0.00830078125 0.0068359375
11 0.66015625 0.6435546875 0.00830078125 0.00732421875
11 0.66015625 0.62255859375 0.00830078125 0.0068359375
11 0.56494140625 0.62255859375 0.00830078125 0.0068359375
11 0.53955078125 0.6435546875 0.00830078125 0.00732421875
11 0.53955078125 0.62255859375 0.00830078125 0.0068359375
11 0.56494140625 0.6435546875 0.00830078125 0.00732421875
11 0.5986328125 0.646484375 0.00830078125 0.0068359375
11 0.5986328125 0.62548828125 0.00830078125 0.0068359375
11 0.58203125 0.6435546875 0.00830078125 0.00732421875
11 0.58203125 0.62255859375 0.00830078125 0.0068359375
8 0.564453125 0.65234375 0.00634765625 0.01806640625
9 0.5712890625 0.61376953125 0.0068359375 0.017578125
11 0.77490234375 0.66748046875 0.00830078125 0.0068359375
11 0.77490234375 0.67333984375 0.00830078125 0.0068359375
11 0.77490234375 0.68212890625 0.00830078125 0.0068359375
11 0.77490234375 0.62255859375 0.00830078125 0.0068359375
8 0.75830078125 0.634765625 0.00634765625 0.017578125
11 0.7587890625 0.62255859375 0.00830078125 0.0068359375
11 0.8076171875 0.62255859375 0.0078125 0.0068359375
11 0.791015625 0.61962890625 0.00830078125 0.0068359375
11 0.6953125 0.6435546875 0.00830078125 0.00732421875
11 0.6953125 0.62255859375 0.00830078125 0.0068359375
11 0.67919921875 0.646484375 0.00830078125 0.0068359375
11 0.67919921875 0.62548828125 0.00830078125 0.0068359375
11 0.73388671875 0.66455078125 0.00830078125 0.0068359375
11 0.73388671875 0.67041015625 0.00830078125 0.00732421875
11 0.73388671875 0.68212890625 0.00830078125 0.0068359375
11 0.73388671875 0.62255859375 0.00830078125 0.0068359375
11 0.32861328125 0.67041015625 0.00830078125 0.00732421875
11 0.32861328125 0.67626953125 0.00830078125 0.0068359375
11 0.32861328125 0.6884765625 0.00830078125 0.0068359375
11 0.32861328125 0.62890625 0.00830078125 0.00732421875
11 0.2900390625 0.6494140625 0.00830078125 0.00732421875
11 0.2900390625 0.62890625 0.00830078125 0.00732421875
11 0.3701171875 0.67333984375 0.00830078125 0.0068359375
11 0.3701171875 0.6796875 0.00830078125 0.0068359375
11 0.3701171875 0.6884765625 0.00830078125 0.0068359375
8 0.35302734375 0.640625 0.00634765625 0.017578125
11 0.353515625 0.62890625 0.00830078125 0.00732421875
11 0.236328125 0.646484375 0.00830078125 0.0068359375
11 0.236328125 0.62548828125 0.00830078125 0.0068359375
1 0.193359375 0.6865234375 0.017578125 0.02099609375
10 0.19384765625 0.63330078125 0.0166015625 0.0458984375
0 0.17529296875 0.66162109375 0.005859375 0.0791015625
11 0.27392578125 0.65234375 0.00830078125 0.0068359375
11 0.27392578125 0.6318359375 0.00830078125 0.0068359375
11 0.3701171875 0.62890625 0.00830078125 0.00732421875
11 0.25244140625 0.6494140625 0.00830078125 0.00732421875
11 0.25244140625 0.62890625 0.00830078125 0.00732421875
11 0.4638671875 0.6376953125 0.00830078125 0.0068359375
11 0.47998046875 0.6796875 0.00830078125 0.0068359375
11 0.47998046875 0.640625 0.00830078125 0.0068359375
8 0.46337890625 0.69970703125 0.00634765625 0.01806640625
11 0.4638671875 0.67041015625 0.00830078125 0.00732421875
11 0.4638671875 0.68212890625 0.00830078125 0.0068359375
11 0.4638671875 0.6884765625 0.00830078125 0.0068359375
11 0.47998046875 0.67333984375 0.00830078125 0.0068359375
15 0.447265625 0.67724609375 0.0078125 0.01171875
11 0.447265625 0.634765625 0.00830078125 0.0068359375
8 0.52392578125 0.65625 0.00927734375 0.01611328125
9 0.5283203125 0.61572265625 0.00927734375 0.01611328125
11 0.52490234375 0.646484375 0.005859375 0.0048828125
11 0.52490234375 0.62548828125 0.005859375 0.0048828125
15 0.50439453125 0.67724609375 0.0078125 0.01171875
15 0.50439453125 0.62353515625 0.0078125 0.01171875
11 0.43115234375 0.68212890625 0.00830078125 0.0068359375
11 0.43115234375 0.6884765625 0.00830078125 0.0068359375
11 0.43115234375 0.6318359375 0.00830078125 0.0068359375
11 0.43115234375 0.67626953125 0.00830078125 0.0068359375
11 0.40234375 0.62890625 0.00830078125 0.00732421875
11 0.38623046875 0.62548828125 0.00830078125 0.0068359375
8 0.4306640625 0.69970703125 0.00634765625 0.01806640625
11 0.6806640625 0.74853515625 0.00830078125 0.00732421875
11 0.6357421875 0.7919921875 0.00830078125 0.00732421875
11 0.6357421875 0.74853515625 0.00830078125 0.00732421875
11 0.6357421875 0.7578125 0.00830078125 0.0068359375
11 0.6357421875 0.763671875 0.00830078125 0.0068359375
11 0.6806640625 0.81298828125 0.00830078125 0.0068359375
11 0.66552734375 0.80712890625 0.00830078125 0.00732421875
11 0.65087890625 0.80126953125 0.00830078125 0.0068359375
11 0.6806640625 0.763671875 0.00830078125 0.0068359375
11 0.6806640625 0.7578125 0.00830078125 0.0068359375
11 0.57958984375 0.7578125 0.00830078125 0.0068359375
11 0.56201171875 0.80712890625 0.00830078125 0.00732421875
11 0.56201171875 0.763671875 0.00830078125 0.0068359375
11 0.57958984375 0.80126953125 0.00830078125 0.0068359375
11 0.5439453125 0.81298828125 0.00830078125 0.0068359375
11 0.5439453125 0.76953125 0.00830078125 0.00732421875
11 0.6123046875 0.80126953125 0.00830078125 0.0068359375
11 0.6123046875 0.7578125 0.00830078125 0.0068359375
11 0.59423828125 0.80712890625 0.00830078125 0.00732421875
11 0.59423828125 0.763671875 0.00830078125 0.0068359375
8 0.80419921875 0.771484375 0.00634765625 0.01806640625
11 0.8046875 0.81591796875 0.00830078125 0.0068359375
11 0.8046875 0.8369140625 0.00830078125 0.0068359375
11 0.8046875 0.74560546875 0.00830078125 0.0068359375
11 0.8046875 0.7578125 0.00830078125 0.0068359375
11 0.79736328125 0.76025390625 0.00830078125 0.0068359375
11 0.779296875 0.81591796875 0.00830078125 0.0068359375
11 0.779296875 0.8369140625 0.00830078125 0.0068359375
11 0.779296875 0.74560546875 0.00830078125 0.0068359375
11 0.779296875 0.7578125 0.00830078125 0.0068359375
11 0.77197265625 0.76025390625 0.00830078125 0.0068359375
9 0.7666015625 0.8056640625 0.0068359375 0.017578125
8 0.75927734375 0.771484375 0.00634765625 0.01806640625
9 0.81103515625 0.8056640625 0.0068359375 0.017578125
11 0.73486328125 0.81591796875 0.00830078125 0.0068359375
11 0.73486328125 0.8369140625 0.00830078125 0.0068359375
11 0.73486328125 0.74560546875 0.00830078125 0.0068359375
11 0.73486328125 0.7578125 0.00830078125 0.0068359375
11 0.7275390625 0.76025390625 0.0078125 0.0068359375
8 0.705078125 0.77392578125 0.00634765625 0.017578125
15 0.70556640625 0.8076171875 0.0078125 0.01171875
11 0.70556640625 0.74853515625 0.00830078125 0.00732421875
11 0.70556640625 0.7578125 0.00830078125 0.0068359375
11 0.70556640625 0.763671875 0.00830078125 0.0068359375
11 0.76025390625 0.81591796875 0.0078125 0.0068359375
11 0.76025390625 0.8369140625 0.0078125 0.0068359375
11 0.76025390625 0.74560546875 0.0078125 0.0068359375
11 0.76025390625 0.7578125 0.0078125 0.0068359375
11 0.7529296875 0.76025390625 0.00830078125 0.0068359375
11 0.34033203125 0.7578125 0.00830078125 0.0068359375
11 0.3330078125 0.76025390625 0.00830078125 0.0068359375
11 0.34033203125 0.74560546875 0.00830078125 0.0068359375
8 0.310546875 0.7607421875 0.00634765625 0.017578125
15 0.31103515625 0.8076171875 0.0078125 0.01171875
11 0.31103515625 0.74853515625 0.00830078125 0.00732421875
11 0.28515625 0.7978515625 0.00830078125 0.0068359375
11 0.28515625 0.80419921875 0.00830078125 0.0068359375
11 0.28515625 0.76025390625 0.00830078125 0.0068359375
8 0.2685546875 0.8251953125 0.00634765625 0.017578125
9 0.3720703125 0.736328125 0.0068359375 0.017578125
11 0.365234375 0.7578125 0.00830078125 0.0068359375
11 0.3583984375 0.76025390625 0.00830078125 0.0068359375
11 0.365234375 0.74560546875 0.00830078125 0.0068359375
11 0.236328125 0.80126953125 0.00830078125 0.0068359375
11 0.236328125 0.80712890625 0.00830078125 0.00732421875
11 0.236328125 0.81298828125 0.00830078125 0.0068359375
11 0.236328125 0.75146484375 0.00830078125 0.0068359375
1 0.193359375 0.8173828125 0.017578125 0.02099609375
10 0.19384765625 0.75927734375 0.0166015625 0.0458984375
0 0.17529296875 0.78955078125 0.005859375 0.08349609375
11 0.2685546875 0.79541015625 0.00830078125 0.0068359375
11 0.2685546875 0.80712890625 0.00830078125 0.00732421875
11 0.2685546875 0.81298828125 0.00830078125 0.0068359375
11 0.2685546875 0.7578125 0.00830078125 0.0068359375
15 0.25244140625 0.8076171875 0.0078125 0.01171875
11 0.25244140625 0.75439453125 0.00830078125 0.0068359375
8 0.23583984375 0.8251953125 0.00634765625 0.017578125
11 0.47607421875 0.763671875 0.00830078125 0.0068359375
9 0.46630859375 0.7470703125 0.0068359375 0.017578125
19 0.4599609375 0.77099609375 0.00830078125 0.00390625
11 0.4599609375 0.7578125 0.00830078125 0.0068359375
15 0.52783203125 0.8076171875 0.0078125 0.01171875
11 0.52783203125 0.76953125 0.00830078125 0.00732421875
9 0.50927734375 0.7470703125 0.0068359375 0.017578125
11 0.5029296875 0.7578125 0.00830078125 0.0068359375
9 0.4169921875 0.736328125 0.0068359375 0.017578125
11 0.41015625 0.7578125 0.00830078125 0.0068359375
11 0.41015625 0.74560546875 0.00830078125 0.0068359375
11 0.40283203125 0.76025390625 0.00830078125 0.0068359375
11 0.384765625 0.7578125 0.0078125 0.0068359375
11 0.3779296875 0.76025390625 0.00830078125 0.0068359375
11 0.384765625 0.74560546875 0.0078125 0.0068359375
8 0.365234375 0.771484375 0.00634765625 0.01806640625
11 0.435546875 0.74853515625 0.00830078125 0.00732421875
11 0.435546875 0.763671875 0.00830078125 0.0068359375
11 0.435546875 0.7578125 0.00830078125 0.0068359375
8 0.40966796875 0.771484375 0.00634765625 0.01806640625
11 0.654296875 0.87939453125 0.00830078125 0.0068359375
11 0.654296875 0.900390625 0.00830078125 0.0068359375
11 0.654296875 0.89404296875 0.00830078125 0.0068359375
11 0.654296875 0.88818359375 0.00830078125 0.0068359375
11 0.638671875 0.87939453125 0.00830078125 0.0068359375
11 0.638671875 0.88818359375 0.00830078125 0.0068359375
11 0.638671875 0.89404296875 0.00830078125 0.0068359375
11 0.638671875 0.900390625 0.00830078125 0.0068359375
9 0.70068359375 0.93603515625 0.0068359375 0.017578125
11 0.69384765625 0.947265625 0.00830078125 0.0068359375
11 0.69384765625 0.96826171875 0.00830078125 0.0068359375
15 0.69384765625 0.8798828125 0.0078125 0.01171875
11 0.71826171875 0.9091796875 0.00830078125 0.0068359375
11 0.71826171875 0.9501953125 0.00830078125 0.00732421875
11 0.669921875 0.9443359375 0.00830078125 0.0068359375
11 0.669921875 0.96533203125 0.00830078125 0.00732421875
11 0.669921875 0.87939453125 0.00830078125 0.0068359375
11 0.669921875 0.88818359375 0.00830078125 0.0068359375
11 0.669921875 0.89404296875 0.00830078125 0.0068359375
11 0.669921875 0.900390625 0.00830078125 0.0068359375
11 0.57470703125 0.88818359375 0.00830078125 0.0068359375
11 0.57470703125 0.87939453125 0.00830078125 0.0068359375
11 0.57470703125 0.9619140625 0.00830078125 0.0068359375
11 0.57470703125 0.94140625 0.00830078125 0.0068359375
11 0.57470703125 0.89404296875 0.00830078125 0.0068359375
15 0.5986328125 0.8798828125 0.0078125 0.01171875
11 0.5986328125 0.96533203125 0.00830078125 0.00732421875
11 0.5986328125 0.9443359375 0.00830078125 0.0068359375
11 0.55859375 0.87939453125 0.00830078125 0.0068359375
11 0.55859375 0.900390625 0.00830078125 0.0068359375
11 0.55859375 0.89404296875 0.00830078125 0.0068359375
11 0.55859375 0.88818359375 0.00830078125 0.0068359375
11 0.57470703125 0.900390625 0.00830078125 0.0068359375
11 0.62255859375 0.9443359375 0.00830078125 0.0068359375
11 0.62255859375 0.96533203125 0.00830078125 0.00732421875
15 0.62255859375 0.8798828125 0.0078125 0.01171875
9 0.60546875 0.93359375 0.0068359375 0.017578125
11 0.78564453125 0.95947265625 0.00830078125 0.0068359375
11 0.80517578125 0.91796875 0.00830078125 0.0068359375
11 0.80517578125 0.95947265625 0.00830078125 0.0068359375
11 0.78564453125 0.91796875 0.00830078125 0.0068359375
11 0.73388671875 0.912109375 0.00830078125 0.0068359375
11 0.73388671875 0.953125 0.00830078125 0.0068359375
11 0.75 0.9150390625 0.00830078125 0.0068359375
11 0.77001953125 0.9560546875 0.00830078125 0.0068359375
11 0.77001953125 0.9150390625 0.00830078125 0.0068359375
11 0.75 0.9560546875 0.00830078125 0.0068359375
11 0.34814453125 0.900390625 0.00830078125 0.0068359375
11 0.34814453125 0.9619140625 0.00830078125 0.0068359375
15 0.33203125 0.93603515625 0.0078125 0.01171875
11 0.396484375 0.89404296875 0.00830078125 0.0068359375
11 0.396484375 0.9560546875 0.00830078125 0.0068359375
11 0.365234375 0.89404296875 0.00830078125 0.0068359375
11 0.365234375 0.9560546875 0.00830078125 0.0068359375
11 0.33203125 0.900390625 0.00830078125 0.0068359375
11 0.38232421875 0.88818359375 0.00830078125 0.0068359375
11 0.38232421875 0.9501953125 0.00830078125 0.00732421875
11 0.236328125 0.89404296875 0.00830078125 0.0068359375
1 0.193359375 0.9453125 0.017578125 0.02099609375
11 0.236328125 0.88818359375 0.00830078125 0.0068359375
11 0.236328125 0.87939453125 0.00830078125 0.0068359375
11 0.236328125 0.9619140625 0.00830078125 0.0068359375
11 0.236328125 0.94140625 0.00830078125 0.0068359375
0 0.17529296875 0.91943359375 0.005859375 0.0810546875
10 0.19384765625 0.8896484375 0.0166015625 0.0458984375
11 0.28466796875 0.89404296875 0.00830078125 0.0068359375
11 0.3095703125 0.88818359375 0.00830078125 0.0068359375
8 0.30908203125 0.900390625 0.00634765625 0.01806640625
11 0.54296875 0.87939453125 0.00830078125 0.0068359375
8 0.2685546875 0.900390625 0.00634765625 0.01806640625
19 0.26904296875 0.93359375 0.00830078125 0.00390625
11 0.26904296875 0.88818359375 0.00830078125 0.0068359375
15 0.25341796875 0.93603515625 0.0078125 0.01171875
9 0.24267578125 0.931640625 0.0068359375 0.017578125
15 0.5048828125 0.8798828125 0.0078125 0.01171875
11 0.48095703125 0.9619140625 0.00830078125 0.0068359375
15 0.5048828125 0.93603515625 0.0078125 0.01171875
11 0.48095703125 0.87939453125 0.00830078125 0.0068359375
11 0.48095703125 0.88818359375 0.00830078125 0.0068359375
11 0.48095703125 0.89404296875 0.00830078125 0.0068359375
11 0.48095703125 0.900390625 0.00830078125 0.0068359375
11 0.46630859375 0.9560546875 0.00830078125 0.0068359375
11 0.54296875 0.900390625 0.00830078125 0.0068359375
11 0.54296875 0.89404296875 0.00830078125 0.0068359375
11 0.54296875 0.88818359375 0.00830078125 0.0068359375
11 0.52734375 0.94140625 0.00830078125 0.0068359375
11 0.52734375 0.9619140625 0.00830078125 0.0068359375
15 0.52734375 0.8798828125 0.0078125 0.01171875
11 0.4521484375 0.9501953125 0.00830078125 0.00732421875
11 0.43798828125 0.94140625 0.00830078125 0.0068359375
11 0.43798828125 0.87939453125 0.00830078125 0.0068359375
11 0.43798828125 0.88818359375 0.00830078125 0.0068359375
11 0.43798828125 0.89404296875 0.00830078125 0.0068359375
11 0.43798828125 0.900390625 0.00830078125 0.0068359375
11 0.41357421875 0.9501953125 0.00830078125 0.00732421875
11 0.41357421875 0.88818359375 0.00830078125 0.0068359375