11 0.64794921875 0.1220703125 0.00634765625 0.005859375
11 0.6279296875 0.126953125 0.00634765625 0.005859375
21 0.626953125 0.05224609375 0.00537109375 0.01513671875
12 0.6875 0.12890625 0.00732421875 0.005859375
11 0.68701171875 0.0654296875 0.00634765625 0.005859375
11 0.68701171875 0.0703125 0.00634765625 0.005859375
11 0.5439453125 0.06787109375 0.00634765625 0.005859375
11 0.5439453125 0.07275390625 0.00634765625 0.005859375
11 0.5625 0.07275390625 0.00634765625 0.005859375
11 0.525390625 0.06787109375 0.00634765625 0.005859375
11 0.525390625 0.07275390625 0.00634765625 0.005859375
11 0.609375 0.06787109375 0.00634765625 0.005859375
11 0.609375 0.0751953125 0.00634765625 0.005859375
11 0.58447265625 0.06787109375 0.00634765625 0.005859375
11 0.58447265625 0.07275390625 0.00634765625 0.005859375
11 0.5625 0.06787109375 0.00634765625 0.005859375
11 0.71875 0.06298828125 0.00634765625 0.005859375
11 0.74072265625 0.060546875 0.00634765625 0.005859375
11 0.74072265625 0.0654296875 0.00634765625 0.005859375
9 0.7236328125 0.05419921875 0.00537109375 0.01416015625
11 0.71875 0.06787109375 0.00634765625 0.005859375
11 0.80419921875 0.0556640625 0.00634765625 0.005859375
11 0.80419921875 0.060546875 0.00634765625 0.005859375
11 0.779296875 0.1220703125 0.00634765625 0.005859375
11 0.779296875 0.05810546875 0.00634765625 0.005859375
11 0.779296875 0.06298828125 0.00634765625 0.005859375
11 0.26708984375 0.07275390625 0.00634765625 0.005859375
11 0.30712890625 0.126953125 0.00634765625 0.005859375
11 0.30712890625 0.06787109375 0.00634765625 0.005859375
11 0.24853515625 0.0751953125 0.00634765625 0.005859375
12 0.3525390625 0.12890625 0.00732421875 0.005859375
11 0.3525390625 0.0703125 0.00634765625 0.005859375
1 0.1904296875 0.11083984375 0.01416015625 0.01708984375
10 0.19091796875 0.06201171875 0.013671875 0.037109375
0 0.17626953125 0.087890625 0.0048828125 0.068359375
11 0.2294921875 0.07275390625 0.00634765625 0.005859375
12 0.21142578125 0.13134765625 0.00732421875 0.005859375
15 0.2109375 0.05419921875 0.00634765625 0.00927734375
11 0.4716796875 0.060546875 0.00634765625 0.005859375
11 0.505859375 0.0556640625 0.00634765625 0.005859375
11 0.505859375 0.060546875 0.00634765625 0.005859375
11 0.4716796875 0.0556640625 0.00634765625 0.005859375
11 0.44384765625 0.1220703125 0.00634765625 0.005859375
12 0.50634765625 0.13134765625 0.0068359375 0.005859375
11 0.4052734375 0.060546875 0.00634765625 0.005859375
9 0.38916015625 0.05810546875 0.005859375 0.01416015625
11 0.3837890625 0.06787109375 0.00634765625 0.005859375
11 0.44384765625 0.05810546875 0.00634765625 0.005859375
11 0.44384765625 0.06298828125 0.00634765625 0.005859375
11 0.5732421875 0.2001953125 0.00634765625 0.005859375
12 0.6328125 0.1953125 0.0068359375 0.005859375
11 0.486328125 0.19775390625 0.00634765625 0.005859375
15 0.5927734375 0.193359375 0.00634765625 0.00927734375
11 0.6123046875 0.1953125 0.00634765625 0.005859375
11 0.6123046875 0.2001953125 0.00634765625 0.005859375
8 0.61181640625 0.20947265625 0.0048828125 0.0146484375
12 0.6328125 0.2001953125 0.0068359375 0.005859375
11 0.5732421875 0.1953125 0.00634765625 0.005859375
11 0.52490234375 0.19775390625 0.00634765625 0.005859375
11 0.52490234375 0.20263671875 0.00634765625 0.005859375
11 0.505859375 0.26953125 0.00634765625 0.005859375
15 0.505859375 0.193359375 0.00634765625 0.00927734375
12 0.5537109375 0.279296875 0.0068359375 0.005859375
11 0.5537109375 0.19775390625 0.00634765625 0.005859375
11 0.5537109375 0.20263671875 0.00634765625 0.005859375
8 0.52490234375 0.21142578125 0.00537109375 0.01416015625
12 0.7060546875 0.19775390625 0.0068359375 0.005859375
12 0.7060546875 0.205078125 0.0068359375 0.005859375
12 0.7060546875 0.2119140625 0.0068359375 0.005859375
11 0.65576171875 0.279296875 0.00634765625 0.005859375
12 0.75341796875 0.2001953125 0.0068359375 0.005859375
12 0.75341796875 0.205078125 0.0068359375 0.005859375
12 0.75341796875 0.2119140625 0.0068359375 0.005859375
11 0.2490234375 0.2119140625 0.00634765625 0.005859375
11 0.2685546875 0.20751953125 0.00634765625 0.005859375
11 0.2685546875 0.2119140625 0.00634765625 0.005859375
11 0.2490234375 0.20751953125 0.00634765625 0.005859375
11 0.2294921875 0.20751953125 0.00634765625 0.005859375
11 0.2294921875 0.2119140625 0.00634765625 0.005859375
11 0.31103515625 0.20751953125 0.00634765625 0.005859375
11 0.3310546875 0.2744140625 0.00634765625 0.005859375
15 0.33056640625 0.193359375 0.005859375 0.00927734375
11 0.486328125 0.20263671875 0.00634765625 0.005859375
11 0.31103515625 0.2001953125 0.00634765625 0.005859375
11 0.2880859375 0.20751953125 0.00634765625 0.005859375
11 0.2880859375 0.2119140625 0.00634765625 0.005859375
10 0.19091796875 0.201171875 0.013671875 0.037109375
22 0.7431640625 0.25146484375 0.00634765625 0.0029296875
1 0.1904296875 0.25830078125 0.01416015625 0.01708984375
0 0.17626953125 0.2314453125 0.0048828125 0.07763671875
11 0.2109375 0.2001953125 0.00634765625 0.005859375
12 0.21142578125 0.279296875 0.00732421875 0.005859375
11 0.2109375 0.1953125 0.00634765625 0.005859375
15 0.427734375 0.193359375 0.00634765625 0.00927734375
11 0.447265625 0.205078125 0.00634765625 0.005859375
11 0.408203125 0.20263671875 0.00634765625 0.005859375
11 0.408203125 0.20751953125 0.00634765625 0.005859375
11 0.447265625 0.2001953125 0.00634765625 0.005859375
9 0.35546875 0.1953125 0.005859375 0.01416015625
11 0.35009765625 0.205078125 0.00634765625 0.005859375
11 0.35009765625 0.20947265625 0.00634765625 0.005859375
12 0.3818359375 0.27685546875 0.0068359375 0.005859375
8 0.44677734375 0.21337890625 0.0048828125 0.0146484375
11 0.3818359375 0.205078125 0.00634765625 0.005859375
11 0.3818359375 0.20947265625 0.00634765625 0.005859375
11 0.46630859375 0.205078125 0.00634765625 0.005859375
11 0.46630859375 0.2001953125 0.00634765625 0.005859375
11 0.57958984375 0.35302734375 0.00634765625 0.005859375
12 0.60009765625 0.419921875 0.0068359375 0.005859375
21 0.59912109375 0.33935546875 0.00537109375 0.01513671875
11 0.67724609375 0.42236328125 0.00634765625 0.005859375
21 0.67626953125 0.33935546875 0.00537109375 0.01513671875
11 0.6328125 0.35302734375 0.00634765625 0.005859375
11 0.6328125 0.35986328125 0.00634765625 0.005859375
11 0.6328125 0.3671875 0.00634765625 0.005859375
12 0.5263671875 0.4130859375 0.00732421875 0.005859375
21 0.525390625 0.33935546875 0.00537109375 0.01513671875
11 0.5595703125 0.35986328125 0.00634765625 0.005859375
11 0.57958984375 0.3671875 0.00634765625 0.005859375
11 0.5595703125 0.35302734375 0.00634765625 0.005859375
11 0.57958984375 0.35986328125 0.00634765625 0.005859375
11 0.5595703125 0.3671875 0.00634765625 0.005859375
11 0.7783203125 0.35302734375 0.00634765625 0.005859375
11 0.7783203125 0.35986328125 0.00634765625 0.005859375
11 0.7783203125 0.36474609375 0.00634765625 0.005859375
12 0.74560546875 0.42236328125 0.0068359375 0.005859375
21 0.74462890625 0.33935546875 0.00537109375 0.01513671875
11 0.71044921875 0.42236328125 0.00634765625 0.005859375
11 0.71044921875 0.35302734375 0.00634765625 0.005859375
11 0.71044921875 0.35986328125 0.00634765625 0.005859375
11 0.71044921875 0.36474609375 0.00634765625 0.005859375
11 0.283203125 0.34521484375 0.00634765625 0.005859375
11 0.283203125 0.35302734375 0.00634765625 0.005859375
11 0.283203125 0.357421875 0.00634765625 0.005859375
11 0.259765625 0.34521484375 0.00634765625 0.005859375
11 0.259765625 0.35302734375 0.00634765625 0.005859375
11 0.259765625 0.357421875 0.00634765625 0.005859375
11 0.33740234375 0.42236328125 0.00634765625 0.005859375
11 0.33740234375 0.34521484375 0.00634765625 0.005859375
11 0.33740234375 0.35302734375 0.00634765625 0.005859375
11 0.3037109375 0.419921875 0.00634765625 0.005859375
21 0.302734375 0.33935546875 0.00537109375 0.01513671875
10 0.19091796875 0.34912109375 0.013671875 0.037109375
0 0.17626953125 0.37451171875 0.0048828125 0.068359375
12 0.22705078125 0.4150390625 0.00732421875 0.005859375
21 0.22607421875 0.33935546875 0.00537109375 0.01513671875
11 0.33740234375 0.357421875 0.00634765625 0.005859375
1 0.1904296875 0.39697265625 0.01416015625 0.01708984375
11 0.4140625 0.34521484375 0.00634765625 0.005859375
11 0.482421875 0.35302734375 0.00634765625 0.005859375
11 0.482421875 0.357421875 0.00634765625 0.005859375
11 0.4140625 0.357421875 0.00634765625 0.005859375
11 0.4140625 0.35302734375 0.00634765625 0.005859375
21 0.44775390625 0.33935546875 0.00537109375 0.01513671875
11 0.44873046875 0.42236328125 0.00634765625 0.005859375
12 0.38134765625 0.4150390625 0.0068359375 0.005859375
21 0.38037109375 0.33935546875 0.00537109375 0.01513671875
11 0.482421875 0.34521484375 0.00634765625 0.005859375
11 0.482421875 0.419921875 0.00634765625 0.005859375
11 0.63720703125 0.486328125 0.00634765625 0.005859375
11 0.63720703125 0.4912109375 0.00634765625 0.005859375
12 0.6025390625 0.5595703125 0.0068359375 0.005859375
12 0.67919921875 0.56201171875 0.00732421875 0.005859375
11 0.6787109375 0.48876953125 0.00634765625 0.005859375
11 0.6787109375 0.49365234375 0.00634765625 0.005859375
11 0.60205078125 0.49365234375 0.00634765625 0.005859375
11 0.56884765625 0.486328125 0.00634765625 0.005859375
11 0.56884765625 0.4912109375 0.00634765625 0.005859375
11 0.60205078125 0.48876953125 0.00634765625 0.005859375
11 0.5478515625 0.48876953125 0.00634765625 0.005859375
11 0.5478515625 0.49365234375 0.00634765625 0.005859375
11 0.7138671875 0.486328125 0.00634765625 0.005859375
11 0.73388671875 0.48388671875 0.00634765625 0.005859375
11 0.73388671875 0.48876953125 0.00634765625 0.005859375
11 0.7138671875 0.4912109375 0.00634765625 0.005859375
11 0.78662109375 0.56201171875 0.00634765625 0.005859375
11 0.75390625 0.54736328125 0.00634765625 0.005859375
12 0.75439453125 0.48388671875 0.00732421875 0.005859375
12 0.75439453125 0.48876953125 0.00732421875 0.005859375
11 0.28125 0.486328125 0.00634765625 0.005859375
11 0.28125 0.4912109375 0.00634765625 0.005859375
11 0.28125 0.49609375 0.00634765625 0.005859375
11 0.30126953125 0.49609375 0.00634765625 0.005859375
11 0.2607421875 0.48388671875 0.00634765625 0.005859375
11 0.2607421875 0.4912109375 0.00634765625 0.005859375
11 0.2607421875 0.49609375 0.00634765625 0.005859375
12 0.5283203125 0.55224609375 0.0068359375 0.005859375
11 0.33544921875 0.56201171875 0.00634765625 0.005859375
21 0.33447265625 0.47802734375 0.00537109375 0.01513671875
11 0.30126953125 0.5595703125 0.00634765625 0.005859375
11 0.30126953125 0.486328125 0.00634765625 0.005859375
11 0.30126953125 0.4912109375 0.00634765625 0.005859375
1 0.1904296875 0.5361328125 0.01416015625 0.01708984375
10 0.19091796875 0.48779296875 0.013671875 0.037109375
0 0.17626953125 0.51318359375 0.0048828125 0.068359375
11 0.2265625 0.49609375 0.00634765625 0.005859375
12 0.22705078125 0.5546875 0.00732421875 0.005859375
11 0.2265625 0.486328125 0.00634765625 0.005859375
11 0.2265625 0.4912109375 0.00634765625 0.005859375
11 0.431640625 0.4912109375 0.00634765625 0.005859375
11 0.45166015625 0.56201171875 0.00634765625 0.005859375
11 0.45166015625 0.486328125 0.00634765625 0.005859375
11 0.45166015625 0.4912109375 0.00634765625 0.005859375
11 0.45166015625 0.49609375 0.00634765625 0.005859375
11 0.431640625 0.486328125 0.00634765625 0.005859375
11 0.431640625 0.49609375 0.00634765625 0.005859375
11 0.41162109375 0.48388671875 0.00634765625 0.005859375
11 0.41162109375 0.4912109375 0.00634765625 0.005859375
11 0.41162109375 0.49609375 0.00634765625 0.005859375
11 0.52783203125 0.48876953125 0.00634765625 0.005859375
11 0.52783203125 0.49365234375 0.00634765625 0.005859375
11 0.48583984375 0.5595703125 0.00634765625 0.005859375
21 0.48486328125 0.47802734375 0.00537109375 0.01513671875
12 0.37744140625 0.5546875 0.0068359375 0.005859375
11 0.37744140625 0.486328125 0.00634765625 0.005859375
11 0.37744140625 0.4912109375 0.00634765625 0.005859375
11 0.37744140625 0.49609375 0.00634765625 0.005859375
11 0.6142578125 0.68359375 0.00634765625 0.005859375
12 0.6923828125 0.61865234375 0.00732421875 0.005859375
12 0.6923828125 0.68359375 0.00732421875 0.005859375
13 0.6943359375 0.70068359375 0.0087890625 0.005859375
11 0.65869140625 0.68359375 0.00634765625 0.005859375
13 0.6953125 0.62548828125 0.0087890625 0.005859375
13 0.6953125 0.63037109375 0.0087890625 0.005859375
13 0.6953125 0.63525390625 0.0087890625 0.005859375
8 0.658203125 0.69091796875 0.0048828125 0.01416015625
19 0.55419921875 0.708984375 0.01171875 0.00341796875
11 0.5537109375 0.70068359375 0.00634765625 0.005859375
13 0.55517578125 0.6181640625 0.0087890625 0.005859375
13 0.55517578125 0.62548828125 0.0087890625 0.005859375
13 0.55517578125 0.63037109375 0.0087890625 0.005859375
13 0.55517578125 0.63525390625 0.0087890625 0.005859375
12 0.58984375 0.70068359375 0.00732421875 0.005859375
11 0.76806640625 0.68359375 0.00634765625 0.005859375
12 0.7431640625 0.62060546875 0.00732421875 0.005859375
11 0.30419921875 0.63525390625 0.00634765625 0.005859375
11 0.283203125 0.62548828125 0.00634765625 0.005859375
11 0.283203125 0.63037109375 0.00634765625 0.005859375
11 0.283203125 0.63525390625 0.00634765625 0.005859375
11 0.30419921875 0.63037109375 0.00634765625 0.005859375
11 0.26220703125 0.62353515625 0.00634765625 0.005859375
11 0.26220703125 0.63037109375 0.00634765625 0.005859375
11 0.26220703125 0.63525390625 0.00634765625 0.005859375
11 0.33984375 0.6982421875 0.00634765625 0.005859375
21 0.3388671875 0.6171875 0.00537109375 0.01513671875
11 0.30419921875 0.69580078125 0.00634765625 0.005859375
11 0.30419921875 0.62548828125 0.00634765625 0.005859375
10 0.19091796875 0.626953125 0.013671875 0.037109375
1 0.1904296875 0.67236328125 0.01416015625 0.01708984375
0 0.17626953125 0.65087890625 0.0048828125 0.06640625
12 0.22705078125 0.69091796875 0.00732421875 0.005859375
11 0.2265625 0.62548828125 0.00634765625 0.005859375
11 0.2265625 0.63037109375 0.00634765625 0.005859375
11 0.2265625 0.63525390625 0.00634765625 0.005859375
11 0.43994140625 0.63525390625 0.00634765625 0.005859375
11 0.43994140625 0.63037109375 0.00634765625 0.005859375
11 0.41943359375 0.62353515625 0.00634765625 0.005859375
11 0.41943359375 0.63037109375 0.00634765625 0.005859375
11 0.41943359375 0.63525390625 0.00634765625 0.005859375
11 0.4609375 0.6982421875 0.00634765625 0.005859375
11 0.4609375 0.62548828125 0.00634765625 0.005859375
11 0.4609375 0.63037109375 0.00634765625 0.005859375
11 0.4609375 0.63525390625 0.00634765625 0.005859375
21 0.49560546875 0.6171875 0.00537109375 0.01513671875
11 0.43994140625 0.62548828125 0.00634765625 0.005859375
12 0.3837890625 0.69091796875 0.0068359375 0.005859375
11 0.3837890625 0.62548828125 0.00634765625 0.005859375
11 0.3837890625 0.63037109375 0.00634765625 0.005859375
11 0.3837890625 0.63525390625 0.00634765625 0.005859375
11 0.49658203125 0.69580078125 0.00634765625 0.005859375
15 0.669921875 0.75537109375 0.00634765625 0.00927734375
11 0.669921875 0.82373046875 0.00634765625 0.005859375
11 0.64453125 0.76416015625 0.00634765625 0.005859375
11 0.64453125 0.76904296875 0.00634765625 0.005859375
11 0.55078125 0.83056640625 0.00634765625 0.005859375
15 0.55078125 0.75537109375 0.00634765625 0.00927734375
11 0.525390625 0.76416015625 0.00634765625 0.005859375
11 0.525390625 0.76904296875 0.00634765625 0.005859375
11 0.619140625 0.771484375 0.00634765625 0.005859375
11 0.619140625 0.82373046875 0.00634765625 0.005859375
11 0.619140625 0.7666015625 0.00634765625 0.005859375
9 0.5810546875 0.75732421875 0.00537109375 0.01416015625
11 0.57568359375 0.7666015625 0.00634765625 0.005859375
11 0.57568359375 0.771484375 0.00634765625 0.005859375
8 0.7958984375 0.7734375 0.0048828125 0.0146484375
11 0.79638671875 0.75927734375 0.00634765625 0.005859375
11 0.72021484375 0.82373046875 0.00634765625 0.005859375
11 0.74560546875 0.76416015625 0.00634765625 0.005859375
11 0.72021484375 0.76171875 0.00634765625 0.005859375
11 0.72021484375 0.7666015625 0.00634765625 0.005859375
8 0.69482421875 0.77490234375 0.0048828125 0.01416015625
11 0.69482421875 0.76171875 0.00634765625 0.005859375
11 0.79638671875 0.76416015625 0.00634765625 0.005859375
11 0.69482421875 0.7666015625 0.00634765625 0.005859375
11 0.77099609375 0.82373046875 0.00634765625 0.005859375
15 0.77099609375 0.75537109375 0.005859375 0.00927734375
11 0.74560546875 0.75927734375 0.00634765625 0.005859375
12 0.2939453125 0.82080078125 0.0068359375 0.005859375
11 0.29345703125 0.76171875 0.00634765625 0.005859375
11 0.29345703125 0.7666015625 0.00634765625 0.005859375
9 0.2724609375 0.82080078125 0.00537109375 0.01416015625
11 0.26708984375 0.837890625 0.00634765625 0.005859375
11 0.33837890625 0.7666015625 0.00634765625 0.005859375
11 0.36376953125 0.76416015625 0.00634765625 0.005859375
11 0.33837890625 0.76171875 0.00634765625 0.005859375
11 0.2109375 0.837890625 0.00634765625 0.005859375
0 0.17626953125 0.7890625 0.0048828125 0.06884765625
12 0.21142578125 0.759765625 0.00732421875 0.005859375
12 0.21142578125 0.7666015625 0.00732421875 0.005859375
12 0.21142578125 0.77392578125 0.00732421875 0.005859375
1 0.1904296875 0.8125 0.01416015625 0.01708984375
10 0.19091796875 0.76318359375 0.013671875 0.037109375
11 0.44921875 0.7666015625 0.00634765625 0.005859375
11 0.44921875 0.771484375 0.00634765625 0.005859375
11 0.44921875 0.7763671875 0.00634765625 0.005859375
11 0.423828125 0.7666015625 0.00634765625 0.005859375
11 0.423828125 0.771484375 0.00634765625 0.005859375
11 0.423828125 0.7763671875 0.00634765625 0.005859375
11 0.36376953125 0.75927734375 0.00634765625 0.005859375
11 0.5 0.83056640625 0.00634765625 0.005859375
11 0.5 0.7666015625 0.00634765625 0.005859375
11 0.5 0.771484375 0.00634765625 0.005859375
11 0.5 0.7763671875 0.00634765625 0.005859375
11 0.474609375 0.7666015625 0.00634765625 0.005859375
11 0.474609375 0.771484375 0.00634765625 0.005859375
11 0.474609375 0.7763671875 0.00634765625 0.005859375
11 0.3984375 0.76171875 0.00634765625 0.005859375
12 0.39892578125 0.83056640625 0.0068359375 0.005859375
11 0.3984375 0.75732421875 0.00634765625 0.005859375
11 0.3984375 0.771484375 0.00634765625 0.005859375
11 0.6201171875 0.962890625 0.00634765625 0.005859375
11 0.5029296875 0.90625 0.00634765625 0.005859375
11 0.60107421875 0.962890625 0.00634765625 0.005859375
11 0.60107421875 0.91357421875 0.00634765625 0.005859375
11 0.60107421875 0.91845703125 0.00634765625 0.005859375
12 0.6787109375 0.97021484375 0.00732421875 0.005859375
11 0.6787109375 0.9111328125 0.00634765625 0.005859375
11 0.6376953125 0.9677734375 0.00634765625 0.005859375
11 0.6376953125 0.90869140625 0.00634765625 0.005859375
11 0.6376953125 0.91845703125 0.00634765625 0.005859375
12 0.52587890625 0.97265625 0.0068359375 0.005859375
11 0.525390625 0.90869140625 0.00634765625 0.005859375
11 0.525390625 0.91357421875 0.00634765625 0.005859375
11 0.58251953125 0.91357421875 0.00634765625 0.005859375
11 0.58251953125 0.91845703125 0.00634765625 0.005859375
11 0.5634765625 0.916015625 0.00634765625 0.005859375
11 0.54443359375 0.91357421875 0.00634765625 0.005859375
11 0.7861328125 0.962890625 0.00634765625 0.005859375
11 0.72900390625 0.90185546875 0.00634765625 0.005859375
11 0.72900390625 0.90625 0.00634765625 0.005859375
11 0.72900390625 0.9111328125 0.00634765625 0.005859375
11 0.71044921875 0.90869140625 0.00634765625 0.005859375
11 0.76708984375 0.962890625 0.00634765625 0.005859375
11 0.748046875 0.962890625 0.00634765625 0.005859375
12 0.74853515625 0.90185546875 0.0068359375 0.005859375
12 0.74853515625 0.90625 0.0068359375 0.005859375
12 0.74853515625 0.9111328125 0.0068359375 0.005859375
11 0.267578125 0.90185546875 0.00634765625 0.005859375
11 0.28662109375 0.962890625 0.00634765625 0.005859375
11 0.28662109375 0.89697265625 0.00634765625 0.005859375
11 0.28662109375 0.90185546875 0.00634765625 0.005859375
8 0.267578125 0.9111328125 0.0048828125 0.0146484375
11 0.267578125 0.89697265625 0.00634765625 0.005859375
11 0.2490234375 0.97265625 0.00634765625 0.005859375
15 0.2490234375 0.89501953125 0.005859375 0.00927734375
11 0.3388671875 0.8994140625 0.00634765625 0.005859375
11 0.3388671875 0.90625 0.00634765625 0.005859375
11 0.3232421875 0.97265625 0.00634765625 0.005859375
11 0.3056640625 0.962890625 0.00634765625 0.005859375
1 0.1904296875 0.95166015625 0.01416015625 0.01708984375
10 0.19091796875 0.90283203125 0.013671875 0.037109375
0 0.17626953125 0.9287109375 0.0048828125 0.068359375
11 0.22998046875 0.89697265625 0.00634765625 0.005859375
11 0.22998046875 0.90185546875 0.00634765625 0.005859375
11 0.2109375 0.97265625 0.00634765625 0.005859375
11 0.2109375 0.8994140625 0.00634765625 0.005859375
11 0.2109375 0.904296875 0.00634765625 0.005859375
11 0.43701171875 0.962890625 0.00634765625 0.005859375
11 0.43701171875 0.90625 0.00634765625 0.005859375
11 0.43701171875 0.9111328125 0.00634765625 0.005859375
9 0.42236328125 0.89697265625 0.00537109375 0.01416015625
11 0.4169921875 0.90625 0.00634765625 0.005859375
11 0.4169921875 0.9111328125 0.00634765625 0.005859375
11 0.4169921875 0.916015625 0.00634765625 0.005859375
11 0.4013671875 0.97021484375 0.00634765625 0.005859375
11 0.49072265625 0.90869140625 0.00634765625 0.005859375
11 0.474609375 0.962890625 0.00634765625 0.005859375
11 0.4560546875 0.962890625 0.00634765625 0.005859375
11 0.3857421875 0.90185546875 0.00634765625 0.005859375
8 0.3662109375 0.9150390625 0.0048828125 0.0146484375
11 0.36669921875 0.97021484375 0.00634765625 0.005859375
11 0.36669921875 0.8994140625 0.00634765625 0.005859375
11 0.36669921875 0.90625 0.00634765625 0.005859375
8 0.33837890625 0.9150390625 0.00537109375 0.0146484375
11 0.3857421875 0.90869140625 0.00634765625 0.005859375