13 0.595703125 0.2294921875 0.01123046875 0.00732421875
13 0.7138671875 0.83447265625 0.01123046875 0.0068359375
13 0.7138671875 0.84375 0.01123046875 0.0068359375
13 0.7138671875 0.5546875 0.01123046875 0.0068359375
13 0.7138671875 0.732421875 0.01123046875 0.00732421875
13 0.7138671875 0.607421875 0.01123046875 0.00732421875
13 0.7138671875 0.6689453125 0.01123046875 0.0068359375
13 0.595703125 0.1181640625 0.01123046875 0.0068359375
13 0.7138671875 0.048828125 0.01123046875 0.00732421875
13 0.7138671875 0.49169921875 0.01123046875 0.0068359375
13 0.7138671875 0.5126953125 0.01123046875 0.0068359375
13 0.7138671875 0.3515625 0.01123046875 0.00732421875
13 0.7138671875 0.2880859375 0.01123046875 0.0068359375
13 0.7138671875 0.2294921875 0.01123046875 0.00732421875
13 0.7138671875 0.1181640625 0.01123046875 0.0068359375
13 0.7138671875 0.0576171875 0.01123046875 0.00732421875
13 0.595703125 0.3515625 0.01123046875 0.00732421875
13 0.595703125 0.607421875 0.01123046875 0.00732421875
13 0.595703125 0.5546875 0.01123046875 0.0068359375
13 0.595703125 0.6689453125 0.01123046875 0.0068359375
13 0.595703125 0.5126953125 0.01123046875 0.0068359375
13 0.595703125 0.49169921875 0.01123046875 0.0068359375
13 0.595703125 0.84375 0.01123046875 0.0068359375
13 0.595703125 0.83447265625 0.01123046875 0.0068359375
13 0.595703125 0.2880859375 0.01123046875 0.0068359375
13 0.595703125 0.732421875 0.01123046875 0.00732421875
13 0.65478515625 0.5546875 0.01123046875 0.0068359375
13 0.65478515625 0.83447265625 0.01123046875 0.0068359375
13 0.65478515625 0.84375 0.01123046875 0.0068359375
13 0.65478515625 0.732421875 0.01123046875 0.00732421875
13 0.65478515625 0.6689453125 0.01123046875 0.0068359375
13 0.65478515625 0.607421875 0.01123046875 0.00732421875
13 0.65478515625 0.49169921875 0.01123046875 0.0068359375
13 0.65478515625 0.5126953125 0.01123046875 0.0068359375
13 0.65478515625 0.3515625 0.01123046875 0.00732421875
13 0.65478515625 0.2880859375 0.01123046875 0.0068359375
13 0.65478515625 0.2294921875 0.01123046875 0.00732421875
13 0.65478515625 0.1181640625 0.01123046875 0.0068359375
13 0.65478515625 0.048828125 0.01123046875 0.00732421875
13 0.65478515625 0.0576171875 0.01123046875 0.00732421875
22 0.60693359375 0.927734375 0.00830078125 0.00390625
22 0.60693359375 0.1787109375 0.00830078125 0.00390625
22 0.60693359375 0.408203125 0.00830078125 0.00390625
22 0.60693359375 0.798828125 0.00830078125 0.00390625
22 0.5478515625 0.1787109375 0.00830078125 0.00390625
22 0.5478515625 0.408203125 0.00830078125 0.00390625
22 0.5478515625 0.798828125 0.00830078125 0.00390625
22 0.5478515625 0.927734375 0.00830078125 0.00390625
22 0.72509765625 0.1787109375 0.00830078125 0.00390625
22 0.72509765625 0.408203125 0.00830078125 0.00390625
22 0.72509765625 0.798828125 0.00830078125 0.00390625
22 0.72509765625 0.927734375 0.00830078125 0.00390625
22 0.666015625 0.1787109375 0.00830078125 0.00390625
22 0.666015625 0.408203125 0.00830078125 0.00390625
22 0.666015625 0.798828125 0.00830078125 0.00390625
22 0.666015625 0.927734375 0.00830078125 0.00390625
22 0.34326171875 0.1787109375 0.00830078125 0.00390625
22 0.34326171875 0.408203125 0.00830078125 0.00390625
22 0.34326171875 0.798828125 0.00830078125 0.00390625
22 0.34326171875 0.927734375 0.00830078125 0.00390625
22 0.48876953125 0.798828125 0.00830078125 0.00390625
22 0.48876953125 0.927734375 0.00830078125 0.00390625
22 0.419921875 0.1787109375 0.00830078125 0.00390625
22 0.419921875 0.408203125 0.00830078125 0.00390625
22 0.419921875 0.798828125 0.00830078125 0.00390625
22 0.419921875 0.927734375 0.00830078125 0.00390625
22 0.48876953125 0.1787109375 0.00830078125 0.00390625
22 0.48876953125 0.408203125 0.00830078125 0.00390625
13 0.77294921875 0.2880859375 0.01123046875 0.0068359375
13 0.77294921875 0.2236328125 0.01123046875 0.0068359375
13 0.77294921875 0.2294921875 0.01123046875 0.00732421875
13 0.77294921875 0.1181640625 0.01123046875 0.0068359375
13 0.77294921875 0.048828125 0.01123046875 0.00732421875
13 0.77294921875 0.0576171875 0.01123046875 0.00732421875
13 0.77294921875 0.3515625 0.01123046875 0.00732421875
13 0.77294921875 0.83447265625 0.01123046875 0.0068359375
13 0.77294921875 0.84375 0.01123046875 0.0068359375
13 0.77294921875 0.732421875 0.01123046875 0.00732421875
13 0.77294921875 0.6689453125 0.01123046875 0.0068359375
13 0.77294921875 0.60107421875 0.01123046875 0.00732421875
13 0.77294921875 0.607421875 0.01123046875 0.00732421875
13 0.77294921875 0.5546875 0.01123046875 0.0068359375
13 0.77294921875 0.49169921875 0.01123046875 0.0068359375
13 0.77294921875 0.5126953125 0.01123046875 0.0068359375
12 0.3193359375 0.84375 0.0087890625 0.0068359375
12 0.3193359375 0.732421875 0.0087890625 0.0068359375
12 0.3193359375 0.677734375 0.0087890625 0.0068359375
12 0.3193359375 0.6220703125 0.0087890625 0.0068359375
12 0.3193359375 0.548828125 0.0087890625 0.0068359375
13 0.3203125 0.48291015625 0.01123046875 0.0068359375
12 0.3193359375 0.35205078125 0.0087890625 0.0068359375
12 0.3193359375 0.296875 0.0087890625 0.0068359375
12 0.3193359375 0.24462890625 0.0087890625 0.0068359375
12 0.27685546875 0.619140625 0.0087890625 0.0068359375
12 0.27685546875 0.8408203125 0.0087890625 0.0068359375
12 0.27685546875 0.7294921875 0.0087890625 0.0068359375
12 0.27685546875 0.6748046875 0.0087890625 0.0068359375
12 0.27685546875 0.5458984375 0.0087890625 0.0068359375
12 0.27685546875 0.35498046875 0.0087890625 0.0068359375
12 0.27685546875 0.2998046875 0.0087890625 0.00732421875
12 0.27685546875 0.24755859375 0.0087890625 0.0068359375
13 0.3203125 0.115234375 0.01123046875 0.00732421875
12 0.3193359375 0.0576171875 0.0087890625 0.0068359375
12 0.35205078125 0.5458984375 0.0087890625 0.0068359375
12 0.35205078125 0.8408203125 0.0087890625 0.0068359375
12 0.35205078125 0.7353515625 0.0087890625 0.0068359375
12 0.35205078125 0.6748046875 0.0087890625 0.0068359375
12 0.35205078125 0.619140625 0.0087890625 0.0068359375
12 0.35205078125 0.35498046875 0.0087890625 0.0068359375
12 0.35205078125 0.2939453125 0.0087890625 0.0068359375
12 0.35205078125 0.2412109375 0.0087890625 0.0068359375
12 0.35205078125 0.0546875 0.0087890625 0.0068359375
13 0.595703125 0.048828125 0.01123046875 0.00732421875
22 0.7841796875 0.408203125 0.00830078125 0.00390625
10 0.19384765625 0.1171875 0.0166015625 0.0458984375
10 0.19384765625 0.06201171875 0.0166015625 0.0458984375
22 0.7841796875 0.927734375 0.00830078125 0.00390625
22 0.7841796875 0.798828125 0.00830078125 0.00390625
22 0.7841796875 0.1787109375 0.00830078125 0.00390625
22 0.26220703125 0.927734375 0.00830078125 0.00390625
22 0.26220703125 0.798828125 0.00830078125 0.00390625
22 0.26220703125 0.408203125 0.00830078125 0.00390625
22 0.26220703125 0.1787109375 0.00830078125 0.00390625
10 0.19384765625 0.3564453125 0.0166015625 0.0458984375
1 0.193359375 0.47509765625 0.017578125 0.02099609375
10 0.19384765625 0.4111328125 0.0166015625 0.0458984375
10 0.19384765625 0.3017578125 0.0166015625 0.0458984375
10 0.19384765625 0.2373046875 0.0166015625 0.04541015625
1 0.193359375 0.18115234375 0.017578125 0.02099609375
10 0.19384765625 0.55322265625 0.0166015625 0.04541015625
11 0.25439453125 0.7265625 0.00830078125 0.0068359375
11 0.25439453125 0.83740234375 0.00830078125 0.0068359375
11 0.25439453125 0.671875 0.00830078125 0.0068359375
11 0.25439453125 0.6162109375 0.00830078125 0.00732421875
11 0.25439453125 0.54248046875 0.00830078125 0.0068359375
10 0.19384765625 0.73681640625 0.0166015625 0.0458984375
10 0.19384765625 0.8662109375 0.0166015625 0.0458984375
10 0.19384765625 0.80126953125 0.0166015625 0.0458984375
10 0.19384765625 0.9306640625 0.0166015625 0.0458984375
10 0.19384765625 0.68212890625 0.0166015625 0.0458984375
10 0.19384765625 0.61767578125 0.0166015625 0.04541015625
13 0.23388671875 0.48291015625 0.01123046875 0.0068359375
11 0.232421875 0.83447265625 0.00830078125 0.0068359375
11 0.232421875 0.72314453125 0.00830078125 0.0068359375
11 0.232421875 0.6689453125 0.00830078125 0.0068359375
11 0.232421875 0.61328125 0.00830078125 0.0068359375
11 0.232421875 0.53955078125 0.00830078125 0.0068359375
12 0.232421875 0.35205078125 0.0087890625 0.0068359375
12 0.232421875 0.296875 0.0087890625 0.0068359375
12 0.232421875 0.24462890625 0.0087890625 0.0068359375
13 0.23388671875 0.115234375 0.01123046875 0.00732421875
13 0.23388671875 0.0546875 0.01123046875 0.00732421875
13 0.53662109375 0.28515625 0.01123046875 0.00732421875
13 0.53662109375 0.232421875 0.01123046875 0.0068359375
13 0.53662109375 0.115234375 0.01123046875 0.00732421875
13 0.53662109375 0.0458984375 0.01123046875 0.0068359375
13 0.53662109375 0.0576171875 0.01123046875 0.00732421875
13 0.4775390625 0.83154296875 0.01123046875 0.00732421875
13 0.4775390625 0.84375 0.01123046875 0.0068359375
13 0.53662109375 0.3515625 0.01123046875 0.00732421875
13 0.595703125 0.0576171875 0.01123046875 0.00732421875
13 0.53662109375 0.83154296875 0.01123046875 0.00732421875
13 0.53662109375 0.84375 0.01123046875 0.0068359375
13 0.53662109375 0.732421875 0.01123046875 0.00732421875
13 0.53662109375 0.66552734375 0.01123046875 0.00732421875
13 0.53662109375 0.6103515625 0.01123046875 0.00732421875
13 0.53662109375 0.5517578125 0.01123046875 0.00732421875
13 0.53662109375 0.49169921875 0.01123046875 0.0068359375
12 0.39794921875 0.83740234375 0.0087890625 0.0068359375
12 0.39794921875 0.732421875 0.0087890625 0.0068359375
12 0.39794921875 0.671875 0.0087890625 0.0068359375
12 0.39794921875 0.6162109375 0.0087890625 0.00732421875
13 0.39892578125 0.54541015625 0.01123046875 0.00732421875
13 0.39892578125 0.48291015625 0.01123046875 0.0068359375
12 0.39794921875 0.35205078125 0.0087890625 0.0068359375
12 0.39794921875 0.291015625 0.0087890625 0.0068359375
12 0.39794921875 0.23828125 0.0087890625 0.0068359375
13 0.39892578125 0.115234375 0.01123046875 0.00732421875
13 0.39892578125 0.0546875 0.01123046875 0.00732421875
13 0.4775390625 0.28515625 0.01123046875 0.00732421875
13 0.4775390625 0.732421875 0.01123046875 0.00732421875
13 0.4775390625 0.66552734375 0.01123046875 0.00732421875
13 0.4775390625 0.6103515625 0.01123046875 0.00732421875
13 0.4775390625 0.5517578125 0.01123046875 0.00732421875
13 0.4775390625 0.49169921875 0.01123046875 0.0068359375
13 0.4775390625 0.3515625 0.01123046875 0.00732421875
13 0.4775390625 0.232421875 0.01123046875 0.0068359375
13 0.4775390625 0.115234375 0.01123046875 0.00732421875
13 0.4775390625 0.0458984375 0.01123046875 0.0068359375
13 0.4775390625 0.0576171875 0.01123046875 0.00732421875
12 0.4306640625 0.6689453125 0.0087890625 0.0068359375
12 0.4306640625 0.61328125 0.0087890625 0.0068359375
12 0.4306640625 0.7294921875 0.0087890625 0.0068359375
12 0.4306640625 0.83447265625 0.0087890625 0.0068359375
12 0.4306640625 0.3486328125 0.0087890625 0.0068359375
12 0.4306640625 0.2880859375 0.0087890625 0.0068359375
12 0.4306640625 0.2353515625 0.0087890625 0.00732421875