11 0.6240234375 0.52978515625 0.00830078125 0.00732421875
11 0.6240234375 0.72607421875 0.00830078125 0.0068359375
11 0.6015625 0.505859375 0.00830078125 0.0068359375
11 0.6015625 0.7021484375 0.00830078125 0.00732421875
11 0.61279296875 0.16357421875 0.00830078125 0.0068359375
11 0.61279296875 0.52392578125 0.00830078125 0.0068359375
11 0.61279296875 0.505859375 0.00830078125 0.0068359375
11 0.61279296875 0.72021484375 0.00830078125 0.0068359375
11 0.61279296875 0.7021484375 0.00830078125 0.00732421875
2 0.6435546875 0.55810546875 0.0078125 0.03271484375
11 0.6728515625 0.54443359375 0.00830078125 0.00732421875
11 0.6728515625 0.7412109375 0.00830078125 0.0068359375
11 0.45654296875 0.7958984375 0.00830078125 0.0068359375
11 0.63037109375 0.15771484375 0.00830078125 0.0068359375
14 0.6435546875 0.1611328125 0.0087890625 0.017578125
11 0.6435546875 0.53857421875 0.00830078125 0.0068359375
11 0.5166015625 0.822265625 0.0078125 0.00732421875
2 0.5166015625 0.841796875 0.00732421875 0.03271484375
11 0.47998046875 0.8046875 0.00830078125 0.0068359375
2 0.45654296875 0.81494140625 0.0078125 0.03271484375
2 0.47998046875 0.82421875 0.00732421875 0.03271484375
11 0.59033203125 0.52685546875 0.00830078125 0.0068359375
11 0.59033203125 0.72314453125 0.00830078125 0.0068359375
11 0.56591796875 0.17236328125 0.00830078125 0.0068359375
11 0.56591796875 0.53271484375 0.00830078125 0.0068359375
11 0.56591796875 0.72900390625 0.00830078125 0.0068359375
21 0.56494140625 0.82421875 0.00634765625 0.01806640625
7 0.57275390625 0.158203125 0.00732421875 0.03125
2 0.56591796875 0.55224609375 0.0078125 0.03271484375
2 0.56591796875 0.74853515625 0.0078125 0.03271484375
21 0.80419921875 0.54931640625 0.00634765625 0.0185546875
21 0.80419921875 0.74560546875 0.00634765625 0.0185546875
19 0.81298828125 0.548828125 0.00830078125 0.00390625
19 0.81298828125 0.7451171875 0.00830078125 0.00390625
14 0.78662109375 0.55419921875 0.0087890625 0.01708984375
14 0.78662109375 0.75048828125 0.0087890625 0.01708984375
15 0.7958984375 0.55126953125 0.0078125 0.01171875
15 0.7958984375 0.74755859375 0.0078125 0.01171875
11 0.70849609375 0.16064453125 0.00830078125 0.0068359375
15 0.70849609375 0.55126953125 0.0078125 0.01171875
15 0.70849609375 0.74755859375 0.0078125 0.01171875
11 0.71728515625 0.16943359375 0.00830078125 0.00732421875
2 0.6728515625 0.56396484375 0.00732421875 0.03271484375
2 0.6728515625 0.76025390625 0.00732421875 0.03271484375
6 0.748046875 0.54296875 0.00732421875 0.02734375
14 0.73876953125 0.1611328125 0.0087890625 0.017578125
22 0.74853515625 0.1533203125 0.00830078125 0.00390625
11 0.74853515625 0.52685546875 0.00830078125 0.0068359375
22 0.74853515625 0.8212890625 0.00830078125 0.00390625
2 0.2568359375 0.55224609375 0.0078125 0.03271484375
2 0.2568359375 0.74853515625 0.0078125 0.03271484375
3 0.263671875 0.8291015625 0.00732421875 0.03662109375
11 0.2568359375 0.53271484375 0.00830078125 0.0068359375
11 0.2568359375 0.72900390625 0.00830078125 0.0068359375
11 0.2568359375 0.84619140625 0.00830078125 0.0068359375
3 0.2939453125 0.81103515625 0.00732421875 0.03662109375
11 0.3037109375 0.51171875 0.00830078125 0.0068359375
11 0.3037109375 0.7080078125 0.00830078125 0.0068359375
11 0.318359375 0.17529296875 0.00830078125 0.0068359375
11 0.318359375 0.5205078125 0.00830078125 0.0068359375
11 0.318359375 0.51171875 0.00830078125 0.0068359375
11 0.318359375 0.71728515625 0.00830078125 0.00732421875
11 0.287109375 0.16064453125 0.00830078125 0.0068359375
11 0.287109375 0.53564453125 0.00830078125 0.0068359375
11 0.287109375 0.732421875 0.00830078125 0.0068359375
11 0.287109375 0.83154296875 0.00830078125 0.0068359375
11 0.2939453125 0.82861328125 0.00830078125 0.0068359375
22 0.515625 0.35546875 0.00830078125 0.00390625
22 0.515625 0.4482421875 0.00830078125 0.00390625
22 0.515625 0.64453125 0.00830078125 0.00390625
1 0.193359375 0.15576171875 0.017578125 0.02099609375
22 0.515625 0.25146484375 0.00830078125 0.00390625
1 0.193359375 0.25390625 0.017578125 0.02099609375
1 0.193359375 0.4501953125 0.017578125 0.02099609375
0 0.17529296875 0.7861328125 0.00634765625 0.103515625
22 0.515625 0.0546875 0.00830078125 0.00390625
2 0.22705078125 0.54296875 0.00732421875 0.03271484375
11 0.22705078125 0.154296875 0.00830078125 0.00732421875
11 0.22705078125 0.52392578125 0.00830078125 0.0068359375
11 0.22705078125 0.72021484375 0.00830078125 0.0068359375
11 0.22705078125 0.84033203125 0.00830078125 0.0068359375
6 0.22705078125 0.1708984375 0.00732421875 0.02734375
2 0.22705078125 0.73974609375 0.00732421875 0.03271484375
3 0.23388671875 0.82275390625 0.0068359375 0.03662109375
1 0.193359375 0.7451171875 0.017578125 0.02099609375
1 0.193359375 0.548828125 0.017578125 0.02099609375
1 0.193359375 0.82373046875 0.017578125 0.02099609375
11 0.3896484375 0.83740234375 0.00830078125 0.0068359375
11 0.3896484375 0.82568359375 0.00830078125 0.0068359375
11 0.318359375 0.7080078125 0.00830078125 0.0068359375
11 0.38037109375 0.53857421875 0.00830078125 0.0068359375
11 0.38037109375 0.7353515625 0.00830078125 0.0068359375
11 0.4326171875 0.810546875 0.00830078125 0.0068359375
15 0.43212890625 0.74755859375 0.0078125 0.01171875
2 0.4326171875 0.830078125 0.00732421875 0.03271484375
11 0.39892578125 0.84033203125 0.00830078125 0.0068359375
11 0.408203125 0.82568359375 0.00830078125 0.0068359375
15 0.43212890625 0.158203125 0.0078125 0.01171875
15 0.43212890625 0.55126953125 0.0078125 0.01171875
2 0.341796875 0.55517578125 0.00732421875 0.03271484375
2 0.341796875 0.75146484375 0.00732421875 0.03271484375
11 0.341796875 0.1484375 0.00830078125 0.0068359375
11 0.341796875 0.53564453125 0.00830078125 0.0068359375
11 0.341796875 0.732421875 0.00830078125 0.0068359375
11 0.341796875 0.84033203125 0.00830078125 0.0068359375
11 0.37158203125 0.72607421875 0.00830078125 0.0068359375
11 0.37158203125 0.52978515625 0.00830078125 0.00732421875
3 0.3486328125 0.82275390625 0.0068359375 0.03662109375