11 0.67529296875 0.0556640625 0.00732421875 0.00634765625
11 0.6611328125 0.0498046875 0.00732421875 0.00634765625
11 0.6962890625 0.052734375 0.00732421875 0.00634765625
11 0.64599609375 0.052734375 0.00732421875 0.00634765625
11 0.54638671875 0.0498046875 0.00732421875 0.00634765625
11 0.54638671875 0.109375 0.00732421875 0.00634765625
11 0.6962890625 0.1064453125 0.00732421875 0.0068359375
11 0.5615234375 0.052734375 0.00732421875 0.00634765625
11 0.58251953125 0.1064453125 0.00732421875 0.0068359375
12 0.5830078125 0.0498046875 0.0078125 0.00634765625
12 0.630859375 0.1064453125 0.0078125 0.00634765625
11 0.63037109375 0.0498046875 0.00732421875 0.00634765625
11 0.60546875 0.11474609375 0.00732421875 0.00634765625
11 0.80810546875 0.10400390625 0.00732421875 0.00634765625
22 0.39892578125 0.16162109375 0.0078125 0.00341796875
22 0.39892578125 0.212890625 0.0078125 0.00341796875
22 0.5126953125 0.16162109375 0.00732421875 0.00341796875
22 0.5126953125 0.212890625 0.00732421875 0.00341796875
22 0.62939453125 0.16162109375 0.0078125 0.00341796875
22 0.62939453125 0.212890625 0.0078125 0.00341796875
11 0.7255859375 0.109375 0.00732421875 0.00634765625
12 0.72607421875 0.04443359375 0.0078125 0.0068359375
11 0.7412109375 0.1064453125 0.00732421875 0.0068359375
11 0.71142578125 0.10400390625 0.00732421875 0.00634765625
11 0.77734375 0.10400390625 0.00732421875 0.00634765625
11 0.79248046875 0.1064453125 0.00732421875 0.0068359375
11 0.79248046875 0.04736328125 0.00732421875 0.00634765625
11 0.7607421875 0.11181640625 0.00732421875 0.00634765625
11 0.31884765625 0.04736328125 0.00732421875 0.00634765625
11 0.30322265625 0.04443359375 0.00732421875 0.0068359375
11 0.333984375 0.04443359375 0.00732421875 0.0068359375
11 0.28662109375 0.052734375 0.00732421875 0.00634765625
11 0.27294921875 0.04443359375 0.00732421875 0.0068359375
21 0.35400390625 0.11328125 0.00634765625 0.0166015625
11 0.35546875 0.0498046875 0.00732421875 0.00634765625
10 0.1923828125 0.11328125 0.01513671875 0.04150390625
10 0.1923828125 0.0625 0.01513671875 0.04150390625
22 0.7529296875 0.212890625 0.0078125 0.00341796875
22 0.7529296875 0.16162109375 0.0078125 0.00341796875
22 0.27734375 0.212890625 0.00732421875 0.00341796875
22 0.27734375 0.16162109375 0.00732421875 0.00341796875
22 0.27734375 0.11083984375 0.00732421875 0.00341796875
11 0.25634765625 0.0498046875 0.00732421875 0.00634765625
11 0.2421875 0.04443359375 0.00732421875 0.0068359375
11 0.2265625 0.04736328125 0.00732421875 0.00634765625
1 0.19189453125 0.21484375 0.01611328125 0.01904296875
11 0.46826171875 0.11181640625 0.00732421875 0.00634765625
11 0.46826171875 0.04443359375 0.00732421875 0.0068359375
11 0.5224609375 0.11181640625 0.00732421875 0.00634765625
11 0.5224609375 0.04736328125 0.00732421875 0.00634765625
11 0.50732421875 0.0498046875 0.00732421875 0.00634765625
11 0.49169921875 0.12255859375 0.00732421875 0.00634765625
11 0.49169921875 0.04736328125 0.00732421875 0.00634765625
11 0.42578125 0.11181640625 0.00732421875 0.00634765625
11 0.40185546875 0.109375 0.00732421875 0.00634765625
12 0.40234375 0.04443359375 0.0078125 0.0068359375
11 0.37744140625 0.1064453125 0.00732421875 0.0068359375
11 0.37744140625 0.0556640625 0.00732421875 0.00634765625
11 0.44091796875 0.11474609375 0.00732421875 0.00634765625
11 0.6142578125 0.40673828125 0.00732421875 0.0068359375
11 0.60107421875 0.44970703125 0.00732421875 0.00634765625
12 0.6142578125 0.3017578125 0.0078125 0.00634765625
8 0.62841796875 0.369140625 0.005859375 0.01611328125
11 0.642578125 0.36376953125 0.00732421875 0.00634765625
11 0.642578125 0.40380859375 0.00732421875 0.00634765625
11 0.642578125 0.4580078125 0.00732421875 0.00634765625
11 0.6142578125 0.455078125 0.00732421875 0.0068359375
11 0.62890625 0.3583984375 0.00732421875 0.00634765625
11 0.62890625 0.4521484375 0.00732421875 0.00634765625
11 0.52978515625 0.3154296875 0.00732421875 0.00634765625
11 0.52978515625 0.361328125 0.00732421875 0.00634765625
11 0.52978515625 0.4150390625 0.00732421875 0.00634765625
11 0.51513671875 0.31298828125 0.00732421875 0.00634765625
11 0.51513671875 0.36376953125 0.00732421875 0.00634765625
11 0.51513671875 0.412109375 0.00732421875 0.00634765625
12 0.515625 0.4521484375 0.0078125 0.00634765625
11 0.5439453125 0.318359375 0.00732421875 0.0068359375
11 0.5869140625 0.3046875 0.00732421875 0.0068359375
11 0.5869140625 0.361328125 0.00732421875 0.00634765625
11 0.5869140625 0.40380859375 0.00732421875 0.00634765625
11 0.5869140625 0.4521484375 0.00732421875 0.00634765625
11 0.5439453125 0.3583984375 0.00732421875 0.00634765625
11 0.5439453125 0.41748046875 0.00732421875 0.00634765625
11 0.55859375 0.32080078125 0.00732421875 0.00634765625
11 0.77783203125 0.3720703125 0.00732421875 0.0068359375
11 0.7919921875 0.369140625 0.00732421875 0.00634765625
19 0.7646484375 0.30859375 0.00732421875 0.00341796875
11 0.7646484375 0.36669921875 0.00732421875 0.00634765625
12 0.76513671875 0.40673828125 0.0078125 0.0068359375
12 0.76513671875 0.4521484375 0.0078125 0.00634765625
11 0.806640625 0.36669921875 0.00732421875 0.00634765625
11 0.68701171875 0.4150390625 0.00732421875 0.00634765625
11 0.68701171875 0.44970703125 0.00732421875 0.00634765625
9 0.69287109375 0.40380859375 0.00634765625 0.01611328125
11 0.7099609375 0.3017578125 0.00732421875 0.00634765625
11 0.7099609375 0.361328125 0.00732421875 0.00634765625
11 0.7099609375 0.42041015625 0.00732421875 0.0068359375
11 0.7099609375 0.455078125 0.00732421875 0.0068359375
11 0.67236328125 0.3046875 0.00732421875 0.0068359375
11 0.67236328125 0.369140625 0.00732421875 0.00634765625
11 0.67236328125 0.4521484375 0.00732421875 0.00634765625
11 0.73095703125 0.42578125 0.00732421875 0.00634765625
11 0.73095703125 0.31005859375 0.00732421875 0.00634765625
11 0.73095703125 0.36669921875 0.00732421875 0.00634765625
11 0.73095703125 0.46044921875 0.00732421875 0.00634765625
11 0.658203125 0.44970703125 0.00732421875 0.00634765625
11 0.3076171875 0.32080078125 0.00732421875 0.00634765625
11 0.32421875 0.3017578125 0.00732421875 0.00634765625
11 0.32421875 0.36376953125 0.00732421875 0.00634765625
11 0.32421875 0.39599609375 0.00732421875 0.00634765625
11 0.32421875 0.4580078125 0.00732421875 0.00634765625
11 0.2802734375 0.3046875 0.00732421875 0.0068359375
11 0.29443359375 0.3017578125 0.00732421875 0.00634765625
11 0.29443359375 0.361328125 0.00732421875 0.00634765625
11 0.29443359375 0.4150390625 0.00732421875 0.00634765625
11 0.29443359375 0.455078125 0.00732421875 0.0068359375
11 0.36083984375 0.3017578125 0.00732421875 0.00634765625
11 0.36083984375 0.36376953125 0.00732421875 0.00634765625
11 0.36083984375 0.3984375 0.00732421875 0.00634765625
11 0.36083984375 0.4580078125 0.00732421875 0.00634765625
8 0.50048828125 0.42041015625 0.005859375 0.01611328125
11 0.3388671875 0.36669921875 0.00732421875 0.00634765625
11 0.3388671875 0.46044921875 0.00732421875 0.00634765625
10 0.1923828125 0.35986328125 0.01513671875 0.04150390625
1 0.19189453125 0.46142578125 0.01611328125 0.01904296875
11 0.22900390625 0.291015625 0.00732421875 0.0068359375
11 0.22900390625 0.35546875 0.00732421875 0.00634765625
21 0.22802734375 0.4111328125 0.005859375 0.0166015625
21 0.22802734375 0.4619140625 0.005859375 0.0166015625
10 0.1923828125 0.30859375 0.01513671875 0.04150390625
11 0.26123046875 0.30712890625 0.00732421875 0.00634765625
11 0.26123046875 0.369140625 0.00732421875 0.00634765625
11 0.26123046875 0.39599609375 0.00732421875 0.00634765625
11 0.26123046875 0.44970703125 0.00732421875 0.00634765625
11 0.2421875 0.31005859375 0.00732421875 0.00634765625
11 0.46826171875 0.30712890625 0.00732421875 0.00634765625
11 0.46826171875 0.3720703125 0.00732421875 0.0068359375
11 0.46826171875 0.40673828125 0.00732421875 0.0068359375
11 0.46826171875 0.4521484375 0.00732421875 0.00634765625
11 0.4326171875 0.455078125 0.00732421875 0.0068359375
11 0.44677734375 0.31005859375 0.00732421875 0.00634765625
11 0.490234375 0.36669921875 0.00732421875 0.00634765625
11 0.490234375 0.46044921875 0.00732421875 0.00634765625
11 0.50048828125 0.31005859375 0.00732421875 0.00634765625
11 0.50048828125 0.40966796875 0.00732421875 0.00634765625
8 0.50048828125 0.3203125 0.005859375 0.01611328125
11 0.3818359375 0.3046875 0.00732421875 0.0068359375
12 0.38232421875 0.369140625 0.0078125 0.00634765625
11 0.3818359375 0.39599609375 0.00732421875 0.00634765625
11 0.3818359375 0.46875 0.00732421875 0.0068359375
11 0.4326171875 0.40673828125 0.00732421875 0.0068359375
11 0.4111328125 0.4580078125 0.00732421875 0.00634765625
11 0.4111328125 0.3984375 0.00732421875 0.00634765625
11 0.4111328125 0.3046875 0.00732421875 0.0068359375
11 0.396484375 0.30712890625 0.00732421875 0.00634765625
11 0.4326171875 0.3720703125 0.00732421875 0.0068359375
11 0.4326171875 0.30712890625 0.00732421875 0.00634765625
19 0.6435546875 0.55517578125 0.0078125 0.00341796875
15 0.64306640625 0.71044921875 0.00732421875 0.01025390625
11 0.6435546875 0.642578125 0.00732421875 0.00634765625
12 0.6435546875 0.59423828125 0.0078125 0.00634765625
11 0.6865234375 0.65576171875 0.00732421875 0.00634765625
11 0.6865234375 0.6962890625 0.00732421875 0.00634765625
11 0.6572265625 0.70166015625 0.00732421875 0.0068359375
11 0.6572265625 0.6611328125 0.00732421875 0.00634765625
11 0.671875 0.65869140625 0.00732421875 0.00634765625
11 0.671875 0.69873046875 0.00732421875 0.00634765625
11 0.5908203125 0.64794921875 0.00732421875 0.0068359375
19 0.5908203125 0.7080078125 0.0078125 0.00341796875
11 0.5908203125 0.61279296875 0.00732421875 0.00634765625
11 0.55517578125 0.5537109375 0.00732421875 0.00634765625
11 0.56982421875 0.55126953125 0.00732421875 0.0068359375
11 0.5908203125 0.55615234375 0.00732421875 0.00634765625
11 0.61376953125 0.56201171875 0.00732421875 0.00634765625
11 0.61376953125 0.60205078125 0.00732421875 0.00634765625
11 0.61376953125 0.642578125 0.00732421875 0.00634765625
11 0.62890625 0.64501953125 0.00732421875 0.00634765625
11 0.7939453125 0.64501953125 0.00732421875 0.00634765625
11 0.7939453125 0.693359375 0.00732421875 0.00634765625
11 0.80859375 0.69091796875 0.00732421875 0.00634765625
11 0.779296875 0.69091796875 0.00732421875 0.00634765625
22 0.51953125 0.70556640625 0.00732421875 0.00341796875
11 0.76318359375 0.69873046875 0.00732421875 0.00634765625
11 0.72216796875 0.650390625 0.00732421875 0.00634765625
12 0.70751953125 0.59423828125 0.0078125 0.00634765625
11 0.70751953125 0.65283203125 0.00732421875 0.00634765625
11 0.70751953125 0.693359375 0.00732421875 0.00634765625
11 0.72216796875 0.69091796875 0.00732421875 0.00634765625
11 0.75 0.65283203125 0.00732421875 0.00634765625
11 0.75 0.693359375 0.00732421875 0.00634765625
12 0.763671875 0.5966796875 0.0078125 0.00634765625
11 0.76318359375 0.65869140625 0.00732421875 0.00634765625
11 0.7353515625 0.65576171875 0.00732421875 0.00634765625
11 0.7353515625 0.6962890625 0.00732421875 0.00634765625
11 0.3125 0.6103515625 0.00732421875 0.00634765625
11 0.2978515625 0.607421875 0.00732421875 0.00634765625
11 0.3271484375 0.607421875 0.00732421875 0.00634765625
19 0.35009765625 0.55517578125 0.00732421875 0.00341796875
11 0.35009765625 0.61279296875 0.00732421875 0.00634765625
12 0.2822265625 0.70166015625 0.0078125 0.0068359375
11 0.35009765625 0.65283203125 0.00732421875 0.00634765625
11 0.54052734375 0.55126953125 0.00732421875 0.0068359375
11 0.37255859375 0.6181640625 0.00732421875 0.0068359375
12 0.3505859375 0.69873046875 0.0078125 0.00634765625
12 0.2822265625 0.65576171875 0.0078125 0.00634765625
10 0.19140625 0.55517578125 0.01513671875 0.04150390625
10 0.19140625 0.60595703125 0.01513671875 0.04150390625
22 0.2744140625 0.552734375 0.00732421875 0.00341796875
22 0.75830078125 0.552734375 0.0078125 0.00341796875
11 0.25390625 0.61279296875 0.00732421875 0.00634765625
11 0.24072265625 0.607421875 0.00732421875 0.00634765625
11 0.2685546875 0.6103515625 0.00732421875 0.00634765625
11 0.2822265625 0.61572265625 0.00732421875 0.00634765625
11 0.22607421875 0.6103515625 0.00732421875 0.00634765625
12 0.22607421875 0.65283203125 0.0078125 0.00634765625
12 0.22607421875 0.69873046875 0.0078125 0.00634765625
12 0.46875 0.64794921875 0.0078125 0.00634765625
12 0.46875 0.61279296875 0.0078125 0.00634765625
11 0.51123046875 0.5537109375 0.00732421875 0.00634765625
11 0.46826171875 0.5537109375 0.00732421875 0.00634765625
11 0.44580078125 0.55615234375 0.00732421875 0.00634765625
11 0.5244140625 0.55908203125 0.00732421875 0.00634765625
12 0.52490234375 0.61572265625 0.0078125 0.00634765625
12 0.52490234375 0.650390625 0.0078125 0.00634765625
11 0.4833984375 0.55126953125 0.00732421875 0.0068359375
11 0.49658203125 0.55615234375 0.00732421875 0.00634765625
11 0.3876953125 0.650390625 0.00732421875 0.00634765625
15 0.40185546875 0.55712890625 0.0068359375 0.0107421875
12 0.40234375 0.61279296875 0.0078125 0.00634765625
12 0.40234375 0.64794921875 0.0078125 0.00634765625
19 0.40234375 0.7080078125 0.00732421875 0.00341796875
11 0.37255859375 0.64794921875 0.00732421875 0.0068359375
11 0.3876953125 0.61572265625 0.00732421875 0.00634765625
11 0.43115234375 0.55908203125 0.00732421875 0.00634765625
11 0.41650390625 0.56201171875 0.00732421875 0.00634765625
11 0.6435546875 0.888671875 0.00732421875 0.00634765625
11 0.68603515625 0.80029296875 0.00732421875 0.00634765625
19 0.6650390625 0.9033203125 0.0078125 0.00341796875
11 0.66455078125 0.79736328125 0.00732421875 0.0068359375
19 0.6650390625 0.8525390625 0.0078125 0.00341796875
19 0.6650390625 0.95458984375 0.0078125 0.00341796875
11 0.6435546875 0.86767578125 0.00732421875 0.00634765625
11 0.6435546875 0.96142578125 0.00732421875 0.0068359375
11 0.6435546875 0.7919921875 0.00732421875 0.00634765625
11 0.54052734375 0.81396484375 0.00732421875 0.00634765625
11 0.54052734375 0.9453125 0.00732421875 0.00634765625
19 0.5615234375 0.80126953125 0.0078125 0.00341796875
12 0.56201171875 0.84619140625 0.0078125 0.00634765625
12 0.56201171875 0.888671875 0.0078125 0.00634765625
11 0.5615234375 0.94775390625 0.00732421875 0.0068359375
21 0.6220703125 0.8017578125 0.00634765625 0.0166015625
11 0.623046875 0.8701171875 0.00732421875 0.00634765625
11 0.623046875 0.8916015625 0.00732421875 0.00634765625
11 0.623046875 0.95068359375 0.00732421875 0.00634765625
11 0.5830078125 0.95068359375 0.00732421875 0.00634765625
11 0.59716796875 0.953125 0.00732421875 0.00634765625
11 0.8076171875 0.91064453125 0.00732421875 0.00634765625
11 0.8076171875 0.95068359375 0.00732421875 0.00634765625
11 0.7890625 0.79736328125 0.00732421875 0.0068359375
11 0.7890625 0.8623046875 0.00732421875 0.00634765625
11 0.7890625 0.90771484375 0.00732421875 0.00634765625
11 0.7890625 0.94775390625 0.00732421875 0.0068359375
11 0.7001953125 0.802734375 0.00732421875 0.00634765625
11 0.72607421875 0.80029296875 0.00732421875 0.00634765625
21 0.72509765625 0.8525390625 0.005859375 0.0166015625
21 0.72509765625 0.90380859375 0.005859375 0.0166015625
21 0.72509765625 0.95458984375 0.005859375 0.0166015625
11 0.767578125 0.80029296875 0.00732421875 0.00634765625
11 0.767578125 0.8623046875 0.00732421875 0.00634765625
11 0.767578125 0.90478515625 0.00732421875 0.00634765625
11 0.767578125 0.9453125 0.00732421875 0.00634765625
11 0.74609375 0.81103515625 0.00732421875 0.0068359375
11 0.74609375 0.8623046875 0.00732421875 0.00634765625
11 0.74609375 0.8994140625 0.00732421875 0.00634765625
11 0.74609375 0.9423828125 0.00732421875 0.0068359375
11 0.30419921875 0.78955078125 0.00732421875 0.00634765625
11 0.32421875 0.78662109375 0.00732421875 0.00634765625
12 0.32421875 0.8623046875 0.0078125 0.00634765625
12 0.32421875 0.88330078125 0.0078125 0.00634765625
21 0.3232421875 0.95458984375 0.005859375 0.0166015625
11 0.2900390625 0.78662109375 0.00732421875 0.00634765625
11 0.2900390625 0.89404296875 0.00732421875 0.0068359375
11 0.34423828125 0.79736328125 0.00732421875 0.0068359375
11 0.34423828125 0.94775390625 0.00732421875 0.0068359375
19 0.36572265625 0.80126953125 0.0078125 0.00341796875
12 0.36572265625 0.8486328125 0.0078125 0.00634765625
11 0.365234375 0.8916015625 0.00732421875 0.00634765625
11 0.365234375 0.95068359375 0.00732421875 0.00634765625
10 0.1923828125 0.8525390625 0.01513671875 0.04150390625
1 0.19189453125 0.95458984375 0.01611328125 0.01904296875
21 0.22607421875 0.8017578125 0.005859375 0.0166015625
12 0.22705078125 0.84033203125 0.0078125 0.00634765625
11 0.2265625 0.90234375 0.00732421875 0.00634765625
11 0.2265625 0.9423828125 0.00732421875 0.0068359375
10 0.1923828125 0.8017578125 0.01513671875 0.04150390625
11 0.26904296875 0.7841796875 0.00732421875 0.0068359375
12 0.26953125 0.859375 0.0078125 0.00634765625
11 0.26904296875 0.88330078125 0.00732421875 0.00634765625
19 0.26904296875 0.95458984375 0.00732421875 0.00341796875
11 0.24755859375 0.7783203125 0.00732421875 0.0068359375
11 0.24755859375 0.888671875 0.00732421875 0.00634765625
11 0.24755859375 0.94775390625 0.00732421875 0.0068359375
11 0.46240234375 0.80029296875 0.00732421875 0.00634765625
11 0.46240234375 0.86474609375 0.00732421875 0.0068359375
12 0.46240234375 0.91064453125 0.0078125 0.00634765625
19 0.46240234375 0.95458984375 0.00732421875 0.00341796875
11 0.44189453125 0.794921875 0.00732421875 0.00634765625
11 0.44189453125 0.85107421875 0.00732421875 0.00634765625
11 0.44189453125 0.96435546875 0.00732421875 0.00634765625
11 0.5205078125 0.802734375 0.00732421875 0.00634765625
19 0.5205078125 0.8525390625 0.00732421875 0.00341796875
19 0.5205078125 0.9033203125 0.00732421875 0.00341796875
21 0.51904296875 0.95458984375 0.005859375 0.0166015625
11 0.484375 0.802734375 0.00732421875 0.00634765625
11 0.484375 0.85400390625 0.00732421875 0.00634765625
11 0.49853515625 0.8056640625 0.00732421875 0.00634765625
11 0.40087890625 0.89697265625 0.00732421875 0.00634765625
11 0.40087890625 0.9560546875 0.00732421875 0.00634765625
21 0.42041015625 0.8017578125 0.005859375 0.0166015625
11 0.38720703125 0.89404296875 0.00732421875 0.0068359375
11 0.38720703125 0.953125 0.00732421875 0.00634765625
11 0.42138671875 0.953125 0.00732421875 0.00634765625
11 0.42138671875 0.8486328125 0.00732421875 0.00634765625
12 0.42138671875 0.8994140625 0.0078125 0.00634765625