19 0.50927734375 0.0576171875 0.00830078125 0.00390625
11 0.68896484375 0.19091796875 0.00830078125 0.00732421875
11 0.67578125 0.18505859375 0.00830078125 0.0068359375
11 0.65966796875 0.19091796875 0.00830078125 0.00732421875
11 0.63818359375 0.18505859375 0.00830078125 0.0068359375
11 0.5830078125 0.12060546875 0.00830078125 0.0068359375
11 0.568359375 0.11767578125 0.00830078125 0.0068359375
11 0.55322265625 0.11474609375 0.00830078125 0.00732421875
11 0.53125 0.11767578125 0.0078125 0.0068359375
11 0.50927734375 0.11767578125 0.00830078125 0.0068359375
11 0.6162109375 0.18505859375 0.00830078125 0.0068359375
11 0.6162109375 0.11474609375 0.00830078125 0.00732421875
11 0.6162109375 0.12060546875 0.00830078125 0.0068359375
11 0.6162109375 0.12939453125 0.00830078125 0.00732421875
11 0.806640625 0.1943359375 0.00830078125 0.0068359375
14 0.80712890625 0.12109375 0.0087890625 0.017578125
22 0.5029296875 0.18359375 0.00830078125 0.00390625
11 0.71923828125 0.18505859375 0.0078125 0.0068359375
11 0.71923828125 0.111328125 0.0078125 0.0068359375
11 0.71923828125 0.12060546875 0.0078125 0.0068359375
11 0.70361328125 0.1943359375 0.00830078125 0.0068359375
14 0.7041015625 0.12109375 0.0087890625 0.017578125
11 0.7919921875 0.19091796875 0.00830078125 0.00732421875
11 0.77880859375 0.18505859375 0.00830078125 0.0068359375
11 0.7626953125 0.19091796875 0.00830078125 0.00732421875
11 0.7412109375 0.18505859375 0.00830078125 0.0068359375
11 0.2822265625 0.12646484375 0.0078125 0.0068359375
15 0.26025390625 0.1181640625 0.0078125 0.01171875
14 0.2451171875 0.12109375 0.0087890625 0.017578125
11 0.37841796875 0.056640625 0.00830078125 0.0068359375
11 0.3359375 0.11474609375 0.00830078125 0.00732421875
9 0.2255859375 0.1083984375 0.0068359375 0.017578125
11 0.31396484375 0.111328125 0.00830078125 0.0068359375
11 0.29833984375 0.12060546875 0.00830078125 0.0068359375
1 0.193359375 0.11572265625 0.017578125 0.02099609375
10 0.19384765625 0.05810546875 0.0166015625 0.0458984375
22 0.7099609375 0.05517578125 0.00830078125 0.00390625
0 0.17529296875 0.08837890625 0.005859375 0.08349609375
11 0.21875 0.12060546875 0.00830078125 0.0068359375
12 0.21923828125 0.18505859375 0.0087890625 0.0068359375
11 0.3564453125 0.12060546875 0.00830078125 0.0068359375
12 0.21923828125 0.056640625 0.0087890625 0.0068359375
10 0.19384765625 0.18701171875 0.0166015625 0.0458984375
14 0.44189453125 0.12109375 0.0087890625 0.017578125
8 0.4150390625 0.12890625 0.00634765625 0.01806640625
11 0.37841796875 0.11767578125 0.00830078125 0.0068359375
11 0.4931640625 0.12939453125 0.00830078125 0.00732421875
11 0.478515625 0.12939453125 0.00830078125 0.00732421875
15 0.45654296875 0.1181640625 0.0078125 0.01171875
21 0.45556640625 0.05810546875 0.00634765625 0.0185546875
14 0.3935546875 0.19189453125 0.0087890625 0.01708984375
14 0.3935546875 0.06298828125 0.0087890625 0.01708984375
4 0.37841796875 0.19677734375 0.00732421875 0.01806640625
11 0.37841796875 0.18505859375 0.00830078125 0.0068359375
11 0.41552734375 0.11767578125 0.00830078125 0.0068359375
21 0.4140625 0.05810546875 0.0068359375 0.0185546875
4 0.37841796875 0.068359375 0.00732421875 0.01806640625
11 0.68212890625 0.4384765625 0.00830078125 0.0068359375
11 0.66650390625 0.4443359375 0.00830078125 0.0068359375
11 0.66650390625 0.3798828125 0.00830078125 0.00732421875
11 0.64697265625 0.4384765625 0.00830078125 0.0068359375
11 0.64697265625 0.35888671875 0.00830078125 0.00732421875
11 0.64697265625 0.36767578125 0.00830078125 0.0068359375
11 0.64697265625 0.3740234375 0.00830078125 0.0068359375
11 0.56103515625 0.4443359375 0.00830078125 0.0068359375
11 0.56103515625 0.3857421875 0.00830078125 0.0068359375
11 0.541015625 0.4384765625 0.00830078125 0.0068359375
11 0.541015625 0.35888671875 0.00830078125 0.00732421875
11 0.541015625 0.36474609375 0.00830078125 0.00732421875
11 0.541015625 0.3740234375 0.00830078125 0.0068359375
11 0.62548828125 0.4384765625 0.00830078125 0.0068359375
11 0.62548828125 0.3798828125 0.00830078125 0.00732421875
11 0.60302734375 0.447265625 0.00830078125 0.0068359375
11 0.5888671875 0.4443359375 0.00830078125 0.0068359375
11 0.5888671875 0.35888671875 0.00830078125 0.00732421875
11 0.5888671875 0.36474609375 0.00830078125 0.00732421875
11 0.5888671875 0.3740234375 0.00830078125 0.0068359375
11 0.57666015625 0.4384765625 0.00830078125 0.0068359375
11 0.80712890625 0.4443359375 0.00830078125 0.0068359375
11 0.79443359375 0.4384765625 0.00830078125 0.0068359375
11 0.79443359375 0.36181640625 0.00830078125 0.0068359375
11 0.79443359375 0.37060546875 0.00830078125 0.0068359375
11 0.79443359375 0.376953125 0.00830078125 0.0068359375
11 0.77880859375 0.4443359375 0.00830078125 0.0068359375
22 0.51318359375 0.30859375 0.00830078125 0.00390625
11 0.724609375 0.435546875 0.00830078125 0.00732421875
11 0.724609375 0.3828125 0.00830078125 0.0068359375
11 0.70849609375 0.447265625 0.00830078125 0.0068359375
11 0.69482421875 0.4443359375 0.00830078125 0.0068359375
11 0.69482421875 0.35888671875 0.00830078125 0.00732421875
11 0.69482421875 0.36767578125 0.00830078125 0.0068359375
11 0.69482421875 0.3740234375 0.00830078125 0.0068359375
11 0.7646484375 0.447265625 0.00830078125 0.0068359375
11 0.7646484375 0.3828125 0.00830078125 0.0068359375
11 0.74560546875 0.435546875 0.00830078125 0.00732421875
11 0.74560546875 0.36181640625 0.00830078125 0.0068359375
11 0.74560546875 0.37060546875 0.00830078125 0.0068359375
11 0.74560546875 0.376953125 0.00830078125 0.0068359375
11 0.3017578125 0.447265625 0.00830078125 0.0068359375
11 0.31689453125 0.435546875 0.00830078125 0.00732421875
11 0.31689453125 0.36181640625 0.00830078125 0.0068359375
11 0.31689453125 0.37060546875 0.00830078125 0.0068359375
11 0.31689453125 0.376953125 0.00830078125 0.0068359375
14 0.30224609375 0.37451171875 0.0087890625 0.01708984375
11 0.2880859375 0.4443359375 0.00830078125 0.0068359375
11 0.275390625 0.4384765625 0.00830078125 0.0068359375
11 0.38671875 0.4384765625 0.00830078125 0.0068359375
11 0.37109375 0.4443359375 0.00830078125 0.0068359375
11 0.35693359375 0.447265625 0.00830078125 0.0068359375
11 0.337890625 0.435546875 0.00830078125 0.00732421875
10 0.19384765625 0.43994140625 0.0166015625 0.0458984375
1 0.193359375 0.36865234375 0.017578125 0.02099609375
10 0.19384765625 0.31103515625 0.0166015625 0.04541015625
22 0.71728515625 0.30859375 0.00830078125 0.00390625
22 0.30712890625 0.30859375 0.00830078125 0.00390625
0 0.17529296875 0.341796875 0.005859375 0.08349609375
11 0.259765625 0.4443359375 0.00830078125 0.0068359375
11 0.23974609375 0.4384765625 0.00830078125 0.0068359375
11 0.21875 0.4384765625 0.00830078125 0.0068359375
11 0.21875 0.35888671875 0.00830078125 0.00732421875
11 0.21875 0.36767578125 0.00830078125 0.0068359375
11 0.21875 0.3740234375 0.00830078125 0.0068359375
11 0.4423828125 0.35302734375 0.00830078125 0.0068359375
11 0.4423828125 0.4384765625 0.00830078125 0.0068359375
11 0.4423828125 0.36181640625 0.00830078125 0.0068359375
11 0.4423828125 0.36767578125 0.00830078125 0.0068359375
11 0.49072265625 0.35302734375 0.00830078125 0.0068359375
11 0.4775390625 0.4384765625 0.00830078125 0.0068359375
11 0.49072265625 0.36767578125 0.00830078125 0.0068359375
11 0.49072265625 0.36181640625 0.00830078125 0.0068359375
11 0.46240234375 0.4443359375 0.0078125 0.0068359375
11 0.49072265625 0.4443359375 0.00830078125 0.0068359375
11 0.46240234375 0.3740234375 0.0078125 0.0068359375
11 0.4208984375 0.3740234375 0.00830078125 0.0068359375
11 0.3994140625 0.4443359375 0.00830078125 0.0068359375
11 0.52001953125 0.3857421875 0.00830078125 0.0068359375
11 0.52001953125 0.4384765625 0.00830078125 0.0068359375
14 0.39990234375 0.37451171875 0.0087890625 0.01708984375
11 0.4208984375 0.4384765625 0.00830078125 0.0068359375
11 0.5048828125 0.447265625 0.00830078125 0.0068359375
11 0.57763671875 0.70068359375 0.00830078125 0.0068359375
11 0.5966796875 0.6884765625 0.00830078125 0.0068359375
11 0.5966796875 0.6357421875 0.00830078125 0.0068359375
11 0.6845703125 0.69140625 0.00830078125 0.0068359375
11 0.666015625 0.697265625 0.00830078125 0.0068359375
11 0.6484375 0.70068359375 0.00830078125 0.0068359375
11 0.623046875 0.6884765625 0.00830078125 0.0068359375
11 0.5263671875 0.697265625 0.00830078125 0.0068359375
11 0.5263671875 0.6328125 0.00830078125 0.0068359375
11 0.50048828125 0.69140625 0.0078125 0.0068359375
11 0.50048828125 0.6123046875 0.0078125 0.0068359375
11 0.50048828125 0.62109375 0.0078125 0.0068359375
11 0.50048828125 0.626953125 0.0078125 0.0068359375
11 0.560546875 0.697265625 0.0078125 0.0068359375
11 0.560546875 0.6123046875 0.0078125 0.0068359375
11 0.560546875 0.62109375 0.0078125 0.0068359375
11 0.560546875 0.626953125 0.0078125 0.0068359375
11 0.544921875 0.69140625 0.00830078125 0.0068359375
14 0.7998046875 0.6982421875 0.0087890625 0.017578125
14 0.7998046875 0.62744140625 0.0087890625 0.01708984375
4 0.7802734375 0.70361328125 0.00732421875 0.01806640625
22 0.58837890625 0.5615234375 0.00830078125 0.00390625
12 0.7265625 0.626953125 0.0087890625 0.0068359375
12 0.7265625 0.69140625 0.0087890625 0.0068359375
11 0.7001953125 0.697265625 0.00830078125 0.0068359375
14 0.7001953125 0.62744140625 0.0087890625 0.01708984375
5 0.787109375 0.61669921875 0.00732421875 0.0205078125
11 0.78076171875 0.69140625 0.00830078125 0.0068359375
11 0.78076171875 0.626953125 0.00830078125 0.0068359375
11 0.291015625 0.69140625 0.00830078125 0.0068359375
11 0.27197265625 0.697265625 0.00830078125 0.0068359375
11 0.27197265625 0.626953125 0.00830078125 0.0068359375
11 0.341796875 0.69140625 0.00830078125 0.0068359375
11 0.341796875 0.63916015625 0.00830078125 0.0068359375
11 0.32373046875 0.70068359375 0.00830078125 0.0068359375
11 0.24658203125 0.69140625 0.00830078125 0.0068359375
11 0.306640625 0.697265625 0.00830078125 0.0068359375
11 0.306640625 0.60595703125 0.00830078125 0.0068359375
11 0.306640625 0.61474609375 0.00830078125 0.0068359375
11 0.306640625 0.62109375 0.00830078125 0.0068359375
22 0.33251953125 0.5615234375 0.00830078125 0.00390625
1 0.193359375 0.6220703125 0.017578125 0.02099609375
10 0.19384765625 0.564453125 0.0166015625 0.0458984375
22 0.76416015625 0.5615234375 0.00830078125 0.00390625
0 0.17529296875 0.5947265625 0.005859375 0.08349609375
11 0.24658203125 0.60595703125 0.00830078125 0.0068359375
11 0.24658203125 0.61474609375 0.00830078125 0.0068359375
11 0.24658203125 0.62109375 0.00830078125 0.0068359375
11 0.21875 0.69140625 0.00830078125 0.0068359375
11 0.21875 0.626953125 0.00830078125 0.0068359375
10 0.19384765625 0.69287109375 0.0166015625 0.0458984375
11 0.44677734375 0.70068359375 0.00830078125 0.0068359375
11 0.4296875 0.697265625 0.0078125 0.0068359375
11 0.4296875 0.6123046875 0.0078125 0.0068359375
11 0.4296875 0.6181640625 0.0078125 0.0068359375
11 0.4296875 0.626953125 0.0078125 0.0068359375
11 0.41357421875 0.69140625 0.00830078125 0.0068359375
11 0.47314453125 0.69140625 0.00830078125 0.0068359375
11 0.47314453125 0.6328125 0.00830078125 0.0068359375
11 0.36962890625 0.69140625 0.0078125 0.0068359375
11 0.36962890625 0.6123046875 0.0078125 0.0068359375
11 0.36962890625 0.626953125 0.0078125 0.0068359375
11 0.36962890625 0.6181640625 0.0078125 0.0068359375
11 0.39501953125 0.63916015625 0.00830078125 0.0068359375
11 0.39501953125 0.697265625 0.00830078125 0.0068359375