11 0.65380859375 0.11572265625 0.00830078125 0.0068359375
11 0.68017578125 0.11572265625 0.00830078125 0.0068359375
11 0.564453125 0.11865234375 0.0078125 0.0068359375
11 0.69287109375 0.11279296875 0.00830078125 0.0068359375
11 0.6669921875 0.11865234375 0.00830078125 0.0068359375
11 0.59033203125 0.11865234375 0.00830078125 0.0068359375
11 0.60888671875 0.11865234375 0.00830078125 0.0068359375
11 0.5771484375 0.12158203125 0.00830078125 0.00732421875
11 0.63525390625 0.12158203125 0.00830078125 0.00732421875
11 0.6220703125 0.11865234375 0.00830078125 0.0068359375
12 0.798828125 0.12451171875 0.0087890625 0.0068359375
11 0.78564453125 0.12451171875 0.00830078125 0.0068359375
22 0.3134765625 0.1201171875 0.00830078125 0.00390625
11 0.74658203125 0.11572265625 0.00830078125 0.0068359375
12 0.70654296875 0.11279296875 0.0087890625 0.0068359375
11 0.77294921875 0.12158203125 0.00830078125 0.00732421875
11 0.759765625 0.11865234375 0.00830078125 0.0068359375
11 0.455078125 0.11279296875 0.00830078125 0.0068359375
11 0.41796875 0.10986328125 0.00830078125 0.0068359375
8 0.41748046875 0.12158203125 0.00634765625 0.017578125
11 0.35888671875 0.10986328125 0.00830078125 0.0068359375
11 0.4306640625 0.10986328125 0.0078125 0.0068359375
11 0.3720703125 0.11279296875 0.00830078125 0.0068359375
11 0.384765625 0.11572265625 0.00830078125 0.0068359375
11 0.3994140625 0.10986328125 0.00830078125 0.0068359375
8 0.513671875 0.12451171875 0.00634765625 0.01806640625
11 0.52734375 0.11279296875 0.00830078125 0.0068359375
11 0.55126953125 0.11572265625 0.00830078125 0.0068359375
11 0.46826171875 0.11572265625 0.00830078125 0.0068359375
11 0.4814453125 0.11865234375 0.0078125 0.0068359375
11 0.49560546875 0.11279296875 0.00830078125 0.0068359375
11 0.51416015625 0.11279296875 0.00830078125 0.0068359375
11 0.63818359375 0.1904296875 0.00830078125 0.0068359375
12 0.60498046875 0.18408203125 0.0087890625 0.0068359375
11 0.65234375 0.193359375 0.00830078125 0.00732421875
11 0.666015625 0.1904296875 0.00830078125 0.0068359375
11 0.54833984375 0.17822265625 0.00830078125 0.00732421875
8 0.52685546875 0.19921875 0.00634765625 0.017578125
11 0.52734375 0.1875 0.00830078125 0.0068359375
11 0.5908203125 0.18408203125 0.0078125 0.0068359375
11 0.57666015625 0.18115234375 0.00830078125 0.0068359375
11 0.5625 0.18115234375 0.00830078125 0.0068359375
12 0.79638671875 0.1875 0.0087890625 0.0068359375
11 0.7822265625 0.1875 0.00830078125 0.0068359375
11 0.76806640625 0.18408203125 0.00830078125 0.0068359375
11 0.75439453125 0.18408203125 0.00830078125 0.0068359375
8 0.7177734375 0.20751953125 0.00634765625 0.01806640625
11 0.71875 0.1962890625 0.00830078125 0.0068359375
11 0.6943359375 0.1962890625 0.00830078125 0.0068359375
11 0.68017578125 0.193359375 0.00830078125 0.00732421875
11 0.740234375 0.18115234375 0.00830078125 0.0068359375
11 0.3330078125 0.18408203125 0.00830078125 0.0068359375
11 0.35400390625 0.17529296875 0.00830078125 0.0068359375
8 0.33251953125 0.1962890625 0.00634765625 0.01806640625
11 0.30859375 0.18408203125 0.00830078125 0.0068359375
11 0.38232421875 0.17822265625 0.00830078125 0.00732421875
11 0.3681640625 0.17822265625 0.00830078125 0.00732421875
11 0.25244140625 0.18408203125 0.00830078125 0.0068359375
11 0.28076171875 0.18408203125 0.0078125 0.0068359375
11 0.29443359375 0.1875 0.00830078125 0.0068359375
11 0.2666015625 0.1875 0.00830078125 0.0068359375
11 0.48876953125 0.1904296875 0.00830078125 0.0068359375
11 0.4609375 0.1904296875 0.00830078125 0.0068359375
11 0.47509765625 0.1875 0.00830078125 0.0068359375
11 0.396484375 0.18115234375 0.00830078125 0.0068359375
11 0.5029296875 0.1875 0.00830078125 0.0068359375
12 0.41064453125 0.18115234375 0.0087890625 0.0068359375
11 0.44384765625 0.1875 0.00830078125 0.0068359375
11 0.623046875 0.25 0.00830078125 0.0068359375
11 0.64599609375 0.25 0.00830078125 0.0068359375
11 0.6689453125 0.25 0.00830078125 0.0068359375
11 0.52783203125 0.25 0.00830078125 0.0068359375
11 0.54296875 0.2529296875 0.00830078125 0.0068359375
11 0.55810546875 0.255859375 0.00830078125 0.0068359375
11 0.5732421875 0.2529296875 0.00830078125 0.0068359375
11 0.5947265625 0.2587890625 0.00830078125 0.00732421875
11 0.7646484375 0.2587890625 0.00830078125 0.00732421875
11 0.77978515625 0.255859375 0.00830078125 0.0068359375
11 0.80078125 0.26171875 0.00830078125 0.0068359375
8 0.6953125 0.26171875 0.00634765625 0.01806640625
11 0.71923828125 0.25 0.00830078125 0.0068359375
11 0.69580078125 0.25 0.00830078125 0.0068359375
11 0.734375 0.2529296875 0.00830078125 0.0068359375
11 0.74951171875 0.255859375 0.00830078125 0.0068359375
11 0.2861328125 0.26171875 0.00830078125 0.0068359375
11 0.30126953125 0.2587890625 0.00830078125 0.00732421875
11 0.32568359375 0.2529296875 0.00830078125 0.0068359375
13 0.361328125 0.255859375 0.01123046875 0.0068359375
11 0.24072265625 0.2587890625 0.00830078125 0.00732421875
11 0.255859375 0.26171875 0.00830078125 0.0068359375
11 0.27099609375 0.2646484375 0.00830078125 0.00732421875
11 0.46240234375 0.2470703125 0.00830078125 0.0068359375
11 0.43994140625 0.2470703125 0.00830078125 0.0068359375
11 0.5126953125 0.2470703125 0.00830078125 0.0068359375
8 0.4892578125 0.2587890625 0.00634765625 0.017578125
11 0.48974609375 0.2470703125 0.00830078125 0.0068359375
11 0.4169921875 0.2470703125 0.00830078125 0.0068359375
11 0.62744140625 0.3125 0.00830078125 0.0068359375
11 0.64990234375 0.3125 0.00830078125 0.0068359375
11 0.67236328125 0.3125 0.00830078125 0.0068359375
11 0.53662109375 0.32470703125 0.00830078125 0.0068359375
11 0.5546875 0.3212890625 0.0078125 0.0068359375
11 0.52197265625 0.3271484375 0.00830078125 0.0068359375
13 0.58203125 0.318359375 0.01123046875 0.0068359375
11 0.80126953125 0.32470703125 0.00830078125 0.0068359375
11 0.78076171875 0.318359375 0.00830078125 0.0068359375
11 0.765625 0.3212890625 0.00830078125 0.0068359375
11 0.72119140625 0.3125 0.00830078125 0.0068359375
8 0.6982421875 0.33056640625 0.00634765625 0.017578125
11 0.69873046875 0.3125 0.00830078125 0.0068359375
11 0.73583984375 0.3154296875 0.00830078125 0.00732421875
11 0.7509765625 0.318359375 0.00830078125 0.0068359375
11 0.330078125 0.33349609375 0.00830078125 0.0068359375
11 0.31494140625 0.33056640625 0.00830078125 0.00732421875
11 0.30029296875 0.3271484375 0.00830078125 0.0068359375
11 0.3515625 0.3271484375 0.00830078125 0.0068359375
11 0.24072265625 0.32470703125 0.00830078125 0.0068359375
11 0.26318359375 0.32470703125 0.00830078125 0.0068359375
11 0.28515625 0.32470703125 0.00830078125 0.0068359375
11 0.44091796875 0.33642578125 0.00830078125 0.0068359375
11 0.3740234375 0.3271484375 0.00830078125 0.0068359375
11 0.46240234375 0.33056640625 0.00830078125 0.00732421875
11 0.484375 0.33056640625 0.00830078125 0.00732421875
11 0.5068359375 0.33056640625 0.00830078125 0.00732421875
11 0.42578125 0.33349609375 0.00830078125 0.0068359375
11 0.39599609375 0.3271484375 0.00830078125 0.0068359375
11 0.4111328125 0.33056640625 0.00830078125 0.00732421875
11 0.61767578125 0.39599609375 0.00830078125 0.0068359375
11 0.6025390625 0.39306640625 0.00830078125 0.0068359375
11 0.6328125 0.39892578125 0.00830078125 0.0068359375
11 0.64794921875 0.40185546875 0.00830078125 0.00732421875
11 0.66943359375 0.39599609375 0.00830078125 0.0068359375
11 0.52099609375 0.39599609375 0.00830078125 0.0068359375
11 0.5361328125 0.39892578125 0.00830078125 0.0068359375
11 0.5576171875 0.39306640625 0.00830078125 0.0068359375
11 0.580078125 0.39306640625 0.00830078125 0.0068359375
13 0.783203125 0.39013671875 0.01123046875 0.0068359375
11 0.69189453125 0.39599609375 0.00830078125 0.0068359375
11 0.70703125 0.39892578125 0.00830078125 0.0068359375
11 0.72216796875 0.39599609375 0.00830078125 0.0068359375
11 0.74462890625 0.39306640625 0.00830078125 0.0068359375
11 0.33544921875 0.38720703125 0.00830078125 0.00732421875
8 0.3125 0.40185546875 0.00634765625 0.017578125
11 0.31298828125 0.38720703125 0.00830078125 0.00732421875
11 0.3505859375 0.39013671875 0.00830078125 0.0068359375
11 0.3662109375 0.39306640625 0.00830078125 0.0068359375
11 0.24072265625 0.38720703125 0.00830078125 0.00732421875
11 0.26318359375 0.38720703125 0.00830078125 0.00732421875
11 0.2861328125 0.38720703125 0.00830078125 0.00732421875
11 0.46826171875 0.39013671875 0.00830078125 0.0068359375
11 0.44580078125 0.39013671875 0.00830078125 0.0068359375
11 0.4912109375 0.39013671875 0.00830078125 0.0068359375
11 0.50634765625 0.39306640625 0.00830078125 0.0068359375
11 0.396484375 0.39306640625 0.00830078125 0.0068359375
11 0.4169921875 0.39892578125 0.00830078125 0.0068359375
11 0.38134765625 0.39599609375 0.00830078125 0.0068359375
11 0.61962890625 0.4736328125 0.00830078125 0.00732421875
11 0.638671875 0.4736328125 0.00830078125 0.00732421875
11 0.65576171875 0.4794921875 0.00830078125 0.0068359375
11 0.68310546875 0.4736328125 0.00830078125 0.00732421875
11 0.55029296875 0.4765625 0.00830078125 0.0068359375
11 0.5693359375 0.4794921875 0.00830078125 0.0068359375
11 0.58935546875 0.4736328125 0.00830078125 0.00732421875
21 0.78759765625 0.48095703125 0.00634765625 0.0185546875
11 0.7587890625 0.482421875 0.00830078125 0.0068359375
11 0.7021484375 0.4765625 0.00830078125 0.0068359375
11 0.720703125 0.4794921875 0.00830078125 0.0068359375
11 0.73974609375 0.482421875 0.0078125 0.0068359375
11 0.2783203125 0.4736328125 0.00830078125 0.00732421875
11 0.298828125 0.4677734375 0.00830078125 0.0068359375
11 0.3291015625 0.4677734375 0.00830078125 0.0068359375
8 0.32861328125 0.4794921875 0.00634765625 0.017578125
11 0.34814453125 0.4677734375 0.00830078125 0.0068359375
11 0.38623046875 0.470703125 0.00830078125 0.0068359375
11 0.24072265625 0.4677734375 0.00830078125 0.0068359375
11 0.259765625 0.470703125 0.00830078125 0.0068359375
11 0.49365234375 0.470703125 0.00830078125 0.0068359375
8 0.47412109375 0.482421875 0.00634765625 0.01806640625
11 0.423828125 0.4765625 0.00830078125 0.0068359375
11 0.474609375 0.470703125 0.00830078125 0.0068359375
11 0.4443359375 0.470703125 0.00830078125 0.0068359375
11 0.53125 0.4736328125 0.00830078125 0.00732421875
11 0.4052734375 0.4736328125 0.00830078125 0.00732421875