12 0.6865234375 0.1201171875 0.0087890625 0.00732421875
19 0.6865234375 0.091796875 0.0146484375 0.00439453125
11 0.68603515625 0.169921875 0.00830078125 0.00732421875
11 0.6640625 0.16357421875 0.00830078125 0.0068359375
11 0.6640625 0.1142578125 0.00830078125 0.0068359375
11 0.7158203125 0.16064453125 0.00830078125 0.0068359375
11 0.7158203125 0.15478515625 0.00830078125 0.0068359375
11 0.5888671875 0.1728515625 0.00830078125 0.0068359375
11 0.6044921875 0.169921875 0.00830078125 0.00732421875
19 0.6044921875 0.15625 0.0146484375 0.00439453125
11 0.6044921875 0.1142578125 0.00830078125 0.0068359375
11 0.6044921875 0.1201171875 0.00830078125 0.00732421875
11 0.5732421875 0.17578125 0.00830078125 0.0068359375
11 0.5576171875 0.1787109375 0.00830078125 0.0068359375
11 0.650390625 0.15771484375 0.00830078125 0.0068359375
11 0.650390625 0.1083984375 0.00830078125 0.0068359375
11 0.63427734375 0.15478515625 0.00830078125 0.0068359375
11 0.63427734375 0.10546875 0.00830078125 0.00732421875
22 0.439453125 0.23486328125 0.00830078125 0.00390625
11 0.8056640625 0.1142578125 0.00830078125 0.0068359375
22 0.5966796875 0.23486328125 0.00830078125 0.00390625
15 0.7978515625 0.09423828125 0.0078125 0.01171875
11 0.7734375 0.1201171875 0.00830078125 0.00732421875
11 0.7734375 0.1083984375 0.00830078125 0.0068359375
11 0.74462890625 0.16357421875 0.00830078125 0.0068359375
11 0.74462890625 0.15771484375 0.00830078125 0.0068359375
11 0.74462890625 0.1201171875 0.00830078125 0.00732421875
11 0.7890625 0.111328125 0.00830078125 0.0068359375
8 0.77294921875 0.12939453125 0.00634765625 0.01806640625
11 0.7734375 0.16650390625 0.00830078125 0.0068359375
11 0.7734375 0.15478515625 0.00830078125 0.0068359375
15 0.37109375 0.1884765625 0.0078125 0.01171875
11 0.37158203125 0.15771484375 0.00830078125 0.0068359375
11 0.37158203125 0.1083984375 0.00830078125 0.0068359375
11 0.3486328125 0.16357421875 0.00830078125 0.0068359375
11 0.3486328125 0.1142578125 0.00830078125 0.0068359375
11 0.33154296875 0.169921875 0.00830078125 0.00732421875
15 0.38671875 0.1884765625 0.0078125 0.01171875
11 0.33154296875 0.1201171875 0.00830078125 0.00732421875
1 0.24365234375 0.2373046875 0.017578125 0.02099609375
21 0.29345703125 0.23779296875 0.00634765625 0.0185546875
1 0.24365234375 0.173828125 0.017578125 0.02099609375
15 0.29443359375 0.16455078125 0.0078125 0.01171875
10 0.244140625 0.10986328125 0.0166015625 0.0458984375
15 0.29443359375 0.10009765625 0.0078125 0.01171875
22 0.74755859375 0.23486328125 0.00830078125 0.00390625
0 0.22509765625 0.17529296875 0.00830078125 0.1533203125
11 0.314453125 0.1787109375 0.00830078125 0.0068359375
11 0.314453125 0.12939453125 0.00830078125 0.0068359375
11 0.48828125 0.1142578125 0.00830078125 0.0068359375
11 0.52783203125 0.169921875 0.00830078125 0.00732421875
12 0.5283203125 0.1083984375 0.0087890625 0.0068359375
12 0.5283203125 0.1201171875 0.0087890625 0.00732421875
11 0.50439453125 0.1171875 0.00830078125 0.0068359375
11 0.52783203125 0.1845703125 0.00830078125 0.00732421875
11 0.4453125 0.16650390625 0.00830078125 0.0068359375
11 0.4453125 0.16650390625 0.00830078125 0.0068359375
11 0.4453125 0.111328125 0.00830078125 0.0068359375
11 0.47314453125 0.1787109375 0.00830078125 0.0068359375
11 0.4169921875 0.169921875 0.00830078125 0.00732421875
11 0.4169921875 0.15771484375 0.00830078125 0.0068359375
11 0.4169921875 0.1142578125 0.00830078125 0.0068359375
15 0.40185546875 0.1884765625 0.0078125 0.01171875
11 0.47314453125 0.16650390625 0.00830078125 0.0068359375
11 0.47314453125 0.111328125 0.00830078125 0.0068359375
11 0.552734375 0.42431640625 0.00830078125 0.0068359375
21 0.68359375 0.556640625 0.00634765625 0.0185546875
11 0.6845703125 0.5224609375 0.00830078125 0.0068359375
11 0.6845703125 0.4306640625 0.00830078125 0.0068359375
11 0.6845703125 0.41552734375 0.00830078125 0.0068359375
11 0.6611328125 0.42431640625 0.00830078125 0.0068359375
11 0.7158203125 0.51953125 0.00830078125 0.0068359375
11 0.7158203125 0.43359375 0.00830078125 0.00732421875
11 0.7158203125 0.41845703125 0.00830078125 0.00732421875
11 0.7158203125 0.51953125 0.00830078125 0.0068359375
11 0.58056640625 0.427734375 0.00830078125 0.0068359375
11 0.59521484375 0.4306640625 0.00830078125 0.0068359375
11 0.59521484375 0.50439453125 0.00830078125 0.0068359375
11 0.59521484375 0.5224609375 0.00830078125 0.0068359375
11 0.552734375 0.525390625 0.00830078125 0.0068359375
11 0.552734375 0.50439453125 0.00830078125 0.0068359375
11 0.642578125 0.4306640625 0.00830078125 0.0068359375
21 0.6259765625 0.53271484375 0.00634765625 0.01806640625
21 0.6259765625 0.5087890625 0.00634765625 0.0185546875
11 0.62744140625 0.42431640625 0.00830078125 0.0068359375
22 0.4208984375 0.58154296875 0.00830078125 0.00390625
22 0.59228515625 0.58154296875 0.00830078125 0.00390625
11 0.744140625 0.421875 0.00830078125 0.0068359375
11 0.744140625 0.4365234375 0.00830078125 0.0068359375
11 0.744140625 0.51611328125 0.00830078125 0.00732421875
21 0.79052734375 0.53271484375 0.00634765625 0.01806640625
11 0.79150390625 0.42431640625 0.00830078125 0.0068359375
11 0.79150390625 0.43359375 0.00830078125 0.00732421875
11 0.79150390625 0.41845703125 0.00830078125 0.00732421875
11 0.7587890625 0.51611328125 0.00830078125 0.00732421875
12 0.7587890625 0.51318359375 0.0087890625 0.0068359375
11 0.7587890625 0.439453125 0.00830078125 0.0068359375
11 0.7587890625 0.42431640625 0.00830078125 0.0068359375
11 0.34228515625 0.427734375 0.00830078125 0.0068359375
21 0.34130859375 0.5087890625 0.00634765625 0.0185546875
21 0.34130859375 0.53271484375 0.00634765625 0.01806640625
21 0.30322265625 0.4140625 0.00634765625 0.01806640625
21 0.30322265625 0.4140625 0.00634765625 0.01806640625
11 0.37255859375 0.4306640625 0.00830078125 0.0068359375
11 0.37255859375 0.50732421875 0.00830078125 0.0068359375
11 0.37255859375 0.525390625 0.00830078125 0.0068359375
10 0.19384765625 0.42626953125 0.0166015625 0.0458984375
1 0.193359375 0.5205078125 0.017578125 0.02099609375
1 0.193359375 0.583984375 0.017578125 0.02099609375
22 0.74658203125 0.58154296875 0.00830078125 0.00390625
22 0.26220703125 0.58154296875 0.00830078125 0.00390625
0 0.17431640625 0.5068359375 0.0087890625 0.18359375
11 0.27294921875 0.50439453125 0.00830078125 0.0068359375
11 0.27294921875 0.439453125 0.00830078125 0.0068359375
11 0.27294921875 0.43359375 0.00830078125 0.00732421875
12 0.23095703125 0.50439453125 0.0087890625 0.0068359375
12 0.23095703125 0.439453125 0.0087890625 0.0068359375
12 0.23095703125 0.43359375 0.0087890625 0.00732421875
11 0.4970703125 0.49267578125 0.00830078125 0.0068359375
11 0.4970703125 0.427734375 0.00830078125 0.0068359375
11 0.52197265625 0.421875 0.0078125 0.0068359375
11 0.47998046875 0.49560546875 0.00830078125 0.0068359375
11 0.47998046875 0.4306640625 0.00830078125 0.0068359375
21 0.52099609375 0.53271484375 0.00634765625 0.01806640625
21 0.52099609375 0.5087890625 0.00634765625 0.0185546875
11 0.42529296875 0.4365234375 0.00830078125 0.0068359375
11 0.42529296875 0.51025390625 0.00830078125 0.0068359375
11 0.42529296875 0.525390625 0.00830078125 0.0068359375
11 0.4111328125 0.43359375 0.00830078125 0.00732421875
11 0.40673828125 0.51953125 0.00830078125 0.0068359375
11 0.39111328125 0.51318359375 0.0078125 0.0068359375
11 0.4580078125 0.49267578125 0.00830078125 0.0068359375
21 0.45703125 0.47314453125 0.00634765625 0.0185546875
11 0.4580078125 0.427734375 0.00830078125 0.0068359375
11 0.65478515625 0.77734375 0.00830078125 0.0068359375
11 0.65478515625 0.783203125 0.00830078125 0.0068359375
11 0.65478515625 0.83447265625 0.00830078125 0.0068359375
11 0.65478515625 0.84619140625 0.00830078125 0.00732421875
11 0.63330078125 0.783203125 0.00830078125 0.0068359375
11 0.63330078125 0.8310546875 0.00830078125 0.0068359375
11 0.63330078125 0.83740234375 0.00830078125 0.0068359375
11 0.544921875 0.76806640625 0.00830078125 0.0068359375
11 0.70068359375 0.83740234375 0.00830078125 0.0068359375
11 0.6806640625 0.77099609375 0.00830078125 0.0068359375
11 0.66748046875 0.7744140625 0.00830078125 0.0068359375
12 0.70068359375 0.76806640625 0.0087890625 0.0068359375
11 0.70068359375 0.783203125 0.00830078125 0.0068359375
11 0.70068359375 0.83740234375 0.00830078125 0.0068359375
12 0.58935546875 0.783203125 0.0087890625 0.0068359375
19 0.58935546875 0.7548828125 0.0146484375 0.00439453125
11 0.5888671875 0.84619140625 0.00830078125 0.00732421875
11 0.5576171875 0.77099609375 0.00830078125 0.0068359375
11 0.5576171875 0.83447265625 0.00830078125 0.0068359375
11 0.5693359375 0.77734375 0.00830078125 0.0068359375
11 0.5693359375 0.84033203125 0.00830078125 0.00732421875
21 0.5439453125 0.86279296875 0.00634765625 0.01806640625
11 0.544921875 0.8310546875 0.00830078125 0.0068359375
11 0.61181640625 0.82861328125 0.00830078125 0.0068359375
11 0.61181640625 0.83447265625 0.00830078125 0.0068359375
11 0.81103515625 0.76806640625 0.00830078125 0.0068359375
11 0.81103515625 0.8310546875 0.00830078125 0.0068359375
22 0.5166015625 0.9111328125 0.00830078125 0.00390625
22 0.39794921875 0.9111328125 0.00830078125 0.00390625
22 0.63525390625 0.9111328125 0.00830078125 0.00390625
11 0.73486328125 0.7861328125 0.00830078125 0.0068359375
11 0.748046875 0.783203125 0.00830078125 0.0068359375
11 0.72216796875 0.783203125 0.00830078125 0.0068359375
11 0.72216796875 0.83447265625 0.00830078125 0.0068359375
11 0.72216796875 0.84033203125 0.00830078125 0.00732421875
11 0.7822265625 0.7802734375 0.00830078125 0.00732421875
11 0.7822265625 0.84326171875 0.00830078125 0.0068359375
11 0.79638671875 0.7744140625 0.00830078125 0.0068359375
11 0.79638671875 0.83740234375 0.00830078125 0.0068359375
11 0.7607421875 0.76806640625 0.00830078125 0.0068359375
11 0.7607421875 0.7802734375 0.00830078125 0.00732421875
11 0.7607421875 0.83740234375 0.00830078125 0.0068359375
11 0.7607421875 0.84326171875 0.00830078125 0.0068359375
11 0.31884765625 0.783203125 0.00830078125 0.0068359375
11 0.31884765625 0.84619140625 0.00830078125 0.00732421875
11 0.3046875 0.7919921875 0.00830078125 0.0068359375
21 0.3037109375 0.751953125 0.00634765625 0.01806640625
11 0.3046875 0.85546875 0.00830078125 0.0068359375
21 0.3037109375 0.9140625 0.00634765625 0.01806640625
11 0.33349609375 0.77734375 0.00830078125 0.0068359375
11 0.33349609375 0.84033203125 0.00830078125 0.00732421875
11 0.3544921875 0.77099609375 0.00830078125 0.0068359375
11 0.3544921875 0.83447265625 0.00830078125 0.0068359375
21 0.353515625 0.86279296875 0.00634765625 0.01806640625
1 0.193359375 0.85009765625 0.017578125 0.02099609375
1 0.193359375 0.91357421875 0.017578125 0.02099609375
12 0.2392578125 0.76806640625 0.0087890625 0.0068359375
12 0.2392578125 0.783203125 0.0087890625 0.0068359375
11 0.23046875 0.77099609375 0.00830078125 0.0068359375
12 0.23095703125 0.84326171875 0.0087890625 0.0068359375
12 0.23095703125 0.927734375 0.0087890625 0.0068359375
0 0.17431640625 0.8447265625 0.0087890625 0.1669921875
22 0.7548828125 0.9111328125 0.00830078125 0.00390625
10 0.19384765625 0.77294921875 0.0166015625 0.0458984375
11 0.27734375 0.77099609375 0.00830078125 0.0068359375
11 0.27734375 0.7861328125 0.00830078125 0.0068359375
11 0.27734375 0.77099609375 0.00830078125 0.0068359375
11 0.27734375 0.84326171875 0.00830078125 0.0068359375
11 0.27734375 0.91845703125 0.00830078125 0.00732421875
11 0.255859375 0.7744140625 0.00830078125 0.0068359375
11 0.46240234375 0.861328125 0.00830078125 0.00732421875
11 0.4423828125 0.7802734375 0.00830078125 0.00732421875
12 0.462890625 0.783203125 0.0087890625 0.0068359375
12 0.462890625 0.77099609375 0.0087890625 0.0068359375
12 0.462890625 0.7919921875 0.0087890625 0.0068359375
11 0.46240234375 0.84619140625 0.00830078125 0.00732421875
11 0.5234375 0.783203125 0.00830078125 0.0068359375
11 0.5234375 0.77734375 0.00830078125 0.0068359375
11 0.5234375 0.7919921875 0.00830078125 0.0068359375
11 0.5234375 0.84619140625 0.00830078125 0.00732421875
11 0.5107421875 0.84912109375 0.00830078125 0.0068359375
19 0.48486328125 0.83837890625 0.00830078125 0.00390625
11 0.48486328125 0.85546875 0.00830078125 0.0068359375
11 0.49755859375 0.85205078125 0.00830078125 0.0068359375
11 0.39599609375 0.7890625 0.00830078125 0.0068359375
11 0.39599609375 0.7744140625 0.00830078125 0.0068359375
11 0.39599609375 0.84326171875 0.00830078125 0.0068359375
11 0.39599609375 0.84326171875 0.00830078125 0.0068359375
11 0.41650390625 0.7744140625 0.00830078125 0.0068359375
11 0.41650390625 0.7861328125 0.00830078125 0.0068359375
11 0.41650390625 0.84326171875 0.00830078125 0.0068359375
11 0.375 0.783203125 0.0078125 0.0068359375
11 0.375 0.77734375 0.0078125 0.0068359375
11 0.375 0.83447265625 0.0078125 0.0068359375
11 0.375 0.84619140625 0.0078125 0.00732421875
11 0.4296875 0.77734375 0.00830078125 0.0068359375
11 0.41650390625 0.85546875 0.00830078125 0.0068359375