11 0.6572265625 0.12109375 0.00830078125 0.0068359375
11 0.64453125 0.12109375 0.00830078125 0.0068359375
11 0.70751953125 0.12109375 0.00830078125 0.0068359375
11 0.69482421875 0.12109375 0.00830078125 0.0068359375
11 0.68212890625 0.12109375 0.00830078125 0.0068359375
11 0.669921875 0.12109375 0.00830078125 0.0068359375
11 0.54296875 0.109375 0.00830078125 0.0068359375
11 0.59814453125 0.109375 0.00830078125 0.0068359375
11 0.58056640625 0.109375 0.00830078125 0.0068359375
11 0.568359375 0.109375 0.00830078125 0.0068359375
11 0.5556640625 0.109375 0.00830078125 0.0068359375
11 0.61083984375 0.109375 0.00830078125 0.0068359375
11 0.80859375 0.12109375 0.00830078125 0.0068359375
11 0.7958984375 0.12109375 0.00830078125 0.0068359375
22 0.54296875 0.14453125 0.00830078125 0.00390625
22 0.44384765625 0.04931640625 0.00830078125 0.00390625
22 0.44384765625 0.14453125 0.00830078125 0.00390625
22 0.54296875 0.04931640625 0.00830078125 0.00390625
22 0.65380859375 0.04931640625 0.00830078125 0.00390625
22 0.65380859375 0.14453125 0.00830078125 0.00390625
11 0.74609375 0.12109375 0.00830078125 0.0068359375
11 0.7333984375 0.12109375 0.00830078125 0.0068359375
11 0.783203125 0.12109375 0.00830078125 0.0068359375
11 0.77099609375 0.12109375 0.00830078125 0.0068359375
11 0.7587890625 0.12109375 0.00830078125 0.0068359375
11 0.3388671875 0.109375 0.00830078125 0.0068359375
11 0.32861328125 0.1064453125 0.00830078125 0.00732421875
11 0.3515625 0.1064453125 0.00830078125 0.00732421875
11 0.31103515625 0.1064453125 0.00830078125 0.00732421875
11 0.30126953125 0.1064453125 0.00830078125 0.00732421875
11 0.38525390625 0.1064453125 0.00830078125 0.00732421875
11 0.400390625 0.109375 0.00830078125 0.0068359375
11 0.36767578125 0.1064453125 0.00830078125 0.00732421875
22 0.7685546875 0.04931640625 0.00830078125 0.00390625
1 0.193359375 0.1533203125 0.017578125 0.02099609375
1 0.193359375 0.107421875 0.017578125 0.02099609375
10 0.19384765625 0.05810546875 0.0166015625 0.0458984375
22 0.7685546875 0.14453125 0.00830078125 0.00390625
22 0.3095703125 0.14453125 0.00830078125 0.00390625
22 0.3095703125 0.04931640625 0.00830078125 0.00390625
0 0.17578125 0.1318359375 0.005859375 0.0712890625
11 0.28466796875 0.1064453125 0.00830078125 0.00732421875
11 0.27197265625 0.109375 0.00830078125 0.0068359375
11 0.259765625 0.1064453125 0.00830078125 0.00732421875
11 0.2470703125 0.109375 0.00830078125 0.0068359375
11 0.505859375 0.109375 0.00830078125 0.0068359375
11 0.48779296875 0.109375 0.00830078125 0.0068359375
11 0.4755859375 0.109375 0.00830078125 0.0068359375
11 0.462890625 0.109375 0.0078125 0.0068359375
11 0.53076171875 0.109375 0.00830078125 0.0068359375
11 0.51806640625 0.109375 0.0078125 0.0068359375
11 0.42529296875 0.109375 0.00830078125 0.0068359375
11 0.43798828125 0.109375 0.00830078125 0.0068359375
11 0.4130859375 0.1064453125 0.00830078125 0.00732421875
11 0.45068359375 0.109375 0.00830078125 0.0068359375
11 0.607421875 0.2607421875 0.00830078125 0.0068359375
11 0.6435546875 0.2607421875 0.00830078125 0.0068359375
11 0.5712890625 0.2607421875 0.00830078125 0.0068359375
11 0.67919921875 0.2607421875 0.0078125 0.0068359375
11 0.71533203125 0.2607421875 0.00830078125 0.0068359375
11 0.75146484375 0.2607421875 0.00830078125 0.0068359375
11 0.787109375 0.2607421875 0.00830078125 0.0068359375
1 0.193359375 0.3046875 0.017578125 0.02099609375
11 0.24755859375 0.2578125 0.00830078125 0.0068359375
11 0.28759765625 0.2578125 0.00830078125 0.0068359375
11 0.521484375 0.2607421875 0.00830078125 0.0068359375
22 0.390625 0.29638671875 0.00830078125 0.00390625
0 0.17578125 0.28369140625 0.005859375 0.0712890625
22 0.390625 0.20068359375 0.00830078125 0.00390625
22 0.6865234375 0.20068359375 0.00830078125 0.00390625
22 0.6865234375 0.29638671875 0.00830078125 0.00390625
10 0.19384765625 0.20947265625 0.0166015625 0.0458984375
1 0.193359375 0.2587890625 0.017578125 0.02099609375
11 0.48583984375 0.2607421875 0.00830078125 0.0068359375
11 0.3779296875 0.2607421875 0.00830078125 0.0068359375
11 0.41357421875 0.2607421875 0.00830078125 0.0068359375
11 0.44970703125 0.2607421875 0.00830078125 0.0068359375
11 0.341796875 0.2607421875 0.00830078125 0.0068359375
22 0.73828125 0.44775390625 0.00830078125 0.00390625
22 0.3916015625 0.35205078125 0.00830078125 0.00390625
22 0.3916015625 0.44775390625 0.00830078125 0.00390625
22 0.6015625 0.44775390625 0.00830078125 0.00390625
22 0.4912109375 0.44775390625 0.00830078125 0.00390625
11 0.6923828125 0.4091796875 0.00830078125 0.0068359375
11 0.67626953125 0.4033203125 0.00830078125 0.0068359375
12 0.7412109375 0.359375 0.0087890625 0.0068359375
11 0.73876953125 0.412109375 0.00830078125 0.00732421875
11 0.7099609375 0.4091796875 0.00830078125 0.0068359375
12 0.5859375 0.36572265625 0.0087890625 0.0068359375
11 0.5947265625 0.4091796875 0.00830078125 0.0068359375
11 0.58544921875 0.412109375 0.00830078125 0.00732421875
11 0.55517578125 0.353515625 0.00830078125 0.0068359375
11 0.654296875 0.4033203125 0.00830078125 0.0068359375
11 0.63818359375 0.4033203125 0.00830078125 0.0068359375
11 0.62060546875 0.4091796875 0.00830078125 0.0068359375
11 0.611328125 0.4091796875 0.00830078125 0.0068359375
12 0.84765625 0.353515625 0.0087890625 0.0068359375
11 0.7919921875 0.4033203125 0.00830078125 0.0068359375
11 0.775390625 0.4033203125 0.00830078125 0.0068359375
11 0.8095703125 0.4033203125 0.00830078125 0.0068359375
11 0.76611328125 0.4091796875 0.00830078125 0.0068359375
11 0.75 0.4091796875 0.00830078125 0.0068359375
11 0.84765625 0.4091796875 0.00830078125 0.0068359375
11 0.830078125 0.4091796875 0.00830078125 0.0068359375
11 0.3369140625 0.423828125 0.00830078125 0.0068359375
11 0.32763671875 0.423828125 0.00830078125 0.0068359375
11 0.3583984375 0.423828125 0.0078125 0.0068359375
11 0.318359375 0.423828125 0.00830078125 0.0068359375
11 0.30859375 0.423828125 0.00830078125 0.0068359375
11 0.29931640625 0.423828125 0.0078125 0.0068359375
11 0.36767578125 0.423828125 0.00830078125 0.0068359375
11 0.396484375 0.423828125 0.00830078125 0.0068359375
10 0.19384765625 0.36083984375 0.0166015625 0.0458984375
1 0.193359375 0.41015625 0.017578125 0.02099609375
1 0.193359375 0.4560546875 0.017578125 0.02099609375
22 0.28564453125 0.44775390625 0.00830078125 0.00390625
22 0.28564453125 0.35205078125 0.00830078125 0.00390625
0 0.17578125 0.43505859375 0.005859375 0.0712890625
11 0.2900390625 0.423828125 0.00830078125 0.0068359375
11 0.25634765625 0.412109375 0.00830078125 0.00732421875
11 0.2470703125 0.412109375 0.00830078125 0.00732421875
11 0.5185546875 0.4208984375 0.00830078125 0.0068359375
11 0.5185546875 0.365234375 0.00830078125 0.00732421875
11 0.501953125 0.4208984375 0.00830078125 0.0068359375
11 0.5546875 0.4150390625 0.00830078125 0.0068359375
11 0.5361328125 0.359375 0.00830078125 0.0068359375
11 0.5361328125 0.4150390625 0.00830078125 0.0068359375
13 0.40771484375 0.3505859375 0.01123046875 0.00732421875
11 0.41552734375 0.423828125 0.00830078125 0.0068359375
11 0.4248046875 0.423828125 0.00830078125 0.0068359375
11 0.40576171875 0.423828125 0.00830078125 0.0068359375
11 0.47216796875 0.4091796875 0.00830078125 0.0068359375
11 0.45458984375 0.4091796875 0.00830078125 0.0068359375
11 0.43408203125 0.423828125 0.00830078125 0.0068359375
11 0.5166015625 0.56640625 0.00830078125 0.0068359375
11 0.685546875 0.56640625 0.00830078125 0.0068359375
1 0.193359375 0.607421875 0.017578125 0.02099609375
1 0.193359375 0.5615234375 0.017578125 0.02099609375
10 0.19384765625 0.5126953125 0.0166015625 0.0458984375
22 0.5234375 0.59912109375 0.00830078125 0.00390625
22 0.5234375 0.50390625 0.00830078125 0.00390625
0 0.17578125 0.58642578125 0.005859375 0.07080078125
11 0.40771484375 0.56640625 0.00830078125 0.0068359375
11 0.31884765625 0.560546875 0.00830078125 0.0068359375
11 0.2470703125 0.5634765625 0.00830078125 0.00732421875
18 0.62353515625 0.7783203125 0.00830078125 0.0126953125
22 0.42041015625 0.78857421875 0.00830078125 0.00390625
22 0.62353515625 0.7900390625 0.00390625 0.00634765625
11 0.45654296875 0.755859375 0.00830078125 0.0068359375
11 0.447265625 0.69970703125 0.00830078125 0.00732421875
11 0.4814453125 0.7529296875 0.0078125 0.00732421875
11 0.4677734375 0.66650390625 0.00830078125 0.0068359375
9 0.46337890625 0.6455078125 0.0068359375 0.017578125
11 0.45654296875 0.65478515625 0.00830078125 0.0068359375
11 0.41943359375 0.755859375 0.00830078125 0.0068359375
11 0.43798828125 0.755859375 0.00830078125 0.0068359375
11 0.4296875 0.6904296875 0.00830078125 0.0068359375
11 0.42041015625 0.69970703125 0.00830078125 0.00732421875
11 0.54052734375 0.755859375 0.00830078125 0.0068359375
5 0.56494140625 0.67578125 0.00732421875 0.0205078125
11 0.55810546875 0.6845703125 0.00830078125 0.00732421875
11 0.50830078125 0.6904296875 0.00830078125 0.0068359375
11 0.54052734375 0.69970703125 0.0078125 0.00732421875
11 0.48193359375 0.65478515625 0.00830078125 0.0068359375
11 0.4990234375 0.70263671875 0.00830078125 0.0068359375
11 0.4990234375 0.755859375 0.00830078125 0.0068359375
11 0.296875 0.755859375 0.00830078125 0.0068359375
11 0.2646484375 0.755859375 0.00830078125 0.0068359375
11 0.31298828125 0.755859375 0.00830078125 0.0068359375
22 0.29736328125 0.78857421875 0.00830078125 0.00390625
22 0.29736328125 0.67724609375 0.00830078125 0.00390625
1 0.193359375 0.685546875 0.017578125 0.02099609375
0 0.17578125 0.77587890625 0.005859375 0.0712890625
11 0.2470703125 0.7529296875 0.00830078125 0.00732421875
1 0.193359375 0.796875 0.017578125 0.02099609375
1 0.193359375 0.7509765625 0.017578125 0.02099609375
11 0.38037109375 0.7587890625 0.00830078125 0.00732421875
11 0.390625 0.6904296875 0.00830078125 0.0068359375
11 0.39013671875 0.75 0.00830078125 0.0068359375
11 0.38134765625 0.693359375 0.00830078125 0.0068359375
11 0.33154296875 0.755859375 0.00830078125 0.0068359375
11 0.3408203125 0.755859375 0.00830078125 0.0068359375
11 0.322265625 0.755859375 0.0078125 0.0068359375
15 0.34765625 0.67626953125 0.0078125 0.01171875
11 0.34765625 0.76806640625 0.00830078125 0.0068359375
11 0.7890625 0.6904296875 0.00830078125 0.0068359375
11 0.78857421875 0.744140625 0.00830078125 0.0068359375
11 0.779296875 0.69970703125 0.00830078125 0.00732421875
11 0.81591796875 0.6904296875 0.0078125 0.0068359375
11 0.806640625 0.69970703125 0.00830078125 0.00732421875
11 0.80615234375 0.744140625 0.00830078125 0.0068359375
11 0.76708984375 0.6904296875 0.00830078125 0.0068359375
11 0.7666015625 0.73828125 0.00830078125 0.00732421875
11 0.75732421875 0.70263671875 0.00830078125 0.0068359375
11 0.779296875 0.7412109375 0.00830078125 0.0068359375
11 0.8388671875 0.693359375 0.00830078125 0.0068359375
11 0.837890625 0.75 0.00830078125 0.0068359375
5 0.822265625 0.68017578125 0.0068359375 0.02099609375
11 0.75732421875 0.7353515625 0.00830078125 0.0068359375
11 0.6318359375 0.755859375 0.00830078125 0.0068359375
11 0.62109375 0.669921875 0.00830078125 0.00732421875
11 0.6201171875 0.755859375 0.0078125 0.0068359375
11 0.669921875 0.65771484375 0.0078125 0.0068359375
11 0.63671875 0.76806640625 0.00830078125 0.0068359375
9 0.638671875 0.6484375 0.0068359375 0.017578125
11 0.63232421875 0.65771484375 0.00830078125 0.0068359375
11 0.59228515625 0.755859375 0.00830078125 0.0068359375
11 0.576171875 0.6845703125 0.00830078125 0.00732421875
11 0.57568359375 0.755859375 0.00830078125 0.0068359375
11 0.56640625 0.69970703125 0.00830078125 0.00732421875
11 0.609375 0.65478515625 0.00830078125 0.0068359375
11 0.59326171875 0.69970703125 0.00830078125 0.00732421875
11 0.72265625 0.69970703125 0.00830078125 0.00732421875
11 0.72216796875 0.732421875 0.00830078125 0.0068359375
11 0.705078125 0.6904296875 0.00830078125 0.0068359375
11 0.740234375 0.6845703125 0.00830078125 0.00732421875
11 0.73974609375 0.7353515625 0.00830078125 0.0068359375
11 0.67236328125 0.7587890625 0.00830078125 0.00732421875
11 0.68896484375 0.69970703125 0.00830078125 0.00732421875
11 0.6884765625 0.75 0.00830078125 0.0068359375
11 0.6728515625 0.6904296875 0.00830078125 0.0068359375
22 0.59033203125 0.95068359375 0.00830078125 0.00390625
22 0.84033203125 0.95068359375 0.00830078125 0.00390625
11 0.63916015625 0.9150390625 0.00830078125 0.00732421875
11 0.64013671875 0.845703125 0.00830078125 0.0068359375
11 0.62255859375 0.912109375 0.00830078125 0.0068359375
11 0.66259765625 0.87255859375 0.00830078125 0.00732421875
11 0.6240234375 0.845703125 0.00830078125 0.0068359375
11 0.67236328125 0.86376953125 0.00830078125 0.0068359375
11 0.681640625 0.85498046875 0.00830078125 0.0068359375
11 0.6982421875 0.9150390625 0.00830078125 0.00732421875
11 0.67138671875 0.912109375 0.00830078125 0.0068359375
11 0.5537109375 0.9150390625 0.00830078125 0.00732421875
11 0.5537109375 0.87255859375 0.00830078125 0.00732421875
11 0.57177734375 0.845703125 0.00830078125 0.0068359375
11 0.5439453125 0.912109375 0.00830078125 0.0068359375
11 0.54443359375 0.86376953125 0.00830078125 0.0068359375
11 0.59716796875 0.912109375 0.00830078125 0.0068359375
11 0.59765625 0.83984375 0.00830078125 0.0068359375
11 0.60595703125 0.8486328125 0.0078125 0.0068359375
11 0.58056640625 0.912109375 0.00830078125 0.0068359375
11 0.58154296875 0.8310546875 0.00830078125 0.0068359375
11 0.80810546875 0.86376953125 0.00830078125 0.0068359375
11 0.81689453125 0.9150390625 0.00830078125 0.00732421875
11 0.7900390625 0.912109375 0.00830078125 0.0068359375
11 0.79052734375 0.87841796875 0.00830078125 0.0068359375
11 0.8076171875 0.912109375 0.00830078125 0.0068359375
11 0.81689453125 0.87255859375 0.00830078125 0.00732421875
11 0.84228515625 0.845703125 0.00830078125 0.0068359375
11 0.72900390625 0.912109375 0.00830078125 0.0068359375
11 0.71630859375 0.86962890625 0.00830078125 0.0068359375
11 0.69921875 0.86083984375 0.00830078125 0.0068359375
11 0.77392578125 0.912109375 0.00830078125 0.0068359375
11 0.7744140625 0.86962890625 0.00830078125 0.0068359375
11 0.75830078125 0.86083984375 0.00830078125 0.0068359375
11 0.31884765625 0.86376953125 0.00830078125 0.0068359375
11 0.3232421875 0.912109375 0.00830078125 0.0068359375
11 0.30859375 0.9150390625 0.00830078125 0.00732421875
11 0.29345703125 0.86962890625 0.00830078125 0.0068359375
11 0.32421875 0.87255859375 0.00830078125 0.00732421875
11 0.3095703125 0.87841796875 0.00830078125 0.0068359375
11 0.35791015625 0.8310546875 0.00830078125 0.0068359375
11 0.3671875 0.912109375 0.00830078125 0.0068359375
11 0.34716796875 0.912109375 0.00830078125 0.0068359375
11 0.34814453125 0.845703125 0.00830078125 0.0068359375
10 0.19384765625 0.853515625 0.0166015625 0.0458984375
1 0.193359375 0.9130859375 0.017578125 0.02099609375
1 0.193359375 0.958984375 0.017578125 0.02099609375
0 0.17578125 0.93798828125 0.005859375 0.07080078125
22 0.3427734375 0.8447265625 0.00830078125 0.00390625
22 0.3427734375 0.95068359375 0.00830078125 0.00390625
11 0.29248046875 0.912109375 0.00830078125 0.0068359375
11 0.24755859375 0.912109375 0.00830078125 0.0068359375
11 0.27685546875 0.86083984375 0.00830078125 0.0068359375
11 0.49462890625 0.86083984375 0.00830078125 0.0068359375
11 0.4638671875 0.912109375 0.00830078125 0.0068359375
11 0.52685546875 0.912109375 0.00830078125 0.0068359375
11 0.51123046875 0.86962890625 0.00830078125 0.0068359375
11 0.52734375 0.87841796875 0.00830078125 0.0068359375
11 0.51025390625 0.912109375 0.00830078125 0.0068359375
11 0.45166015625 0.85498046875 0.00830078125 0.0068359375
11 0.39404296875 0.845703125 0.00830078125 0.0068359375
11 0.37646484375 0.8486328125 0.00830078125 0.0068359375
11 0.40966796875 0.912109375 0.00830078125 0.0068359375
11 0.36767578125 0.83984375 0.00830078125 0.0068359375
11 0.37646484375 0.9150390625 0.00830078125 0.00732421875
11 0.44189453125 0.9150390625 0.00830078125 0.00732421875
11 0.4423828125 0.86376953125 0.00830078125 0.0068359375
11 0.41015625 0.845703125 0.00830078125 0.0068359375
11 0.43310546875 0.87255859375 0.00830078125 0.00732421875