15 0.7265625 0.2109375 0.0078125 0.01171875
14 0.69482421875 0.05126953125 0.0087890625 0.01708984375
14 0.69482421875 0.12646484375 0.0087890625 0.01708984375
14 0.72705078125 0.12646484375 0.0087890625 0.01708984375
14 0.72705078125 0.05126953125 0.0087890625 0.01708984375
15 0.6787109375 0.2744140625 0.0078125 0.01171875
5 0.6689453125 0.27783203125 0.0068359375 0.02099609375
14 0.67919921875 0.05126953125 0.0087890625 0.01708984375
14 0.67919921875 0.12646484375 0.0087890625 0.01708984375
15 0.6787109375 0.2109375 0.0078125 0.01171875
4 0.7099609375 0.068359375 0.0078125 0.01806640625
5 0.716796875 0.1298828125 0.00732421875 0.0205078125
4 0.7099609375 0.212890625 0.0078125 0.01806640625
5 0.716796875 0.27783203125 0.00732421875 0.02099609375
11 0.7099609375 0.201171875 0.00830078125 0.0068359375
11 0.7099609375 0.05615234375 0.00830078125 0.0068359375
11 0.7099609375 0.140625 0.00830078125 0.0068359375
11 0.7099609375 0.28857421875 0.00830078125 0.0068359375
14 0.62646484375 0.05126953125 0.0087890625 0.01708984375
14 0.62646484375 0.12646484375 0.0087890625 0.01708984375
15 0.6259765625 0.2109375 0.0078125 0.01171875
15 0.6259765625 0.2744140625 0.0078125 0.01171875
4 0.609375 0.3046875 0.00732421875 0.01806640625
4 0.662109375 0.068359375 0.00732421875 0.01806640625
5 0.6689453125 0.1298828125 0.0068359375 0.0205078125
4 0.662109375 0.212890625 0.00732421875 0.01806640625
14 0.64208984375 0.05126953125 0.0087890625 0.01708984375
14 0.64208984375 0.12646484375 0.0087890625 0.01708984375
11 0.662109375 0.05615234375 0.00830078125 0.0068359375
11 0.662109375 0.140625 0.00830078125 0.0068359375
11 0.662109375 0.201171875 0.00830078125 0.0068359375
11 0.662109375 0.28857421875 0.00830078125 0.0068359375
22 0.46826171875 0.20556640625 0.00830078125 0.00390625
22 0.46826171875 0.12451171875 0.00830078125 0.00390625
22 0.46826171875 0.048828125 0.00830078125 0.00390625
11 0.7578125 0.05322265625 0.00830078125 0.0068359375
11 0.7578125 0.1376953125 0.00830078125 0.0068359375
11 0.7578125 0.1982421875 0.00830078125 0.0068359375
11 0.7578125 0.28564453125 0.00830078125 0.00732421875
4 0.7578125 0.0654296875 0.00732421875 0.017578125
14 0.7421875 0.05126953125 0.0087890625 0.01708984375
14 0.7421875 0.12646484375 0.0087890625 0.01708984375
14 0.7900390625 0.05126953125 0.0087890625 0.01708984375
14 0.7900390625 0.12646484375 0.0087890625 0.01708984375
14 0.7900390625 0.2138671875 0.0087890625 0.017578125
14 0.7900390625 0.27734375 0.0087890625 0.017578125
5 0.7646484375 0.126953125 0.00732421875 0.02099609375
4 0.7578125 0.2099609375 0.00732421875 0.01806640625
15 0.7265625 0.2744140625 0.0078125 0.01171875
4 0.7578125 0.29638671875 0.00732421875 0.01806640625
14 0.77490234375 0.05126953125 0.0087890625 0.01708984375
14 0.77490234375 0.12646484375 0.0087890625 0.01708984375
14 0.77490234375 0.2138671875 0.0087890625 0.017578125
14 0.77490234375 0.27734375 0.0087890625 0.017578125
11 0.263671875 0.068359375 0.00830078125 0.0068359375
11 0.263671875 0.1435546875 0.00830078125 0.00732421875
11 0.263671875 0.21875 0.00830078125 0.0068359375
11 0.263671875 0.279296875 0.00830078125 0.0068359375
11 0.2412109375 0.0654296875 0.00830078125 0.00732421875
11 0.2412109375 0.140625 0.00830078125 0.0068359375
11 0.2412109375 0.2158203125 0.00830078125 0.0068359375
11 0.2412109375 0.2763671875 0.00830078125 0.0068359375
15 0.322265625 0.0478515625 0.0078125 0.01171875
15 0.322265625 0.2109375 0.0078125 0.01171875
14 0.32275390625 0.27734375 0.0087890625 0.017578125
12 0.28515625 0.07421875 0.0087890625 0.0068359375
12 0.28515625 0.1494140625 0.0087890625 0.00732421875
12 0.28515625 0.22509765625 0.0087890625 0.0068359375
12 0.28515625 0.28564453125 0.0087890625 0.0068359375
10 0.19384765625 0.0576171875 0.0166015625 0.0458984375
10 0.19384765625 0.13330078125 0.0166015625 0.0458984375
10 0.19384765625 0.208984375 0.0166015625 0.0458984375
11 0.21923828125 0.1376953125 0.00830078125 0.0068359375
11 0.21923828125 0.212890625 0.00830078125 0.0068359375
11 0.21923828125 0.2734375 0.00830078125 0.0068359375
1 0.193359375 0.28369140625 0.017578125 0.02099609375
15 0.322265625 0.12353515625 0.0078125 0.01171875
11 0.21923828125 0.06201171875 0.00830078125 0.0068359375
11 0.5380859375 0.28564453125 0.00830078125 0.00732421875
11 0.50732421875 0.28564453125 0.00830078125 0.00732421875
15 0.56005859375 0.2744140625 0.0078125 0.01171875
11 0.458984375 0.28564453125 0.00830078125 0.00732421875
11 0.609375 0.05322265625 0.00830078125 0.0068359375
11 0.4833984375 0.29443359375 0.00830078125 0.0068359375
5 0.6162109375 0.126953125 0.0068359375 0.02099609375
4 0.609375 0.2099609375 0.00732421875 0.01806640625
11 0.609375 0.1376953125 0.00830078125 0.0068359375
11 0.609375 0.1982421875 0.00830078125 0.0068359375
11 0.609375 0.29443359375 0.00830078125 0.0068359375
4 0.609375 0.0654296875 0.00732421875 0.017578125
11 0.36865234375 0.28564453125 0.00830078125 0.00732421875
11 0.337890625 0.28857421875 0.00830078125 0.0068359375
5 0.3447265625 0.27783203125 0.0068359375 0.02099609375
11 0.40087890625 0.28564453125 0.00830078125 0.00732421875
11 0.4296875 0.28564453125 0.00830078125 0.00732421875
11 0.67041015625 0.84375 0.00830078125 0.0068359375
11 0.47900390625 0.8466796875 0.00830078125 0.00732421875
11 0.64013671875 0.8466796875 0.00830078125 0.00732421875
11 0.61669921875 0.8525390625 0.00830078125 0.0068359375
11 0.54736328125 0.8525390625 0.00830078125 0.0068359375
11 0.58544921875 0.8525390625 0.00830078125 0.0068359375
11 0.509765625 0.8525390625 0.00830078125 0.0068359375
22 0.580078125 0.76416015625 0.00830078125 0.00390625
22 0.30517578125 0.607421875 0.00830078125 0.00390625
22 0.41748046875 0.607421875 0.00830078125 0.00390625
22 0.41748046875 0.6826171875 0.00830078125 0.00390625
22 0.41748046875 0.76416015625 0.00830078125 0.00390625
22 0.580078125 0.607421875 0.00830078125 0.00390625
22 0.580078125 0.6826171875 0.00830078125 0.00390625
11 0.7470703125 0.84375 0.00830078125 0.0068359375
11 0.70849609375 0.84375 0.00830078125 0.0068359375
11 0.77734375 0.84375 0.0078125 0.0068359375
11 0.80078125 0.8466796875 0.00830078125 0.00732421875
13 0.2373046875 0.69580078125 0.01123046875 0.0068359375
13 0.2373046875 0.61181640625 0.01123046875 0.00732421875
13 0.2373046875 0.62060546875 0.01123046875 0.00732421875
13 0.2373046875 0.75634765625 0.01123046875 0.00732421875
1 0.193359375 0.841796875 0.017578125 0.02099609375
10 0.19384765625 0.76708984375 0.0166015625 0.0458984375
13 0.2978515625 0.8466796875 0.01123046875 0.00732421875
13 0.2978515625 0.75927734375 0.01123046875 0.0068359375
13 0.2978515625 0.69580078125 0.01123046875 0.0068359375
13 0.2978515625 0.61474609375 0.01123046875 0.00732421875
13 0.2373046875 0.84375 0.01123046875 0.0068359375
22 0.24755859375 0.63134765625 0.00830078125 0.00390625
10 0.19384765625 0.69140625 0.0166015625 0.0458984375
10 0.19384765625 0.6162109375 0.0166015625 0.0458984375
22 0.73974609375 0.76416015625 0.00830078125 0.00390625
22 0.73974609375 0.6826171875 0.00830078125 0.00390625
22 0.73974609375 0.607421875 0.00830078125 0.00390625
11 0.3486328125 0.84375 0.00830078125 0.0068359375
11 0.455078125 0.84375 0.00830078125 0.0068359375
11 0.42431640625 0.84375 0.00830078125 0.0068359375
11 0.38671875 0.84375 0.00830078125 0.0068359375