11 0.64794921875 0.064453125 0.00830078125 0.0068359375
11 0.64794921875 0.076171875 0.00830078125 0.00732421875
11 0.62890625 0.076171875 0.00830078125 0.00732421875
11 0.62890625 0.0673828125 0.00830078125 0.0068359375
11 0.666015625 0.076171875 0.00830078125 0.00732421875
11 0.693359375 0.11328125 0.00830078125 0.0068359375
11 0.666015625 0.06103515625 0.00830078125 0.0068359375
12 0.693359375 0.064453125 0.0087890625 0.0068359375
11 0.693359375 0.076171875 0.00830078125 0.00732421875
11 0.5625 0.076171875 0.00830078125 0.00732421875
11 0.5625 0.05810546875 0.00830078125 0.0068359375
11 0.58056640625 0.06103515625 0.00830078125 0.0068359375
11 0.58056640625 0.0732421875 0.00830078125 0.0068359375
11 0.61474609375 0.06103515625 0.00830078125 0.0068359375
11 0.61474609375 0.0732421875 0.00830078125 0.0068359375
12 0.61474609375 0.11328125 0.0087890625 0.0068359375
11 0.595703125 0.064453125 0.00830078125 0.0068359375
11 0.595703125 0.0703125 0.00830078125 0.0068359375
11 0.8076171875 0.0732421875 0.00830078125 0.0068359375
11 0.8076171875 0.1220703125 0.00830078125 0.0068359375
11 0.78857421875 0.0703125 0.00830078125 0.0068359375
21 0.787109375 0.07470703125 0.00634765625 0.0185546875
11 0.78857421875 0.1220703125 0.00830078125 0.0068359375
11 0.7734375 0.11962890625 0.00830078125 0.0068359375
11 0.72607421875 0.076171875 0.00830078125 0.00732421875
11 0.72607421875 0.1162109375 0.00830078125 0.0068359375
11 0.7109375 0.11962890625 0.00830078125 0.0068359375
11 0.75830078125 0.1162109375 0.00830078125 0.0068359375
11 0.75830078125 0.0849609375 0.00830078125 0.0068359375
11 0.7734375 0.0673828125 0.00830078125 0.0068359375
11 0.744140625 0.0732421875 0.00830078125 0.0068359375
11 0.744140625 0.11328125 0.00830078125 0.0068359375
11 0.75830078125 0.064453125 0.00830078125 0.0068359375
11 0.337890625 0.05517578125 0.00830078125 0.00732421875
11 0.35595703125 0.05517578125 0.00830078125 0.00732421875
11 0.31884765625 0.05517578125 0.00830078125 0.00732421875
11 0.3974609375 0.05517578125 0.00830078125 0.00732421875
11 0.37841796875 0.05517578125 0.00830078125 0.00732421875
11 0.37841796875 0.0849609375 0.00830078125 0.0068359375
11 0.37841796875 0.11328125 0.00830078125 0.0068359375
11 0.2421875 0.0673828125 0.00830078125 0.0068359375
1 0.193359375 0.12939453125 0.017578125 0.02099609375
12 0.2421875 0.08203125 0.0087890625 0.0068359375
11 0.2421875 0.1162109375 0.00830078125 0.0068359375
0 0.17529296875 0.1005859375 0.005859375 0.08544921875
10 0.19384765625 0.06884765625 0.0166015625 0.0458984375
11 0.2890625 0.04931640625 0.00830078125 0.0068359375
11 0.3037109375 0.05224609375 0.00830078125 0.0068359375
12 0.30419921875 0.08203125 0.0087890625 0.0068359375
12 0.30419921875 0.11328125 0.0087890625 0.0068359375
11 0.2587890625 0.05517578125 0.00830078125 0.00732421875
11 0.27392578125 0.05224609375 0.00830078125 0.0068359375
11 0.27392578125 0.1220703125 0.00830078125 0.0068359375
11 0.50830078125 0.05517578125 0.00830078125 0.00732421875
11 0.50830078125 0.0703125 0.00830078125 0.0068359375
11 0.49072265625 0.05517578125 0.00830078125 0.00732421875
11 0.49072265625 0.0673828125 0.00830078125 0.0068359375
11 0.54833984375 0.05517578125 0.00830078125 0.00732421875
11 0.54833984375 0.0703125 0.00830078125 0.0068359375
12 0.54833984375 0.1103515625 0.0087890625 0.00732421875
11 0.52587890625 0.05224609375 0.00830078125 0.0068359375
11 0.52587890625 0.0732421875 0.00830078125 0.0068359375
11 0.4453125 0.05517578125 0.00830078125 0.00732421875
11 0.43408203125 0.05517578125 0.00830078125 0.00732421875
11 0.4453125 0.064453125 0.00830078125 0.0068359375
11 0.4453125 0.11962890625 0.00830078125 0.0068359375
12 0.4755859375 0.1103515625 0.0087890625 0.00732421875
11 0.4150390625 0.05517578125 0.00830078125 0.00732421875
11 0.4150390625 0.0673828125 0.00830078125 0.0068359375
11 0.46044921875 0.06103515625 0.00830078125 0.0068359375
11 0.4755859375 0.05517578125 0.00830078125 0.00732421875
11 0.4755859375 0.064453125 0.00830078125 0.0068359375
11 0.64794921875 0.2705078125 0.00830078125 0.0068359375
12 0.64794921875 0.2412109375 0.0087890625 0.0068359375
11 0.64794921875 0.22900390625 0.00830078125 0.0068359375
11 0.671875 0.27685546875 0.00830078125 0.0068359375
11 0.5400390625 0.21728515625 0.00830078125 0.00732421875
11 0.59765625 0.22021484375 0.00830078125 0.0068359375
11 0.61181640625 0.21728515625 0.00830078125 0.00732421875
11 0.57666015625 0.22021484375 0.00830078125 0.0068359375
11 0.5546875 0.22021484375 0.00830078125 0.0068359375
11 0.802734375 0.28271484375 0.00830078125 0.00732421875
11 0.78125 0.279296875 0.00830078125 0.0068359375
11 0.78125 0.22900390625 0.00830078125 0.0068359375
11 0.73583984375 0.2734375 0.00830078125 0.0068359375
21 0.73486328125 0.24560546875 0.00634765625 0.0185546875
11 0.73583984375 0.22021484375 0.00830078125 0.0068359375
11 0.71435546875 0.2705078125 0.00830078125 0.0068359375
11 0.693359375 0.2734375 0.00830078125 0.0068359375
11 0.78125 0.21435546875 0.00830078125 0.0068359375
11 0.693359375 0.2080078125 0.00830078125 0.0068359375
11 0.759765625 0.27685546875 0.00830078125 0.0068359375
11 0.759765625 0.21728515625 0.00830078125 0.00732421875
11 0.3154296875 0.279296875 0.00830078125 0.0068359375
11 0.291015625 0.28271484375 0.00830078125 0.00732421875
11 0.291015625 0.22021484375 0.00830078125 0.0068359375
11 0.35888671875 0.28564453125 0.00830078125 0.0068359375
11 0.35888671875 0.22021484375 0.00830078125 0.0068359375
12 0.51904296875 0.2705078125 0.0087890625 0.0068359375
11 0.33642578125 0.28271484375 0.00830078125 0.00732421875
12 0.3369140625 0.2353515625 0.0087890625 0.0068359375
11 0.33642578125 0.22900390625 0.00830078125 0.0068359375
1 0.193359375 0.28955078125 0.017578125 0.02099609375
10 0.19384765625 0.23388671875 0.0166015625 0.0458984375
0 0.17529296875 0.26318359375 0.005859375 0.0810546875
11 0.26708984375 0.28271484375 0.00830078125 0.00732421875
11 0.26708984375 0.22900390625 0.00830078125 0.0068359375
11 0.24169921875 0.28271484375 0.00830078125 0.00732421875
12 0.2421875 0.2412109375 0.0087890625 0.0068359375
11 0.24169921875 0.2353515625 0.00830078125 0.0068359375
11 0.4521484375 0.22021484375 0.00830078125 0.0068359375
12 0.51904296875 0.22607421875 0.0087890625 0.0068359375
11 0.5185546875 0.21435546875 0.00830078125 0.0068359375
11 0.49755859375 0.21435546875 0.00830078125 0.0068359375
11 0.47607421875 0.29443359375 0.00830078125 0.0068359375
11 0.47607421875 0.21728515625 0.00830078125 0.00732421875
11 0.40185546875 0.29150390625 0.00830078125 0.0068359375
11 0.38037109375 0.21435546875 0.00830078125 0.0068359375
11 0.38037109375 0.28857421875 0.00830078125 0.0068359375
11 0.43212890625 0.28857421875 0.00830078125 0.0068359375
12 0.4326171875 0.23193359375 0.0087890625 0.00732421875
11 0.43212890625 0.21435546875 0.00830078125 0.0068359375
21 0.61376953125 0.4501953125 0.00634765625 0.01806640625
11 0.61474609375 0.3984375 0.00830078125 0.0068359375
11 0.61474609375 0.38330078125 0.00830078125 0.0068359375
11 0.60009765625 0.38037109375 0.00830078125 0.0068359375
11 0.64501953125 0.4013671875 0.00830078125 0.0068359375
11 0.66357421875 0.38916015625 0.00830078125 0.00732421875
11 0.64501953125 0.43359375 0.00830078125 0.00732421875
11 0.64501953125 0.38916015625 0.00830078125 0.00732421875
11 0.6298828125 0.38623046875 0.0078125 0.0068359375
11 0.5234375 0.44873046875 0.00830078125 0.0068359375
11 0.5498046875 0.38037109375 0.00830078125 0.0068359375
11 0.5498046875 0.39501953125 0.00830078125 0.0068359375
11 0.5498046875 0.44873046875 0.00830078125 0.0068359375
11 0.5849609375 0.38330078125 0.00830078125 0.0068359375
11 0.5849609375 0.3984375 0.00830078125 0.0068359375
21 0.583984375 0.4501953125 0.00634765625 0.01806640625
11 0.5673828125 0.38623046875 0.00830078125 0.0068359375
11 0.787109375 0.392578125 0.00830078125 0.0068359375
11 0.787109375 0.46044921875 0.00830078125 0.0068359375
11 0.8056640625 0.46044921875 0.00830078125 0.0068359375
11 0.7568359375 0.4013671875 0.00830078125 0.0068359375
11 0.7568359375 0.45458984375 0.00830078125 0.00732421875
11 0.77197265625 0.45751953125 0.00830078125 0.0068359375
11 0.70947265625 0.45751953125 0.0078125 0.0068359375
11 0.69189453125 0.45166015625 0.00830078125 0.0068359375
11 0.69189453125 0.4013671875 0.00830078125 0.0068359375
13 0.693359375 0.38916015625 0.01123046875 0.00732421875
11 0.7392578125 0.41015625 0.00830078125 0.0068359375
11 0.7392578125 0.45166015625 0.00830078125 0.0068359375
11 0.724609375 0.45458984375 0.00830078125 0.00732421875
11 0.724609375 0.4072265625 0.00830078125 0.0068359375
11 0.32421875 0.38037109375 0.00830078125 0.0068359375
11 0.32421875 0.439453125 0.00830078125 0.0068359375
11 0.29150390625 0.43359375 0.00830078125 0.00732421875
11 0.306640625 0.38037109375 0.00830078125 0.0068359375
12 0.306640625 0.392578125 0.0087890625 0.0068359375
11 0.306640625 0.43701171875 0.00830078125 0.0068359375
11 0.36083984375 0.37744140625 0.00830078125 0.0068359375
11 0.3720703125 0.37451171875 0.00830078125 0.0068359375
11 0.3720703125 0.44580078125 0.00830078125 0.0068359375
11 0.34326171875 0.37451171875 0.00830078125 0.0068359375
11 0.34326171875 0.439453125 0.00830078125 0.0068359375
10 0.19287109375 0.39404296875 0.0166015625 0.0458984375
11 0.2421875 0.37451171875 0.00830078125 0.0068359375
12 0.24267578125 0.38916015625 0.0087890625 0.00732421875
11 0.2421875 0.44580078125 0.00830078125 0.0068359375
0 0.17529296875 0.42333984375 0.005859375 0.0810546875
11 0.27685546875 0.38623046875 0.00830078125 0.0068359375
11 0.27685546875 0.43701171875 0.00830078125 0.0068359375
11 0.2587890625 0.439453125 0.00830078125 0.0068359375
11 0.46044921875 0.43701171875 0.00830078125 0.0068359375
11 0.4755859375 0.38623046875 0.00830078125 0.0068359375
12 0.4755859375 0.39501953125 0.0087890625 0.0068359375
11 0.4755859375 0.439453125 0.00830078125 0.0068359375
11 0.44287109375 0.38916015625 0.00830078125 0.00732421875
11 0.4248046875 0.439453125 0.00830078125 0.0068359375
11 0.44287109375 0.439453125 0.00830078125 0.0068359375
11 0.490234375 0.44287109375 0.00830078125 0.0068359375
11 0.490234375 0.38330078125 0.00830078125 0.0068359375
11 0.50830078125 0.38037109375 0.00830078125 0.0068359375
11 0.50830078125 0.44580078125 0.00830078125 0.0068359375
11 0.40576171875 0.44873046875 0.00830078125 0.0068359375
12 0.40625 0.39501953125 0.0087890625 0.0068359375
11 0.40576171875 0.37744140625 0.00830078125 0.0068359375
11 0.38330078125 0.37744140625 0.00830078125 0.0068359375
11 0.64794921875 0.53173828125 0.00830078125 0.0068359375
11 0.64794921875 0.5615234375 0.00830078125 0.00732421875
11 0.64794921875 0.61181640625 0.00830078125 0.0068359375
21 0.61572265625 0.6103515625 0.00634765625 0.0185546875
11 0.63232421875 0.564453125 0.00830078125 0.0068359375
11 0.67138671875 0.53173828125 0.00830078125 0.0068359375
11 0.67138671875 0.5673828125 0.00830078125 0.0068359375
11 0.6826171875 0.53466796875 0.00830078125 0.0068359375
11 0.65966796875 0.53466796875 0.00830078125 0.0068359375
11 0.53076171875 0.61474609375 0.00830078125 0.0068359375
11 0.55712890625 0.54638671875 0.00830078125 0.0068359375
11 0.55712890625 0.5615234375 0.00830078125 0.00732421875
12 0.5576171875 0.61181640625 0.0087890625 0.0068359375
11 0.6025390625 0.54638671875 0.00830078125 0.0068359375
11 0.61669921875 0.552734375 0.00830078125 0.0068359375
11 0.57275390625 0.54345703125 0.00830078125 0.0068359375
11 0.61669921875 0.5673828125 0.00830078125 0.0068359375
11 0.58837890625 0.54052734375 0.00830078125 0.00732421875
11 0.58837890625 0.5556640625 0.00830078125 0.0068359375
11 0.791015625 0.54345703125 0.00830078125 0.0068359375
11 0.791015625 0.62109375 0.00830078125 0.0068359375
11 0.80712890625 0.54638671875 0.00830078125 0.0068359375
11 0.80712890625 0.61767578125 0.00830078125 0.0068359375
11 0.775390625 0.54052734375 0.00830078125 0.00732421875
11 0.72607421875 0.53759765625 0.00830078125 0.0068359375
11 0.72607421875 0.5703125 0.00830078125 0.0068359375
11 0.70166015625 0.53466796875 0.00830078125 0.0068359375
11 0.70166015625 0.5732421875 0.00830078125 0.0068359375
11 0.70166015625 0.61767578125 0.00830078125 0.0068359375
11 0.72607421875 0.61181640625 0.00830078125 0.0068359375
11 0.744140625 0.5673828125 0.00830078125 0.0068359375
11 0.759765625 0.53759765625 0.00830078125 0.0068359375
12 0.76025390625 0.564453125 0.0087890625 0.0068359375
11 0.759765625 0.6240234375 0.00830078125 0.0068359375
11 0.744140625 0.54052734375 0.00830078125 0.00732421875
11 0.318359375 0.54052734375 0.00830078125 0.00732421875
11 0.318359375 0.5556640625 0.00830078125 0.0068359375
11 0.318359375 0.6328125 0.00830078125 0.0068359375
11 0.29541015625 0.53759765625 0.00830078125 0.0068359375
11 0.29541015625 0.6298828125 0.00830078125 0.0068359375
11 0.30712890625 0.54052734375 0.00830078125 0.00732421875
11 0.35986328125 0.55859375 0.00830078125 0.0068359375
11 0.37109375 0.54052734375 0.00830078125 0.00732421875
11 0.37109375 0.55859375 0.00830078125 0.0068359375
11 0.37109375 0.6328125 0.00830078125 0.0068359375
11 0.33642578125 0.55859375 0.00830078125 0.0068359375
11 0.34814453125 0.5556640625 0.00830078125 0.0068359375
11 0.34814453125 0.6357421875 0.00830078125 0.0068359375
10 0.19287109375 0.55419921875 0.0166015625 0.0458984375
11 0.24072265625 0.5498046875 0.00830078125 0.0068359375
12 0.2412109375 0.5556640625 0.0087890625 0.0068359375
11 0.24072265625 0.62109375 0.00830078125 0.0068359375
0 0.17529296875 0.583984375 0.005859375 0.08154296875
11 0.27197265625 0.53759765625 0.00830078125 0.0068359375
11 0.27197265625 0.626953125 0.00830078125 0.00732421875
11 0.28369140625 0.54052734375 0.00830078125 0.00732421875
11 0.25634765625 0.6240234375 0.00830078125 0.0068359375
11 0.4658203125 0.62109375 0.00830078125 0.0068359375
11 0.482421875 0.54052734375 0.00830078125 0.00732421875
21 0.48095703125 0.56591796875 0.00634765625 0.0185546875
11 0.447265625 0.52880859375 0.00830078125 0.0068359375
21 0.4462890625 0.56591796875 0.00634765625 0.0185546875
11 0.447265625 0.62109375 0.00830078125 0.0068359375
11 0.482421875 0.61474609375 0.00830078125 0.0068359375
11 0.513671875 0.53466796875 0.00830078125 0.0068359375
11 0.513671875 0.5498046875 0.00830078125 0.0068359375
11 0.513671875 0.62109375 0.00830078125 0.0068359375
11 0.49951171875 0.60888671875 0.00830078125 0.0068359375
11 0.427734375 0.62109375 0.00830078125 0.0068359375
11 0.41064453125 0.6416015625 0.00830078125 0.00732421875
11 0.41064453125 0.5615234375 0.00830078125 0.00732421875
11 0.41064453125 0.54052734375 0.00830078125 0.00732421875
11 0.38671875 0.6298828125 0.00830078125 0.0068359375
11 0.62451171875 0.77490234375 0.00830078125 0.0068359375
11 0.62451171875 0.7099609375 0.00830078125 0.0068359375
11 0.607421875 0.7783203125 0.00830078125 0.00732421875
11 0.61474609375 0.78125 0.00830078125 0.0068359375
11 0.607421875 0.70703125 0.00830078125 0.0068359375
11 0.6650390625 0.712890625 0.00830078125 0.00732421875
11 0.6650390625 0.7900390625 0.00830078125 0.0068359375
11 0.68115234375 0.7158203125 0.00830078125 0.0068359375
11 0.68115234375 0.787109375 0.00830078125 0.0068359375
11 0.6376953125 0.70703125 0.00830078125 0.0068359375
11 0.6376953125 0.79296875 0.00830078125 0.0068359375
12 0.63818359375 0.7724609375 0.0087890625 0.0068359375
11 0.6513671875 0.7099609375 0.0078125 0.0068359375
11 0.55029296875 0.77490234375 0.00830078125 0.0068359375
11 0.53955078125 0.70361328125 0.00830078125 0.0068359375
11 0.55029296875 0.70361328125 0.00830078125 0.0068359375
11 0.55029296875 0.7900390625 0.00830078125 0.0068359375
11 0.529296875 0.73388671875 0.00830078125 0.00732421875
11 0.5185546875 0.70361328125 0.00830078125 0.0068359375
11 0.529296875 0.70068359375 0.00830078125 0.0068359375
11 0.56640625 0.7783203125 0.00830078125 0.00732421875
11 0.58740234375 0.70361328125 0.00830078125 0.0068359375
11 0.58740234375 0.787109375 0.00830078125 0.0068359375
11 0.58740234375 0.78125 0.00830078125 0.0068359375
11 0.791015625 0.76904296875 0.00830078125 0.0068359375
11 0.8076171875 0.7958984375 0.00830078125 0.0068359375
11 0.77783203125 0.7900390625 0.0078125 0.0068359375
11 0.791015625 0.724609375 0.00830078125 0.0068359375
11 0.791015625 0.79296875 0.00830078125 0.0068359375
11 0.7060546875 0.71875 0.00830078125 0.0068359375
11 0.7060546875 0.7841796875 0.00830078125 0.0068359375
11 0.7060546875 0.7724609375 0.00830078125 0.0068359375
11 0.7509765625 0.7841796875 0.00830078125 0.0068359375
11 0.76416015625 0.7216796875 0.00830078125 0.0068359375
11 0.76416015625 0.787109375 0.00830078125 0.0068359375
11 0.76416015625 0.7724609375 0.00830078125 0.0068359375
11 0.73583984375 0.77490234375 0.00830078125 0.0068359375
11 0.7197265625 0.787109375 0.00830078125 0.0068359375
11 0.73583984375 0.71875 0.00830078125 0.0068359375
11 0.73583984375 0.7900390625 0.00830078125 0.0068359375
11 0.32177734375 0.69775390625 0.00830078125 0.00732421875
11 0.32177734375 0.724609375 0.00830078125 0.0068359375
11 0.32177734375 0.77490234375 0.00830078125 0.0068359375
11 0.333984375 0.73046875 0.00830078125 0.0068359375
11 0.30810546875 0.70068359375 0.00830078125 0.0068359375
11 0.30810546875 0.72802734375 0.00830078125 0.0068359375
11 0.37353515625 0.70068359375 0.00830078125 0.0068359375
11 0.37353515625 0.73388671875 0.00830078125 0.00732421875
11 0.37353515625 0.77490234375 0.00830078125 0.0068359375
11 0.353515625 0.69775390625 0.00830078125 0.00732421875
11 0.353515625 0.73681640625 0.00830078125 0.0068359375
11 0.353515625 0.78125 0.00830078125 0.0068359375
11 0.24072265625 0.724609375 0.00830078125 0.0068359375
11 0.24072265625 0.7099609375 0.00830078125 0.0068359375
12 0.2412109375 0.77490234375 0.0087890625 0.0068359375
0 0.17529296875 0.744140625 0.005859375 0.0810546875
10 0.19287109375 0.71435546875 0.0166015625 0.0458984375
11 0.294921875 0.69775390625 0.0078125 0.00732421875
11 0.28125 0.70068359375 0.00830078125 0.0068359375
11 0.294921875 0.73046875 0.0078125 0.0068359375
21 0.29345703125 0.7705078125 0.00634765625 0.0185546875
11 0.25439453125 0.70703125 0.00830078125 0.0068359375
11 0.267578125 0.70361328125 0.00830078125 0.0068359375
11 0.267578125 0.71875 0.00830078125 0.0068359375
11 0.48046875 0.7099609375 0.00830078125 0.0068359375
11 0.4609375 0.712890625 0.00830078125 0.00732421875
11 0.48046875 0.73046875 0.00830078125 0.0068359375
11 0.4609375 0.72802734375 0.00830078125 0.0068359375
12 0.46142578125 0.7783203125 0.0087890625 0.0068359375
11 0.50830078125 0.70068359375 0.00830078125 0.0068359375
11 0.50830078125 0.73046875 0.00830078125 0.0068359375
21 0.5068359375 0.7705078125 0.00634765625 0.0185546875
11 0.494140625 0.70703125 0.00830078125 0.0068359375
11 0.494140625 0.73388671875 0.00830078125 0.00732421875
11 0.38671875 0.73046875 0.00830078125 0.0068359375
11 0.38671875 0.70361328125 0.00830078125 0.0068359375
11 0.4140625 0.70361328125 0.00830078125 0.0068359375
11 0.400390625 0.787109375 0.00830078125 0.0068359375
11 0.400390625 0.70068359375 0.00830078125 0.0068359375
12 0.40087890625 0.72802734375 0.0087890625 0.0068359375
11 0.427734375 0.7841796875 0.00830078125 0.0068359375
11 0.427734375 0.70703125 0.00830078125 0.0068359375
11 0.44091796875 0.7099609375 0.00830078125 0.0068359375
11 0.44091796875 0.78125 0.00830078125 0.0068359375
11 0.63916015625 0.873046875 0.00830078125 0.0068359375
11 0.63916015625 0.94873046875 0.00830078125 0.0068359375
11 0.63916015625 0.88818359375 0.00830078125 0.0068359375
11 0.62255859375 0.93701171875 0.00830078125 0.0068359375
11 0.62255859375 0.8701171875 0.00830078125 0.00732421875
12 0.68603515625 0.94873046875 0.0087890625 0.0068359375
11 0.685546875 0.88818359375 0.00830078125 0.0068359375
11 0.685546875 0.87890625 0.00830078125 0.0068359375
11 0.65576171875 0.8759765625 0.00830078125 0.0068359375
11 0.5732421875 0.94873046875 0.00830078125 0.0068359375
11 0.5732421875 0.8671875 0.00830078125 0.0068359375
11 0.55712890625 0.8701171875 0.00830078125 0.00732421875
11 0.6064453125 0.93994140625 0.00830078125 0.0068359375
21 0.60546875 0.90576171875 0.00634765625 0.0185546875
11 0.6064453125 0.8671875 0.00830078125 0.0068359375
11 0.58984375 0.8642578125 0.00830078125 0.0068359375
11 0.80517578125 0.87890625 0.00830078125 0.0068359375
11 0.78857421875 0.93701171875 0.00830078125 0.0068359375
11 0.78857421875 0.8759765625 0.00830078125 0.0068359375
11 0.76953125 0.93994140625 0.00830078125 0.0068359375
11 0.76953125 0.873046875 0.00830078125 0.0068359375
11 0.7197265625 0.94580078125 0.00830078125 0.0068359375
11 0.7197265625 0.8701171875 0.00830078125 0.00732421875
11 0.70361328125 0.873046875 0.00830078125 0.0068359375
11 0.7529296875 0.94287109375 0.00830078125 0.0068359375
12 0.75341796875 0.95166015625 0.0087890625 0.00732421875
11 0.7529296875 0.8701171875 0.00830078125 0.00732421875
11 0.736328125 0.8671875 0.00830078125 0.0068359375
11 0.33447265625 0.93994140625 0.00830078125 0.0068359375
11 0.318359375 0.94287109375 0.00830078125 0.0068359375
11 0.3466796875 0.88818359375 0.00830078125 0.0068359375
11 0.3017578125 0.93994140625 0.00830078125 0.0068359375
12 0.3017578125 0.95458984375 0.0087890625 0.0068359375
11 0.3017578125 0.884765625 0.00830078125 0.00732421875
11 0.37255859375 0.93994140625 0.00830078125 0.0068359375
12 0.373046875 0.94873046875 0.0087890625 0.0068359375
11 0.37255859375 0.890625 0.00830078125 0.0068359375
9 0.353515625 0.8759765625 0.0068359375 0.017578125
12 0.2412109375 0.88525390625 0.0087890625 0.0068359375
10 0.19287109375 0.87451171875 0.0166015625 0.0458984375
12 0.2412109375 0.9609375 0.0087890625 0.0068359375
0 0.17529296875 0.90771484375 0.005859375 0.087890625
11 0.26611328125 0.94580078125 0.0078125 0.0068359375
11 0.28515625 0.94287109375 0.00830078125 0.0068359375
11 0.24072265625 0.94873046875 0.00830078125 0.0068359375
11 0.47412109375 0.88818359375 0.00830078125 0.0068359375
12 0.45654296875 0.94580078125 0.0087890625 0.0068359375
11 0.4560546875 0.8818359375 0.00830078125 0.0068359375
11 0.44384765625 0.8818359375 0.00830078125 0.0068359375
11 0.5107421875 0.89404296875 0.00830078125 0.0068359375
12 0.53955078125 0.9638671875 0.0087890625 0.0068359375
11 0.5390625 0.890625 0.00830078125 0.0068359375
11 0.5390625 0.8818359375 0.00830078125 0.0068359375
11 0.4560546875 0.89404296875 0.00830078125 0.0068359375
11 0.49462890625 0.890625 0.00830078125 0.0068359375
11 0.49462890625 0.8818359375 0.00830078125 0.0068359375
11 0.42041015625 0.8818359375 0.00830078125 0.0068359375
11 0.408203125 0.87890625 0.00830078125 0.0068359375
11 0.408203125 0.94873046875 0.00830078125 0.0068359375
11 0.3916015625 0.94580078125 0.00830078125 0.0068359375
11 0.43212890625 0.94580078125 0.0078125 0.0068359375
11 0.43212890625 0.87890625 0.0078125 0.0068359375