11 0.6484375 0.48193359375 0.00830078125 0.0068359375
11 0.6484375 0.3408203125 0.00830078125 0.0068359375
11 0.54541015625 0.48193359375 0.00830078125 0.0068359375
13 0.68408203125 0.48486328125 0.01123046875 0.00732421875
13 0.68408203125 0.33447265625 0.01123046875 0.0068359375
13 0.68408203125 0.3466796875 0.01123046875 0.00732421875
11 0.6826171875 0.177734375 0.00830078125 0.0068359375
11 0.6826171875 0.04541015625 0.00830078125 0.00732421875
13 0.5810546875 0.05126953125 0.01123046875 0.00732421875
13 0.5810546875 0.072265625 0.01123046875 0.0068359375
13 0.5810546875 0.177734375 0.01123046875 0.00732421875
11 0.57958984375 0.3408203125 0.00830078125 0.0068359375
11 0.57958984375 0.47900390625 0.00830078125 0.0068359375
11 0.62109375 0.337890625 0.00830078125 0.00732421875
11 0.62109375 0.47607421875 0.00830078125 0.00732421875
11 0.60009765625 0.47900390625 0.00830078125 0.0068359375
11 0.634765625 0.47900390625 0.00830078125 0.0068359375
11 0.60009765625 0.3408203125 0.00830078125 0.0068359375
22 0.71484375 0.41162109375 0.00830078125 0.00390625
22 0.71484375 0.2939453125 0.00830078125 0.00390625
22 0.71484375 0.23046875 0.00830078125 0.00390625
22 0.71484375 0.11328125 0.00830078125 0.00390625
22 0.4443359375 0.41162109375 0.00830078125 0.00390625
22 0.4443359375 0.2939453125 0.00830078125 0.00390625
22 0.4443359375 0.23046875 0.00830078125 0.00390625
22 0.4443359375 0.11328125 0.00830078125 0.00390625
22 0.36767578125 0.41162109375 0.00830078125 0.00390625
22 0.36767578125 0.2939453125 0.00830078125 0.00390625
22 0.36767578125 0.23046875 0.00830078125 0.00390625
22 0.36767578125 0.11328125 0.00830078125 0.00390625
22 0.61474609375 0.11328125 0.00830078125 0.00390625
22 0.61474609375 0.41162109375 0.00830078125 0.00390625
22 0.61474609375 0.2939453125 0.00830078125 0.00390625
22 0.61474609375 0.23046875 0.00830078125 0.00390625
22 0.517578125 0.41162109375 0.00830078125 0.00390625
22 0.517578125 0.2939453125 0.00830078125 0.00390625
22 0.517578125 0.23046875 0.00830078125 0.00390625
22 0.517578125 0.11328125 0.00830078125 0.00390625
11 0.72509765625 0.05126953125 0.00830078125 0.0068359375
11 0.72509765625 0.18359375 0.00830078125 0.00732421875
11 0.7470703125 0.04541015625 0.00830078125 0.00732421875
11 0.7470703125 0.177734375 0.00830078125 0.0068359375
13 0.78125 0.04833984375 0.01123046875 0.0068359375
13 0.78125 0.177734375 0.01123046875 0.00732421875
11 0.703125 0.04833984375 0.00830078125 0.0068359375
11 0.703125 0.1806640625 0.00830078125 0.0068359375
13 0.78125 0.3466796875 0.01123046875 0.00732421875
13 0.78125 0.33447265625 0.01123046875 0.0068359375
13 0.78125 0.48486328125 0.01123046875 0.00732421875
11 0.27392578125 0.337890625 0.00830078125 0.00732421875
11 0.27392578125 0.47607421875 0.00830078125 0.00732421875
11 0.28759765625 0.3408203125 0.0078125 0.0068359375
11 0.28759765625 0.47900390625 0.0078125 0.0068359375
11 0.2529296875 0.3408203125 0.00830078125 0.0068359375
11 0.2529296875 0.47900390625 0.00830078125 0.0068359375
11 0.54541015625 0.34375 0.00830078125 0.0068359375
11 0.33544921875 0.04541015625 0.00830078125 0.00732421875
11 0.30126953125 0.34375 0.00830078125 0.0068359375
11 0.30126953125 0.48193359375 0.00830078125 0.0068359375
11 0.33544921875 0.177734375 0.00830078125 0.0068359375
13 0.3369140625 0.3466796875 0.01123046875 0.00732421875
13 0.3369140625 0.33447265625 0.01123046875 0.0068359375
13 0.3369140625 0.48486328125 0.01123046875 0.00732421875
22 0.26513671875 0.2939453125 0.00830078125 0.00390625
22 0.26513671875 0.11328125 0.00830078125 0.00390625
22 0.26513671875 0.23046875 0.00830078125 0.00390625
22 0.26513671875 0.41162109375 0.00830078125 0.00390625
22 0.79150390625 0.11328125 0.00830078125 0.00390625
22 0.79150390625 0.23046875 0.00830078125 0.00390625
22 0.79150390625 0.2939453125 0.00830078125 0.00390625
22 0.79150390625 0.41162109375 0.00830078125 0.00390625
10 0.19384765625 0.06201171875 0.0166015625 0.0458984375
0 0.17529296875 0.09033203125 0.005859375 0.07958984375
0 0.17529296875 0.2080078125 0.005859375 0.07958984375
0 0.17529296875 0.3251953125 0.005859375 0.07958984375
0 0.17529296875 0.443359375 0.005859375 0.07958984375
10 0.19384765625 0.41455078125 0.0166015625 0.0458984375
1 0.193359375 0.46826171875 0.017578125 0.02099609375
13 0.23388671875 0.072265625 0.01123046875 0.0068359375
13 0.23388671875 0.05126953125 0.01123046875 0.00732421875
13 0.23388671875 0.177734375 0.01123046875 0.00732421875
11 0.232421875 0.3408203125 0.00830078125 0.0068359375
11 0.232421875 0.47900390625 0.00830078125 0.0068359375
1 0.193359375 0.23291015625 0.017578125 0.02099609375
10 0.19384765625 0.1162109375 0.0166015625 0.0458984375
10 0.19384765625 0.1796875 0.0166015625 0.0458984375
10 0.19384765625 0.296875 0.0166015625 0.0458984375
1 0.193359375 0.3505859375 0.017578125 0.02099609375
13 0.48486328125 0.072265625 0.01123046875 0.0068359375
13 0.48486328125 0.05126953125 0.01123046875 0.00732421875
13 0.48486328125 0.177734375 0.01123046875 0.00732421875
11 0.48291015625 0.3466796875 0.0078125 0.0068359375
11 0.48291015625 0.4853515625 0.0078125 0.0068359375
11 0.50390625 0.3466796875 0.00830078125 0.0068359375
11 0.50390625 0.4853515625 0.00830078125 0.0068359375
11 0.52490234375 0.3466796875 0.00830078125 0.0068359375
11 0.52490234375 0.4853515625 0.00830078125 0.0068359375
11 0.39990234375 0.04541015625 0.00830078125 0.00732421875
11 0.39990234375 0.177734375 0.00830078125 0.0068359375
11 0.3564453125 0.04833984375 0.00830078125 0.0068359375
11 0.3564453125 0.1806640625 0.00830078125 0.0068359375
11 0.3779296875 0.05126953125 0.00830078125 0.0068359375
11 0.3779296875 0.18359375 0.00830078125 0.00732421875
13 0.43408203125 0.04833984375 0.01123046875 0.0068359375
13 0.43408203125 0.3466796875 0.01123046875 0.00732421875
13 0.43408203125 0.33447265625 0.01123046875 0.0068359375
13 0.43408203125 0.48486328125 0.01123046875 0.00732421875
13 0.43408203125 0.177734375 0.01123046875 0.00732421875
12 0.57763671875 0.81884765625 0.0087890625 0.0068359375
12 0.57763671875 0.66796875 0.0087890625 0.0068359375
12 0.57763671875 0.9482421875 0.0087890625 0.0068359375
11 0.57763671875 0.53515625 0.00830078125 0.0068359375
12 0.62158203125 0.951171875 0.0087890625 0.0068359375
12 0.62158203125 0.81884765625 0.0087890625 0.0068359375
12 0.62158203125 0.66796875 0.0087890625 0.0068359375
11 0.62109375 0.53515625 0.00830078125 0.0068359375
11 0.59912109375 0.53515625 0.00830078125 0.0068359375
12 0.671875 0.9541015625 0.0087890625 0.0068359375
12 0.671875 0.81884765625 0.0087890625 0.0068359375
12 0.671875 0.83056640625 0.0087890625 0.0068359375
12 0.671875 0.66796875 0.0087890625 0.0068359375
11 0.67138671875 0.529296875 0.00830078125 0.00732421875
11 0.64306640625 0.5322265625 0.00830078125 0.0068359375
22 0.71044921875 0.89599609375 0.00830078125 0.00390625
22 0.71044921875 0.7783203125 0.00830078125 0.00390625
22 0.71044921875 0.71484375 0.00830078125 0.00390625
22 0.4521484375 0.59716796875 0.00830078125 0.00390625
22 0.4521484375 0.89599609375 0.00830078125 0.00390625
22 0.4521484375 0.7783203125 0.00830078125 0.00390625
22 0.4521484375 0.71484375 0.00830078125 0.00390625
22 0.3642578125 0.89599609375 0.00830078125 0.00390625
22 0.3642578125 0.7783203125 0.00830078125 0.00390625
22 0.3642578125 0.71484375 0.00830078125 0.00390625
22 0.3642578125 0.59716796875 0.00830078125 0.00390625
22 0.71044921875 0.59716796875 0.00830078125 0.00390625
22 0.61328125 0.89599609375 0.00830078125 0.00390625
22 0.61328125 0.7783203125 0.00830078125 0.00390625
22 0.61328125 0.71484375 0.00830078125 0.00390625
22 0.61328125 0.59716796875 0.00830078125 0.00390625
22 0.52734375 0.89599609375 0.00830078125 0.00390625
22 0.52734375 0.7783203125 0.00830078125 0.00390625
22 0.52734375 0.71484375 0.00830078125 0.00390625
22 0.52734375 0.59716796875 0.00830078125 0.00390625
11 0.7294921875 0.529296875 0.00830078125 0.00732421875
11 0.74365234375 0.5322265625 0.00830078125 0.0068359375
11 0.693359375 0.529296875 0.00830078125 0.00732421875
13 0.779296875 0.53564453125 0.01123046875 0.00732421875
11 0.71533203125 0.5263671875 0.00830078125 0.0068359375
12 0.71533203125 0.66796875 0.0087890625 0.0068359375
12 0.71533203125 0.83349609375 0.0087890625 0.0068359375
12 0.71533203125 0.81884765625 0.0087890625 0.0068359375
12 0.71533203125 0.95703125 0.0087890625 0.0068359375
13 0.779296875 0.6650390625 0.01123046875 0.0068359375
13 0.779296875 0.83056640625 0.01123046875 0.00732421875
13 0.779296875 0.81591796875 0.01123046875 0.00732421875
13 0.779296875 0.9599609375 0.01123046875 0.00732421875
11 0.27587890625 0.673828125 0.00830078125 0.0068359375
11 0.27587890625 0.65283203125 0.00830078125 0.00732421875
12 0.27587890625 0.82177734375 0.0087890625 0.00732421875
12 0.27587890625 0.81591796875 0.0087890625 0.0068359375
12 0.27587890625 0.9658203125 0.0087890625 0.0068359375
11 0.29736328125 0.673828125 0.00830078125 0.0068359375
11 0.29736328125 0.65283203125 0.00830078125 0.00732421875
11 0.25439453125 0.673828125 0.00830078125 0.0068359375
11 0.25439453125 0.65283203125 0.00830078125 0.00732421875
13 0.33251953125 0.53564453125 0.01123046875 0.00732421875
11 0.3310546875 0.66796875 0.00830078125 0.00732421875
11 0.3310546875 0.64697265625 0.00830078125 0.0068359375
12 0.33154296875 0.81884765625 0.0087890625 0.0068359375
12 0.33154296875 0.8125 0.0087890625 0.0068359375
12 0.33154296875 0.96337890625 0.0087890625 0.0068359375
22 0.7900390625 0.59716796875 0.00830078125 0.00390625
22 0.26318359375 0.59716796875 0.00830078125 0.00390625
22 0.26318359375 0.71484375 0.00830078125 0.00390625
22 0.26318359375 0.7783203125 0.00830078125 0.00390625
22 0.26318359375 0.89599609375 0.00830078125 0.00390625
0 0.17529296875 0.92724609375 0.005859375 0.07958984375
22 0.7900390625 0.71484375 0.00830078125 0.00390625
22 0.7900390625 0.7783203125 0.00830078125 0.00390625
22 0.7900390625 0.89599609375 0.00830078125 0.00390625
10 0.19384765625 0.5458984375 0.0166015625 0.0458984375
0 0.17529296875 0.57421875 0.005859375 0.07958984375
0 0.17529296875 0.69189453125 0.005859375 0.07958984375
10 0.19384765625 0.60009765625 0.0166015625 0.0458984375
0 0.17529296875 0.8095703125 0.005859375 0.07958984375
10 0.19384765625 0.8984375 0.0166015625 0.0458984375
1 0.193359375 0.9521484375 0.017578125 0.02099609375
13 0.23388671875 0.53564453125 0.01123046875 0.00732421875
11 0.232421875 0.673828125 0.00830078125 0.0068359375
11 0.232421875 0.65283203125 0.00830078125 0.00732421875
12 0.232421875 0.82470703125 0.0087890625 0.0068359375
12 0.232421875 0.81884765625 0.0087890625 0.0068359375
12 0.232421875 0.96923828125 0.0087890625 0.0068359375
10 0.19384765625 0.66357421875 0.0166015625 0.0458984375
1 0.193359375 0.71728515625 0.017578125 0.02099609375
10 0.19384765625 0.78125 0.0166015625 0.0458984375
1 0.193359375 0.83447265625 0.017578125 0.02099609375
19 0.46240234375 0.8349609375 0.00830078125 0.00390625
13 0.50341796875 0.64111328125 0.01123046875 0.0068359375
13 0.50341796875 0.5380859375 0.01123046875 0.00732421875
13 0.50341796875 0.66162109375 0.01123046875 0.00732421875
12 0.50244140625 0.8125 0.0087890625 0.0068359375
12 0.50244140625 0.806640625 0.0087890625 0.00732421875
13 0.50341796875 0.95703125 0.01123046875 0.0068359375
11 0.375 0.64697265625 0.00830078125 0.0068359375
11 0.35302734375 0.64697265625 0.0078125 0.0068359375
19 0.53466796875 0.8349609375 0.00830078125 0.00390625
11 0.375 0.66796875 0.00830078125 0.00732421875
11 0.35302734375 0.66796875 0.0078125 0.00732421875
12 0.375 0.81591796875 0.0087890625 0.0068359375
12 0.375 0.81005859375 0.0087890625 0.0068359375
12 0.375 0.96044921875 0.0087890625 0.0068359375
13 0.43115234375 0.66162109375 0.01123046875 0.00732421875
13 0.43115234375 0.64111328125 0.01123046875 0.0068359375
12 0.42236328125 0.81005859375 0.0087890625 0.0068359375
12 0.43017578125 0.806640625 0.0087890625 0.00732421875
13 0.43115234375 0.95703125 0.01123046875 0.0068359375
13 0.43115234375 0.53564453125 0.01123046875 0.00732421875
11 0.396484375 0.6650390625 0.00830078125 0.0068359375
11 0.396484375 0.64404296875 0.00830078125 0.0068359375