2 0.52978515625 0.45166015625 0.00732421875 0.03271484375
2 0.50390625 0.4453125 0.00732421875 0.03271484375
11 0.52978515625 0.43212890625 0.00830078125 0.0068359375
7 0.5810546875 0.32080078125 0.0068359375 0.03125
11 0.58935546875 0.12548828125 0.0078125 0.0068359375
15 0.57421875 0.43896484375 0.0078125 0.01171875
11 0.57421875 0.11669921875 0.00830078125 0.0068359375
11 0.57421875 0.3349609375 0.00830078125 0.0068359375
11 0.4560546875 0.39306640625 0.00830078125 0.00732421875
11 0.46728515625 0.11962890625 0.00830078125 0.0068359375
11 0.46728515625 0.4111328125 0.00830078125 0.0068359375
11 0.46728515625 0.39306640625 0.00830078125 0.00732421875
11 0.44384765625 0.4140625 0.00830078125 0.00732421875
11 0.50390625 0.31103515625 0.00830078125 0.00732421875
14 0.50439453125 0.11767578125 0.0087890625 0.01708984375
11 0.50390625 0.42626953125 0.00830078125 0.0068359375
11 0.478515625 0.4169921875 0.00830078125 0.0068359375
6 0.50390625 0.32763671875 0.00732421875 0.02734375
11 0.48876953125 0.11376953125 0.00830078125 0.0068359375
19 0.79541015625 0.43603515625 0.00830078125 0.00390625
19 0.79541015625 0.26708984375 0.00830078125 0.00390625
15 0.7509765625 0.43896484375 0.0078125 0.01171875
11 0.77197265625 0.2626953125 0.00830078125 0.0068359375
21 0.77099609375 0.4365234375 0.00634765625 0.0185546875
11 0.62255859375 0.314453125 0.00830078125 0.0068359375
14 0.623046875 0.11767578125 0.0087890625 0.01708984375
22 0.68359375 0.109375 0.00830078125 0.00390625
2 0.62255859375 0.33349609375 0.00732421875 0.03271484375
6 0.68359375 0.43017578125 0.00732421875 0.02734375
14 0.732421875 0.44189453125 0.0087890625 0.017578125
11 0.68359375 0.2626953125 0.00830078125 0.0068359375
22 0.68359375 0.31591796875 0.00830078125 0.00390625
11 0.68359375 0.4140625 0.00830078125 0.00732421875
7 0.2392578125 0.32080078125 0.00732421875 0.03125
2 0.232421875 0.4306640625 0.00732421875 0.03271484375
11 0.25830078125 0.419921875 0.00830078125 0.0068359375
11 0.232421875 0.4111328125 0.0078125 0.0068359375
11 0.232421875 0.11083984375 0.0078125 0.0068359375
11 0.22509765625 0.2685546875 0.00830078125 0.0068359375
11 0.232421875 0.265625 0.0078125 0.0068359375
11 0.232421875 0.25390625 0.0078125 0.0068359375
11 0.232421875 0.3349609375 0.0078125 0.0068359375
6 0.232421875 0.126953125 0.00732421875 0.02734375
11 0.28466796875 0.42333984375 0.00830078125 0.0068359375
11 0.28466796875 0.11669921875 0.00830078125 0.0068359375
11 0.29638671875 0.3994140625 0.00830078125 0.0068359375
2 0.25830078125 0.439453125 0.00732421875 0.03271484375
22 0.515625 0.36767578125 0.00830078125 0.00390625
22 0.515625 0.05517578125 0.00830078125 0.00390625
22 0.515625 0.1611328125 0.00830078125 0.00390625
22 0.515625 0.21875 0.00830078125 0.00390625
0 0.17578125 0.462890625 0.005859375 0.07470703125
22 0.515625 0.4833984375 0.00830078125 0.00390625
1 0.193359375 0.11181640625 0.017578125 0.02099609375
1 0.193359375 0.43603515625 0.017578125 0.02099609375
1 0.193359375 0.48583984375 0.017578125 0.02099609375
1 0.193359375 0.16357421875 0.017578125 0.02099609375
1 0.193359375 0.2666015625 0.017578125 0.02099609375
1 0.193359375 0.318359375 0.017578125 0.02099609375
15 0.39697265625 0.1142578125 0.0078125 0.01171875
15 0.39697265625 0.32080078125 0.0078125 0.01171875
15 0.39697265625 0.43896484375 0.0078125 0.01171875
11 0.36865234375 0.42626953125 0.00830078125 0.0068359375
6 0.41796875 0.33349609375 0.00732421875 0.02734375
2 0.41796875 0.439453125 0.00732421875 0.03271484375
11 0.41845703125 0.12841796875 0.00830078125 0.0068359375
21 0.4169921875 0.26708984375 0.00634765625 0.0185546875
11 0.41845703125 0.3173828125 0.00830078125 0.0068359375
11 0.41845703125 0.419921875 0.00830078125 0.0068359375
7 0.4248046875 0.11474609375 0.00732421875 0.03125
11 0.33349609375 0.10498046875 0.00830078125 0.0068359375
11 0.33349609375 0.3232421875 0.00830078125 0.0068359375
11 0.33349609375 0.42333984375 0.00830078125 0.0068359375
7 0.34033203125 0.30908203125 0.0068359375 0.03125
11 0.3076171875 0.1318359375 0.00830078125 0.0068359375
11 0.3076171875 0.408203125 0.00830078125 0.0068359375
11 0.3076171875 0.3994140625 0.00830078125 0.0068359375
11 0.35986328125 0.4169921875 0.00830078125 0.0068359375
2 0.33349609375 0.4423828125 0.00732421875 0.03271484375
11 0.5693359375 0.6484375 0.00830078125 0.00732421875
11 0.45654296875 0.6484375 0.0078125 0.00732421875
19 0.68212890625 0.65234375 0.00830078125 0.00390625
21 0.3447265625 0.54931640625 0.00634765625 0.01806640625
21 0.3447265625 0.65283203125 0.00634765625 0.0185546875
22 0.45703125 0.546875 0.00830078125 0.00390625
22 0.5107421875 0.59814453125 0.00830078125 0.00390625
22 0.5107421875 0.70751953125 0.00830078125 0.00390625
22 0.5107421875 0.7529296875 0.00830078125 0.00390625
22 0.5107421875 0.8046875 0.00830078125 0.00390625
22 0.5107421875 0.8564453125 0.00830078125 0.00390625
22 0.5107421875 0.908203125 0.00830078125 0.00390625
22 0.5107421875 0.95751953125 0.00830078125 0.00390625
1 0.193359375 0.6005859375 0.017578125 0.02099609375
1 0.193359375 0.65234375 0.017578125 0.02099609375
0 0.17578125 0.93701171875 0.005859375 0.07470703125
1 0.193359375 0.91064453125 0.017578125 0.02099609375
1 0.193359375 0.9599609375 0.017578125 0.02099609375
11 0.2333984375 0.5390625 0.00830078125 0.0068359375
11 0.22607421875 0.654296875 0.00830078125 0.0068359375
11 0.2333984375 0.6513671875 0.00830078125 0.0068359375
11 0.2333984375 0.63916015625 0.00830078125 0.0068359375
1 0.193359375 0.75537109375 0.017578125 0.02099609375
1 0.193359375 0.80712890625 0.017578125 0.02099609375