11 0.66162109375 0.1279296875 0.00830078125 0.0068359375
11 0.66162109375 0.06298828125 0.00830078125 0.0068359375
11 0.66162109375 0.189453125 0.00830078125 0.0068359375
11 0.66162109375 0.25146484375 0.00830078125 0.00732421875
8 0.70751953125 0.05419921875 0.00634765625 0.01806640625
11 0.6484375 0.05078125 0.00830078125 0.0068359375
11 0.6484375 0.1279296875 0.00830078125 0.0068359375
11 0.6484375 0.25732421875 0.00830078125 0.0068359375
11 0.689453125 0.130859375 0.00830078125 0.00732421875
11 0.689453125 0.18359375 0.00830078125 0.0068359375
11 0.689453125 0.25439453125 0.00830078125 0.0068359375
11 0.7080078125 0.0419921875 0.00830078125 0.0068359375
11 0.7080078125 0.1337890625 0.00830078125 0.0068359375
11 0.7080078125 0.1865234375 0.00830078125 0.0068359375
11 0.7080078125 0.275390625 0.00830078125 0.0068359375
11 0.67626953125 0.130859375 0.00830078125 0.00732421875
11 0.67626953125 0.18359375 0.00830078125 0.0068359375
11 0.58837890625 0.1337890625 0.00830078125 0.0068359375
11 0.58837890625 0.189453125 0.00830078125 0.0068359375
11 0.6015625 0.05078125 0.0078125 0.0068359375
11 0.6015625 0.130859375 0.0078125 0.00732421875
11 0.6015625 0.1953125 0.0078125 0.00732421875
11 0.56982421875 0.130859375 0.00830078125 0.00732421875
11 0.56982421875 0.18359375 0.00830078125 0.0068359375
11 0.6015625 0.25732421875 0.0078125 0.0068359375
8 0.60107421875 0.06298828125 0.00634765625 0.01806640625
9 0.60791015625 0.2451171875 0.0068359375 0.017578125
11 0.6298828125 0.0478515625 0.00830078125 0.0068359375
11 0.6298828125 0.130859375 0.00830078125 0.00732421875
11 0.6298828125 0.1953125 0.00830078125 0.00732421875
11 0.6298828125 0.26025390625 0.00830078125 0.0068359375
11 0.80810546875 0.05712890625 0.00830078125 0.0068359375
11 0.80810546875 0.1279296875 0.00830078125 0.0068359375
8 0.8076171875 0.06884765625 0.00634765625 0.01806640625
11 0.73583984375 0.044921875 0.00830078125 0.00732421875
11 0.73583984375 0.125 0.00830078125 0.0068359375
11 0.73583984375 0.1865234375 0.00830078125 0.0068359375
11 0.73583984375 0.2724609375 0.00830078125 0.0068359375
11 0.78125 0.1279296875 0.00830078125 0.0068359375
11 0.79345703125 0.13671875 0.00830078125 0.0068359375
11 0.79345703125 0.1953125 0.00830078125 0.00732421875
11 0.79345703125 0.25732421875 0.00830078125 0.0068359375
11 0.75439453125 0.12158203125 0.00830078125 0.0068359375
11 0.767578125 0.05078125 0.00830078125 0.0068359375
11 0.767578125 0.125 0.00830078125 0.0068359375
11 0.767578125 0.189453125 0.00830078125 0.0068359375
11 0.767578125 0.26318359375 0.00830078125 0.0068359375
11 0.3173828125 0.05712890625 0.00830078125 0.0068359375
11 0.3173828125 0.13671875 0.00830078125 0.0068359375
11 0.3173828125 0.1953125 0.00830078125 0.00732421875
11 0.3173828125 0.26318359375 0.00830078125 0.0068359375
11 0.26318359375 0.20166015625 0.00830078125 0.00732421875
11 0.27685546875 0.20166015625 0.00830078125 0.00732421875
15 0.29052734375 0.060546875 0.0078125 0.01171875
15 0.29052734375 0.12548828125 0.0078125 0.01171875
11 0.29052734375 0.20458984375 0.00830078125 0.0068359375
15 0.29052734375 0.2431640625 0.0078125 0.01171875
11 0.33642578125 0.1337890625 0.00830078125 0.0068359375
11 0.349609375 0.06298828125 0.00830078125 0.0068359375
11 0.349609375 0.1337890625 0.00830078125 0.0068359375
11 0.349609375 0.20458984375 0.00830078125 0.0068359375
11 0.349609375 0.25732421875 0.00830078125 0.0068359375
11 0.55712890625 0.25146484375 0.00830078125 0.00732421875
1 0.193359375 0.25244140625 0.017578125 0.02099609375
11 0.21923828125 0.0810546875 0.00830078125 0.00732421875
11 0.21923828125 0.1484375 0.00830078125 0.0068359375
11 0.21923828125 0.20751953125 0.00830078125 0.0068359375
11 0.21923828125 0.26025390625 0.00830078125 0.0068359375
9 0.2255859375 0.06884765625 0.0068359375 0.017578125
9 0.2255859375 0.1337890625 0.0068359375 0.017578125
9 0.2255859375 0.1953125 0.0068359375 0.017578125
10 0.19384765625 0.05859375 0.0166015625 0.0458984375
10 0.19384765625 0.12353515625 0.0166015625 0.0458984375
11 0.24951171875 0.0810546875 0.00830078125 0.00732421875
11 0.24951171875 0.15185546875 0.00830078125 0.00732421875
11 0.24951171875 0.20458984375 0.00830078125 0.0068359375
11 0.24951171875 0.2724609375 0.00830078125 0.0068359375
15 0.23388671875 0.060546875 0.0078125 0.01171875
15 0.23388671875 0.12548828125 0.0078125 0.01171875
15 0.23388671875 0.17822265625 0.0078125 0.01171875
11 0.24072265625 0.26025390625 0.00830078125 0.0068359375
11 0.46923828125 0.13671875 0.00830078125 0.0068359375
11 0.48779296875 0.1396484375 0.00830078125 0.0068359375
11 0.50146484375 0.13671875 0.0078125 0.0068359375
11 0.4560546875 0.1337890625 0.00830078125 0.0068359375
11 0.4423828125 0.1337890625 0.00830078125 0.0068359375
12 0.4560546875 0.05712890625 0.0087890625 0.0068359375
12 0.4560546875 0.19580078125 0.0087890625 0.0068359375
12 0.4560546875 0.26318359375 0.0087890625 0.0068359375
11 0.54345703125 0.1279296875 0.00830078125 0.0068359375
11 0.55712890625 0.05712890625 0.00830078125 0.0068359375
11 0.55712890625 0.1279296875 0.00830078125 0.0068359375
11 0.55712890625 0.177734375 0.00830078125 0.0068359375
11 0.52978515625 0.05078125 0.00830078125 0.0068359375
11 0.52978515625 0.130859375 0.00830078125 0.00732421875
11 0.52978515625 0.1953125 0.00830078125 0.00732421875
11 0.52978515625 0.25732421875 0.00830078125 0.0068359375
9 0.40185546875 0.18359375 0.0068359375 0.017578125
9 0.40185546875 0.25146484375 0.0068359375 0.017578125
11 0.423828125 0.05419921875 0.00830078125 0.0068359375
11 0.423828125 0.13671875 0.00830078125 0.0068359375
11 0.423828125 0.1923828125 0.00830078125 0.0068359375
11 0.423828125 0.26611328125 0.00830078125 0.00732421875
11 0.3955078125 0.05712890625 0.00830078125 0.0068359375
11 0.3955078125 0.13671875 0.00830078125 0.0068359375
11 0.3955078125 0.1953125 0.00830078125 0.00732421875
11 0.3955078125 0.26318359375 0.00830078125 0.0068359375
8 0.39501953125 0.06884765625 0.00634765625 0.01806640625
11 0.3818359375 0.1396484375 0.00830078125 0.0068359375
11 0.36328125 0.13671875 0.00830078125 0.0068359375
11 0.666015625 0.603515625 0.00830078125 0.00732421875
15 0.66552734375 0.40087890625 0.0078125 0.01171875
15 0.66552734375 0.4658203125 0.0078125 0.01171875
15 0.66552734375 0.5185546875 0.0078125 0.01171875
11 0.6484375 0.6064453125 0.00830078125 0.0068359375
11 0.71142578125 0.48291015625 0.00830078125 0.00732421875
9 0.6923828125 0.470703125 0.0068359375 0.017578125
11 0.71142578125 0.53564453125 0.00830078125 0.0068359375
9 0.6923828125 0.5234375 0.0068359375 0.017578125
11 0.71142578125 0.4091796875 0.00830078125 0.0068359375
11 0.71142578125 0.609375 0.00830078125 0.0068359375
11 0.685546875 0.412109375 0.00830078125 0.00732421875
11 0.685546875 0.48291015625 0.00830078125 0.00732421875
11 0.685546875 0.53564453125 0.00830078125 0.0068359375
11 0.685546875 0.6064453125 0.00830078125 0.0068359375
9 0.6923828125 0.39990234375 0.0068359375 0.017578125
11 0.56640625 0.412109375 0.00830078125 0.00732421875
11 0.56640625 0.6064453125 0.00830078125 0.0068359375
9 0.5732421875 0.39990234375 0.0068359375 0.017578125
11 0.59228515625 0.4091796875 0.00830078125 0.0068359375
11 0.59228515625 0.48291015625 0.00830078125 0.00732421875
11 0.59228515625 0.53564453125 0.00830078125 0.0068359375
11 0.59228515625 0.609375 0.00830078125 0.0068359375
11 0.52978515625 0.6064453125 0.00830078125 0.0068359375
11 0.546875 0.603515625 0.00830078125 0.00732421875
11 0.609375 0.6064453125 0.0078125 0.0068359375
11 0.62646484375 0.412109375 0.00830078125 0.00732421875
11 0.62646484375 0.48291015625 0.00830078125 0.00732421875
11 0.62646484375 0.53564453125 0.00830078125 0.0068359375
11 0.62646484375 0.603515625 0.00830078125 0.00732421875
11 0.8046875 0.61865234375 0.00830078125 0.00732421875
11 0.7822265625 0.4033203125 0.00830078125 0.0068359375
11 0.7822265625 0.47412109375 0.00830078125 0.0068359375
11 0.7822265625 0.52685546875 0.00830078125 0.0068359375
11 0.7822265625 0.61572265625 0.00830078125 0.0068359375
11 0.728515625 0.61279296875 0.00830078125 0.0068359375
15 0.74560546875 0.40087890625 0.0078125 0.01171875
15 0.74560546875 0.4658203125 0.0078125 0.01171875
15 0.74560546875 0.5185546875 0.0078125 0.01171875
11 0.763671875 0.61279296875 0.00830078125 0.0068359375
9 0.7705078125 0.39697265625 0.0068359375 0.017578125
9 0.7705078125 0.470703125 0.0068359375 0.017578125
11 0.763671875 0.53564453125 0.00830078125 0.0068359375
9 0.7705078125 0.5234375 0.0068359375 0.017578125
11 0.74560546875 0.609375 0.00830078125 0.0068359375
11 0.763671875 0.4091796875 0.00830078125 0.0068359375
11 0.763671875 0.48291015625 0.00830078125 0.00732421875
11 0.3193359375 0.4033203125 0.00830078125 0.0068359375
11 0.3193359375 0.47412109375 0.00830078125 0.0068359375
9 0.326171875 0.39111328125 0.0068359375 0.017578125
11 0.275390625 0.47119140625 0.00830078125 0.0068359375
11 0.29736328125 0.48291015625 0.00830078125 0.00732421875
11 0.29736328125 0.53564453125 0.00830078125 0.0068359375
11 0.29736328125 0.58837890625 0.00830078125 0.0068359375
11 0.35205078125 0.4677734375 0.00830078125 0.00732421875
11 0.35205078125 0.39404296875 0.00830078125 0.0068359375
11 0.35205078125 0.52099609375 0.00830078125 0.0068359375
11 0.35205078125 0.6005859375 0.00830078125 0.0068359375
10 0.19384765625 0.39892578125 0.0166015625 0.0458984375
10 0.19384765625 0.4638671875 0.0166015625 0.0458984375
1 0.193359375 0.5927734375 0.017578125 0.02099609375
11 0.21923828125 0.38818359375 0.00830078125 0.0068359375
11 0.21923828125 0.4677734375 0.00830078125 0.00732421875
11 0.21923828125 0.52685546875 0.00830078125 0.0068359375
11 0.2529296875 0.3974609375 0.00830078125 0.00732421875
11 0.2529296875 0.4677734375 0.00830078125 0.00732421875
11 0.2529296875 0.53271484375 0.00830078125 0.00732421875
11 0.2529296875 0.59765625 0.00830078125 0.00732421875
11 0.21923828125 0.6005859375 0.00830078125 0.0068359375
11 0.236328125 0.46484375 0.00830078125 0.0068359375
9 0.47509765625 0.52685546875 0.0068359375 0.017578125
9 0.47509765625 0.4677734375 0.0068359375 0.017578125
9 0.47509765625 0.6005859375 0.0068359375 0.017578125
11 0.46875 0.412109375 0.00830078125 0.00732421875
11 0.46875 0.47998046875 0.00830078125 0.0068359375
11 0.46875 0.53857421875 0.00830078125 0.0068359375
11 0.46875 0.61279296875 0.00830078125 0.0068359375
9 0.47509765625 0.39990234375 0.0068359375 0.017578125
11 0.50732421875 0.412109375 0.00830078125 0.00732421875
12 0.5078125 0.48291015625 0.0087890625 0.00732421875
12 0.5078125 0.53564453125 0.0087890625 0.0068359375
11 0.50732421875 0.603515625 0.00830078125 0.00732421875
15 0.48681640625 0.58349609375 0.0078125 0.01171875
15 0.48681640625 0.40087890625 0.0078125 0.01171875
15 0.48681640625 0.4658203125 0.0078125 0.01171875
15 0.48681640625 0.5185546875 0.0078125 0.01171875
11 0.40087890625 0.52978515625 0.00830078125 0.0068359375
11 0.37890625 0.3974609375 0.00830078125 0.00732421875
11 0.37890625 0.4677734375 0.00830078125 0.00732421875
11 0.37890625 0.52392578125 0.00830078125 0.0068359375
11 0.37890625 0.591796875 0.00830078125 0.0068359375
9 0.44287109375 0.39111328125 0.0068359375 0.017578125
15 0.43603515625 0.58349609375 0.0078125 0.01171875
11 0.43603515625 0.52978515625 0.00830078125 0.0068359375
11 0.43603515625 0.47705078125 0.00830078125 0.0068359375
11 0.43603515625 0.4033203125 0.00830078125 0.0068359375
9 0.44287109375 0.46484375 0.0068359375 0.017578125
11 0.41748046875 0.53564453125 0.00830078125 0.0068359375
11 0.65966796875 0.8291015625 0.00830078125 0.0068359375
21 0.65869140625 0.92138671875 0.00634765625 0.01806640625
11 0.65966796875 0.88818359375 0.00830078125 0.0068359375
11 0.65966796875 0.75830078125 0.00830078125 0.0068359375
9 0.64306640625 0.87890625 0.0068359375 0.017578125
11 0.63623046875 0.83203125 0.00830078125 0.0068359375
11 0.63623046875 0.76123046875 0.00830078125 0.0068359375
11 0.63623046875 0.890625 0.00830078125 0.0068359375
11 0.70068359375 0.76123046875 0.00830078125 0.0068359375
11 0.70068359375 0.83203125 0.00830078125 0.0068359375
11 0.70068359375 0.890625 0.00830078125 0.0068359375
9 0.70703125 0.87890625 0.0068359375 0.017578125
11 0.67333984375 0.76123046875 0.00830078125 0.0068359375
11 0.67333984375 0.83203125 0.00830078125 0.0068359375
11 0.68701171875 0.75830078125 0.00830078125 0.0068359375
11 0.68701171875 0.8291015625 0.00830078125 0.0068359375
11 0.68701171875 0.9228515625 0.00830078125 0.0068359375
11 0.560546875 0.74658203125 0.00830078125 0.0068359375
11 0.560546875 0.826171875 0.00830078125 0.0068359375
11 0.57421875 0.74951171875 0.00830078125 0.00732421875
11 0.57421875 0.8291015625 0.00830078125 0.0068359375
12 0.54296875 0.93505859375 0.0087890625 0.0068359375
15 0.62255859375 0.85888671875 0.0078125 0.01171875
21 0.62158203125 0.92138671875 0.00634765625 0.01806640625
11 0.62255859375 0.8291015625 0.00830078125 0.0068359375
11 0.587890625 0.74951171875 0.00830078125 0.00732421875
11 0.587890625 0.8291015625 0.00830078125 0.0068359375
11 0.6015625 0.75244140625 0.00830078125 0.0068359375
11 0.6015625 0.83203125 0.00830078125 0.0068359375
11 0.62255859375 0.75830078125 0.00830078125 0.0068359375
11 0.8076171875 0.75830078125 0.00830078125 0.0068359375
11 0.8076171875 0.8291015625 0.00830078125 0.0068359375
11 0.8076171875 0.88818359375 0.00830078125 0.0068359375
9 0.81396484375 0.74609375 0.0068359375 0.017578125
9 0.81396484375 0.81396484375 0.0068359375 0.017578125
22 0.5673828125 0.85986328125 0.00830078125 0.00390625
11 0.74267578125 0.75537109375 0.00830078125 0.0068359375
11 0.74267578125 0.8291015625 0.00830078125 0.0068359375
11 0.72900390625 0.75830078125 0.00830078125 0.0068359375
11 0.72900390625 0.826171875 0.00830078125 0.0068359375
12 0.72900390625 0.88818359375 0.0087890625 0.0068359375
11 0.72900390625 0.9169921875 0.00830078125 0.0068359375
15 0.78857421875 0.7412109375 0.0078125 0.01171875
15 0.78857421875 0.80615234375 0.0078125 0.01171875
11 0.78857421875 0.88818359375 0.00830078125 0.0068359375
11 0.78857421875 0.919921875 0.00830078125 0.00732421875
11 0.76123046875 0.75244140625 0.00830078125 0.0068359375
11 0.76123046875 0.83203125 0.00830078125 0.0068359375
11 0.76123046875 0.919921875 0.00830078125 0.00732421875
11 0.77490234375 0.75537109375 0.00830078125 0.0068359375
11 0.77490234375 0.8291015625 0.00830078125 0.0068359375
9 0.29931640625 0.92578125 0.0068359375 0.017578125
11 0.3203125 0.740234375 0.00830078125 0.0068359375
11 0.3203125 0.81396484375 0.00830078125 0.00732421875
11 0.3203125 0.8701171875 0.00830078125 0.00732421875
11 0.3203125 0.958984375 0.00830078125 0.0068359375
11 0.279296875 0.80810546875 0.00830078125 0.0068359375
11 0.279296875 0.86083984375 0.00830078125 0.0068359375
11 0.29296875 0.74658203125 0.00830078125 0.0068359375
11 0.29296875 0.81103515625 0.00830078125 0.0068359375
11 0.29296875 0.8642578125 0.00830078125 0.0068359375
11 0.29296875 0.93798828125 0.00830078125 0.0068359375
9 0.29931640625 0.734375 0.0068359375 0.017578125
11 0.3525390625 0.81396484375 0.00830078125 0.00732421875
11 0.3525390625 0.8671875 0.00830078125 0.0068359375
11 0.369140625 0.74951171875 0.00830078125 0.00732421875
11 0.369140625 0.8173828125 0.00830078125 0.0068359375
11 0.369140625 0.8701171875 0.00830078125 0.00732421875
11 0.369140625 0.93798828125 0.00830078125 0.0068359375
11 0.3388671875 0.8173828125 0.00830078125 0.0068359375
11 0.3388671875 0.8701171875 0.00830078125 0.00732421875
15 0.21875 0.7412109375 0.0078125 0.01171875
15 0.21875 0.80615234375 0.0078125 0.01171875
15 0.21875 0.85888671875 0.0078125 0.01171875
11 0.21923828125 0.95556640625 0.00830078125 0.00732421875
11 0.23681640625 0.74365234375 0.00830078125 0.0068359375
11 0.23681640625 0.81396484375 0.00830078125 0.00732421875
10 0.19384765625 0.7392578125 0.0166015625 0.0458984375
10 0.19384765625 0.8037109375 0.0166015625 0.0458984375
1 0.193359375 0.93310546875 0.017578125 0.02099609375
11 0.251953125 0.958984375 0.00830078125 0.0068359375
11 0.265625 0.81103515625 0.00830078125 0.0068359375
11 0.265625 0.8642578125 0.00830078125 0.0068359375
11 0.23681640625 0.873046875 0.00830078125 0.0068359375
11 0.23681640625 0.95556640625 0.00830078125 0.00732421875
9 0.2431640625 0.7314453125 0.0068359375 0.017578125
9 0.2431640625 0.80224609375 0.0068359375 0.017578125
9 0.2431640625 0.86083984375 0.0068359375 0.017578125
11 0.251953125 0.7373046875 0.00830078125 0.0068359375
11 0.251953125 0.80810546875 0.00830078125 0.0068359375
11 0.251953125 0.86083984375 0.00830078125 0.0068359375
11 0.45068359375 0.873046875 0.00830078125 0.0068359375
11 0.45068359375 0.93798828125 0.00830078125 0.0068359375
11 0.45068359375 0.8203125 0.00830078125 0.00732421875
11 0.46435546875 0.74951171875 0.00830078125 0.00732421875
11 0.46435546875 0.8232421875 0.00830078125 0.0068359375
11 0.46435546875 0.8759765625 0.00830078125 0.0068359375
11 0.4365234375 0.75244140625 0.00830078125 0.0068359375
11 0.4365234375 0.8203125 0.00830078125 0.00732421875
11 0.4365234375 0.873046875 0.00830078125 0.0068359375
11 0.4365234375 0.93798828125 0.00830078125 0.0068359375
9 0.37548828125 0.7373046875 0.0068359375 0.017578125
11 0.45068359375 0.74658203125 0.00830078125 0.0068359375
11 0.49560546875 0.826171875 0.00830078125 0.0068359375
11 0.49560546875 0.87890625 0.00830078125 0.0068359375
11 0.49560546875 0.93798828125 0.00830078125 0.0068359375
11 0.49560546875 0.75244140625 0.00830078125 0.0068359375
9 0.50244140625 0.92578125 0.0068359375 0.017578125
21 0.54150390625 0.7392578125 0.00634765625 0.0185546875
21 0.54150390625 0.8037109375 0.00634765625 0.0185546875
11 0.47802734375 0.74951171875 0.00830078125 0.00732421875
11 0.47802734375 0.8232421875 0.00830078125 0.0068359375
11 0.47802734375 0.8759765625 0.00830078125 0.0068359375
11 0.39794921875 0.8203125 0.00830078125 0.00732421875
11 0.39794921875 0.873046875 0.00830078125 0.0068359375
11 0.4189453125 0.74365234375 0.00830078125 0.0068359375
11 0.4189453125 0.8203125 0.00830078125 0.00732421875
11 0.4189453125 0.873046875 0.00830078125 0.0068359375
9 0.37548828125 0.92578125 0.0068359375 0.017578125
11 0.3837890625 0.74365234375 0.00830078125 0.0068359375
11 0.3837890625 0.8173828125 0.00830078125 0.0068359375
11 0.3837890625 0.8701171875 0.00830078125 0.00732421875
11 0.3837890625 0.958984375 0.00830078125 0.0068359375
11 0.4189453125 0.958984375 0.00830078125 0.0068359375