11 0.60693359375 0.05517578125 0.00830078125 0.0068359375
11 0.69384765625 0.05224609375 0.00830078125 0.00732421875
12 0.64599609375 0.12451171875 0.0087890625 0.0068359375
12 0.6259765625 0.05224609375 0.0087890625 0.0068359375
12 0.64599609375 0.1181640625 0.0087890625 0.0068359375
12 0.64599609375 0.103515625 0.0087890625 0.0068359375
12 0.53271484375 0.12109375 0.0087890625 0.0068359375
13 0.58642578125 0.06689453125 0.01123046875 0.00732421875
11 0.5849609375 0.05224609375 0.00830078125 0.00732421875
12 0.53271484375 0.11572265625 0.0087890625 0.0068359375
13 0.58642578125 0.05810546875 0.01123046875 0.00732421875
12 0.53271484375 0.12744140625 0.0087890625 0.0068359375
12 0.5126953125 0.06982421875 0.0087890625 0.0068359375
12 0.58544921875 0.14501953125 0.0087890625 0.0068359375
12 0.58544921875 0.166015625 0.0087890625 0.0068359375
11 0.763671875 0.1181640625 0.00830078125 0.0068359375
11 0.79345703125 0.09765625 0.00830078125 0.0068359375
11 0.79345703125 0.1181640625 0.00830078125 0.0068359375
11 0.763671875 0.09765625 0.00830078125 0.0068359375
11 0.69384765625 0.14208984375 0.00830078125 0.0068359375
11 0.69384765625 0.1630859375 0.00830078125 0.0068359375
13 0.6953125 0.06396484375 0.01123046875 0.0068359375
11 0.71533203125 0.05517578125 0.00830078125 0.0068359375
11 0.73388671875 0.09765625 0.00830078125 0.0068359375
11 0.73388671875 0.1181640625 0.00830078125 0.0068359375
12 0.734375 0.05224609375 0.0087890625 0.0068359375
13 0.6953125 0.06982421875 0.01123046875 0.0068359375
11 0.3037109375 0.05810546875 0.00830078125 0.0068359375
12 0.28369140625 0.109375 0.0087890625 0.0068359375
12 0.27587890625 0.1123046875 0.0087890625 0.0068359375
12 0.28369140625 0.1181640625 0.0087890625 0.0068359375
12 0.28369140625 0.12451171875 0.0087890625 0.0068359375
12 0.3642578125 0.12744140625 0.0087890625 0.0068359375
12 0.3642578125 0.14794921875 0.0087890625 0.0068359375
13 0.36572265625 0.06982421875 0.01123046875 0.0068359375
13 0.36572265625 0.076171875 0.01123046875 0.0068359375
11 0.34130859375 0.06396484375 0.00830078125 0.0068359375
11 0.31884765625 0.06103515625 0.00830078125 0.0068359375
1 0.193359375 0.13427734375 0.017578125 0.02099609375
10 0.19384765625 0.07470703125 0.0166015625 0.0458984375
0 0.17529296875 0.10595703125 0.005859375 0.08544921875
13 0.36572265625 0.06103515625 0.01123046875 0.00732421875
12 0.2392578125 0.13037109375 0.0087890625 0.0068359375
12 0.2392578125 0.1513671875 0.0087890625 0.0068359375
13 0.240234375 0.06689453125 0.01123046875 0.00732421875
13 0.240234375 0.0732421875 0.01123046875 0.00732421875
12 0.2392578125 0.05810546875 0.0087890625 0.0068359375
12 0.4619140625 0.13623046875 0.0087890625 0.00732421875
12 0.4619140625 0.1572265625 0.0087890625 0.0068359375
11 0.46142578125 0.05517578125 0.0078125 0.0068359375
12 0.4091796875 0.1064453125 0.0087890625 0.0068359375
12 0.4091796875 0.11572265625 0.0087890625 0.0068359375
11 0.48388671875 0.06103515625 0.00830078125 0.0068359375
11 0.4990234375 0.06396484375 0.0078125 0.0068359375
12 0.4091796875 0.12109375 0.0087890625 0.0068359375
13 0.57763671875 0.259765625 0.01123046875 0.00732421875
15 0.576171875 0.2275390625 0.0078125 0.01171875
13 0.57763671875 0.25341796875 0.01123046875 0.00732421875
13 0.57763671875 0.3330078125 0.01123046875 0.00732421875
13 0.57763671875 0.31201171875 0.01123046875 0.00732421875
11 0.5966796875 0.2626953125 0.00830078125 0.0068359375
11 0.5234375 0.2939453125 0.00830078125 0.0068359375
11 0.5234375 0.25390625 0.00830078125 0.0068359375
11 0.501953125 0.30322265625 0.00830078125 0.0068359375
11 0.501953125 0.25390625 0.00830078125 0.0068359375
13 0.57763671875 0.265625 0.01123046875 0.00732421875
11 0.5439453125 0.291015625 0.00830078125 0.00732421875
11 0.5439453125 0.25048828125 0.00830078125 0.0068359375
13 0.76123046875 0.30322265625 0.01123046875 0.0068359375
13 0.76123046875 0.32373046875 0.01123046875 0.0068359375
11 0.68212890625 0.25048828125 0.00830078125 0.0068359375
11 0.66162109375 0.24755859375 0.00830078125 0.0068359375
11 0.63916015625 0.25390625 0.00830078125 0.0068359375
11 0.6171875 0.259765625 0.00830078125 0.00732421875
13 0.76123046875 0.24755859375 0.01123046875 0.0068359375
13 0.76123046875 0.25341796875 0.01123046875 0.00732421875
13 0.76123046875 0.2626953125 0.01123046875 0.0068359375
11 0.72314453125 0.25048828125 0.00830078125 0.0068359375
11 0.70263671875 0.25390625 0.00830078125 0.0068359375
11 0.283203125 0.2734375 0.00830078125 0.0068359375
11 0.283203125 0.2939453125 0.00830078125 0.0068359375
11 0.283203125 0.2265625 0.00830078125 0.0068359375
11 0.25830078125 0.2236328125 0.00830078125 0.00732421875
11 0.32275390625 0.2734375 0.00830078125 0.0068359375
11 0.32275390625 0.2939453125 0.00830078125 0.0068359375
11 0.32275390625 0.2294921875 0.00830078125 0.0068359375
11 0.30224609375 0.23291015625 0.00830078125 0.0068359375
1 0.193359375 0.30712890625 0.017578125 0.02099609375
10 0.19384765625 0.2431640625 0.0166015625 0.0458984375
0 0.17529296875 0.27685546875 0.00634765625 0.08837890625
11 0.23779296875 0.2734375 0.00830078125 0.0068359375
11 0.23779296875 0.2939453125 0.00830078125 0.0068359375
13 0.2392578125 0.232421875 0.01123046875 0.00732421875
13 0.2392578125 0.23876953125 0.01123046875 0.00732421875
11 0.23779296875 0.220703125 0.00830078125 0.0068359375
11 0.41845703125 0.2822265625 0.00830078125 0.0068359375
11 0.41845703125 0.30322265625 0.00830078125 0.0068359375
11 0.47998046875 0.31201171875 0.00830078125 0.0068359375
8 0.458984375 0.31494140625 0.00634765625 0.01806640625
11 0.45947265625 0.30322265625 0.00830078125 0.0068359375
21 0.45849609375 0.2314453125 0.00634765625 0.0185546875
11 0.41845703125 0.2265625 0.00830078125 0.0068359375
11 0.38720703125 0.2265625 0.00830078125 0.0068359375
11 0.3642578125 0.2734375 0.00830078125 0.0068359375
11 0.3642578125 0.2939453125 0.00830078125 0.0068359375
11 0.3642578125 0.2294921875 0.00830078125 0.0068359375
11 0.34326171875 0.23291015625 0.00830078125 0.0068359375
11 0.640625 0.41162109375 0.00830078125 0.0068359375
11 0.6279296875 0.40869140625 0.00830078125 0.00732421875
11 0.68017578125 0.41162109375 0.00830078125 0.0068359375
11 0.66748046875 0.40869140625 0.00830078125 0.00732421875
11 0.6533203125 0.41455078125 0.00830078125 0.00732421875
11 0.57958984375 0.41162109375 0.0078125 0.0068359375
11 0.5498046875 0.41748046875 0.00830078125 0.0068359375
11 0.52099609375 0.42626953125 0.00830078125 0.0068359375
13 0.61669921875 0.46826171875 0.01123046875 0.00732421875
13 0.61669921875 0.4892578125 0.01123046875 0.0068359375
11 0.615234375 0.4052734375 0.00830078125 0.0068359375
11 0.80859375 0.42333984375 0.00830078125 0.0068359375
11 0.7958984375 0.42041015625 0.0078125 0.0068359375
11 0.783203125 0.41748046875 0.00830078125 0.0068359375
11 0.7705078125 0.41455078125 0.00830078125 0.00732421875
11 0.70556640625 0.41748046875 0.00830078125 0.0068359375
11 0.7197265625 0.41162109375 0.00830078125 0.0068359375
11 0.69287109375 0.41455078125 0.00830078125 0.00732421875
11 0.7578125 0.42041015625 0.00830078125 0.0068359375
11 0.7451171875 0.41748046875 0.00830078125 0.0068359375
11 0.732421875 0.41455078125 0.00830078125 0.00732421875
11 0.3173828125 0.42626953125 0.00830078125 0.0068359375
11 0.2998046875 0.42626953125 0.00830078125 0.0068359375
11 0.27685546875 0.42919921875 0.00830078125 0.00732421875
11 0.369140625 0.43505859375 0.00830078125 0.0068359375
11 0.35302734375 0.42626953125 0.00830078125 0.0068359375
11 0.3369140625 0.42041015625 0.00830078125 0.0068359375
1 0.193359375 0.47216796875 0.017578125 0.02099609375
10 0.19384765625 0.416015625 0.0166015625 0.0458984375
0 0.17529296875 0.44580078125 0.005859375 0.08203125
11 0.25634765625 0.43212890625 0.00830078125 0.0068359375
13 0.240234375 0.46826171875 0.01123046875 0.00732421875
13 0.240234375 0.4892578125 0.01123046875 0.0068359375
15 0.23876953125 0.40625 0.0078125 0.01171875
12 0.43994140625 0.4384765625 0.0087890625 0.0068359375
11 0.423828125 0.4443359375 0.00830078125 0.00732421875
11 0.41064453125 0.4384765625 0.00830078125 0.0068359375
13 0.494140625 0.46826171875 0.01123046875 0.00732421875
13 0.494140625 0.4892578125 0.01123046875 0.0068359375
11 0.4931640625 0.41748046875 0.00830078125 0.0068359375
11 0.4931640625 0.42626953125 0.00830078125 0.0068359375
11 0.4931640625 0.43212890625 0.00830078125 0.0068359375
13 0.39794921875 0.46533203125 0.01123046875 0.0068359375
13 0.39794921875 0.48583984375 0.01123046875 0.00732421875
11 0.396484375 0.43505859375 0.00830078125 0.0068359375
11 0.5927734375 0.6630859375 0.00830078125 0.00732421875
11 0.61669921875 0.66015625 0.00830078125 0.0068359375
11 0.63623046875 0.6572265625 0.00830078125 0.0068359375
11 0.66015625 0.6513671875 0.00830078125 0.0068359375
12 0.66015625 0.57373046875 0.0087890625 0.0068359375
12 0.66015625 0.58251953125 0.0087890625 0.0068359375
12 0.66015625 0.58837890625 0.0087890625 0.0068359375
12 0.5166015625 0.58837890625 0.0087890625 0.0068359375
12 0.57373046875 0.603515625 0.0087890625 0.0068359375
12 0.5166015625 0.57373046875 0.0087890625 0.0068359375
12 0.5166015625 0.58251953125 0.0087890625 0.0068359375
12 0.57373046875 0.5947265625 0.0087890625 0.0068359375
11 0.5732421875 0.666015625 0.00830078125 0.0068359375
12 0.57373046875 0.58837890625 0.0087890625 0.0068359375
11 0.68359375 0.6484375 0.00830078125 0.00732421875
11 0.70361328125 0.64501953125 0.00830078125 0.0068359375
13 0.75927734375 0.64501953125 0.01123046875 0.0068359375
13 0.75927734375 0.666015625 0.01123046875 0.0068359375
13 0.75927734375 0.57666015625 0.01123046875 0.0068359375
13 0.75927734375 0.58251953125 0.01123046875 0.0068359375
13 0.75927734375 0.59130859375 0.01123046875 0.0068359375
11 0.72314453125 0.64208984375 0.00830078125 0.00732421875
11 0.29248046875 0.58544921875 0.00830078125 0.0068359375
11 0.27734375 0.59130859375 0.00830078125 0.0068359375
11 0.263671875 0.58837890625 0.00830078125 0.0068359375
11 0.3330078125 0.5947265625 0.00830078125 0.0068359375
11 0.3193359375 0.59130859375 0.00830078125 0.0068359375
11 0.3056640625 0.58837890625 0.00830078125 0.0068359375
1 0.193359375 0.63720703125 0.017578125 0.02099609375
10 0.19384765625 0.5810546875 0.0166015625 0.0458984375
0 0.17529296875 0.61083984375 0.005859375 0.08203125
11 0.24951171875 0.58544921875 0.00830078125 0.0068359375
13 0.23779296875 0.63330078125 0.01123046875 0.00732421875
13 0.23779296875 0.654296875 0.01123046875 0.00732421875
11 0.236328125 0.58251953125 0.00830078125 0.0068359375
11 0.431640625 0.59765625 0.00830078125 0.0068359375
11 0.41748046875 0.5947265625 0.00830078125 0.0068359375
11 0.404296875 0.59130859375 0.00830078125 0.0068359375
13 0.47021484375 0.6572265625 0.01123046875 0.00732421875
13 0.47021484375 0.63623046875 0.01123046875 0.00732421875
12 0.46875 0.58837890625 0.0087890625 0.0068359375
12 0.46875 0.5947265625 0.0087890625 0.0068359375
12 0.46875 0.603515625 0.0087890625 0.0068359375
11 0.4453125 0.6005859375 0.00830078125 0.00732421875
11 0.37548828125 0.5947265625 0.00830078125 0.0068359375
11 0.36181640625 0.59130859375 0.00830078125 0.0068359375
11 0.34814453125 0.58837890625 0.00830078125 0.0068359375
11 0.38916015625 0.59765625 0.00830078125 0.0068359375