11 0.64111328125 0.22021484375 0.00830078125 0.0068359375
11 0.64111328125 0.15380859375 0.00830078125 0.0068359375
11 0.64111328125 0.12548828125 0.00830078125 0.0068359375
11 0.68798828125 0.11376953125 0.00830078125 0.00732421875
8 0.66845703125 0.16552734375 0.00634765625 0.017578125
11 0.6689453125 0.11962890625 0.00830078125 0.0068359375
11 0.6689453125 0.15380859375 0.00830078125 0.0068359375
11 0.6689453125 0.21435546875 0.00830078125 0.0068359375
9 0.67578125 0.107421875 0.0068359375 0.017578125
8 0.66845703125 0.22607421875 0.00634765625 0.01806640625
11 0.564453125 0.21142578125 0.00830078125 0.0068359375
22 0.3720703125 0.0546875 0.00830078125 0.00390625
8 0.56396484375 0.22314453125 0.00634765625 0.017578125
11 0.6142578125 0.15380859375 0.00830078125 0.0068359375
11 0.6142578125 0.22900390625 0.00830078125 0.0068359375
9 0.62109375 0.12255859375 0.0068359375 0.017578125
11 0.6142578125 0.134765625 0.00830078125 0.0068359375
8 0.61376953125 0.16552734375 0.00634765625 0.017578125
11 0.58154296875 0.12548828125 0.00830078125 0.0068359375
11 0.58154296875 0.16552734375 0.00830078125 0.00732421875
11 0.58154296875 0.21435546875 0.00830078125 0.0068359375
9 0.62109375 0.21728515625 0.0068359375 0.017578125
8 0.8046875 0.12255859375 0.00634765625 0.01806640625
8 0.8046875 0.16845703125 0.00634765625 0.01806640625
8 0.8046875 0.21728515625 0.00634765625 0.01806640625
11 0.80517578125 0.11083984375 0.00830078125 0.0068359375
11 0.80517578125 0.15673828125 0.00830078125 0.0068359375
11 0.80517578125 0.20556640625 0.00830078125 0.0068359375
22 0.6796875 0.0546875 0.00830078125 0.00390625
22 0.57763671875 0.0546875 0.00830078125 0.00390625
22 0.47119140625 0.0546875 0.00830078125 0.00390625
11 0.77197265625 0.20556640625 0.00830078125 0.0068359375
8 0.71533203125 0.11669921875 0.00634765625 0.01806640625
8 0.71533203125 0.16552734375 0.00634765625 0.017578125
8 0.71533203125 0.21435546875 0.00634765625 0.017578125
11 0.7412109375 0.10498046875 0.00830078125 0.0068359375
11 0.7412109375 0.150390625 0.00830078125 0.00732421875
11 0.7412109375 0.19921875 0.00830078125 0.0068359375
11 0.68798828125 0.20849609375 0.00830078125 0.00732421875
11 0.7158203125 0.10498046875 0.00830078125 0.0068359375
11 0.7158203125 0.15380859375 0.00830078125 0.0068359375
11 0.7158203125 0.19921875 0.00830078125 0.0068359375
11 0.77197265625 0.11083984375 0.00830078125 0.0068359375
11 0.77197265625 0.15673828125 0.00830078125 0.0068359375
11 0.68798828125 0.15380859375 0.00830078125 0.0068359375
11 0.33837890625 0.10498046875 0.00830078125 0.0068359375
11 0.33837890625 0.14453125 0.00830078125 0.0068359375
11 0.33837890625 0.21435546875 0.00830078125 0.0068359375
11 0.31298828125 0.10498046875 0.00830078125 0.0068359375
11 0.31298828125 0.14453125 0.00830078125 0.0068359375
8 0.3125 0.11669921875 0.00634765625 0.01806640625
8 0.3125 0.15966796875 0.00634765625 0.01806640625
11 0.3701171875 0.11083984375 0.00830078125 0.0068359375
11 0.3701171875 0.150390625 0.00830078125 0.00732421875
11 0.3701171875 0.21142578125 0.00830078125 0.0068359375
11 0.537109375 0.21435546875 0.00830078125 0.0068359375
10 0.19287109375 0.2216796875 0.0166015625 0.0458984375
10 0.19287109375 0.1123046875 0.0166015625 0.0458984375
10 0.19287109375 0.1669921875 0.0166015625 0.0458984375
11 0.2373046875 0.12548828125 0.00830078125 0.0068359375
11 0.2373046875 0.16552734375 0.00830078125 0.00732421875
22 0.27392578125 0.0546875 0.00830078125 0.00390625
22 0.7744140625 0.0546875 0.00830078125 0.00390625
10 0.19287109375 0.0576171875 0.0166015625 0.0458984375
11 0.28466796875 0.11376953125 0.00830078125 0.00732421875
9 0.2724609375 0.107421875 0.0068359375 0.017578125
8 0.265625 0.17138671875 0.00634765625 0.017578125
11 0.28466796875 0.15380859375 0.00830078125 0.0068359375
11 0.28466796875 0.22021484375 0.00830078125 0.0068359375
11 0.2373046875 0.22021484375 0.00830078125 0.0068359375
11 0.26611328125 0.11962890625 0.00830078125 0.0068359375
11 0.26611328125 0.15966796875 0.00830078125 0.0068359375
11 0.4599609375 0.16552734375 0.0078125 0.00732421875
11 0.47607421875 0.134765625 0.00830078125 0.0068359375
11 0.47607421875 0.17431640625 0.00830078125 0.0068359375
11 0.47607421875 0.21728515625 0.00830078125 0.0068359375
11 0.4443359375 0.11962890625 0.00830078125 0.0068359375
11 0.4443359375 0.15966796875 0.00830078125 0.0068359375
11 0.40283203125 0.11083984375 0.0078125 0.0068359375
11 0.4599609375 0.12548828125 0.0078125 0.0068359375
11 0.51171875 0.11962890625 0.0078125 0.0068359375
11 0.51171875 0.15966796875 0.0078125 0.0068359375
11 0.537109375 0.12548828125 0.00830078125 0.0068359375
11 0.537109375 0.16552734375 0.00830078125 0.00732421875
11 0.49462890625 0.12255859375 0.0078125 0.0068359375
11 0.49462890625 0.16259765625 0.0078125 0.0068359375
11 0.4287109375 0.15380859375 0.00830078125 0.0068359375
8 0.40234375 0.22314453125 0.00634765625 0.017578125
11 0.4287109375 0.11376953125 0.00830078125 0.00732421875
11 0.4287109375 0.21435546875 0.00830078125 0.0068359375
11 0.40283203125 0.150390625 0.0078125 0.00732421875
11 0.40283203125 0.21142578125 0.0078125 0.0068359375
8 0.40234375 0.12255859375 0.00634765625 0.01806640625
8 0.40234375 0.16259765625 0.00634765625 0.017578125
11 0.6376953125 0.40234375 0.00830078125 0.00732421875
11 0.65673828125 0.353515625 0.00830078125 0.0068359375
11 0.65673828125 0.3994140625 0.00830078125 0.0068359375
11 0.65673828125 0.4482421875 0.00830078125 0.0068359375
11 0.619140625 0.4052734375 0.00830078125 0.0068359375
11 0.6923828125 0.4482421875 0.00830078125 0.0068359375
8 0.69189453125 0.36572265625 0.00634765625 0.017578125
8 0.69189453125 0.4111328125 0.00634765625 0.017578125
11 0.5224609375 0.45703125 0.00830078125 0.0068359375
11 0.6923828125 0.353515625 0.00830078125 0.0068359375
11 0.6923828125 0.3994140625 0.00830078125 0.0068359375
11 0.5732421875 0.34765625 0.00830078125 0.0068359375
9 0.52880859375 0.4052734375 0.0068359375 0.017578125
11 0.5732421875 0.40234375 0.00830078125 0.00732421875
11 0.5732421875 0.4423828125 0.00830078125 0.0068359375
8 0.5732421875 0.359375 0.00634765625 0.017578125
8 0.52197265625 0.46923828125 0.00634765625 0.017578125
11 0.54248046875 0.3564453125 0.00830078125 0.0068359375
11 0.54248046875 0.408203125 0.00830078125 0.0068359375
11 0.54248046875 0.451171875 0.00830078125 0.0068359375
9 0.52880859375 0.3505859375 0.0068359375 0.017578125
11 0.6005859375 0.34765625 0.00830078125 0.0068359375
8 0.5732421875 0.41455078125 0.00634765625 0.017578125
8 0.5732421875 0.45703125 0.00634765625 0.01806640625
11 0.6005859375 0.40234375 0.00830078125 0.00732421875
11 0.6005859375 0.4423828125 0.00830078125 0.0068359375
11 0.8037109375 0.41162109375 0.00830078125 0.0068359375
11 0.8037109375 0.4599609375 0.00830078125 0.0068359375
11 0.8037109375 0.36572265625 0.00830078125 0.0068359375
8 0.80322265625 0.42236328125 0.00634765625 0.017578125
11 0.78662109375 0.359375 0.00830078125 0.00732421875
11 0.78662109375 0.4541015625 0.00830078125 0.00732421875
22 0.6484375 0.29736328125 0.00830078125 0.00390625
22 0.5341796875 0.29736328125 0.00830078125 0.00390625
22 0.408203125 0.29736328125 0.00830078125 0.00390625
11 0.7197265625 0.3564453125 0.00830078125 0.0068359375
8 0.69189453125 0.4599609375 0.00634765625 0.017578125
11 0.7197265625 0.40234375 0.00830078125 0.00732421875
11 0.7197265625 0.451171875 0.00830078125 0.0068359375
11 0.76806640625 0.451171875 0.00830078125 0.0068359375
8 0.74755859375 0.46923828125 0.00634765625 0.017578125
11 0.76806640625 0.3564453125 0.00830078125 0.0068359375
11 0.76806640625 0.4052734375 0.00830078125 0.0068359375
11 0.748046875 0.45703125 0.00830078125 0.0068359375
11 0.748046875 0.36279296875 0.00830078125 0.0068359375
11 0.748046875 0.408203125 0.00830078125 0.0068359375
9 0.75439453125 0.3505859375 0.0068359375 0.017578125
8 0.74755859375 0.42041015625 0.00634765625 0.01806640625
11 0.32275390625 0.3564453125 0.00830078125 0.0068359375
11 0.32275390625 0.41162109375 0.00830078125 0.0068359375
11 0.32275390625 0.451171875 0.00830078125 0.0068359375
11 0.30322265625 0.36572265625 0.00830078125 0.0068359375
11 0.30322265625 0.41162109375 0.00830078125 0.0068359375
11 0.30322265625 0.4599609375 0.00830078125 0.0068359375
11 0.5224609375 0.41748046875 0.00830078125 0.00732421875
11 0.349609375 0.36279296875 0.00830078125 0.0068359375
11 0.349609375 0.408203125 0.00830078125 0.0068359375
11 0.349609375 0.45703125 0.00830078125 0.0068359375
10 0.19287109375 0.35546875 0.0166015625 0.0458984375
10 0.19287109375 0.40966796875 0.0166015625 0.0458984375
10 0.19287109375 0.46484375 0.0166015625 0.0458984375
11 0.2373046875 0.3564453125 0.00830078125 0.0068359375
22 0.279296875 0.29736328125 0.00830078125 0.00390625
22 0.763671875 0.29736328125 0.00830078125 0.00390625
10 0.19287109375 0.30029296875 0.0166015625 0.0458984375
9 0.2724609375 0.3505859375 0.0068359375 0.017578125
8 0.265625 0.42041015625 0.00634765625 0.01806640625
8 0.265625 0.46923828125 0.00634765625 0.017578125
11 0.28564453125 0.359375 0.00830078125 0.00732421875
11 0.28564453125 0.4052734375 0.00830078125 0.0068359375
11 0.28564453125 0.4541015625 0.00830078125 0.00732421875
11 0.2373046875 0.40234375 0.00830078125 0.00732421875
11 0.2373046875 0.451171875 0.00830078125 0.0068359375
11 0.26611328125 0.36279296875 0.00830078125 0.0068359375
11 0.26611328125 0.408203125 0.00830078125 0.0068359375
11 0.26611328125 0.45703125 0.00830078125 0.0068359375
9 0.46923828125 0.4052734375 0.0068359375 0.017578125
9 0.46923828125 0.4599609375 0.0068359375 0.017578125
11 0.4375 0.42919921875 0.00830078125 0.0068359375
11 0.46240234375 0.37744140625 0.00830078125 0.0068359375
11 0.46240234375 0.41748046875 0.00830078125 0.00732421875
11 0.46240234375 0.47216796875 0.00830078125 0.0068359375
9 0.46923828125 0.36572265625 0.0068359375 0.017578125
11 0.5224609375 0.36279296875 0.00830078125 0.0068359375
11 0.4912109375 0.36865234375 0.00830078125 0.0068359375
11 0.4912109375 0.42333984375 0.00830078125 0.0068359375
11 0.4912109375 0.46337890625 0.00830078125 0.0068359375
11 0.38134765625 0.41455078125 0.00830078125 0.0068359375
11 0.3681640625 0.41162109375 0.00830078125 0.0068359375
11 0.39404296875 0.41748046875 0.00830078125 0.00732421875
11 0.42041015625 0.42333984375 0.00830078125 0.0068359375
11 0.42041015625 0.45703125 0.00830078125 0.0068359375
11 0.42041015625 0.36279296875 0.00830078125 0.0068359375
11 0.4072265625 0.42041015625 0.00830078125 0.0068359375
9 0.62548828125 0.59326171875 0.0068359375 0.017578125
8 0.6181640625 0.6630859375 0.00634765625 0.017578125
11 0.63916015625 0.69677734375 0.00830078125 0.0068359375
11 0.63916015625 0.6484375 0.00830078125 0.00732421875
11 0.63916015625 0.6025390625 0.00830078125 0.0068359375
8 0.6181640625 0.7119140625 0.00634765625 0.017578125
11 0.677734375 0.69091796875 0.00830078125 0.0068359375
11 0.677734375 0.642578125 0.00830078125 0.0068359375
11 0.677734375 0.59619140625 0.00830078125 0.0068359375
11 0.6572265625 0.703125 0.00830078125 0.0068359375
11 0.6572265625 0.654296875 0.00830078125 0.0068359375
11 0.6572265625 0.6083984375 0.00830078125 0.0068359375
11 0.58740234375 0.703125 0.00830078125 0.0068359375
11 0.58740234375 0.6083984375 0.00830078125 0.0068359375
11 0.58740234375 0.654296875 0.00830078125 0.0068359375
11 0.55810546875 0.703125 0.00830078125 0.0068359375
9 0.564453125 0.59619140625 0.0068359375 0.017578125
8 0.5576171875 0.71484375 0.00634765625 0.017578125
8 0.5576171875 0.66552734375 0.00634765625 0.017578125
11 0.61865234375 0.60546875 0.00830078125 0.00732421875
11 0.61865234375 0.6513671875 0.00830078125 0.0068359375
11 0.61865234375 0.7001953125 0.00830078125 0.00732421875
11 0.55810546875 0.6083984375 0.00830078125 0.0068359375
11 0.55810546875 0.654296875 0.00830078125 0.0068359375
9 0.80859375 0.64794921875 0.0068359375 0.017578125
9 0.80859375 0.70263671875 0.0068359375 0.017578125
11 0.8017578125 0.62060546875 0.00830078125 0.0068359375
11 0.8017578125 0.66015625 0.00830078125 0.0068359375
11 0.8017578125 0.71484375 0.00830078125 0.0068359375
9 0.80859375 0.6083984375 0.0068359375 0.017578125
22 0.63427734375 0.54052734375 0.00830078125 0.00390625
22 0.5166015625 0.54052734375 0.00830078125 0.00390625
22 0.40283203125 0.54052734375 0.00830078125 0.00390625
11 0.705078125 0.599609375 0.00830078125 0.0068359375
11 0.705078125 0.64501953125 0.00830078125 0.0068359375
11 0.705078125 0.6943359375 0.00830078125 0.0068359375
11 0.7646484375 0.60546875 0.00830078125 0.00732421875
11 0.744140625 0.63916015625 0.00830078125 0.0068359375
11 0.7646484375 0.63037109375 0.00830078125 0.0068359375
11 0.7646484375 0.7001953125 0.00830078125 0.00732421875
11 0.72314453125 0.6513671875 0.00830078125 0.0068359375
11 0.3310546875 0.66015625 0.0078125 0.0068359375
11 0.3310546875 0.71484375 0.0078125 0.0068359375
9 0.33740234375 0.6083984375 0.0068359375 0.017578125
9 0.33740234375 0.64794921875 0.0068359375 0.017578125
11 0.2939453125 0.6513671875 0.00830078125 0.0068359375
11 0.2939453125 0.7060546875 0.00830078125 0.00732421875
9 0.33740234375 0.70263671875 0.0068359375 0.017578125
11 0.3310546875 0.62060546875 0.0078125 0.0068359375
11 0.3603515625 0.654296875 0.00830078125 0.0068359375
11 0.3603515625 0.6083984375 0.00830078125 0.0068359375
11 0.2939453125 0.611328125 0.00830078125 0.00732421875
11 0.3603515625 0.703125 0.00830078125 0.0068359375
10 0.19287109375 0.59814453125 0.0166015625 0.0458984375
10 0.19287109375 0.65283203125 0.0166015625 0.0458984375
10 0.19287109375 0.54345703125 0.0166015625 0.0458984375
10 0.19287109375 0.70751953125 0.0166015625 0.0458984375
22 0.28466796875 0.54052734375 0.00830078125 0.00390625
22 0.75634765625 0.54052734375 0.00830078125 0.00390625
11 0.25537109375 0.66015625 0.00830078125 0.0068359375
11 0.27587890625 0.64501953125 0.00830078125 0.0068359375
11 0.2373046875 0.611328125 0.00830078125 0.00732421875
11 0.2373046875 0.6513671875 0.00830078125 0.0068359375
11 0.2373046875 0.7060546875 0.00830078125 0.00732421875
9 0.447265625 0.70263671875 0.0068359375 0.017578125
11 0.47021484375 0.654296875 0.00830078125 0.0068359375
11 0.47021484375 0.69677734375 0.00830078125 0.0068359375
8 0.5009765625 0.7119140625 0.00634765625 0.017578125
11 0.52099609375 0.6083984375 0.00830078125 0.0068359375
11 0.52099609375 0.654296875 0.00830078125 0.0068359375
11 0.52099609375 0.703125 0.00830078125 0.0068359375
9 0.5078125 0.59326171875 0.0068359375 0.017578125
11 0.50146484375 0.60546875 0.00830078125 0.00732421875
11 0.50146484375 0.654296875 0.00830078125 0.0068359375
11 0.50146484375 0.7001953125 0.00830078125 0.00732421875
11 0.47021484375 0.6025390625 0.00830078125 0.0068359375
8 0.5009765625 0.66552734375 0.00634765625 0.017578125
9 0.39697265625 0.64794921875 0.0068359375 0.017578125
9 0.39697265625 0.70263671875 0.0068359375 0.017578125
11 0.4111328125 0.6513671875 0.00830078125 0.0068359375
11 0.4111328125 0.7001953125 0.00830078125 0.00732421875
11 0.39013671875 0.66015625 0.00830078125 0.0068359375
11 0.39013671875 0.62060546875 0.00830078125 0.0068359375
11 0.4111328125 0.60546875 0.00830078125 0.00732421875
11 0.39013671875 0.71484375 0.00830078125 0.0068359375
9 0.39697265625 0.6083984375 0.0068359375 0.017578125
9 0.447265625 0.6083984375 0.0068359375 0.017578125
11 0.4404296875 0.71484375 0.00830078125 0.0068359375
11 0.4404296875 0.66015625 0.00830078125 0.0068359375
9 0.447265625 0.64794921875 0.0068359375 0.017578125
11 0.4404296875 0.62060546875 0.00830078125 0.0068359375
11 0.6357421875 0.86328125 0.00830078125 0.0068359375
8 0.546875 0.89697265625 0.00634765625 0.01806640625
11 0.6357421875 0.90576171875 0.00830078125 0.0068359375
11 0.6357421875 0.95751953125 0.00830078125 0.0068359375
11 0.67822265625 0.84814453125 0.00830078125 0.0068359375
11 0.6162109375 0.8544921875 0.00830078125 0.0068359375
11 0.6162109375 0.9033203125 0.00830078125 0.0068359375
11 0.6162109375 0.94873046875 0.00830078125 0.0068359375
11 0.67822265625 0.89404296875 0.00830078125 0.00732421875
11 0.65771484375 0.94580078125 0.00830078125 0.0068359375
11 0.65771484375 0.89697265625 0.00830078125 0.0068359375
11 0.65771484375 0.8515625 0.00830078125 0.0068359375
11 0.57763671875 0.93701171875 0.00830078125 0.00732421875
8 0.546875 0.94580078125 0.00634765625 0.017578125
11 0.57763671875 0.84228515625 0.00830078125 0.00732421875
11 0.57763671875 0.88818359375 0.00830078125 0.0068359375
11 0.5966796875 0.84814453125 0.00830078125 0.0068359375
11 0.5966796875 0.89404296875 0.00830078125 0.00732421875
11 0.5966796875 0.94287109375 0.00830078125 0.0068359375
8 0.8017578125 0.88818359375 0.00634765625 0.01806640625
15 0.8017578125 0.8427734375 0.0078125 0.01171875
11 0.8017578125 0.87353515625 0.00830078125 0.0068359375
15 0.8017578125 0.95263671875 0.0078125 0.01171875
22 0.63037109375 0.783203125 0.00830078125 0.00390625
22 0.48681640625 0.783203125 0.00830078125 0.00390625
11 0.7080078125 0.94873046875 0.00830078125 0.0068359375
11 0.7080078125 0.89404296875 0.00830078125 0.00732421875
11 0.7080078125 0.8544921875 0.00830078125 0.0068359375
11 0.74169921875 0.89111328125 0.00830078125 0.0068359375
8 0.7412109375 0.9033203125 0.00634765625 0.01806640625
11 0.7626953125 0.8544921875 0.00830078125 0.0068359375
11 0.7626953125 0.88818359375 0.00830078125 0.0068359375
11 0.7626953125 0.94873046875 0.00830078125 0.0068359375
11 0.67822265625 0.94287109375 0.00830078125 0.0068359375
8 0.294921875 0.95458984375 0.00634765625 0.01806640625
11 0.30908203125 0.9091796875 0.00830078125 0.0068359375
11 0.32470703125 0.84228515625 0.00830078125 0.00732421875
11 0.32470703125 0.9033203125 0.00830078125 0.0068359375
11 0.32470703125 0.93701171875 0.00830078125 0.00732421875
9 0.30224609375 0.83642578125 0.0068359375 0.017578125
11 0.2958984375 0.84814453125 0.00830078125 0.0068359375
11 0.2958984375 0.9033203125 0.00830078125 0.0068359375
11 0.2958984375 0.94287109375 0.00830078125 0.0068359375
11 0.3671875 0.9091796875 0.00830078125 0.0068359375
11 0.353515625 0.9033203125 0.00830078125 0.0068359375
11 0.3828125 0.83349609375 0.00830078125 0.0068359375
11 0.3828125 0.9033203125 0.00830078125 0.0068359375
11 0.3828125 0.927734375 0.00830078125 0.0068359375
11 0.337890625 0.9091796875 0.00830078125 0.0068359375
10 0.19287109375 0.8408203125 0.0166015625 0.0458984375
10 0.19287109375 0.89599609375 0.0166015625 0.0458984375
10 0.19287109375 0.7861328125 0.0166015625 0.04541015625
10 0.19287109375 0.9501953125 0.0166015625 0.0458984375
22 0.31494140625 0.783203125 0.00830078125 0.00390625
22 0.75732421875 0.783203125 0.00830078125 0.00390625
11 0.2666015625 0.9033203125 0.00830078125 0.0068359375
11 0.2509765625 0.9091796875 0.00830078125 0.0068359375
11 0.27978515625 0.9091796875 0.00830078125 0.0068359375
11 0.2373046875 0.94873046875 0.00830078125 0.0068359375
11 0.2373046875 0.9033203125 0.00830078125 0.0068359375
11 0.2373046875 0.8544921875 0.00830078125 0.0068359375
11 0.4638671875 0.90576171875 0.00830078125 0.0068359375
11 0.4794921875 0.89990234375 0.0078125 0.0068359375
11 0.49365234375 0.89697265625 0.00830078125 0.0068359375
11 0.4501953125 0.89990234375 0.00830078125 0.0068359375
11 0.43505859375 0.90576171875 0.00830078125 0.0068359375
11 0.54736328125 0.93408203125 0.00830078125 0.0068359375
11 0.54736328125 0.83935546875 0.00830078125 0.0068359375
11 0.54736328125 0.88525390625 0.00830078125 0.0068359375
8 0.546875 0.85107421875 0.00634765625 0.017578125
8 0.38232421875 0.84521484375 0.00634765625 0.01806640625
11 0.5078125 0.93408203125 0.00830078125 0.0068359375
11 0.5078125 0.89404296875 0.00830078125 0.00732421875
11 0.5078125 0.83935546875 0.00830078125 0.0068359375
11 0.42138671875 0.83349609375 0.00830078125 0.0068359375
11 0.42138671875 0.89990234375 0.00830078125 0.0068359375
11 0.42138671875 0.927734375 0.00830078125 0.0068359375
11 0.396484375 0.9091796875 0.00830078125 0.0068359375
8 0.38232421875 0.94287109375 0.00634765625 0.017578125