11 0.6318359375 0.3564453125 0.00830078125 0.0068359375
11 0.4921875 0.68017578125 0.00830078125 0.0068359375
11 0.6318359375 0.23583984375 0.00830078125 0.0068359375
13 0.63330078125 0.46240234375 0.01123046875 0.0068359375
12 0.6318359375 0.5771484375 0.0087890625 0.0068359375
11 0.6318359375 0.68603515625 0.00830078125 0.0068359375
13 0.63330078125 0.10009765625 0.01123046875 0.0068359375
13 0.63330078125 0.13330078125 0.01123046875 0.00732421875
13 0.63330078125 0.12109375 0.01123046875 0.0068359375
13 0.63330078125 0.1123046875 0.01123046875 0.00732421875
13 0.63330078125 0.1064453125 0.01123046875 0.0068359375
11 0.4921875 0.341796875 0.00830078125 0.0068359375
11 0.595703125 0.70068359375 0.00830078125 0.0068359375
9 0.63818359375 0.22412109375 0.0068359375 0.017578125
11 0.4921875 0.5712890625 0.00830078125 0.00732421875
9 0.63818359375 0.3447265625 0.0068359375 0.017578125
11 0.56494140625 0.22119140625 0.00830078125 0.0068359375
11 0.53076171875 0.2119140625 0.00830078125 0.0068359375
11 0.53076171875 0.3359375 0.00830078125 0.0068359375
11 0.53076171875 0.68603515625 0.00830078125 0.0068359375
11 0.595703125 0.22705078125 0.00830078125 0.0068359375
11 0.595703125 0.34765625 0.00830078125 0.0068359375
11 0.56494140625 0.341796875 0.00830078125 0.0068359375
21 0.56396484375 0.56689453125 0.00634765625 0.0185546875
11 0.56494140625 0.69189453125 0.00830078125 0.0068359375
15 0.80029296875 0.224609375 0.0078125 0.01171875
15 0.80029296875 0.33935546875 0.0078125 0.01171875
11 0.80029296875 0.68603515625 0.00830078125 0.0068359375
22 0.50341796875 0.76611328125 0.00830078125 0.00390625
12 0.66943359375 0.22705078125 0.0087890625 0.0068359375
12 0.66943359375 0.3505859375 0.0087890625 0.0068359375
11 0.6689453125 0.69482421875 0.00830078125 0.0068359375
11 0.736328125 0.68017578125 0.00830078125 0.0068359375
11 0.75634765625 0.68603515625 0.00830078125 0.0068359375
21 0.77587890625 0.56689453125 0.00634765625 0.0185546875
11 0.77734375 0.69482421875 0.00830078125 0.0068359375
11 0.689453125 0.70068359375 0.00830078125 0.0068359375
11 0.712890625 0.69482421875 0.00830078125 0.0068359375
11 0.736328125 0.5712890625 0.00830078125 0.00732421875
11 0.2392578125 0.7099609375 0.00830078125 0.0068359375
12 0.21923828125 0.3330078125 0.0087890625 0.0068359375
11 0.21875 0.44482421875 0.00830078125 0.0068359375
11 0.21875 0.55908203125 0.00830078125 0.0068359375
11 0.21875 0.70361328125 0.00830078125 0.0068359375
11 0.306640625 0.68310546875 0.00830078125 0.0068359375
11 0.283203125 0.69775390625 0.00830078125 0.00732421875
12 0.306640625 0.45947265625 0.0087890625 0.0068359375
12 0.306640625 0.57421875 0.0087890625 0.0068359375
11 0.4921875 0.22119140625 0.00830078125 0.0068359375
11 0.2626953125 0.45361328125 0.00830078125 0.0068359375
11 0.2626953125 0.568359375 0.00830078125 0.0068359375
11 0.2626953125 0.69189453125 0.00830078125 0.0068359375
22 0.29541015625 0.76611328125 0.00830078125 0.00390625
22 0.71875 0.76611328125 0.00830078125 0.00390625
10 0.19384765625 0.10791015625 0.0166015625 0.0458984375
10 0.19384765625 0.22265625 0.0166015625 0.0458984375
0 0.17529296875 0.7265625 0.0068359375 0.11279296875
1 0.193359375 0.7685546875 0.017578125 0.02099609375
13 0.22021484375 0.13623046875 0.01123046875 0.0068359375
13 0.22021484375 0.1240234375 0.01123046875 0.00732421875
13 0.22021484375 0.1181640625 0.01123046875 0.00732421875
13 0.22021484375 0.109375 0.01123046875 0.00732421875
13 0.22021484375 0.103515625 0.01123046875 0.00732421875
13 0.22021484375 0.09423828125 0.01123046875 0.00732421875
12 0.21923828125 0.22998046875 0.0087890625 0.0068359375
10 0.19384765625 0.33740234375 0.0166015625 0.0458984375
1 0.193359375 0.45166015625 0.017578125 0.02099609375
1 0.193359375 0.56640625 0.017578125 0.02099609375
10 0.19384765625 0.681640625 0.0166015625 0.0458984375
11 0.40185546875 0.69189453125 0.00830078125 0.0068359375
11 0.42529296875 0.68603515625 0.00830078125 0.0068359375
11 0.44873046875 0.68017578125 0.00830078125 0.0068359375
11 0.46875 0.69189453125 0.00830078125 0.0068359375
8 0.369140625 0.35009765625 0.00634765625 0.017578125
8 0.369140625 0.22998046875 0.00634765625 0.017578125
11 0.369140625 0.68896484375 0.00830078125 0.0068359375
11 0.369140625 0.3388671875 0.00830078125 0.0068359375
11 0.369140625 0.21826171875 0.00830078125 0.0068359375
15 0.34716796875 0.224609375 0.0078125 0.01171875
15 0.34716796875 0.33935546875 0.0078125 0.01171875
11 0.34716796875 0.69775390625 0.00830078125 0.00732421875
13 0.4033203125 0.1181640625 0.01123046875 0.00732421875
13 0.4033203125 0.1123046875 0.01123046875 0.00732421875
13 0.4033203125 0.1064453125 0.01123046875 0.0068359375
13 0.4033203125 0.09716796875 0.01123046875 0.00732421875
13 0.4033203125 0.12744140625 0.01123046875 0.0068359375
12 0.40234375 0.2119140625 0.0087890625 0.0068359375
12 0.40234375 0.3359375 0.0087890625 0.0068359375
13 0.4033203125 0.45654296875 0.01123046875 0.00732421875
12 0.40234375 0.5712890625 0.0087890625 0.0068359375
11 0.32666015625 0.68896484375 0.00830078125 0.0068359375
13 0.4033203125 0.13916015625 0.01123046875 0.00732421875