11 0.65234375 0.158203125 0.00830078125 0.0068359375
11 0.65234375 0.31640625 0.00830078125 0.00732421875
11 0.65234375 0.328125 0.00830078125 0.0068359375
11 0.65234375 0.14306640625 0.00830078125 0.0068359375
11 0.68896484375 0.158203125 0.00830078125 0.0068359375
11 0.68896484375 0.14892578125 0.00830078125 0.00732421875
11 0.615234375 0.14599609375 0.00830078125 0.0068359375
11 0.615234375 0.1640625 0.00830078125 0.00732421875
12 0.7255859375 0.3134765625 0.0087890625 0.0068359375
12 0.7255859375 0.3251953125 0.0087890625 0.0068359375
12 0.7255859375 0.14599609375 0.0087890625 0.0068359375
12 0.7255859375 0.1611328125 0.0087890625 0.0068359375
11 0.33203125 0.14599609375 0.00830078125 0.0068359375
11 0.33203125 0.1611328125 0.00830078125 0.0068359375
0 0.224609375 0.2294921875 0.009765625 0.1982421875
1 0.24365234375 0.314453125 0.017578125 0.02099609375
13 0.29736328125 0.3251953125 0.01123046875 0.0068359375
12 0.33203125 0.3134765625 0.0087890625 0.0068359375
10 0.244140625 0.1416015625 0.0166015625 0.0458984375
15 0.29541015625 0.14404296875 0.0078125 0.01171875
11 0.47998046875 0.14599609375 0.00830078125 0.0068359375
11 0.47998046875 0.1611328125 0.00830078125 0.0068359375
9 0.4482421875 0.1337890625 0.0068359375 0.017578125
11 0.44189453125 0.14599609375 0.00830078125 0.0068359375
11 0.44189453125 0.1611328125 0.00830078125 0.0068359375
11 0.5791015625 0.3134765625 0.00830078125 0.0068359375
11 0.5791015625 0.322265625 0.00830078125 0.00732421875
11 0.5791015625 0.14892578125 0.00830078125 0.00732421875
11 0.5791015625 0.1640625 0.00830078125 0.00732421875
11 0.36865234375 0.14599609375 0.00830078125 0.0068359375
11 0.36865234375 0.1611328125 0.00830078125 0.0068359375
11 0.4052734375 0.14892578125 0.00830078125 0.00732421875
11 0.4052734375 0.1640625 0.00830078125 0.00732421875
11 0.64208984375 0.46142578125 0.00830078125 0.00732421875
11 0.64208984375 0.47021484375 0.00830078125 0.0068359375
11 0.603515625 0.47021484375 0.00830078125 0.0068359375
11 0.603515625 0.45556640625 0.00830078125 0.0068359375
11 0.68017578125 0.62890625 0.00830078125 0.0068359375
11 0.68017578125 0.6376953125 0.00830078125 0.0068359375
12 0.6806640625 0.46728515625 0.0087890625 0.00732421875
12 0.6806640625 0.47314453125 0.0087890625 0.0068359375
11 0.5654296875 0.4580078125 0.00830078125 0.0068359375
11 0.5654296875 0.47607421875 0.00830078125 0.0068359375
11 0.7490234375 0.6318359375 0.00830078125 0.0068359375
11 0.7490234375 0.6435546875 0.00830078125 0.0068359375
15 0.2314453125 0.4560546875 0.0078125 0.01171875
13 0.23291015625 0.640625 0.01123046875 0.00732421875
1 0.193359375 0.6298828125 0.017578125 0.02099609375
11 0.26953125 0.4580078125 0.00830078125 0.0068359375
11 0.26953125 0.47314453125 0.00830078125 0.0068359375
0 0.173828125 0.54345703125 0.009765625 0.20166015625
10 0.19384765625 0.45361328125 0.0166015625 0.0458984375
11 0.423828125 0.4580078125 0.00830078125 0.0068359375
11 0.423828125 0.47314453125 0.00830078125 0.0068359375
9 0.39111328125 0.4462890625 0.0068359375 0.017578125
11 0.38427734375 0.4580078125 0.00830078125 0.0068359375
11 0.38427734375 0.47314453125 0.00830078125 0.0068359375
11 0.52734375 0.46142578125 0.00830078125 0.00732421875
11 0.52734375 0.47607421875 0.00830078125 0.0068359375
12 0.42431640625 0.62890625 0.0087890625 0.0068359375
11 0.34619140625 0.46142578125 0.00830078125 0.00732421875
11 0.34619140625 0.47607421875 0.00830078125 0.0068359375
11 0.3076171875 0.4580078125 0.0078125 0.0068359375
11 0.3076171875 0.47314453125 0.0078125 0.0068359375
12 0.6181640625 0.78271484375 0.0087890625 0.0068359375
11 0.5517578125 0.77685546875 0.00830078125 0.0068359375
12 0.6181640625 0.78857421875 0.0087890625 0.0068359375
11 0.5849609375 0.77978515625 0.00830078125 0.0068359375
11 0.5849609375 0.78564453125 0.00830078125 0.0068359375
11 0.5517578125 0.78564453125 0.00830078125 0.0068359375
12 0.7333984375 0.77978515625 0.0087890625 0.0068359375
12 0.7333984375 0.79150390625 0.0087890625 0.00732421875
11 0.5185546875 0.77392578125 0.00830078125 0.0068359375
11 0.5185546875 0.79150390625 0.00830078125 0.00732421875
12 0.23193359375 0.94921875 0.0087890625 0.0068359375
15 0.2314453125 0.771484375 0.0078125 0.01171875
12 0.23193359375 0.9375 0.0087890625 0.0068359375
1 0.193359375 0.9384765625 0.017578125 0.02099609375
11 0.2646484375 0.77392578125 0.00830078125 0.0068359375
13 0.2412109375 0.94921875 0.01123046875 0.0068359375
0 0.173828125 0.85546875 0.00927734375 0.1953125
10 0.19384765625 0.76953125 0.0166015625 0.0458984375
11 0.2646484375 0.78857421875 0.00830078125 0.0068359375
11 0.4375 0.77392578125 0.00830078125 0.0068359375
11 0.4375 0.78857421875 0.00830078125 0.0068359375
11 0.36376953125 0.77392578125 0.00830078125 0.0068359375
11 0.36376953125 0.78857421875 0.00830078125 0.0068359375
11 0.48583984375 0.77685546875 0.00830078125 0.0068359375
11 0.48583984375 0.79150390625 0.00830078125 0.00732421875
9 0.4443359375 0.76171875 0.0068359375 0.017578125
11 0.2978515625 0.77392578125 0.00830078125 0.0068359375
11 0.2978515625 0.78857421875 0.00830078125 0.0068359375
11 0.33056640625 0.79150390625 0.00830078125 0.00732421875
11 0.33056640625 0.77685546875 0.00830078125 0.0068359375