11 0.62890625 0.19189453125 0.00830078125 0.00732421875
12 0.62939453125 0.26904296875 0.0087890625 0.0068359375
11 0.62890625 0.384765625 0.00830078125 0.0068359375
11 0.6064453125 0.18603515625 0.00830078125 0.0068359375
11 0.68017578125 0.18017578125 0.00830078125 0.0068359375
11 0.703125 0.18603515625 0.00830078125 0.0068359375
11 0.68017578125 0.37890625 0.00830078125 0.00732421875
11 0.65478515625 0.18603515625 0.00830078125 0.0068359375
11 0.583984375 0.3935546875 0.00830078125 0.00732421875
11 0.583984375 0.18017578125 0.00830078125 0.0068359375
11 0.7255859375 0.19189453125 0.00830078125 0.00732421875
11 0.55810546875 0.18603515625 0.00830078125 0.0068359375
11 0.77685546875 0.18017578125 0.00830078125 0.0068359375
11 0.7509765625 0.18603515625 0.00830078125 0.0068359375
11 0.77685546875 0.37890625 0.00830078125 0.00732421875
11 0.7255859375 0.384765625 0.00830078125 0.0068359375
12 0.7255859375 0.26904296875 0.0087890625 0.0068359375
11 0.79931640625 0.18603515625 0.00830078125 0.0068359375
11 0.25634765625 0.18896484375 0.00830078125 0.0068359375
11 0.23046875 0.44384765625 0.00830078125 0.0068359375
11 0.23046875 0.396484375 0.00830078125 0.0068359375
12 0.23095703125 0.2568359375 0.0087890625 0.0068359375
11 0.23046875 0.19482421875 0.00830078125 0.0068359375
11 0.3076171875 0.18896484375 0.00830078125 0.0068359375
9 0.28857421875 0.431640625 0.0068359375 0.017578125
11 0.28173828125 0.44384765625 0.00830078125 0.0068359375
11 0.28173828125 0.396484375 0.00830078125 0.0068359375
11 0.28173828125 0.18310546875 0.00830078125 0.0068359375
22 0.66943359375 0.43359375 0.00830078125 0.00390625
22 0.66943359375 0.30908203125 0.00830078125 0.00390625
22 0.66943359375 0.107421875 0.00830078125 0.00390625
22 0.66943359375 0.048828125 0.00830078125 0.00390625
22 0.365234375 0.30908203125 0.00830078125 0.00390625
22 0.365234375 0.107421875 0.00830078125 0.00390625
22 0.365234375 0.048828125 0.00830078125 0.00390625
0 0.17529296875 0.08837890625 0.005859375 0.08349609375
1 0.193359375 0.43603515625 0.017578125 0.02099609375
1 0.193359375 0.3740234375 0.017578125 0.02099609375
10 0.19384765625 0.25 0.0166015625 0.0458984375
11 0.3076171875 0.44384765625 0.00830078125 0.0068359375
10 0.19384765625 0.1875 0.0166015625 0.0458984375
10 0.19384765625 0.1162109375 0.0166015625 0.0458984375
10 0.19384765625 0.0576171875 0.0166015625 0.0458984375
11 0.42529296875 0.396484375 0.00830078125 0.0068359375
12 0.42578125 0.27197265625 0.0087890625 0.0068359375
11 0.42529296875 0.19482421875 0.00830078125 0.0068359375
11 0.40283203125 0.18896484375 0.00830078125 0.0068359375
11 0.4765625 0.396484375 0.00830078125 0.0068359375
11 0.4765625 0.18310546875 0.00830078125 0.0068359375
11 0.451171875 0.18896484375 0.00830078125 0.0068359375
11 0.53271484375 0.19189453125 0.0078125 0.00732421875
12 0.533203125 0.27490234375 0.0087890625 0.0068359375
11 0.330078125 0.3876953125 0.00830078125 0.0068359375
12 0.330078125 0.2568359375 0.0087890625 0.0068359375
11 0.330078125 0.19482421875 0.00830078125 0.0068359375
11 0.53271484375 0.3994140625 0.0078125 0.0068359375
11 0.4990234375 0.18896484375 0.00830078125 0.0068359375
19 0.38037109375 0.43603515625 0.00830078125 0.00390625
11 0.38037109375 0.3876953125 0.00830078125 0.0068359375
11 0.38037109375 0.18310546875 0.00830078125 0.0068359375
11 0.35546875 0.18896484375 0.00830078125 0.0068359375
11 0.70947265625 0.859375 0.00830078125 0.00732421875
11 0.59375 0.8623046875 0.00830078125 0.0068359375
11 0.64794921875 0.8623046875 0.00830078125 0.0068359375
11 0.6787109375 0.8623046875 0.00830078125 0.0068359375
11 0.5380859375 0.87109375 0.00830078125 0.0068359375
11 0.740234375 0.859375 0.00830078125 0.00732421875
11 0.76513671875 0.8623046875 0.00830078125 0.0068359375
10 0.19384765625 0.5654296875 0.0166015625 0.0458984375
10 0.19384765625 0.6240234375 0.0166015625 0.0458984375
10 0.19384765625 0.69482421875 0.0166015625 0.04541015625
10 0.19384765625 0.75732421875 0.0166015625 0.0458984375
1 0.193359375 0.88134765625 0.017578125 0.02099609375
1 0.193359375 0.943359375 0.017578125 0.02099609375
0 0.17529296875 0.595703125 0.005859375 0.08349609375
22 0.33154296875 0.556640625 0.00830078125 0.00390625
22 0.33154296875 0.61474609375 0.00830078125 0.00390625
22 0.33154296875 0.68603515625 0.00830078125 0.00390625
22 0.33154296875 0.81640625 0.00830078125 0.00390625
22 0.6435546875 0.556640625 0.00830078125 0.00390625
22 0.6435546875 0.61474609375 0.00830078125 0.00390625
22 0.6435546875 0.68603515625 0.00830078125 0.00390625
22 0.6435546875 0.75439453125 0.00830078125 0.00390625
22 0.6435546875 0.81640625 0.00830078125 0.00390625
22 0.6435546875 0.94140625 0.00830078125 0.00390625
9 0.28857421875 0.89208984375 0.0068359375 0.017578125
12 0.314453125 0.904296875 0.0087890625 0.0068359375
21 0.31298828125 0.9443359375 0.00634765625 0.0185546875
19 0.38037109375 0.94384765625 0.00830078125 0.00390625
11 0.48388671875 0.87109375 0.00830078125 0.0068359375
13 0.23193359375 0.7734375 0.01123046875 0.00732421875
11 0.23046875 0.88330078125 0.00830078125 0.0068359375
11 0.23046875 0.93359375 0.00830078125 0.00732421875
11 0.2822265625 0.904296875 0.00830078125 0.0068359375