11 0.654296875 0.88916015625 0.0068359375 0.00634765625
11 0.654296875 0.9599609375 0.0068359375 0.00634765625
11 0.654296875 0.830078125 0.0068359375 0.00634765625
11 0.654296875 0.0537109375 0.0068359375 0.00634765625
11 0.654296875 0.11279296875 0.0068359375 0.00634765625
11 0.654296875 0.21435546875 0.0068359375 0.00634765625
11 0.654296875 0.27392578125 0.0068359375 0.00634765625
11 0.654296875 0.3408203125 0.0068359375 0.00634765625
11 0.654296875 0.408203125 0.0068359375 0.00634765625
11 0.654296875 0.505859375 0.0068359375 0.00634765625
11 0.654296875 0.6279296875 0.0068359375 0.00634765625
11 0.654296875 0.6875 0.0068359375 0.00634765625
11 0.654296875 0.7958984375 0.0068359375 0.00634765625
11 0.63623046875 0.62255859375 0.00732421875 0.00634765625
11 0.63623046875 0.68212890625 0.00732421875 0.00634765625
11 0.63623046875 0.79052734375 0.00732421875 0.00634765625
11 0.63623046875 0.82470703125 0.00732421875 0.00634765625
11 0.63623046875 0.8837890625 0.00732421875 0.00634765625
11 0.63623046875 0.95458984375 0.00732421875 0.00634765625
11 0.63623046875 0.50048828125 0.00732421875 0.00634765625
11 0.63623046875 0.04833984375 0.00732421875 0.00634765625
11 0.63623046875 0.10791015625 0.00732421875 0.00634765625
11 0.63623046875 0.208984375 0.00732421875 0.00634765625
11 0.63623046875 0.2685546875 0.00732421875 0.00634765625
11 0.63623046875 0.33544921875 0.00732421875 0.00634765625
11 0.63623046875 0.40283203125 0.00732421875 0.00634765625
11 0.69189453125 0.6201171875 0.00732421875 0.00634765625
11 0.69189453125 0.498046875 0.00732421875 0.00634765625
11 0.69189453125 0.400390625 0.00732421875 0.00634765625
11 0.69189453125 0.3330078125 0.00732421875 0.00634765625
11 0.69189453125 0.265625 0.00732421875 0.00634765625
8 0.6728515625 0.48876953125 0.00537109375 0.015625
11 0.69189453125 0.20654296875 0.00732421875 0.00634765625
11 0.69189453125 0.10498046875 0.00732421875 0.00634765625
11 0.69189453125 0.9521484375 0.00732421875 0.00634765625
11 0.69189453125 0.88134765625 0.00732421875 0.00634765625
11 0.69189453125 0.822265625 0.00732421875 0.00634765625
11 0.69189453125 0.7880859375 0.00732421875 0.00634765625
11 0.69189453125 0.67919921875 0.00732421875 0.00634765625
8 0.6728515625 0.76123046875 0.00537109375 0.015625
11 0.69189453125 0.0458984375 0.00732421875 0.00634765625
8 0.6728515625 0.6015625 0.00537109375 0.01611328125
11 0.54296875 0.0458984375 0.00732421875 0.00634765625
11 0.67333984375 0.94677734375 0.00732421875 0.00634765625
11 0.67333984375 0.5830078125 0.00732421875 0.00634765625
11 0.67333984375 0.61474609375 0.00732421875 0.00634765625
11 0.67333984375 0.67431640625 0.00732421875 0.00634765625
11 0.67333984375 0.74267578125 0.00732421875 0.00634765625
11 0.67333984375 0.73486328125 0.00732421875 0.00634765625
11 0.67333984375 0.78271484375 0.00732421875 0.00634765625
11 0.67333984375 0.81689453125 0.00732421875 0.00634765625
11 0.67333984375 0.8759765625 0.00732421875 0.00634765625
11 0.67333984375 0.5908203125 0.00732421875 0.00634765625
11 0.67333984375 0.18408203125 0.00732421875 0.00634765625
11 0.67333984375 0.04052734375 0.00732421875 0.00634765625
11 0.67333984375 0.099609375 0.00732421875 0.00634765625
11 0.67333984375 0.19189453125 0.00732421875 0.00634765625
11 0.67333984375 0.201171875 0.00732421875 0.00634765625
11 0.67333984375 0.2607421875 0.00732421875 0.00634765625
11 0.67333984375 0.32763671875 0.00732421875 0.00634765625
11 0.67333984375 0.39501953125 0.00732421875 0.00634765625
11 0.66748046875 0.47900390625 0.00732421875 0.00634765625
11 0.67333984375 0.47900390625 0.00732421875 0.00634765625
11 0.67333984375 0.49267578125 0.00732421875 0.00634765625
11 0.5615234375 0.82470703125 0.00732421875 0.00634765625
11 0.5615234375 0.8837890625 0.00732421875 0.00634765625
11 0.5615234375 0.95458984375 0.00732421875 0.00634765625
11 0.580078125 0.6875 0.00732421875 0.00634765625
11 0.580078125 0.0537109375 0.00732421875 0.00634765625
11 0.580078125 0.11279296875 0.00732421875 0.00634765625
11 0.580078125 0.21435546875 0.00732421875 0.00634765625
11 0.580078125 0.27392578125 0.00732421875 0.00634765625
11 0.580078125 0.3408203125 0.00732421875 0.00634765625
11 0.580078125 0.408203125 0.00732421875 0.00634765625
11 0.580078125 0.505859375 0.00732421875 0.00634765625
11 0.580078125 0.6279296875 0.00732421875 0.00634765625
11 0.580078125 0.7958984375 0.00732421875 0.00634765625
11 0.580078125 0.830078125 0.00732421875 0.00634765625
11 0.580078125 0.88916015625 0.00732421875 0.00634765625
11 0.580078125 0.9599609375 0.00732421875 0.00634765625
11 0.5615234375 0.79052734375 0.00732421875 0.00634765625
11 0.54296875 0.822265625 0.00732421875 0.00634765625
11 0.54296875 0.10498046875 0.00732421875 0.00634765625
11 0.54296875 0.20654296875 0.00732421875 0.00634765625
11 0.54296875 0.265625 0.00732421875 0.00634765625
11 0.54296875 0.3330078125 0.00732421875 0.00634765625
11 0.54296875 0.400390625 0.00732421875 0.00634765625
11 0.54296875 0.498046875 0.00732421875 0.00634765625
11 0.54296875 0.6201171875 0.00732421875 0.00634765625
11 0.54296875 0.67919921875 0.00732421875 0.00634765625
11 0.54296875 0.7880859375 0.00732421875 0.00634765625
11 0.54296875 0.88134765625 0.00732421875 0.00634765625
11 0.54296875 0.9521484375 0.00732421875 0.00634765625
11 0.5615234375 0.04833984375 0.00732421875 0.00634765625
11 0.5615234375 0.10791015625 0.00732421875 0.00634765625
11 0.5615234375 0.208984375 0.00732421875 0.00634765625
11 0.5615234375 0.2685546875 0.00732421875 0.00634765625
11 0.5615234375 0.33544921875 0.00732421875 0.00634765625
11 0.5615234375 0.40283203125 0.00732421875 0.00634765625
11 0.5615234375 0.50048828125 0.00732421875 0.00634765625
11 0.5615234375 0.62255859375 0.00732421875 0.00634765625
11 0.5615234375 0.68212890625 0.00732421875 0.00634765625
8 0.5986328125 0.48876953125 0.00537109375 0.015625
9 0.6044921875 0.5908203125 0.005859375 0.015625
11 0.6171875 0.265625 0.00732421875 0.00634765625
11 0.6171875 0.0458984375 0.00732421875 0.00634765625
11 0.6171875 0.10498046875 0.00732421875 0.00634765625
11 0.6171875 0.20654296875 0.00732421875 0.00634765625
11 0.6171875 0.3330078125 0.00732421875 0.00634765625
11 0.6171875 0.400390625 0.00732421875 0.00634765625
11 0.6171875 0.498046875 0.00732421875 0.00634765625
11 0.6171875 0.6201171875 0.00732421875 0.00634765625
11 0.6171875 0.67919921875 0.00732421875 0.00634765625
11 0.6171875 0.7880859375 0.00732421875 0.00634765625
11 0.6171875 0.822265625 0.00732421875 0.00634765625
11 0.6171875 0.88134765625 0.00732421875 0.00634765625
11 0.6171875 0.9521484375 0.00732421875 0.00634765625
8 0.5986328125 0.763671875 0.00537109375 0.015625
11 0.5986328125 0.47900390625 0.00732421875 0.00634765625
11 0.5986328125 0.49267578125 0.00732421875 0.00634765625
11 0.5986328125 0.6015625 0.00732421875 0.00634765625
11 0.5986328125 0.61474609375 0.00732421875 0.00634765625
11 0.5986328125 0.67431640625 0.00732421875 0.00634765625
11 0.5986328125 0.75341796875 0.00732421875 0.00634765625
11 0.5986328125 0.78271484375 0.00732421875 0.00634765625
11 0.5986328125 0.81689453125 0.00732421875 0.00634765625
11 0.5986328125 0.8759765625 0.00732421875 0.00634765625
11 0.5986328125 0.94677734375 0.00732421875 0.00634765625
11 0.5986328125 0.39501953125 0.00732421875 0.00634765625
11 0.5986328125 0.04052734375 0.00732421875 0.00634765625
11 0.5986328125 0.099609375 0.00732421875 0.00634765625
11 0.5986328125 0.20263671875 0.00732421875 0.00634765625
11 0.5986328125 0.201171875 0.00732421875 0.00634765625
11 0.5986328125 0.2607421875 0.00732421875 0.00634765625
11 0.5986328125 0.32763671875 0.00732421875 0.00634765625
11 0.80322265625 0.408203125 0.00732421875 0.00634765625
11 0.80322265625 0.0537109375 0.00732421875 0.00634765625
11 0.80322265625 0.11279296875 0.00732421875 0.00634765625
11 0.80322265625 0.21435546875 0.00732421875 0.00634765625
11 0.80322265625 0.27392578125 0.00732421875 0.00634765625
11 0.80322265625 0.3408203125 0.00732421875 0.00634765625
11 0.80322265625 0.505859375 0.00732421875 0.00634765625
11 0.80322265625 0.6279296875 0.00732421875 0.00634765625
11 0.80322265625 0.6875 0.00732421875 0.00634765625
11 0.80322265625 0.7958984375 0.00732421875 0.00634765625
11 0.80322265625 0.830078125 0.00732421875 0.00634765625
11 0.80322265625 0.88916015625 0.00732421875 0.00634765625
11 0.80322265625 0.9599609375 0.00732421875 0.00634765625
11 0.78515625 0.04833984375 0.00732421875 0.00634765625
11 0.78515625 0.10791015625 0.00732421875 0.00634765625
11 0.78515625 0.208984375 0.00732421875 0.00634765625
11 0.78515625 0.2685546875 0.00732421875 0.00634765625
11 0.78515625 0.33544921875 0.00732421875 0.00634765625
11 0.78515625 0.40283203125 0.00732421875 0.00634765625
11 0.78515625 0.50048828125 0.00732421875 0.00634765625
11 0.78515625 0.62255859375 0.00732421875 0.00634765625
11 0.78515625 0.68212890625 0.00732421875 0.00634765625
11 0.78515625 0.79052734375 0.00732421875 0.00634765625
11 0.78515625 0.82470703125 0.00732421875 0.00634765625
11 0.78515625 0.8837890625 0.00732421875 0.00634765625
11 0.78515625 0.95458984375 0.00732421875 0.00634765625
11 0.72900390625 0.0537109375 0.00732421875 0.00634765625
11 0.72900390625 0.11279296875 0.00732421875 0.00634765625
11 0.72900390625 0.9599609375 0.00732421875 0.00634765625
11 0.72900390625 0.21435546875 0.00732421875 0.00634765625
11 0.72900390625 0.27392578125 0.00732421875 0.00634765625
11 0.72900390625 0.3408203125 0.00732421875 0.00634765625
11 0.72900390625 0.408203125 0.00732421875 0.00634765625
11 0.72900390625 0.505859375 0.00732421875 0.00634765625
11 0.72900390625 0.6279296875 0.00732421875 0.00634765625
11 0.72900390625 0.6875 0.00732421875 0.00634765625
11 0.72900390625 0.7958984375 0.00732421875 0.00634765625
11 0.72900390625 0.830078125 0.00732421875 0.00634765625
11 0.72900390625 0.88916015625 0.00732421875 0.00634765625
11 0.71044921875 0.208984375 0.00732421875 0.00634765625
11 0.71044921875 0.04833984375 0.00732421875 0.00634765625
11 0.71044921875 0.10791015625 0.00732421875 0.00634765625
11 0.71044921875 0.2685546875 0.00732421875 0.00634765625
11 0.71044921875 0.33544921875 0.00732421875 0.00634765625
11 0.71044921875 0.40283203125 0.00732421875 0.00634765625
11 0.71044921875 0.50048828125 0.00732421875 0.00634765625
11 0.71044921875 0.62255859375 0.00732421875 0.00634765625
11 0.71044921875 0.68212890625 0.00732421875 0.00634765625
11 0.71044921875 0.79052734375 0.00732421875 0.00634765625
11 0.71044921875 0.82470703125 0.00732421875 0.00634765625
11 0.71044921875 0.8837890625 0.00732421875 0.00634765625
11 0.71044921875 0.95458984375 0.00732421875 0.00634765625
8 0.74755859375 0.763671875 0.005859375 0.015625
9 0.75341796875 0.5908203125 0.005859375 0.015625
11 0.76611328125 0.6201171875 0.00732421875 0.00634765625
11 0.76611328125 0.0458984375 0.00732421875 0.00634765625
11 0.76611328125 0.10498046875 0.00732421875 0.00634765625
11 0.76611328125 0.20654296875 0.00732421875 0.00634765625
11 0.76611328125 0.265625 0.00732421875 0.00634765625
11 0.76611328125 0.3330078125 0.00732421875 0.00634765625
11 0.76611328125 0.400390625 0.00732421875 0.00634765625
11 0.76611328125 0.498046875 0.00732421875 0.00634765625
8 0.74755859375 0.48876953125 0.005859375 0.015625
11 0.76611328125 0.67919921875 0.00732421875 0.00634765625
11 0.76611328125 0.7880859375 0.00732421875 0.00634765625
11 0.76611328125 0.822265625 0.00732421875 0.00634765625
11 0.76611328125 0.88134765625 0.00732421875 0.00634765625
11 0.76611328125 0.9521484375 0.00732421875 0.00634765625
11 0.748046875 0.04052734375 0.00732421875 0.00634765625
11 0.748046875 0.099609375 0.00732421875 0.00634765625
11 0.748046875 0.20263671875 0.00732421875 0.00634765625
11 0.748046875 0.201171875 0.00732421875 0.00634765625
11 0.748046875 0.2607421875 0.00732421875 0.00634765625
11 0.748046875 0.32763671875 0.00732421875 0.00634765625
11 0.748046875 0.39501953125 0.00732421875 0.00634765625
11 0.748046875 0.47900390625 0.00732421875 0.00634765625
11 0.748046875 0.49267578125 0.00732421875 0.00634765625
11 0.748046875 0.6015625 0.00732421875 0.00634765625
11 0.748046875 0.61474609375 0.00732421875 0.00634765625
11 0.748046875 0.67431640625 0.00732421875 0.00634765625
11 0.748046875 0.75341796875 0.00732421875 0.00634765625
11 0.748046875 0.78271484375 0.00732421875 0.00634765625
11 0.748046875 0.81689453125 0.00732421875 0.00634765625
11 0.748046875 0.8759765625 0.00732421875 0.00634765625
11 0.748046875 0.94677734375 0.00732421875 0.00634765625
4 0.3076171875 0.34619140625 0.0068359375 0.015625
4 0.3076171875 0.2197265625 0.0068359375 0.015625
4 0.3076171875 0.27880859375 0.0068359375 0.01611328125
4 0.3076171875 0.41357421875 0.0068359375 0.01611328125
8 0.30712890625 0.48876953125 0.005859375 0.015625
11 0.30712890625 0.62255859375 0.00732421875 0.00634765625
11 0.30712890625 0.68212890625 0.00732421875 0.00634765625
11 0.30712890625 0.75341796875 0.00732421875 0.00634765625
11 0.30712890625 0.79052734375 0.00732421875 0.00634765625
11 0.30712890625 0.82470703125 0.00732421875 0.00634765625
11 0.30712890625 0.8837890625 0.00732421875 0.00634765625
11 0.30712890625 0.95458984375 0.00732421875 0.00634765625
4 0.3076171875 0.1181640625 0.0068359375 0.015625
4 0.3076171875 0.83544921875 0.0068359375 0.01611328125
8 0.30712890625 0.763671875 0.005859375 0.015625
4 0.3076171875 0.80078125 0.0068359375 0.015625
4 0.3076171875 0.96533203125 0.0068359375 0.01611328125
4 0.3076171875 0.51123046875 0.0068359375 0.01611328125
9 0.31298828125 0.5908203125 0.005859375 0.015625
11 0.30712890625 0.6015625 0.00732421875 0.00634765625
4 0.3076171875 0.63330078125 0.0068359375 0.015625
4 0.3076171875 0.6923828125 0.0068359375 0.01611328125
4 0.27685546875 0.5087890625 0.00634765625 0.01611328125
4 0.27685546875 0.41064453125 0.00634765625 0.01611328125
4 0.27685546875 0.63037109375 0.00634765625 0.01611328125
4 0.27685546875 0.216796875 0.00634765625 0.01611328125
4 0.27685546875 0.2763671875 0.00634765625 0.01611328125
4 0.27685546875 0.34326171875 0.00634765625 0.01611328125
4 0.27685546875 0.962890625 0.00634765625 0.01611328125
11 0.30712890625 0.04833984375 0.00732421875 0.00634765625
11 0.30712890625 0.10791015625 0.00732421875 0.00634765625
11 0.30712890625 0.20263671875 0.00732421875 0.00634765625
11 0.30712890625 0.208984375 0.00732421875 0.00634765625
11 0.30712890625 0.2685546875 0.00732421875 0.00634765625
11 0.30712890625 0.33544921875 0.00732421875 0.00634765625
11 0.30712890625 0.40283203125 0.00732421875 0.00634765625
11 0.30712890625 0.47900390625 0.00732421875 0.00634765625
11 0.30712890625 0.50048828125 0.00732421875 0.00634765625
4 0.27685546875 0.68994140625 0.00634765625 0.01611328125
4 0.27685546875 0.79833984375 0.00634765625 0.01611328125
4 0.27685546875 0.8330078125 0.00634765625 0.01611328125
11 0.359375 0.67431640625 0.0068359375 0.00634765625
11 0.359375 0.78271484375 0.0068359375 0.00634765625
11 0.359375 0.81689453125 0.0068359375 0.00634765625
11 0.359375 0.8759765625 0.0068359375 0.00634765625
11 0.359375 0.94677734375 0.0068359375 0.00634765625
11 0.359375 0.61474609375 0.0068359375 0.00634765625
4 0.359375 0.11279296875 0.0068359375 0.01611328125
4 0.359375 0.21435546875 0.0068359375 0.01611328125
4 0.33642578125 0.970703125 0.0068359375 0.015625
4 0.359375 0.2734375 0.0068359375 0.015625
11 0.359375 0.04052734375 0.0068359375 0.00634765625
11 0.359375 0.099609375 0.0068359375 0.00634765625
11 0.359375 0.201171875 0.0068359375 0.00634765625
11 0.359375 0.2607421875 0.0068359375 0.00634765625
11 0.359375 0.32763671875 0.0068359375 0.00634765625
11 0.359375 0.39501953125 0.0068359375 0.00634765625
11 0.359375 0.49267578125 0.0068359375 0.00634765625
4 0.359375 0.68701171875 0.0068359375 0.015625
4 0.359375 0.7958984375 0.0068359375 0.01611328125
4 0.359375 0.830078125 0.0068359375 0.01611328125
4 0.359375 0.3408203125 0.0068359375 0.01611328125
4 0.359375 0.408203125 0.0068359375 0.01611328125
4 0.359375 0.505859375 0.0068359375 0.015625
4 0.359375 0.6279296875 0.0068359375 0.01611328125
4 0.33642578125 0.12353515625 0.0068359375 0.01611328125
4 0.33642578125 0.22509765625 0.0068359375 0.01611328125
4 0.33642578125 0.2841796875 0.0068359375 0.01611328125
11 0.33642578125 0.7958984375 0.00732421875 0.00634765625
11 0.33642578125 0.0537109375 0.00732421875 0.00634765625
11 0.33642578125 0.11279296875 0.00732421875 0.00634765625
11 0.33642578125 0.21435546875 0.00732421875 0.00634765625
11 0.33642578125 0.27392578125 0.00732421875 0.00634765625
11 0.33642578125 0.3408203125 0.00732421875 0.00634765625
11 0.33642578125 0.408203125 0.00732421875 0.00634765625
11 0.33642578125 0.505859375 0.00732421875 0.00634765625
11 0.33642578125 0.6279296875 0.00732421875 0.00634765625
11 0.33642578125 0.6875 0.00732421875 0.00634765625
4 0.33642578125 0.35107421875 0.0068359375 0.01611328125
11 0.33642578125 0.830078125 0.00732421875 0.00634765625
11 0.33642578125 0.88916015625 0.00732421875 0.00634765625
11 0.33642578125 0.9599609375 0.00732421875 0.00634765625
4 0.33642578125 0.69775390625 0.0068359375 0.01611328125
4 0.33642578125 0.80615234375 0.0068359375 0.01611328125
4 0.33642578125 0.8408203125 0.0068359375 0.01611328125
4 0.33642578125 0.41845703125 0.0068359375 0.01611328125
4 0.33642578125 0.5166015625 0.0068359375 0.01611328125
4 0.33642578125 0.638671875 0.0068359375 0.01611328125
1 0.19140625 0.1796875 0.015625 0.0185546875
10 0.1923828125 0.22119140625 0.0146484375 0.04052734375
1 0.19140625 0.24560546875 0.015625 0.0185546875
10 0.1923828125 0.2802734375 0.0146484375 0.04052734375
10 0.1923828125 0.31298828125 0.0146484375 0.04052734375
22 0.5224609375 0.72412109375 0.00732421875 0.00341796875
22 0.5224609375 0.85888671875 0.00732421875 0.00341796875
22 0.5224609375 0.92626953125 0.00732421875 0.00341796875
10 0.1923828125 0.060546875 0.0146484375 0.04052734375
1 0.19140625 0.0849609375 0.015625 0.0185546875
10 0.1923828125 0.34765625 0.0146484375 0.04052734375
10 0.1923828125 0.11962890625 0.0146484375 0.04052734375
1 0.19140625 0.1494140625 0.015625 0.0185546875
1 0.19140625 0.59716796875 0.015625 0.0185546875
1 0.19140625 0.537109375 0.015625 0.0185546875
1 0.19140625 0.5673828125 0.015625 0.0185546875
10 0.1923828125 0.634765625 0.0146484375 0.04052734375
1 0.19140625 0.6591796875 0.015625 0.0185546875
10 0.1923828125 0.38037109375 0.0146484375 0.04052734375
10 0.1923828125 0.41455078125 0.0146484375 0.04052734375
22 0.5224609375 0.6572265625 0.00732421875 0.00341796875
10 0.1923828125 0.447265625 0.0146484375 0.04052734375
10 0.1923828125 0.5126953125 0.0146484375 0.04052734375
0 0.17626953125 0.43212890625 0.00439453125 0.0546875
0 0.17626953125 0.365234375 0.00439453125 0.0546875
0 0.17626953125 0.2978515625 0.00439453125 0.0546875
0 0.17626953125 0.5263671875 0.00439453125 0.04736328125
0 0.17626953125 0.07421875 0.00439453125 0.046875
0 0.17626953125 0.23486328125 0.00439453125 0.04736328125
0 0.17626953125 0.8505859375 0.00439453125 0.04736328125
22 0.5224609375 0.08251953125 0.00732421875 0.00341796875
22 0.5224609375 0.1474609375 0.00732421875 0.00341796875
22 0.5224609375 0.2431640625 0.00732421875 0.00341796875
22 0.5224609375 0.310546875 0.00732421875 0.00341796875
22 0.5224609375 0.3779296875 0.00732421875 0.00341796875
22 0.5224609375 0.44482421875 0.00732421875 0.00341796875
22 0.5224609375 0.53515625 0.00732421875 0.00341796875
22 0.5224609375 0.5595703125 0.00732421875 0.00341796875
0 0.17626953125 0.6484375 0.00439453125 0.04736328125
0 0.17626953125 0.71142578125 0.00439453125 0.0546875
0 0.17626953125 0.7861328125 0.0048828125 0.056640625
4 0.24169921875 0.6279296875 0.00634765625 0.01611328125
4 0.24169921875 0.505859375 0.00634765625 0.015625
8 0.2412109375 0.61083984375 0.00537109375 0.01611328125
4 0.24169921875 0.68701171875 0.00634765625 0.015625
8 0.2412109375 0.763671875 0.00537109375 0.015625
4 0.24169921875 0.2734375 0.00634765625 0.015625
4 0.24169921875 0.3408203125 0.00634765625 0.01611328125
4 0.24169921875 0.408203125 0.00634765625 0.01611328125
8 0.2412109375 0.48876953125 0.00537109375 0.015625
11 0.2763671875 0.9521484375 0.00732421875 0.00634765625
11 0.2763671875 0.10498046875 0.00732421875 0.00634765625
11 0.2763671875 0.20654296875 0.00732421875 0.00634765625
11 0.2763671875 0.265625 0.00732421875 0.00634765625
11 0.2763671875 0.3330078125 0.00732421875 0.00634765625
11 0.2763671875 0.400390625 0.00732421875 0.00634765625
11 0.2763671875 0.498046875 0.00732421875 0.00634765625
11 0.2763671875 0.6201171875 0.00732421875 0.00634765625
11 0.2763671875 0.67919921875 0.00732421875 0.00634765625
11 0.2763671875 0.7880859375 0.00732421875 0.00634765625
11 0.2763671875 0.822265625 0.00732421875 0.00634765625
11 0.2763671875 0.88134765625 0.00732421875 0.00634765625
11 0.2763671875 0.0458984375 0.00732421875 0.00634765625
4 0.27685546875 0.11572265625 0.00634765625 0.01611328125
4 0.24169921875 0.7958984375 0.00634765625 0.01611328125
4 0.24169921875 0.830078125 0.00634765625 0.01611328125
4 0.24169921875 0.21435546875 0.00634765625 0.01611328125
4 0.24169921875 0.9599609375 0.00634765625 0.01611328125
1 0.19140625 0.861328125 0.015625 0.0185546875
10 0.1923828125 0.89599609375 0.0146484375 0.04052734375
10 0.1923828125 0.8369140625 0.0146484375 0.04052734375
10 0.1923828125 0.9287109375 0.0146484375 0.04052734375
10 0.1923828125 0.966796875 0.0146484375 0.04052734375
10 0.1923828125 0.69384765625 0.0146484375 0.04052734375
10 0.1923828125 0.7265625 0.0146484375 0.04052734375
1 0.19140625 0.767578125 0.015625 0.0185546875
10 0.1923828125 0.80224609375 0.0146484375 0.04052734375
11 0.2412109375 0.73486328125 0.00732421875 0.00634765625
11 0.2412109375 0.78271484375 0.00732421875 0.00634765625
11 0.2412109375 0.81689453125 0.00732421875 0.00634765625
11 0.2412109375 0.8759765625 0.00732421875 0.00634765625
11 0.2412109375 0.94677734375 0.00732421875 0.00634765625
11 0.2412109375 0.74267578125 0.00732421875 0.00634765625
4 0.24169921875 0.11279296875 0.00634765625 0.01611328125
11 0.2412109375 0.39501953125 0.00732421875 0.00634765625
11 0.2412109375 0.04052734375 0.00732421875 0.00634765625
11 0.2412109375 0.099609375 0.00732421875 0.00634765625
11 0.2412109375 0.20263671875 0.00732421875 0.00634765625
11 0.2412109375 0.19189453125 0.00732421875 0.00634765625
11 0.2412109375 0.18408203125 0.00732421875 0.00634765625
11 0.2412109375 0.201171875 0.00732421875 0.00634765625
11 0.2412109375 0.2607421875 0.00732421875 0.00634765625
11 0.2412109375 0.32763671875 0.00732421875 0.00634765625
11 0.2412109375 0.47900390625 0.00732421875 0.00634765625
11 0.23583984375 0.47900390625 0.00732421875 0.00634765625
11 0.2412109375 0.47900390625 0.00732421875 0.00634765625
11 0.2412109375 0.49267578125 0.00732421875 0.00634765625
11 0.2412109375 0.6015625 0.00732421875 0.00634765625
11 0.2412109375 0.5908203125 0.00732421875 0.00634765625
11 0.2412109375 0.5830078125 0.00732421875 0.00634765625
11 0.2412109375 0.61474609375 0.00732421875 0.00634765625
11 0.2412109375 0.67431640625 0.00732421875 0.00634765625
11 0.2412109375 0.75341796875 0.00732421875 0.00634765625
11 0.4873046875 0.208984375 0.00732421875 0.00634765625
11 0.4873046875 0.04833984375 0.00732421875 0.00634765625
11 0.4873046875 0.10791015625 0.00732421875 0.00634765625
11 0.4873046875 0.2685546875 0.00732421875 0.00634765625
11 0.4873046875 0.33544921875 0.00732421875 0.00634765625
11 0.4873046875 0.40283203125 0.00732421875 0.00634765625
11 0.4873046875 0.50048828125 0.00732421875 0.00634765625
11 0.4873046875 0.62255859375 0.00732421875 0.00634765625
11 0.4873046875 0.68212890625 0.00732421875 0.00634765625
11 0.4873046875 0.79052734375 0.00732421875 0.00634765625
11 0.4873046875 0.82470703125 0.00732421875 0.00634765625
11 0.4873046875 0.8837890625 0.00732421875 0.00634765625
11 0.4873046875 0.95458984375 0.00732421875 0.00634765625
11 0.50537109375 0.0537109375 0.00732421875 0.00634765625
11 0.50537109375 0.11279296875 0.00732421875 0.00634765625
11 0.50537109375 0.21435546875 0.00732421875 0.00634765625
11 0.46826171875 0.9521484375 0.00732421875 0.00634765625
11 0.46826171875 0.10498046875 0.00732421875 0.00634765625
11 0.46826171875 0.20654296875 0.00732421875 0.00634765625
11 0.46826171875 0.265625 0.00732421875 0.00634765625
11 0.46826171875 0.3330078125 0.00732421875 0.00634765625
11 0.46826171875 0.400390625 0.00732421875 0.00634765625
11 0.46826171875 0.498046875 0.00732421875 0.00634765625
11 0.46826171875 0.6201171875 0.00732421875 0.00634765625
11 0.46826171875 0.67919921875 0.00732421875 0.00634765625
11 0.46826171875 0.7880859375 0.00732421875 0.00634765625
11 0.46826171875 0.822265625 0.00732421875 0.00634765625
11 0.46826171875 0.88134765625 0.00732421875 0.00634765625
11 0.46826171875 0.0458984375 0.00732421875 0.00634765625
11 0.50537109375 0.27392578125 0.00732421875 0.00634765625
8 0.52392578125 0.48876953125 0.00537109375 0.015625
11 0.5244140625 0.73486328125 0.00732421875 0.00634765625
11 0.5244140625 0.78271484375 0.00732421875 0.00634765625
11 0.5244140625 0.81689453125 0.00732421875 0.00634765625
11 0.5244140625 0.8759765625 0.00732421875 0.00634765625
11 0.5244140625 0.94677734375 0.00732421875 0.00634765625
8 0.52392578125 0.76123046875 0.00537109375 0.015625
8 0.52392578125 0.6015625 0.00537109375 0.01611328125
11 0.5244140625 0.74267578125 0.00732421875 0.00634765625
11 0.50537109375 0.3408203125 0.00732421875 0.00634765625
11 0.50537109375 0.408203125 0.00732421875 0.00634765625
11 0.50537109375 0.505859375 0.00732421875 0.00634765625
11 0.50537109375 0.6279296875 0.00732421875 0.00634765625
11 0.50537109375 0.6875 0.00732421875 0.00634765625
11 0.50537109375 0.7958984375 0.00732421875 0.00634765625
11 0.50537109375 0.830078125 0.00732421875 0.00634765625
11 0.50537109375 0.88916015625 0.00732421875 0.00634765625
11 0.50537109375 0.9599609375 0.00732421875 0.00634765625
11 0.5244140625 0.201171875 0.00732421875 0.00634765625
11 0.5244140625 0.04052734375 0.00732421875 0.00634765625
11 0.5244140625 0.099609375 0.00732421875 0.00634765625
11 0.5244140625 0.19189453125 0.00732421875 0.00634765625
11 0.5244140625 0.18408203125 0.00732421875 0.00634765625
11 0.5244140625 0.2607421875 0.00732421875 0.00634765625
11 0.5244140625 0.32763671875 0.00732421875 0.00634765625
11 0.5244140625 0.39501953125 0.00732421875 0.00634765625
11 0.5185546875 0.47900390625 0.00732421875 0.00634765625
11 0.5244140625 0.47900390625 0.00732421875 0.00634765625
11 0.5244140625 0.49267578125 0.00732421875 0.00634765625
11 0.5244140625 0.5908203125 0.00732421875 0.00634765625
11 0.5244140625 0.5830078125 0.00732421875 0.00634765625
11 0.5244140625 0.61474609375 0.00732421875 0.00634765625
11 0.5244140625 0.67431640625 0.00732421875 0.00634765625
11 0.404296875 0.40283203125 0.00732421875 0.00634765625
11 0.404296875 0.50048828125 0.00732421875 0.00634765625
11 0.404296875 0.62255859375 0.00732421875 0.00634765625
11 0.404296875 0.68212890625 0.00732421875 0.00634765625
11 0.404296875 0.79052734375 0.00732421875 0.00634765625
11 0.404296875 0.82470703125 0.00732421875 0.00634765625
11 0.404296875 0.8837890625 0.00732421875 0.00634765625
11 0.404296875 0.95458984375 0.00732421875 0.00634765625
11 0.404296875 0.33544921875 0.00732421875 0.00634765625
4 0.40478515625 0.1181640625 0.0068359375 0.015625
4 0.40478515625 0.2197265625 0.0068359375 0.015625
4 0.3818359375 0.79833984375 0.0068359375 0.01611328125
4 0.3818359375 0.8330078125 0.0068359375 0.01611328125
4 0.3818359375 0.962890625 0.0068359375 0.01611328125
11 0.404296875 0.04833984375 0.00732421875 0.00634765625
11 0.404296875 0.10791015625 0.00732421875 0.00634765625
11 0.404296875 0.208984375 0.00732421875 0.00634765625
11 0.404296875 0.2685546875 0.00732421875 0.00634765625
4 0.40478515625 0.63330078125 0.0068359375 0.015625
4 0.40478515625 0.6923828125 0.0068359375 0.01611328125
4 0.40478515625 0.80078125 0.0068359375 0.015625
4 0.40478515625 0.83544921875 0.0068359375 0.01611328125
4 0.40478515625 0.27880859375 0.0068359375 0.01611328125
4 0.40478515625 0.34619140625 0.0068359375 0.015625
4 0.40478515625 0.41357421875 0.0068359375 0.01611328125
4 0.40478515625 0.51123046875 0.0068359375 0.01611328125
11 0.3818359375 0.9521484375 0.00732421875 0.00634765625
4 0.3818359375 0.11572265625 0.0068359375 0.01611328125
11 0.3818359375 0.88134765625 0.00732421875 0.00634765625
4 0.3818359375 0.216796875 0.0068359375 0.01611328125
11 0.3759765625 0.47900390625 0.00732421875 0.00634765625
4 0.359375 0.9599609375 0.0068359375 0.01611328125
11 0.3818359375 0.0458984375 0.00732421875 0.00634765625
11 0.3818359375 0.10498046875 0.00732421875 0.00634765625
11 0.3818359375 0.19189453125 0.00732421875 0.00634765625
11 0.3818359375 0.18408203125 0.00732421875 0.00634765625
11 0.3818359375 0.20654296875 0.00732421875 0.00634765625
11 0.3818359375 0.265625 0.00732421875 0.00634765625
11 0.3818359375 0.3330078125 0.00732421875 0.00634765625
11 0.3818359375 0.400390625 0.00732421875 0.00634765625
11 0.3818359375 0.47900390625 0.00732421875 0.00634765625
11 0.3818359375 0.498046875 0.00732421875 0.00634765625
11 0.3818359375 0.5908203125 0.00732421875 0.00634765625
11 0.3818359375 0.5830078125 0.00732421875 0.00634765625
11 0.3818359375 0.6201171875 0.00732421875 0.00634765625
11 0.3818359375 0.67919921875 0.00732421875 0.00634765625
11 0.3818359375 0.74267578125 0.00732421875 0.00634765625
11 0.3818359375 0.73486328125 0.00732421875 0.00634765625
11 0.3818359375 0.7880859375 0.00732421875 0.00634765625
11 0.3818359375 0.822265625 0.00732421875 0.00634765625
8 0.38134765625 0.6015625 0.005859375 0.01611328125
4 0.3818359375 0.63037109375 0.0068359375 0.01611328125
4 0.3818359375 0.68994140625 0.0068359375 0.01611328125
8 0.38134765625 0.76123046875 0.005859375 0.015625
4 0.3818359375 0.41064453125 0.0068359375 0.01611328125
4 0.3818359375 0.2763671875 0.0068359375 0.01611328125
4 0.3818359375 0.34326171875 0.0068359375 0.01611328125
8 0.44970703125 0.763671875 0.00537109375 0.015625
8 0.38134765625 0.48876953125 0.005859375 0.015625
4 0.3818359375 0.5087890625 0.0068359375 0.01611328125
11 0.44970703125 0.78271484375 0.00732421875 0.00634765625
11 0.44970703125 0.81689453125 0.00732421875 0.00634765625
11 0.44970703125 0.8759765625 0.00732421875 0.00634765625
11 0.44970703125 0.94677734375 0.00732421875 0.00634765625
11 0.44970703125 0.75341796875 0.00732421875 0.00634765625
11 0.44970703125 0.099609375 0.00732421875 0.00634765625
4 0.42724609375 0.970703125 0.0068359375 0.015625
11 0.44970703125 0.04052734375 0.00732421875 0.00634765625
11 0.44970703125 0.20263671875 0.00732421875 0.00634765625
11 0.44970703125 0.201171875 0.00732421875 0.00634765625
11 0.44970703125 0.2607421875 0.00732421875 0.00634765625
11 0.44970703125 0.32763671875 0.00732421875 0.00634765625
11 0.44970703125 0.39501953125 0.00732421875 0.00634765625
11 0.44970703125 0.47900390625 0.00732421875 0.00634765625
11 0.44970703125 0.49267578125 0.00732421875 0.00634765625
11 0.44970703125 0.6015625 0.00732421875 0.00634765625
11 0.44970703125 0.61474609375 0.00732421875 0.00634765625
11 0.44970703125 0.67431640625 0.00732421875 0.00634765625
9 0.45556640625 0.5908203125 0.005859375 0.015625
8 0.44970703125 0.48876953125 0.00537109375 0.015625
4 0.42724609375 0.12353515625 0.0068359375 0.01611328125
4 0.42724609375 0.22509765625 0.0068359375 0.01611328125
4 0.42724609375 0.2841796875 0.0068359375 0.01611328125
4 0.42724609375 0.35107421875 0.0068359375 0.01611328125
11 0.42724609375 0.408203125 0.0068359375 0.00634765625
4 0.40478515625 0.96533203125 0.0068359375 0.01611328125
11 0.42724609375 0.0537109375 0.0068359375 0.00634765625
11 0.42724609375 0.11279296875 0.0068359375 0.00634765625
11 0.42724609375 0.21435546875 0.0068359375 0.00634765625
11 0.42724609375 0.27392578125 0.0068359375 0.00634765625
11 0.42724609375 0.3408203125 0.0068359375 0.00634765625
11 0.42724609375 0.505859375 0.0068359375 0.00634765625
11 0.42724609375 0.6279296875 0.0068359375 0.00634765625
11 0.42724609375 0.6875 0.0068359375 0.00634765625
11 0.42724609375 0.7958984375 0.0068359375 0.00634765625
11 0.42724609375 0.830078125 0.0068359375 0.00634765625
11 0.42724609375 0.88916015625 0.0068359375 0.00634765625
11 0.42724609375 0.9599609375 0.0068359375 0.00634765625
4 0.42724609375 0.69775390625 0.0068359375 0.01611328125
4 0.42724609375 0.8408203125 0.0068359375 0.01611328125
4 0.42724609375 0.638671875 0.0068359375 0.01611328125
4 0.42724609375 0.80615234375 0.0068359375 0.01611328125
4 0.42724609375 0.41845703125 0.0068359375 0.01611328125
4 0.42724609375 0.5166015625 0.0068359375 0.01611328125