11 0.65283203125 0.1123046875 0.00830078125 0.0068359375
11 0.65283203125 0.0654296875 0.00830078125 0.0068359375
11 0.48974609375 0.056640625 0.00830078125 0.0068359375
11 0.51123046875 0.0595703125 0.00830078125 0.00732421875
11 0.51123046875 0.1181640625 0.00830078125 0.0068359375
11 0.53271484375 0.0625 0.00830078125 0.0068359375
11 0.53271484375 0.115234375 0.00830078125 0.0068359375
11 0.6962890625 0.0595703125 0.00830078125 0.00732421875
11 0.67431640625 0.0625 0.00830078125 0.0068359375
11 0.67431640625 0.109375 0.00830078125 0.0068359375
11 0.6962890625 0.1064453125 0.00830078125 0.00732421875
11 0.7177734375 0.056640625 0.00830078125 0.0068359375
11 0.7177734375 0.10302734375 0.00830078125 0.0068359375
11 0.2646484375 0.109375 0.00830078125 0.0068359375
11 0.2646484375 0.04736328125 0.00830078125 0.0068359375
11 0.251953125 0.04150390625 0.00830078125 0.0068359375
11 0.279296875 0.04443359375 0.00830078125 0.00732421875
11 0.29248046875 0.05029296875 0.00830078125 0.0068359375
11 0.29248046875 0.1123046875 0.00830078125 0.0068359375
10 0.19287109375 0.05810546875 0.0166015625 0.0458984375
10 0.19287109375 0.11083984375 0.0166015625 0.0458984375
11 0.2373046875 0.04443359375 0.00830078125 0.00732421875
11 0.2373046875 0.1064453125 0.00830078125 0.00732421875
11 0.33447265625 0.05029296875 0.00830078125 0.0068359375
11 0.46826171875 0.0537109375 0.0078125 0.0068359375
11 0.46826171875 0.12109375 0.0078125 0.0068359375
11 0.30712890625 0.04736328125 0.00830078125 0.0068359375
11 0.31982421875 0.0537109375 0.00830078125 0.0068359375
11 0.31982421875 0.1123046875 0.00830078125 0.0068359375
11 0.59765625 0.25048828125 0.00830078125 0.0068359375
11 0.36328125 0.18017578125 0.00830078125 0.0068359375
11 0.3818359375 0.19482421875 0.00830078125 0.0068359375
11 0.56689453125 0.19189453125 0.00830078125 0.00732421875
11 0.56689453125 0.24462890625 0.00830078125 0.00732421875
11 0.63134765625 0.18896484375 0.00830078125 0.0068359375
11 0.63134765625 0.24169921875 0.00830078125 0.0068359375
11 0.662109375 0.2626953125 0.00830078125 0.0068359375
11 0.2373046875 0.16796875 0.00830078125 0.0068359375
11 0.2373046875 0.220703125 0.00830078125 0.0068359375
11 0.255859375 0.2294921875 0.00830078125 0.0068359375
11 0.275390625 0.173828125 0.00830078125 0.0068359375
11 0.275390625 0.2265625 0.00830078125 0.0068359375
10 0.19287109375 0.1787109375 0.0166015625 0.04541015625
10 0.19287109375 0.2314453125 0.0166015625 0.0458984375
11 0.34326171875 0.18310546875 0.00830078125 0.0068359375
11 0.31884765625 0.17724609375 0.00830078125 0.00732421875
11 0.31884765625 0.24755859375 0.00830078125 0.0068359375
11 0.30029296875 0.23583984375 0.00830078125 0.0068359375
11 0.6220703125 0.29150390625 0.00830078125 0.0068359375
11 0.5927734375 0.28857421875 0.00830078125 0.0068359375
11 0.5927734375 0.35302734375 0.00830078125 0.0068359375
11 0.44140625 0.29443359375 0.00830078125 0.00732421875
11 0.65087890625 0.29443359375 0.00830078125 0.00732421875
21 0.64990234375 0.33984375 0.00634765625 0.0185546875
11 0.68017578125 0.29736328125 0.00830078125 0.0068359375
12 0.23779296875 0.3154296875 0.0087890625 0.0068359375
12 0.23779296875 0.3740234375 0.0087890625 0.0068359375
12 0.23779296875 0.3623046875 0.0087890625 0.00732421875
11 0.3544921875 0.28564453125 0.00830078125 0.0068359375
11 0.3544921875 0.3564453125 0.00830078125 0.00732421875
10 0.19287109375 0.29931640625 0.0166015625 0.0458984375
10 0.19287109375 0.35205078125 0.0166015625 0.0458984375
11 0.38330078125 0.28857421875 0.00830078125 0.0068359375
11 0.41259765625 0.29150390625 0.00830078125 0.0068359375
21 0.41162109375 0.33984375 0.00634765625 0.0185546875
11 0.609375 0.4091796875 0.00830078125 0.0068359375
11 0.62353515625 0.412109375 0.00830078125 0.00732421875
15 0.62353515625 0.46240234375 0.0078125 0.01171875
11 0.6376953125 0.4150390625 0.00830078125 0.0068359375
11 0.5947265625 0.40625 0.00830078125 0.0068359375
11 0.5947265625 0.453125 0.00830078125 0.0068359375
8 0.59423828125 0.46484375 0.00634765625 0.017578125
11 0.69677734375 0.41796875 0.00830078125 0.0068359375
11 0.66845703125 0.412109375 0.00830078125 0.00732421875
11 0.65380859375 0.4091796875 0.00830078125 0.0068359375
11 0.65380859375 0.44970703125 0.00830078125 0.0068359375
8 0.6533203125 0.46484375 0.00634765625 0.017578125
11 0.6826171875 0.4150390625 0.00830078125 0.0068359375
15 0.6826171875 0.46240234375 0.0078125 0.01171875
21 0.28125 0.40771484375 0.00634765625 0.0185546875
11 0.26123046875 0.458984375 0.00830078125 0.00732421875
11 0.2822265625 0.4619140625 0.00830078125 0.0068359375
11 0.3037109375 0.46484375 0.00830078125 0.0068359375
10 0.19287109375 0.41943359375 0.0166015625 0.0458984375
11 0.23974609375 0.423828125 0.00830078125 0.0068359375
11 0.23974609375 0.4560546875 0.00830078125 0.0068359375
11 0.435546875 0.4619140625 0.00830078125 0.0068359375
21 0.4560546875 0.40771484375 0.00634765625 0.0185546875
11 0.45703125 0.46484375 0.00830078125 0.0068359375
11 0.47802734375 0.4677734375 0.00830078125 0.0068359375
11 0.4140625 0.4208984375 0.00830078125 0.0068359375
11 0.4140625 0.458984375 0.00830078125 0.00732421875
11 0.54443359375 0.53564453125 0.00830078125 0.0068359375
11 0.55517578125 0.53564453125 0.00830078125 0.0068359375
11 0.56787109375 0.52978515625 0.00830078125 0.00732421875
11 0.56787109375 0.57958984375 0.00830078125 0.0068359375
11 0.57861328125 0.52978515625 0.00830078125 0.00732421875
11 0.48974609375 0.52685546875 0.00830078125 0.0068359375
11 0.5009765625 0.52978515625 0.00830078125 0.00732421875
11 0.51171875 0.52978515625 0.00830078125 0.00732421875
11 0.533203125 0.53271484375 0.00830078125 0.0068359375
11 0.5224609375 0.53271484375 0.00830078125 0.0068359375
15 0.5224609375 0.5830078125 0.0078125 0.01171875
11 0.64404296875 0.53857421875 0.00830078125 0.0068359375
11 0.63330078125 0.53857421875 0.00830078125 0.0068359375
11 0.611328125 0.53564453125 0.0078125 0.0068359375
11 0.58935546875 0.53271484375 0.00830078125 0.0068359375
11 0.6005859375 0.53271484375 0.00830078125 0.0068359375
11 0.611328125 0.5703125 0.0078125 0.0068359375
11 0.6220703125 0.53564453125 0.00830078125 0.0068359375
11 0.2685546875 0.58251953125 0.00830078125 0.0068359375
15 0.26806640625 0.5302734375 0.0078125 0.01171875
11 0.25439453125 0.57958984375 0.00830078125 0.0068359375
8 0.2978515625 0.552734375 0.00634765625 0.01806640625
11 0.29833984375 0.54150390625 0.00830078125 0.0068359375
11 0.28271484375 0.58544921875 0.00830078125 0.0068359375
10 0.19287109375 0.5400390625 0.0166015625 0.0458984375
11 0.29833984375 0.57958984375 0.00830078125 0.0068359375
11 0.23974609375 0.54443359375 0.00830078125 0.00732421875
11 0.23974609375 0.57666015625 0.00830078125 0.00732421875
9 0.24658203125 0.53271484375 0.0068359375 0.017578125
11 0.47900390625 0.52685546875 0.00830078125 0.0068359375
11 0.47900390625 0.5732421875 0.00830078125 0.0068359375
11 0.34130859375 0.58837890625 0.00830078125 0.0068359375
8 0.478515625 0.58544921875 0.00634765625 0.01806640625
15 0.3271484375 0.5302734375 0.0078125 0.01171875
11 0.31298828125 0.58251953125 0.0078125 0.0068359375
11 0.3271484375 0.58544921875 0.00830078125 0.0068359375
11 0.58544921875 0.6533203125 0.00830078125 0.0068359375
15 0.57568359375 0.70361328125 0.0078125 0.01171875
11 0.576171875 0.6533203125 0.00830078125 0.0068359375
11 0.56689453125 0.650390625 0.0078125 0.0068359375
11 0.6142578125 0.720703125 0.00830078125 0.0068359375
11 0.6142578125 0.650390625 0.00830078125 0.0068359375
11 0.60400390625 0.65625 0.00830078125 0.0068359375
11 0.5947265625 0.65625 0.00830078125 0.0068359375
11 0.53857421875 0.6474609375 0.00830078125 0.00732421875
8 0.5380859375 0.72607421875 0.00634765625 0.017578125
11 0.53857421875 0.71484375 0.00830078125 0.00732421875
11 0.5576171875 0.650390625 0.00830078125 0.0068359375
11 0.5478515625 0.6474609375 0.00830078125 0.00732421875
11 0.68017578125 0.6591796875 0.00830078125 0.0068359375
11 0.67041015625 0.6591796875 0.00830078125 0.0068359375
11 0.6611328125 0.65625 0.00830078125 0.0068359375
11 0.63330078125 0.6533203125 0.00830078125 0.0068359375
11 0.6240234375 0.650390625 0.00830078125 0.0068359375
11 0.65185546875 0.7119140625 0.00830078125 0.0068359375
11 0.65185546875 0.65625 0.00830078125 0.0068359375
11 0.642578125 0.6533203125 0.00830078125 0.0068359375
11 0.279296875 0.703125 0.00830078125 0.0068359375
15 0.279296875 0.65087890625 0.0078125 0.01171875
11 0.27001953125 0.69970703125 0.00830078125 0.0068359375
11 0.2607421875 0.69970703125 0.00830078125 0.0068359375
11 0.3076171875 0.7060546875 0.00830078125 0.0068359375
11 0.2978515625 0.7060546875 0.00830078125 0.0068359375
11 0.28857421875 0.703125 0.00830078125 0.0068359375
10 0.19287109375 0.66064453125 0.0166015625 0.0458984375
11 0.25146484375 0.69677734375 0.00830078125 0.0068359375
8 0.2392578125 0.65625 0.00634765625 0.01806640625
11 0.23974609375 0.69677734375 0.00830078125 0.0068359375
11 0.23974609375 0.64404296875 0.00830078125 0.0068359375
11 0.35498046875 0.64111328125 0.00830078125 0.0068359375
11 0.35498046875 0.7060546875 0.00830078125 0.0068359375
11 0.345703125 0.703125 0.00830078125 0.0068359375
11 0.38330078125 0.708984375 0.00830078125 0.00732421875
11 0.3740234375 0.708984375 0.00830078125 0.00732421875
11 0.3642578125 0.7060546875 0.00830078125 0.0068359375
11 0.3271484375 0.69970703125 0.00830078125 0.0068359375
11 0.31787109375 0.69970703125 0.00830078125 0.0068359375
11 0.31787109375 0.650390625 0.00830078125 0.0068359375
11 0.33642578125 0.703125 0.00830078125 0.0068359375
11 0.6015625 0.82666015625 0.00830078125 0.00732421875
11 0.6015625 0.77685546875 0.00830078125 0.0068359375
11 0.59228515625 0.82666015625 0.00830078125 0.00732421875
11 0.59228515625 0.77685546875 0.00830078125 0.0068359375
11 0.62158203125 0.8203125 0.00830078125 0.0068359375
11 0.62158203125 0.7705078125 0.00830078125 0.0068359375
11 0.61181640625 0.8203125 0.00830078125 0.0068359375
11 0.61181640625 0.7705078125 0.00830078125 0.0068359375
11 0.564453125 0.8203125 0.00830078125 0.0068359375
11 0.564453125 0.7705078125 0.00830078125 0.0068359375
11 0.5546875 0.8203125 0.00830078125 0.0068359375
11 0.5546875 0.7705078125 0.00830078125 0.0068359375
11 0.5830078125 0.8232421875 0.00830078125 0.0068359375
11 0.5830078125 0.77392578125 0.00830078125 0.0068359375
11 0.57373046875 0.8232421875 0.00830078125 0.0068359375
11 0.57373046875 0.77392578125 0.00830078125 0.0068359375
11 0.677734375 0.82958984375 0.00830078125 0.0068359375
11 0.677734375 0.77978515625 0.00830078125 0.00732421875
11 0.66845703125 0.82958984375 0.00830078125 0.0068359375
11 0.66845703125 0.77978515625 0.00830078125 0.00732421875
11 0.64013671875 0.8232421875 0.00830078125 0.0068359375
11 0.64013671875 0.77392578125 0.00830078125 0.0068359375
11 0.630859375 0.8232421875 0.00830078125 0.0068359375
11 0.630859375 0.77392578125 0.00830078125 0.0068359375
11 0.65869140625 0.82666015625 0.00830078125 0.00732421875
11 0.65869140625 0.77685546875 0.00830078125 0.0068359375
11 0.6494140625 0.82666015625 0.00830078125 0.00732421875
11 0.6494140625 0.77685546875 0.00830078125 0.0068359375
11 0.2978515625 0.82666015625 0.00830078125 0.00732421875
11 0.28857421875 0.8232421875 0.00830078125 0.0068359375
11 0.279296875 0.8232421875 0.00830078125 0.0068359375
15 0.279296875 0.771484375 0.0078125 0.01171875
11 0.3271484375 0.8203125 0.00830078125 0.0068359375
11 0.27001953125 0.8203125 0.00830078125 0.0068359375
11 0.31787109375 0.8203125 0.00830078125 0.0068359375
11 0.31787109375 0.79150390625 0.00830078125 0.0068359375
11 0.3076171875 0.82666015625 0.00830078125 0.00732421875
11 0.23974609375 0.8173828125 0.00830078125 0.0068359375
11 0.23974609375 0.78564453125 0.00830078125 0.0068359375
10 0.19287109375 0.78125 0.0166015625 0.0458984375
11 0.25146484375 0.8173828125 0.00830078125 0.0068359375
11 0.2607421875 0.8203125 0.00830078125 0.0068359375
9 0.24658203125 0.7734375 0.0068359375 0.017578125
11 0.5341796875 0.8173828125 0.00830078125 0.0068359375
11 0.5341796875 0.767578125 0.00830078125 0.0068359375
11 0.38330078125 0.82958984375 0.00830078125 0.0068359375
11 0.3740234375 0.82958984375 0.00830078125 0.0068359375
11 0.54541015625 0.8173828125 0.00830078125 0.0068359375
11 0.54541015625 0.767578125 0.00830078125 0.0068359375
11 0.35546875 0.78271484375 0.00830078125 0.0068359375
11 0.35546875 0.82666015625 0.00830078125 0.00732421875
11 0.345703125 0.8232421875 0.00830078125 0.0068359375
11 0.33642578125 0.8232421875 0.00830078125 0.0068359375
11 0.36474609375 0.82666015625 0.00830078125 0.00732421875
11 0.58154296875 0.89404296875 0.00830078125 0.0068359375
11 0.58154296875 0.94384765625 0.00830078125 0.00732421875
11 0.59130859375 0.8974609375 0.00830078125 0.00732421875
11 0.572265625 0.94384765625 0.00830078125 0.00732421875
11 0.572265625 0.89404296875 0.00830078125 0.0068359375
11 0.61083984375 0.94091796875 0.00830078125 0.0068359375
11 0.61083984375 0.89111328125 0.00830078125 0.0068359375
11 0.59130859375 0.94677734375 0.00830078125 0.0068359375
11 0.6005859375 0.94677734375 0.00830078125 0.0068359375
11 0.6005859375 0.8974609375 0.00830078125 0.00732421875
11 0.54443359375 0.93798828125 0.00830078125 0.0068359375
11 0.54443359375 0.88818359375 0.00830078125 0.0068359375
11 0.56298828125 0.94091796875 0.00830078125 0.0068359375
11 0.56298828125 0.89111328125 0.00830078125 0.0068359375
11 0.5537109375 0.94091796875 0.00830078125 0.0068359375
11 0.5537109375 0.89111328125 0.00830078125 0.0068359375
11 0.67626953125 0.94970703125 0.00830078125 0.0068359375
11 0.67626953125 0.900390625 0.00830078125 0.0068359375
11 0.6669921875 0.94970703125 0.00830078125 0.0068359375
11 0.6669921875 0.900390625 0.00830078125 0.0068359375
11 0.62939453125 0.94384765625 0.00830078125 0.00732421875
11 0.62939453125 0.89404296875 0.00830078125 0.0068359375
11 0.63916015625 0.89404296875 0.00830078125 0.0068359375
11 0.62060546875 0.94091796875 0.00830078125 0.0068359375
11 0.62060546875 0.89111328125 0.00830078125 0.0068359375
11 0.65771484375 0.94677734375 0.00830078125 0.0068359375
11 0.65771484375 0.8974609375 0.00830078125 0.00732421875
11 0.6484375 0.94677734375 0.00830078125 0.0068359375
11 0.6484375 0.8974609375 0.00830078125 0.00732421875
11 0.63916015625 0.94384765625 0.00830078125 0.00732421875
11 0.2861328125 0.94384765625 0.00830078125 0.00732421875
11 0.2861328125 0.89404296875 0.00830078125 0.0068359375
11 0.27685546875 0.94384765625 0.00830078125 0.00732421875
11 0.27685546875 0.89404296875 0.00830078125 0.0068359375
11 0.26708984375 0.94091796875 0.00830078125 0.0068359375
11 0.3046875 0.94677734375 0.00830078125 0.0068359375
11 0.3046875 0.8974609375 0.00830078125 0.00732421875
11 0.26708984375 0.89111328125 0.00830078125 0.0068359375
11 0.29541015625 0.94677734375 0.00830078125 0.0068359375
11 0.29541015625 0.8974609375 0.00830078125 0.00732421875
11 0.2373046875 0.93798828125 0.00830078125 0.0068359375
11 0.2373046875 0.88818359375 0.00830078125 0.0068359375
10 0.19287109375 0.90185546875 0.0166015625 0.0458984375
11 0.25830078125 0.94091796875 0.00830078125 0.0068359375
11 0.25830078125 0.89111328125 0.00830078125 0.0068359375
11 0.24853515625 0.93798828125 0.00830078125 0.0068359375
11 0.24853515625 0.88818359375 0.00830078125 0.0068359375
11 0.36181640625 0.94677734375 0.00830078125 0.0068359375
11 0.36181640625 0.8974609375 0.00830078125 0.00732421875
11 0.37158203125 0.900390625 0.00830078125 0.0068359375
11 0.3525390625 0.8974609375 0.00830078125 0.00732421875
11 0.53271484375 0.93798828125 0.00830078125 0.0068359375
11 0.53271484375 0.88818359375 0.00830078125 0.0068359375
11 0.3525390625 0.94677734375 0.00830078125 0.0068359375
11 0.38037109375 0.94970703125 0.00830078125 0.0068359375
11 0.38037109375 0.900390625 0.00830078125 0.0068359375
11 0.37158203125 0.94970703125 0.00830078125 0.0068359375
11 0.333984375 0.94384765625 0.00830078125 0.00732421875
11 0.333984375 0.89404296875 0.00830078125 0.0068359375
11 0.32470703125 0.89111328125 0.00830078125 0.0068359375
11 0.32470703125 0.94091796875 0.00830078125 0.0068359375
11 0.3154296875 0.89111328125 0.00830078125 0.0068359375
11 0.3154296875 0.94091796875 0.00830078125 0.0068359375
11 0.34326171875 0.94384765625 0.00830078125 0.00732421875
11 0.34326171875 0.89404296875 0.00830078125 0.0068359375