13 0.689453125 0.07763671875 0.01123046875 0.00732421875
13 0.689453125 0.14404296875 0.01123046875 0.0068359375
12 0.6884765625 0.19287109375 0.0087890625 0.0068359375
12 0.6884765625 0.25634765625 0.0087890625 0.00732421875
12 0.65576171875 0.19287109375 0.0087890625 0.0068359375
12 0.65576171875 0.07763671875 0.0087890625 0.0068359375
12 0.65576171875 0.14404296875 0.0087890625 0.0068359375
12 0.65576171875 0.25048828125 0.0087890625 0.0068359375
11 0.5595703125 0.19580078125 0.00830078125 0.0068359375
11 0.54296875 0.19287109375 0.00830078125 0.0068359375
11 0.52001953125 0.189453125 0.00830078125 0.0068359375
11 0.53076171875 0.19580078125 0.00830078125 0.0068359375
19 0.6337890625 0.08203125 0.00830078125 0.00390625
11 0.611328125 0.189453125 0.00830078125 0.0068359375
11 0.5927734375 0.19873046875 0.0078125 0.00732421875
19 0.6337890625 0.142578125 0.00830078125 0.00390625
12 0.6337890625 0.189453125 0.0087890625 0.0068359375
19 0.6337890625 0.26318359375 0.00830078125 0.00390625
11 0.57568359375 0.20166015625 0.00830078125 0.0068359375
13 0.7900390625 0.07470703125 0.01123046875 0.00732421875
13 0.7900390625 0.14404296875 0.01123046875 0.0068359375
13 0.7900390625 0.19287109375 0.01123046875 0.00732421875
13 0.7900390625 0.26220703125 0.01123046875 0.00732421875
22 0.58740234375 0.2607421875 0.00830078125 0.00390625
22 0.58740234375 0.14013671875 0.00830078125 0.00390625
22 0.58740234375 0.07958984375 0.00830078125 0.00390625
12 0.7109375 0.19580078125 0.0087890625 0.0068359375
12 0.7109375 0.25927734375 0.0087890625 0.0068359375
13 0.74267578125 0.07470703125 0.01123046875 0.00732421875
13 0.74267578125 0.14111328125 0.01123046875 0.00732421875
13 0.74267578125 0.19287109375 0.01123046875 0.00732421875
13 0.74267578125 0.26806640625 0.01123046875 0.0068359375
12 0.3212890625 0.19873046875 0.0087890625 0.00732421875
11 0.32080078125 0.25634765625 0.00830078125 0.00732421875
11 0.2958984375 0.08056640625 0.00830078125 0.0068359375
11 0.2958984375 0.13818359375 0.00830078125 0.0068359375
11 0.2958984375 0.20166015625 0.00830078125 0.0068359375
12 0.3212890625 0.07470703125 0.0087890625 0.0068359375
12 0.3212890625 0.14111328125 0.0087890625 0.00732421875
19 0.353515625 0.08203125 0.00830078125 0.00390625
19 0.353515625 0.142578125 0.00830078125 0.00390625
19 0.353515625 0.203125 0.00830078125 0.00390625
11 0.353515625 0.26806640625 0.00830078125 0.0068359375
11 0.33642578125 0.26806640625 0.00830078125 0.0068359375
10 0.19384765625 0.142578125 0.0166015625 0.04541015625
1 0.193359375 0.26318359375 0.017578125 0.02099609375
12 0.2421875 0.07763671875 0.0087890625 0.0068359375
11 0.24169921875 0.150390625 0.00830078125 0.0068359375
11 0.24169921875 0.21337890625 0.00830078125 0.00732421875
13 0.2431640625 0.25634765625 0.01123046875 0.00732421875
10 0.19384765625 0.08251953125 0.0166015625 0.0458984375
11 0.27783203125 0.08056640625 0.0078125 0.0068359375
11 0.27783203125 0.13525390625 0.0078125 0.0068359375
11 0.27783203125 0.19580078125 0.0078125 0.0068359375
11 0.26025390625 0.13818359375 0.00830078125 0.0068359375
11 0.26025390625 0.20166015625 0.00830078125 0.0068359375
12 0.46435546875 0.06298828125 0.0087890625 0.0068359375
12 0.46435546875 0.13818359375 0.0087890625 0.0068359375
11 0.4638671875 0.20751953125 0.00830078125 0.0068359375
12 0.46435546875 0.25634765625 0.0087890625 0.00732421875
11 0.49365234375 0.19873046875 0.0078125 0.00732421875
19 0.5078125 0.08203125 0.00830078125 0.00390625
19 0.5078125 0.142578125 0.00830078125 0.00390625
11 0.50732421875 0.19287109375 0.00830078125 0.0068359375
19 0.5078125 0.26318359375 0.00830078125 0.00390625
11 0.48291015625 0.19287109375 0.00830078125 0.0068359375
11 0.38134765625 0.2470703125 0.00830078125 0.0068359375
11 0.3671875 0.25634765625 0.0078125 0.00732421875
12 0.40869140625 0.07177734375 0.0087890625 0.0068359375
12 0.40869140625 0.13818359375 0.0087890625 0.0068359375
12 0.40869140625 0.20751953125 0.0087890625 0.0068359375
19 0.408203125 0.26318359375 0.00830078125 0.00390625
12 0.431640625 0.06591796875 0.0087890625 0.0068359375
12 0.431640625 0.13232421875 0.0087890625 0.0068359375
19 0.431640625 0.26318359375 0.00830078125 0.00390625
12 0.431640625 0.20166015625 0.0087890625 0.0068359375
11 0.5908203125 0.52685546875 0.00830078125 0.0068359375
11 0.5908203125 0.47216796875 0.00830078125 0.0068359375
13 0.67626953125 0.58447265625 0.01123046875 0.0068359375
11 0.5908203125 0.4091796875 0.00830078125 0.00732421875
11 0.6748046875 0.46923828125 0.00830078125 0.0068359375
11 0.62890625 0.52099609375 0.00830078125 0.0068359375
11 0.62890625 0.46337890625 0.00830078125 0.0068359375
11 0.6748046875 0.4091796875 0.00830078125 0.00732421875
11 0.62890625 0.4091796875 0.00830078125 0.00732421875
11 0.55419921875 0.46923828125 0.00830078125 0.0068359375
11 0.55419921875 0.52978515625 0.00830078125 0.0068359375
11 0.55419921875 0.4033203125 0.00830078125 0.0068359375
11 0.78662109375 0.47216796875 0.00830078125 0.0068359375
11 0.78662109375 0.4033203125 0.00830078125 0.0068359375
22 0.45068359375 0.53466796875 0.00830078125 0.00390625
22 0.45068359375 0.59521484375 0.00830078125 0.00390625
11 0.7119140625 0.478515625 0.00830078125 0.0068359375
11 0.74951171875 0.46923828125 0.00830078125 0.0068359375
11 0.74951171875 0.40576171875 0.00830078125 0.0068359375
11 0.7119140625 0.4033203125 0.00830078125 0.0068359375
15 0.263671875 0.53955078125 0.0078125 0.01171875
11 0.26416015625 0.4755859375 0.00830078125 0.0068359375
11 0.26416015625 0.4091796875 0.00830078125 0.00732421875
8 0.2412109375 0.53857421875 0.00634765625 0.017578125
8 0.2412109375 0.4873046875 0.00634765625 0.017578125
11 0.30419921875 0.47216796875 0.00830078125 0.0068359375
8 0.3037109375 0.484375 0.00634765625 0.01806640625
8 0.3037109375 0.41796875 0.00634765625 0.01806640625
8 0.2412109375 0.4208984375 0.00634765625 0.017578125
11 0.30419921875 0.40576171875 0.00830078125 0.0068359375
21 0.28515625 0.53759765625 0.00634765625 0.0185546875
10 0.19384765625 0.41650390625 0.0166015625 0.0458984375
22 0.740234375 0.53466796875 0.00830078125 0.00390625
22 0.3095703125 0.59521484375 0.00830078125 0.00390625
10 0.19384765625 0.47705078125 0.0166015625 0.0458984375
11 0.24169921875 0.52685546875 0.00830078125 0.0068359375
11 0.24169921875 0.4755859375 0.00830078125 0.0068359375
11 0.24169921875 0.4091796875 0.00830078125 0.00732421875
1 0.193359375 0.59765625 0.017578125 0.02099609375
12 0.447265625 0.39990234375 0.0087890625 0.0068359375
12 0.447265625 0.46630859375 0.0087890625 0.00732421875
13 0.51904296875 0.59619140625 0.01123046875 0.00732421875
11 0.517578125 0.53271484375 0.00830078125 0.0068359375
11 0.517578125 0.46923828125 0.00830078125 0.0068359375
11 0.517578125 0.39697265625 0.00830078125 0.0068359375
11 0.3642578125 0.46337890625 0.00830078125 0.0068359375
11 0.32666015625 0.4033203125 0.00830078125 0.0068359375
11 0.3642578125 0.39990234375 0.00830078125 0.0068359375
11 0.32666015625 0.46923828125 0.00830078125 0.0068359375
11 0.41015625 0.39990234375 0.00830078125 0.0068359375
11 0.41015625 0.46337890625 0.00830078125 0.0068359375
19 0.32666015625 0.537109375 0.00830078125 0.00390625
12 0.615234375 0.8671875 0.0087890625 0.0068359375
11 0.61474609375 0.82177734375 0.00830078125 0.0068359375
11 0.61474609375 0.7548828125 0.00830078125 0.00732421875
11 0.6943359375 0.7490234375 0.00830078125 0.0068359375
11 0.6943359375 0.8154296875 0.00830078125 0.0068359375
12 0.69482421875 0.8701171875 0.0087890625 0.00732421875
13 0.69580078125 0.92431640625 0.01123046875 0.0068359375
11 0.64697265625 0.82177734375 0.00830078125 0.0068359375
11 0.64697265625 0.7548828125 0.00830078125 0.00732421875
11 0.5830078125 0.82470703125 0.00830078125 0.0068359375
11 0.5830078125 0.75830078125 0.00830078125 0.0068359375
11 0.7900390625 0.873046875 0.00830078125 0.0068359375
11 0.7900390625 0.818359375 0.00830078125 0.0068359375
11 0.75830078125 0.873046875 0.00830078125 0.0068359375
11 0.75830078125 0.8154296875 0.00830078125 0.0068359375
11 0.72607421875 0.7490234375 0.00830078125 0.0068359375
12 0.7587890625 0.74609375 0.0087890625 0.0068359375
11 0.72607421875 0.8154296875 0.00830078125 0.0068359375
11 0.30712890625 0.8642578125 0.00830078125 0.0068359375
11 0.30712890625 0.72509765625 0.00830078125 0.0068359375
11 0.27490234375 0.86083984375 0.00830078125 0.0068359375
11 0.27490234375 0.72216796875 0.00830078125 0.0068359375
13 0.38671875 0.91552734375 0.01123046875 0.00732421875
13 0.38671875 0.8037109375 0.01123046875 0.00732421875
13 0.38671875 0.7314453125 0.01123046875 0.0068359375
11 0.33984375 0.8583984375 0.00830078125 0.0068359375
11 0.33984375 0.72216796875 0.00830078125 0.0068359375
10 0.19384765625 0.81103515625 0.0166015625 0.0458984375
10 0.19384765625 0.7509765625 0.0166015625 0.0458984375
22 0.294921875 0.80810546875 0.00830078125 0.00390625
13 0.2431640625 0.92138671875 0.01123046875 0.00732421875
11 0.24169921875 0.8671875 0.00830078125 0.0068359375
11 0.24169921875 0.7314453125 0.00830078125 0.0068359375
13 0.38671875 0.86083984375 0.01123046875 0.0068359375
1 0.193359375 0.931640625 0.017578125 0.02099609375
12 0.4541015625 0.91845703125 0.0087890625 0.0068359375
13 0.55224609375 0.9453125 0.01123046875 0.0068359375
12 0.55126953125 0.873046875 0.0087890625 0.0068359375
11 0.55078125 0.82470703125 0.00830078125 0.0068359375
11 0.55078125 0.75830078125 0.00830078125 0.0068359375
12 0.4990234375 0.91845703125 0.0087890625 0.0068359375
12 0.4990234375 0.93359375 0.0087890625 0.0068359375
13 0.455078125 0.8671875 0.01123046875 0.0068359375
13 0.455078125 0.7978515625 0.01123046875 0.00732421875
13 0.455078125 0.7314453125 0.01123046875 0.0068359375