11 0.6748046875 0.2294921875 0.00830078125 0.0068359375
11 0.64501953125 0.2294921875 0.00830078125 0.0068359375
12 0.6455078125 0.173828125 0.0087890625 0.0068359375
11 0.70458984375 0.2294921875 0.00830078125 0.0068359375
8 0.6943359375 0.11279296875 0.00634765625 0.017578125
11 0.69482421875 0.10107421875 0.00830078125 0.0068359375
11 0.68994140625 0.22607421875 0.00830078125 0.0068359375
8 0.52978515625 0.23828125 0.00634765625 0.01806640625
11 0.578125 0.0546875 0.00830078125 0.0068359375
11 0.5556640625 0.2294921875 0.00830078125 0.0068359375
11 0.5556640625 0.10693359375 0.00830078125 0.0068359375
11 0.5556640625 0.05126953125 0.00830078125 0.0068359375
11 0.64501953125 0.04541015625 0.00830078125 0.00732421875
11 0.5302734375 0.22607421875 0.00830078125 0.0068359375
11 0.62255859375 0.048828125 0.00830078125 0.0068359375
8 0.61474609375 0.11572265625 0.00634765625 0.017578125
11 0.64501953125 0.10693359375 0.00830078125 0.0068359375
11 0.615234375 0.10400390625 0.00830078125 0.0068359375
11 0.6005859375 0.05126953125 0.00830078125 0.0068359375
11 0.7568359375 0.10693359375 0.00830078125 0.0068359375
11 0.734375 0.2353515625 0.00830078125 0.00732421875
11 0.734375 0.10400390625 0.00830078125 0.0068359375
21 0.7333984375 0.05322265625 0.00634765625 0.0185546875
11 0.7197265625 0.232421875 0.0078125 0.0068359375
11 0.80126953125 0.11279296875 0.00830078125 0.0068359375
11 0.77880859375 0.10986328125 0.00830078125 0.0068359375
11 0.76416015625 0.1708984375 0.00830078125 0.0068359375
8 0.28369140625 0.060546875 0.00634765625 0.017578125
11 0.3095703125 0.10107421875 0.00830078125 0.0068359375
11 0.3095703125 0.04541015625 0.00830078125 0.00732421875
8 0.28369140625 0.11572265625 0.00634765625 0.017578125
11 0.2841796875 0.10400390625 0.00830078125 0.0068359375
11 0.2841796875 0.048828125 0.00830078125 0.0068359375
19 0.36767578125 0.23046875 0.00830078125 0.00390625
12 0.3681640625 0.173828125 0.0087890625 0.0068359375
11 0.36767578125 0.04248046875 0.00830078125 0.0068359375
8 0.341796875 0.11865234375 0.00634765625 0.01806640625
11 0.34228515625 0.10693359375 0.00830078125 0.0068359375
11 0.326171875 0.1708984375 0.00830078125 0.0068359375
0 0.17578125 0.2060546875 0.005859375 0.07763671875
0 0.17578125 0.0927734375 0.005859375 0.0771484375
12 0.25146484375 0.22314453125 0.0087890625 0.0068359375
12 0.25146484375 0.16796875 0.0087890625 0.0068359375
11 0.25146484375 0.09814453125 0.00830078125 0.0068359375
11 0.25146484375 0.05126953125 0.00830078125 0.0068359375
11 0.36767578125 0.11279296875 0.00830078125 0.0068359375
1 0.193359375 0.23046875 0.017578125 0.02099609375
11 0.49755859375 0.05126953125 0.00830078125 0.0068359375
11 0.49755859375 0.22314453125 0.00830078125 0.0068359375
12 0.49755859375 0.1767578125 0.0087890625 0.0068359375
11 0.49755859375 0.10693359375 0.00830078125 0.0068359375
8 0.4580078125 0.1220703125 0.00634765625 0.017578125
8 0.4580078125 0.060546875 0.00634765625 0.017578125
11 0.45849609375 0.10986328125 0.0078125 0.0068359375
11 0.45849609375 0.048828125 0.0078125 0.0068359375
11 0.42626953125 0.11279296875 0.00830078125 0.0068359375
11 0.42626953125 0.04541015625 0.00830078125 0.00732421875
8 0.39990234375 0.1279296875 0.00634765625 0.017578125
11 0.400390625 0.11572265625 0.00830078125 0.00732421875
11 0.4423828125 0.22021484375 0.00830078125 0.0068359375
8 0.6494140625 0.41162109375 0.00634765625 0.01806640625
11 0.56396484375 0.40283203125 0.00830078125 0.0068359375
11 0.66552734375 0.4638671875 0.00830078125 0.00732421875
9 0.65673828125 0.3447265625 0.0068359375 0.017578125
11 0.689453125 0.4609375 0.00830078125 0.0068359375
11 0.712890625 0.34765625 0.00830078125 0.0068359375
11 0.712890625 0.4580078125 0.00830078125 0.0068359375
11 0.712890625 0.40283203125 0.00830078125 0.0068359375
11 0.56396484375 0.4609375 0.00830078125 0.0068359375
11 0.6201171875 0.4609375 0.00830078125 0.0068359375
11 0.64208984375 0.46728515625 0.00830078125 0.0068359375
11 0.64990234375 0.3564453125 0.00830078125 0.0068359375
11 0.64990234375 0.39990234375 0.00830078125 0.0068359375
11 0.77587890625 0.40576171875 0.00830078125 0.0068359375
11 0.77587890625 0.4609375 0.00830078125 0.0068359375
8 0.775390625 0.41796875 0.00634765625 0.01806640625
8 0.775390625 0.47314453125 0.00634765625 0.01806640625
1 0.193359375 0.46533203125 0.017578125 0.02099609375
11 0.25146484375 0.3447265625 0.00830078125 0.00732421875
12 0.25146484375 0.40283203125 0.0087890625 0.0068359375
15 0.2509765625 0.4677734375 0.0078125 0.01171875
11 0.56396484375 0.3505859375 0.00830078125 0.0068359375
0 0.17578125 0.32763671875 0.005859375 0.0771484375
0 0.17578125 0.44091796875 0.005859375 0.0771484375
22 0.525390625 0.291015625 0.00830078125 0.00390625
11 0.404296875 0.3447265625 0.00830078125 0.00732421875
11 0.404296875 0.4609375 0.00830078125 0.0068359375
11 0.44384765625 0.34765625 0.00830078125 0.0068359375
11 0.48388671875 0.3505859375 0.00830078125 0.0068359375
11 0.3330078125 0.47021484375 0.00830078125 0.0068359375
11 0.35693359375 0.46728515625 0.00830078125 0.0068359375
11 0.52392578125 0.353515625 0.00830078125 0.0068359375
11 0.38037109375 0.4638671875 0.00830078125 0.00732421875
9 0.64599609375 0.69580078125 0.0068359375 0.017578125
11 0.66162109375 0.58251953125 0.00830078125 0.0068359375
11 0.66162109375 0.70458984375 0.00830078125 0.0068359375
8 0.638671875 0.59130859375 0.00634765625 0.01806640625
11 0.63916015625 0.7080078125 0.00830078125 0.0068359375
11 0.63916015625 0.57958984375 0.00830078125 0.0068359375
11 0.71240234375 0.69873046875 0.00830078125 0.0068359375
12 0.71240234375 0.65234375 0.0087890625 0.0068359375
11 0.71240234375 0.58837890625 0.00830078125 0.0068359375
21 0.71142578125 0.52294921875 0.00634765625 0.0185546875
8 0.689453125 0.712890625 0.00634765625 0.017578125
8 0.689453125 0.59765625 0.00634765625 0.01806640625
11 0.68994140625 0.7021484375 0.00830078125 0.0068359375
11 0.68994140625 0.58544921875 0.00830078125 0.0068359375
11 0.67578125 0.6552734375 0.00830078125 0.0068359375
11 0.59033203125 0.58837890625 0.00830078125 0.0068359375
11 0.60986328125 0.70458984375 0.00830078125 0.0068359375
12 0.6103515625 0.65869140625 0.0087890625 0.00732421875
11 0.60986328125 0.58544921875 0.00830078125 0.0068359375
19 0.60986328125 0.5224609375 0.00830078125 0.00390625
11 0.576171875 0.59130859375 0.00830078125 0.0068359375
8 0.56689453125 0.712890625 0.00634765625 0.017578125
11 0.5673828125 0.7021484375 0.00830078125 0.0068359375
11 0.7626953125 0.69873046875 0.00830078125 0.0068359375
11 0.7626953125 0.58837890625 0.00830078125 0.0068359375
11 0.7626953125 0.5302734375 0.00830078125 0.0068359375
8 0.73974609375 0.712890625 0.00634765625 0.017578125
8 0.73974609375 0.5390625 0.00634765625 0.017578125
11 0.740234375 0.7021484375 0.00830078125 0.0068359375
11 0.740234375 0.52734375 0.00830078125 0.0068359375
11 0.79052734375 0.69580078125 0.00830078125 0.0068359375
8 0.7900390625 0.7080078125 0.00634765625 0.017578125
9 0.79736328125 0.57958984375 0.0068359375 0.017578125
8 0.7900390625 0.544921875 0.00634765625 0.017578125
11 0.79052734375 0.59130859375 0.00830078125 0.0068359375
11 0.79052734375 0.533203125 0.00830078125 0.0068359375
11 0.77685546875 0.6494140625 0.00830078125 0.0068359375
11 0.3134765625 0.69580078125 0.00830078125 0.0068359375
21 0.3125 0.64794921875 0.00634765625 0.0185546875
11 0.3134765625 0.58251953125 0.00830078125 0.0068359375
11 0.2958984375 0.58837890625 0.00830078125 0.0068359375
9 0.2861328125 0.69287109375 0.0068359375 0.017578125
11 0.38232421875 0.58544921875 0.00830078125 0.0068359375
11 0.3681640625 0.58251953125 0.00830078125 0.0068359375
11 0.35498046875 0.58544921875 0.00830078125 0.0068359375
11 0.3408203125 0.58251953125 0.00830078125 0.0068359375
11 0.3271484375 0.58544921875 0.00830078125 0.0068359375
22 0.416015625 0.52587890625 0.00830078125 0.00390625
0 0.17578125 0.67578125 0.005859375 0.0771484375
0 0.17578125 0.5625 0.005859375 0.0771484375
11 0.279296875 0.70458984375 0.00830078125 0.0068359375
11 0.279296875 0.58544921875 0.00830078125 0.0068359375
11 0.25146484375 0.69873046875 0.00830078125 0.0068359375
11 0.25146484375 0.6435546875 0.00830078125 0.0068359375
11 0.25146484375 0.58251953125 0.00830078125 0.0068359375
1 0.193359375 0.7001953125 0.017578125 0.02099609375
11 0.49462890625 0.69873046875 0.00830078125 0.0068359375
11 0.49462890625 0.58544921875 0.00830078125 0.0068359375
11 0.48046875 0.7021484375 0.00830078125 0.0068359375
11 0.46728515625 0.70458984375 0.00830078125 0.0068359375
8 0.45751953125 0.59765625 0.00634765625 0.01806640625
11 0.4580078125 0.58544921875 0.00830078125 0.0068359375
11 0.56298828125 0.58837890625 0.00830078125 0.0068359375
11 0.54931640625 0.58544921875 0.00830078125 0.0068359375
11 0.53564453125 0.58837890625 0.00830078125 0.0068359375
11 0.52197265625 0.58544921875 0.00830078125 0.0068359375
11 0.50830078125 0.58837890625 0.00830078125 0.0068359375
11 0.3955078125 0.58251953125 0.00830078125 0.0068359375
11 0.41552734375 0.7021484375 0.00830078125 0.0068359375
12 0.41552734375 0.646484375 0.0087890625 0.0068359375
11 0.41552734375 0.58251953125 0.00830078125 0.0068359375
11 0.45361328125 0.7080078125 0.00830078125 0.0068359375
8 0.38623046875 0.7109375 0.00634765625 0.01806640625
11 0.38671875 0.69873046875 0.00830078125 0.0068359375
11 0.44140625 0.7021484375 0.00830078125 0.0068359375
8 0.69677734375 0.8955078125 0.00634765625 0.01806640625
11 0.71484375 0.7587890625 0.00830078125 0.0068359375
11 0.71484375 0.814453125 0.00830078125 0.0068359375
11 0.71484375 0.88134765625 0.00830078125 0.0068359375
11 0.67529296875 0.88720703125 0.00830078125 0.00732421875
11 0.697265625 0.7529296875 0.00830078125 0.00732421875
11 0.697265625 0.88427734375 0.00830078125 0.0068359375
8 0.69677734375 0.76513671875 0.00634765625 0.017578125
11 0.65771484375 0.7587890625 0.00830078125 0.0068359375
11 0.65771484375 0.89013671875 0.00830078125 0.0068359375
8 0.6572265625 0.77099609375 0.00634765625 0.01806640625
9 0.6640625 0.8779296875 0.0068359375 0.017578125
11 0.67529296875 0.755859375 0.00830078125 0.0068359375
11 0.67529296875 0.80224609375 0.00830078125 0.00732421875
8 0.57177734375 0.83251953125 0.00634765625 0.01806640625
8 0.57177734375 0.94775390625 0.00634765625 0.01806640625
11 0.58984375 0.76220703125 0.00830078125 0.0068359375
11 0.58984375 0.8173828125 0.00830078125 0.0068359375
11 0.58984375 0.93896484375 0.00830078125 0.00732421875
11 0.572265625 0.76513671875 0.00830078125 0.0068359375
11 0.572265625 0.8203125 0.00830078125 0.0068359375
11 0.572265625 0.935546875 0.00830078125 0.0068359375
8 0.57177734375 0.77685546875 0.00634765625 0.01806640625
8 0.611328125 0.953125 0.00634765625 0.01806640625
11 0.6357421875 0.755859375 0.00830078125 0.0068359375
11 0.6357421875 0.8115234375 0.00830078125 0.0068359375
11 0.6357421875 0.88720703125 0.00830078125 0.00732421875
12 0.63623046875 0.94482421875 0.0087890625 0.0068359375
11 0.611328125 0.7587890625 0.00830078125 0.0068359375
11 0.611328125 0.814453125 0.00830078125 0.0068359375
11 0.611328125 0.94189453125 0.00830078125 0.0068359375
8 0.611328125 0.77099609375 0.00634765625 0.01806640625
8 0.611328125 0.826171875 0.00634765625 0.01806640625
11 0.751953125 0.76220703125 0.00830078125 0.0068359375
11 0.748046875 0.935546875 0.00830078125 0.0068359375
8 0.75146484375 0.77392578125 0.00634765625 0.017578125
11 0.75927734375 0.93310546875 0.00830078125 0.0068359375
11 0.73486328125 0.94775390625 0.00830078125 0.0068359375
11 0.8046875 0.9296875 0.00830078125 0.0068359375
8 0.80419921875 0.94189453125 0.00634765625 0.01806640625
21 0.78173828125 0.8828125 0.00634765625 0.0185546875
11 0.77099609375 0.9296875 0.00830078125 0.0068359375
11 0.78271484375 0.7587890625 0.00830078125 0.0068359375
21 0.78173828125 0.82177734375 0.00634765625 0.0185546875
11 0.71484375 0.94775390625 0.00830078125 0.0068359375
11 0.78271484375 0.9267578125 0.00830078125 0.0068359375
8 0.3203125 0.83251953125 0.00634765625 0.01806640625
11 0.328125 0.935546875 0.00830078125 0.0068359375
11 0.32080078125 0.8203125 0.00830078125 0.0068359375
11 0.34033203125 0.93310546875 0.00830078125 0.0068359375
11 0.306640625 0.93310546875 0.00830078125 0.0068359375
11 0.35205078125 0.76513671875 0.00830078125 0.0068359375
11 0.31689453125 0.93896484375 0.00830078125 0.00732421875
11 0.3720703125 0.76513671875 0.00830078125 0.0068359375
11 0.38232421875 0.77685546875 0.00830078125 0.0068359375
11 0.3857421875 0.93310546875 0.00830078125 0.0068359375
8 0.38525390625 0.94482421875 0.00634765625 0.017578125
11 0.35205078125 0.8232421875 0.00830078125 0.00732421875
12 0.35205078125 0.87841796875 0.0087890625 0.0068359375
11 0.35205078125 0.9296875 0.00830078125 0.0068359375
1 0.193359375 0.93994140625 0.017578125 0.02099609375
0 0.17578125 0.796875 0.005859375 0.07763671875
0 0.17529296875 0.9130859375 0.005859375 0.08251953125
11 0.27294921875 0.76806640625 0.00830078125 0.00732421875
11 0.27294921875 0.814453125 0.00830078125 0.0068359375
8 0.2724609375 0.77978515625 0.00634765625 0.017578125
8 0.2724609375 0.826171875 0.00634765625 0.01806640625
11 0.29052734375 0.76513671875 0.00830078125 0.0068359375
11 0.29052734375 0.8173828125 0.00830078125 0.0068359375
11 0.25146484375 0.77099609375 0.00830078125 0.0068359375
11 0.25146484375 0.8173828125 0.00830078125 0.0068359375
12 0.25146484375 0.88134765625 0.0087890625 0.0068359375
11 0.25146484375 0.93310546875 0.00830078125 0.0068359375
11 0.52197265625 0.88427734375 0.00830078125 0.0068359375
11 0.48388671875 0.77099609375 0.00830078125 0.0068359375
9 0.49072265625 0.935546875 0.0068359375 0.017578125
11 0.49755859375 0.77392578125 0.00830078125 0.0068359375
11 0.51123046875 0.77099609375 0.00830078125 0.0068359375
11 0.51123046875 0.8173828125 0.00830078125 0.0068359375
11 0.51123046875 0.93896484375 0.00830078125 0.00732421875
11 0.48388671875 0.8203125 0.00830078125 0.0068359375
11 0.48388671875 0.94775390625 0.00830078125 0.0068359375
8 0.48388671875 0.83251953125 0.00634765625 0.01806640625
11 0.4169921875 0.76806640625 0.00830078125 0.00732421875
11 0.4169921875 0.814453125 0.00830078125 0.0068359375
11 0.4169921875 0.935546875 0.00830078125 0.0068359375
11 0.55029296875 0.8173828125 0.00830078125 0.0068359375
11 0.55029296875 0.76513671875 0.00830078125 0.0068359375
12 0.55029296875 0.88720703125 0.0087890625 0.00732421875
11 0.3935546875 0.77392578125 0.00830078125 0.0068359375
11 0.4052734375 0.77099609375 0.00830078125 0.0068359375
11 0.55029296875 0.93896484375 0.00830078125 0.00732421875
11 0.462890625 0.94189453125 0.00830078125 0.0068359375
12 0.46337890625 0.88134765625 0.0087890625 0.0068359375
11 0.462890625 0.814453125 0.00830078125 0.0068359375
11 0.462890625 0.76806640625 0.00830078125 0.00732421875
11 0.53271484375 0.76806640625 0.00830078125 0.00732421875
11 0.43896484375 0.93896484375 0.00830078125 0.00732421875
11 0.43896484375 0.76806640625 0.00830078125 0.00732421875
8 0.5322265625 0.77978515625 0.00634765625 0.017578125
8 0.4384765625 0.77978515625 0.00634765625 0.017578125
8 0.4384765625 0.95068359375 0.00634765625 0.017578125