12 0.6708984375 0.833984375 0.0068359375 0.00537109375
11 0.6708984375 0.11572265625 0.00634765625 0.00537109375
12 0.6708984375 0.794921875 0.0068359375 0.00537109375
12 0.6708984375 0.78369140625 0.0068359375 0.00537109375
12 0.6708984375 0.87353515625 0.0068359375 0.00537109375
11 0.634765625 0.11572265625 0.00634765625 0.00537109375
12 0.67724609375 0.87109375 0.0068359375 0.00537109375
11 0.6708984375 0.9111328125 0.00634765625 0.00537109375
11 0.6708984375 0.953125 0.00634765625 0.00537109375
21 0.50244140625 0.91650390625 0.0048828125 0.01416015625
21 0.50244140625 0.958984375 0.0048828125 0.01416015625
11 0.50927734375 0.669921875 0.00634765625 0.00537109375
11 0.52783203125 0.6630859375 0.00634765625 0.00537109375
11 0.53662109375 0.12255859375 0.005859375 0.00537109375
8 0.5361328125 0.13134765625 0.0048828125 0.013671875
11 0.4482421875 0.734375 0.00634765625 0.00537109375
11 0.4619140625 0.7294921875 0.00634765625 0.00537109375
11 0.47998046875 0.72265625 0.00634765625 0.00537109375
11 0.49755859375 0.6748046875 0.00634765625 0.00537109375
15 0.59326171875 0.69384765625 0.005859375 0.00927734375
11 0.61328125 0.12255859375 0.00634765625 0.00537109375
21 0.6123046875 0.6923828125 0.0048828125 0.01416015625
21 0.6123046875 0.91650390625 0.0048828125 0.01416015625
21 0.6123046875 0.958984375 0.0048828125 0.01416015625
11 0.56591796875 0.126953125 0.005859375 0.00537109375
11 0.5400390625 0.65869140625 0.00634765625 0.00537109375
11 0.55322265625 0.65380859375 0.00634765625 0.00537109375
11 0.56591796875 0.64697265625 0.005859375 0.00537109375
11 0.56591796875 0.90625 0.005859375 0.00537109375
11 0.56591796875 0.9482421875 0.005859375 0.00537109375
8 0.5654296875 0.6865234375 0.0048828125 0.013671875
22 0.53466796875 0.30126953125 0.00634765625 0.0029296875
22 0.53466796875 0.2568359375 0.00634765625 0.0029296875
22 0.53466796875 0.2099609375 0.00634765625 0.0029296875
22 0.53466796875 0.16796875 0.00634765625 0.0029296875
22 0.53466796875 0.08837890625 0.00634765625 0.0029296875
22 0.53466796875 0.04638671875 0.00634765625 0.0029296875
22 0.53466796875 0.34375 0.00634765625 0.0029296875
22 0.53466796875 0.62255859375 0.00634765625 0.0029296875
22 0.53466796875 0.56884765625 0.00634765625 0.0029296875
22 0.53466796875 0.53125 0.00634765625 0.0029296875
22 0.53466796875 0.484375 0.00634765625 0.0029296875
22 0.53466796875 0.4423828125 0.00634765625 0.0029296875
22 0.53466796875 0.39306640625 0.00634765625 0.0029296875
21 0.70654296875 0.91650390625 0.0048828125 0.01416015625
21 0.70654296875 0.958984375 0.0048828125 0.01416015625
11 0.72607421875 0.12255859375 0.00634765625 0.00537109375
8 0.7255859375 0.13134765625 0.0048828125 0.013671875
21 0.7822265625 0.91650390625 0.0048828125 0.01416015625
21 0.7822265625 0.958984375 0.0048828125 0.01416015625
11 0.80126953125 0.12451171875 0.00634765625 0.00537109375
8 0.80126953125 0.1337890625 0.0048828125 0.013671875
11 0.74609375 0.11572265625 0.00634765625 0.00537109375
12 0.74658203125 0.794921875 0.0068359375 0.00537109375
12 0.74658203125 0.78369140625 0.0068359375 0.00537109375
12 0.74658203125 0.83154296875 0.0068359375 0.00537109375
12 0.74658203125 0.8759765625 0.0068359375 0.00537109375
12 0.74658203125 0.87109375 0.0068359375 0.00537109375
11 0.74609375 0.9130859375 0.00634765625 0.00537109375
11 0.74609375 0.955078125 0.00634765625 0.00537109375
1 0.1904296875 0.7353515625 0.013671875 0.01611328125
10 0.19091796875 0.78466796875 0.0126953125 0.03515625
10 0.19091796875 0.828125 0.0126953125 0.03515625
1 0.1904296875 0.91650390625 0.013671875 0.01611328125
1 0.1904296875 0.95849609375 0.013671875 0.01611328125
1 0.1904296875 0.533203125 0.013671875 0.01611328125
10 0.19091796875 0.39990234375 0.0126953125 0.03515625
1 0.1904296875 0.4912109375 0.013671875 0.01611328125
11 0.22607421875 0.11767578125 0.005859375 0.00537109375
1 0.1904296875 0.5751953125 0.013671875 0.01611328125
1 0.1904296875 0.62451171875 0.013671875 0.01611328125
1 0.1904296875 0.69189453125 0.013671875 0.01611328125
11 0.24267578125 0.72509765625 0.00634765625 0.00537109375
11 0.259765625 0.71826171875 0.00634765625 0.00537109375
11 0.27587890625 0.669921875 0.00634765625 0.00537109375
21 0.275390625 0.91650390625 0.0048828125 0.01416015625
21 0.275390625 0.958984375 0.0048828125 0.01416015625
11 0.22607421875 0.734375 0.005859375 0.00537109375
13 0.2275390625 0.7861328125 0.00830078125 0.00537109375
13 0.2275390625 0.833984375 0.00830078125 0.00537109375
12 0.2265625 0.86669921875 0.0068359375 0.00537109375
11 0.22607421875 0.91552734375 0.005859375 0.00537109375
11 0.22607421875 0.95751953125 0.005859375 0.00537109375
0 0.1767578125 0.71484375 0.00439453125 0.06298828125
22 0.31884765625 0.04638671875 0.00634765625 0.0029296875
10 0.19091796875 0.04833984375 0.0126953125 0.03515625
10 0.19091796875 0.0908203125 0.0126953125 0.03515625
10 0.19091796875 0.1328125 0.0126953125 0.03515625
10 0.19091796875 0.1748046875 0.0126953125 0.03515625
1 0.1904296875 0.21630859375 0.013671875 0.01611328125
1 0.1904296875 0.2587890625 0.013671875 0.01611328125
10 0.19091796875 0.30859375 0.0126953125 0.03515625
10 0.19091796875 0.3505859375 0.0126953125 0.03515625
22 0.72900390625 0.04638671875 0.00634765625 0.0029296875
22 0.31884765625 0.08837890625 0.00634765625 0.0029296875
22 0.31884765625 0.16796875 0.00634765625 0.0029296875
22 0.31884765625 0.2099609375 0.00634765625 0.0029296875
22 0.31884765625 0.2568359375 0.00634765625 0.0029296875
22 0.31884765625 0.30126953125 0.00634765625 0.0029296875
22 0.31884765625 0.34375 0.00634765625 0.0029296875
22 0.31884765625 0.39306640625 0.00634765625 0.0029296875
22 0.31884765625 0.4423828125 0.00634765625 0.0029296875
22 0.31884765625 0.484375 0.00634765625 0.0029296875
22 0.31884765625 0.53125 0.00634765625 0.0029296875
22 0.31884765625 0.56884765625 0.00634765625 0.0029296875
22 0.31884765625 0.62255859375 0.00634765625 0.0029296875
22 0.72900390625 0.08837890625 0.00634765625 0.0029296875
22 0.72900390625 0.16796875 0.00634765625 0.0029296875
22 0.72900390625 0.2099609375 0.00634765625 0.0029296875
22 0.72900390625 0.2568359375 0.00634765625 0.0029296875
22 0.72900390625 0.30126953125 0.00634765625 0.0029296875
22 0.72900390625 0.34375 0.00634765625 0.0029296875
22 0.72900390625 0.39306640625 0.00634765625 0.0029296875
22 0.72900390625 0.4423828125 0.00634765625 0.0029296875
22 0.72900390625 0.484375 0.00634765625 0.0029296875
22 0.72900390625 0.53125 0.00634765625 0.0029296875
22 0.72900390625 0.56884765625 0.00634765625 0.0029296875
22 0.72900390625 0.62255859375 0.00634765625 0.0029296875
22 0.72900390625 0.68994140625 0.00634765625 0.0029296875
22 0.72900390625 0.7333984375 0.00634765625 0.0029296875
11 0.4345703125 0.11572265625 0.00634765625 0.00537109375
11 0.4345703125 0.73876953125 0.00634765625 0.00537109375
13 0.435546875 0.78369140625 0.00830078125 0.00537109375
13 0.435546875 0.833984375 0.00830078125 0.00537109375
13 0.435546875 0.87109375 0.00830078125 0.00537109375
11 0.4345703125 0.90380859375 0.00634765625 0.00537109375
11 0.4345703125 0.9462890625 0.00634765625 0.00537109375
13 0.435546875 0.79541015625 0.00830078125 0.00537109375
11 0.33935546875 0.7294921875 0.005859375 0.00537109375
11 0.35595703125 0.72509765625 0.00634765625 0.00537109375
11 0.29296875 0.66552734375 0.00634765625 0.00537109375
11 0.30078125 0.1201171875 0.00634765625 0.00537109375
8 0.30029296875 0.12939453125 0.0048828125 0.013671875
11 0.30810546875 0.65869140625 0.00634765625 0.00537109375
11 0.32275390625 0.12255859375 0.00634765625 0.00537109375
11 0.32275390625 0.73681640625 0.00634765625 0.00537109375
12 0.32275390625 0.8642578125 0.0068359375 0.00537109375
11 0.32275390625 0.91796875 0.00634765625 0.00537109375
11 0.32275390625 0.9599609375 0.00634765625 0.00537109375
11 0.38916015625 0.66552734375 0.00634765625 0.00537109375
11 0.39697265625 0.11767578125 0.00634765625 0.00537109375
11 0.40478515625 0.65625 0.00634765625 0.00537109375
11 0.37255859375 0.1201171875 0.00634765625 0.00537109375
11 0.37255859375 0.669921875 0.00634765625 0.00537109375
11 0.37255859375 0.90185546875 0.00634765625 0.00537109375
11 0.37255859375 0.94384765625 0.00634765625 0.00537109375