11 0.67626953125 0.064453125 0.0078125 0.0068359375
11 0.65869140625 0.0703125 0.0078125 0.0068359375
8 0.6416015625 0.15234375 0.00634765625 0.01806640625
11 0.70849609375 0.064453125 0.0078125 0.0068359375
11 0.69091796875 0.12353515625 0.0078125 0.00732421875
11 0.69091796875 0.0703125 0.0078125 0.0068359375
8 0.58349609375 0.15478515625 0.00634765625 0.017578125
11 0.583984375 0.13818359375 0.0078125 0.00732421875
11 0.583984375 0.14404296875 0.0078125 0.0068359375
11 0.583984375 0.0673828125 0.0078125 0.00732421875
11 0.5693359375 0.0615234375 0.0078125 0.0068359375
11 0.5517578125 0.0673828125 0.0078125 0.00732421875
11 0.64208984375 0.14111328125 0.0078125 0.0068359375
11 0.64208984375 0.0673828125 0.0078125 0.00732421875
11 0.61767578125 0.064453125 0.0078125 0.0068359375
11 0.6015625 0.0615234375 0.0078125 0.0068359375
11 0.77294921875 0.064453125 0.0078125 0.0068359375
11 0.75537109375 0.0703125 0.0078125 0.0068359375
11 0.74072265625 0.12060546875 0.0078125 0.0068359375
11 0.74072265625 0.064453125 0.0078125 0.0068359375
11 0.72314453125 0.0703125 0.0078125 0.0068359375
9 0.7958984375 0.13525390625 0.0068359375 0.017578125
8 0.78857421875 0.0732421875 0.00634765625 0.017578125
11 0.7890625 0.14697265625 0.0078125 0.0068359375
11 0.7890625 0.16796875 0.0078125 0.0068359375
11 0.7890625 0.0615234375 0.0078125 0.0068359375
11 0.353515625 0.0703125 0.0078125 0.0068359375
11 0.353515625 0.076171875 0.0078125 0.0068359375
11 0.353515625 0.0849609375 0.0078125 0.0068359375
11 0.326171875 0.12060546875 0.0078125 0.0068359375
11 0.326171875 0.12646484375 0.0078125 0.0068359375
11 0.326171875 0.13525390625 0.0078125 0.0068359375
11 0.3974609375 0.05810546875 0.0078125 0.0068359375
8 0.37353515625 0.15234375 0.00634765625 0.01806640625
11 0.30615234375 0.0673828125 0.0078125 0.00732421875
11 0.3740234375 0.13525390625 0.0078125 0.0068359375
11 0.3740234375 0.14111328125 0.0078125 0.0068359375
11 0.3740234375 0.0615234375 0.0078125 0.0068359375
10 0.19384765625 0.07470703125 0.0166015625 0.04541015625
11 0.23193359375 0.12646484375 0.0078125 0.0068359375
1 0.19384765625 0.1396484375 0.017578125 0.02099609375
11 0.23193359375 0.11767578125 0.0078125 0.0068359375
0 0.17578125 0.10888671875 0.00634765625 0.0888671875
11 0.30615234375 0.0732421875 0.0078125 0.00732421875
11 0.30615234375 0.08203125 0.0078125 0.0068359375
11 0.27880859375 0.11767578125 0.0078125 0.0068359375
11 0.27880859375 0.12353515625 0.0078125 0.00732421875
11 0.27880859375 0.13232421875 0.0078125 0.0068359375
11 0.2587890625 0.0615234375 0.0078125 0.0068359375
11 0.2587890625 0.0673828125 0.0078125 0.00732421875
11 0.2587890625 0.076171875 0.0078125 0.0068359375
11 0.23193359375 0.11181640625 0.0078125 0.0068359375
11 0.48681640625 0.12060546875 0.0078125 0.0068359375
11 0.48681640625 0.0673828125 0.0078125 0.00732421875
11 0.47265625 0.0615234375 0.0078125 0.0068359375
11 0.537109375 0.11767578125 0.0078125 0.0068359375
11 0.537109375 0.0615234375 0.0078125 0.0068359375
11 0.51953125 0.0673828125 0.0078125 0.00732421875
11 0.50439453125 0.0615234375 0.0078125 0.0068359375
11 0.455078125 0.0673828125 0.0078125 0.00732421875
8 0.43798828125 0.150390625 0.00634765625 0.017578125
11 0.4384765625 0.064453125 0.0078125 0.0068359375
11 0.4384765625 0.13818359375 0.0078125 0.00732421875
11 0.41357421875 0.0615234375 0.0078125 0.0068359375
11 0.6767578125 0.31884765625 0.0078125 0.0068359375
11 0.6767578125 0.26513671875 0.0078125 0.0068359375
11 0.662109375 0.25927734375 0.0078125 0.0068359375
11 0.64404296875 0.26513671875 0.0078125 0.0068359375
11 0.6943359375 0.25927734375 0.0078125 0.0068359375
11 0.708984375 0.26513671875 0.0078125 0.0068359375
11 0.60302734375 0.25927734375 0.0078125 0.0068359375
11 0.6279296875 0.33642578125 0.0078125 0.0068359375
11 0.6279296875 0.2626953125 0.0078125 0.0068359375
11 0.5869140625 0.25634765625 0.0078125 0.0068359375
8 0.62744140625 0.34814453125 0.00634765625 0.01806640625
8 0.56298828125 0.3505859375 0.00634765625 0.017578125
11 0.75927734375 0.25927734375 0.0078125 0.0068359375
11 0.74169921875 0.26513671875 0.0078125 0.0068359375
11 0.7265625 0.3154296875 0.0078125 0.0068359375
11 0.8076171875 0.2626953125 0.0078125 0.0068359375
11 0.79150390625 0.25927734375 0.0078125 0.0068359375
11 0.7265625 0.25927734375 0.0078125 0.0068359375
8 0.7734375 0.3525390625 0.00634765625 0.01806640625
11 0.77392578125 0.33642578125 0.0078125 0.0068359375
11 0.77392578125 0.34228515625 0.0078125 0.0068359375
11 0.77392578125 0.26513671875 0.0078125 0.0068359375
11 0.306640625 0.23291015625 0.0078125 0.00732421875
11 0.32421875 0.3154296875 0.0078125 0.0068359375
11 0.32421875 0.32177734375 0.0078125 0.0068359375
11 0.32421875 0.33056640625 0.0078125 0.0068359375
11 0.306640625 0.24169921875 0.0078125 0.0068359375
11 0.306640625 0.24755859375 0.0078125 0.0068359375
11 0.279296875 0.31884765625 0.0078125 0.0068359375
11 0.279296875 0.32763671875 0.0078125 0.0068359375
11 0.369140625 0.31884765625 0.0078125 0.0068359375
11 0.396484375 0.22705078125 0.0078125 0.0068359375
11 0.396484375 0.23291015625 0.0078125 0.00732421875
11 0.396484375 0.24169921875 0.0078125 0.0068359375
11 0.369140625 0.31298828125 0.0078125 0.0068359375
11 0.279296875 0.33349609375 0.0078125 0.0068359375
11 0.369140625 0.32763671875 0.0078125 0.0068359375
11 0.3515625 0.22998046875 0.0078125 0.0068359375
11 0.3515625 0.23583984375 0.0078125 0.0068359375
11 0.3515625 0.24462890625 0.0078125 0.0068359375
1 0.19384765625 0.33740234375 0.017578125 0.02099609375
1 0.19384765625 0.2724609375 0.017578125 0.02099609375
0 0.17578125 0.306640625 0.00634765625 0.0888671875
11 0.26171875 0.23583984375 0.0078125 0.0068359375
11 0.26171875 0.24462890625 0.0078125 0.0068359375
11 0.26171875 0.25048828125 0.0078125 0.0068359375
11 0.234375 0.32177734375 0.0078125 0.0068359375
11 0.234375 0.33056640625 0.0078125 0.0068359375
11 0.234375 0.33642578125 0.0078125 0.0068359375
11 0.47021484375 0.3154296875 0.0078125 0.0068359375
11 0.54248046875 0.24755859375 0.0078125 0.0068359375
11 0.54248046875 0.23876953125 0.0078125 0.00732421875
11 0.49755859375 0.24462890625 0.0078125 0.0068359375
11 0.47021484375 0.32177734375 0.0078125 0.0068359375
11 0.54248046875 0.23291015625 0.0078125 0.00732421875
11 0.47021484375 0.33056640625 0.0078125 0.0068359375
11 0.51513671875 0.31884765625 0.0078125 0.0068359375
11 0.51513671875 0.32470703125 0.0078125 0.00732421875
11 0.51513671875 0.33349609375 0.0078125 0.0068359375
11 0.49755859375 0.22998046875 0.0078125 0.0068359375
11 0.49755859375 0.23583984375 0.0078125 0.0068359375
11 0.56298828125 0.25927734375 0.0078125 0.0068359375
11 0.42529296875 0.3095703125 0.0078125 0.00732421875
11 0.42529296875 0.3154296875 0.0078125 0.0068359375
11 0.42529296875 0.32470703125 0.0078125 0.00732421875
11 0.56298828125 0.33935546875 0.0078125 0.00732421875
11 0.56298828125 0.33349609375 0.0078125 0.0068359375
11 0.45263671875 0.22412109375 0.0078125 0.0068359375
11 0.45263671875 0.22998046875 0.0078125 0.0068359375
11 0.45263671875 0.23876953125 0.0078125 0.00732421875
9 0.64892578125 0.48095703125 0.0068359375 0.017578125
9 0.64892578125 0.5341796875 0.0068359375 0.017578125
11 0.62841796875 0.46044921875 0.0078125 0.0068359375
11 0.642578125 0.5458984375 0.0078125 0.0068359375
11 0.642578125 0.56689453125 0.0078125 0.0068359375
11 0.642578125 0.4931640625 0.0078125 0.0068359375
11 0.6787109375 0.5166015625 0.0078125 0.0068359375
11 0.6787109375 0.5224609375 0.0078125 0.0068359375
11 0.6787109375 0.53125 0.0078125 0.0068359375
11 0.5537109375 0.46630859375 0.0078125 0.0068359375
11 0.5537109375 0.4755859375 0.0078125 0.00732421875
11 0.5537109375 0.4814453125 0.0078125 0.0068359375
11 0.62841796875 0.4755859375 0.0078125 0.00732421875
11 0.6064453125 0.51318359375 0.0078125 0.0068359375
11 0.6064453125 0.51953125 0.0078125 0.0068359375
11 0.6064453125 0.5283203125 0.0078125 0.00732421875
11 0.62841796875 0.46630859375 0.0078125 0.0068359375
11 0.5908203125 0.46337890625 0.0078125 0.0068359375
11 0.5908203125 0.4697265625 0.0078125 0.0068359375
11 0.5908203125 0.478515625 0.0078125 0.0068359375
11 0.5693359375 0.5166015625 0.0078125 0.0068359375
11 0.5693359375 0.5224609375 0.0078125 0.0068359375
11 0.5693359375 0.53125 0.0078125 0.0068359375
5 0.8125 0.50146484375 0.0068359375 0.0205078125
4 0.8056640625 0.4833984375 0.00732421875 0.01806640625
11 0.8056640625 0.5107421875 0.0078125 0.0068359375
11 0.8056640625 0.5166015625 0.0078125 0.0068359375
11 0.8056640625 0.45751953125 0.0078125 0.0068359375
11 0.8056640625 0.46337890625 0.0078125 0.0068359375
11 0.8056640625 0.47265625 0.0078125 0.0068359375
11 0.7529296875 0.525390625 0.0078125 0.0068359375
11 0.73779296875 0.46044921875 0.0078125 0.0068359375
11 0.73779296875 0.46630859375 0.0078125 0.0068359375
11 0.73779296875 0.4755859375 0.0078125 0.00732421875
11 0.7529296875 0.5166015625 0.0078125 0.0068359375
11 0.7158203125 0.51318359375 0.0078125 0.0068359375
11 0.7158203125 0.51953125 0.0078125 0.0068359375
11 0.7158203125 0.5283203125 0.0078125 0.00732421875
11 0.70068359375 0.46337890625 0.0078125 0.0068359375
11 0.70068359375 0.4697265625 0.0078125 0.0068359375
14 0.79052734375 0.47607421875 0.0087890625 0.01708984375
8 0.78955078125 0.537109375 0.00634765625 0.01806640625
14 0.79052734375 0.52587890625 0.0087890625 0.01708984375
11 0.7900390625 0.525390625 0.0078125 0.0068359375
11 0.70068359375 0.478515625 0.0078125 0.0068359375
11 0.77490234375 0.45751953125 0.0078125 0.0068359375
11 0.77490234375 0.46337890625 0.0078125 0.0068359375
11 0.77490234375 0.47265625 0.0078125 0.0068359375
11 0.7529296875 0.5107421875 0.0078125 0.0068359375
11 0.294921875 0.46630859375 0.0078125 0.0068359375
11 0.30908203125 0.51953125 0.0078125 0.0068359375
11 0.30908203125 0.46044921875 0.0078125 0.0068359375
11 0.28369140625 0.46044921875 0.0078125 0.0068359375
11 0.3466796875 0.45751953125 0.0078125 0.0068359375
8 0.34619140625 0.46923828125 0.00634765625 0.017578125
11 0.5322265625 0.51953125 0.0078125 0.0068359375
11 0.3466796875 0.5458984375 0.0078125 0.0068359375
11 0.3466796875 0.56689453125 0.0078125 0.0068359375
11 0.333984375 0.46044921875 0.0078125 0.0068359375
11 0.3203125 0.46630859375 0.0078125 0.0068359375
11 0.23193359375 0.5400390625 0.0078125 0.0068359375
11 0.23193359375 0.46337890625 0.0078125 0.0068359375
1 0.19384765625 0.5380859375 0.017578125 0.02099609375
1 0.19384765625 0.470703125 0.017578125 0.02099609375
0 0.17578125 0.50634765625 0.00634765625 0.09228515625
11 0.25830078125 0.46044921875 0.0078125 0.0068359375
11 0.26953125 0.5224609375 0.0078125 0.0068359375
11 0.26953125 0.46630859375 0.0078125 0.0068359375
11 0.24462890625 0.46630859375 0.0078125 0.0068359375
8 0.2314453125 0.55126953125 0.00634765625 0.01806640625
11 0.4833984375 0.46337890625 0.0078125 0.0068359375
11 0.4833984375 0.4697265625 0.0078125 0.0068359375
11 0.4833984375 0.478515625 0.0078125 0.0068359375
11 0.46142578125 0.5166015625 0.0078125 0.0068359375
11 0.46142578125 0.5224609375 0.0078125 0.0068359375
11 0.46142578125 0.53125 0.0078125 0.0068359375
11 0.44677734375 0.46630859375 0.0078125 0.0068359375
11 0.44677734375 0.4755859375 0.0078125 0.00732421875
11 0.44677734375 0.4814453125 0.0078125 0.0068359375
11 0.42431640625 0.51953125 0.0078125 0.0068359375
9 0.50244140625 0.48095703125 0.0068359375 0.017578125
11 0.5322265625 0.5283203125 0.0078125 0.00732421875
11 0.5322265625 0.5341796875 0.0078125 0.0068359375
9 0.50244140625 0.5341796875 0.0068359375 0.017578125
11 0.49560546875 0.5458984375 0.0078125 0.0068359375
11 0.49560546875 0.56689453125 0.0078125 0.0068359375
11 0.49560546875 0.4931640625 0.0078125 0.0068359375
11 0.42431640625 0.5341796875 0.0078125 0.0068359375
11 0.3876953125 0.5224609375 0.0078125 0.0068359375
11 0.3876953125 0.53125 0.0078125 0.0068359375
11 0.3876953125 0.537109375 0.0078125 0.0068359375
9 0.353515625 0.5341796875 0.0068359375 0.017578125
11 0.4091796875 0.478515625 0.0078125 0.0068359375
11 0.4091796875 0.4697265625 0.0078125 0.0068359375
11 0.4091796875 0.484375 0.0078125 0.0068359375
11 0.42431640625 0.5283203125 0.0078125 0.00732421875
11 0.60986328125 0.6611328125 0.0078125 0.0068359375
11 0.62109375 0.6552734375 0.0078125 0.0068359375
11 0.5986328125 0.66748046875 0.0078125 0.0068359375
11 0.58203125 0.74853515625 0.0078125 0.0068359375
11 0.48046875 0.75439453125 0.0078125 0.0068359375
11 0.66162109375 0.75439453125 0.0078125 0.0068359375
11 0.650390625 0.7607421875 0.0078125 0.0068359375
11 0.63916015625 0.7666015625 0.0078125 0.0068359375
11 0.63232421875 0.6494140625 0.0078125 0.0068359375
11 0.5302734375 0.6552734375 0.0078125 0.0068359375
11 0.51904296875 0.6611328125 0.0078125 0.0068359375
11 0.5078125 0.66748046875 0.0078125 0.0068359375
11 0.4912109375 0.75146484375 0.0078125 0.00732421875
11 0.57080078125 0.75439453125 0.0078125 0.0068359375
11 0.5595703125 0.7607421875 0.0078125 0.0068359375
11 0.54833984375 0.7666015625 0.0078125 0.0068359375
11 0.54150390625 0.65234375 0.0078125 0.0068359375
11 0.8134765625 0.6435546875 0.0078125 0.00732421875
11 0.80224609375 0.6494140625 0.0078125 0.0068359375
11 0.791015625 0.6552734375 0.0078125 0.0068359375
11 0.77978515625 0.6611328125 0.0078125 0.0068359375
11 0.7001953125 0.6611328125 0.0078125 0.0068359375
11 0.72265625 0.65234375 0.0078125 0.0068359375
11 0.71142578125 0.6552734375 0.0078125 0.0068359375
11 0.68896484375 0.66748046875 0.0078125 0.0068359375
11 0.76318359375 0.74267578125 0.0078125 0.0068359375
11 0.751953125 0.74853515625 0.0078125 0.0068359375
11 0.67236328125 0.75146484375 0.0078125 0.00732421875
11 0.74072265625 0.75439453125 0.0078125 0.0068359375
11 0.7294921875 0.7607421875 0.0078125 0.0068359375
4 0.28173828125 0.68212890625 0.00732421875 0.01806640625
11 0.30908203125 0.73095703125 0.0078125 0.0068359375
11 0.30908203125 0.65234375 0.0078125 0.0068359375
11 0.30908203125 0.6611328125 0.0078125 0.0068359375
11 0.30908203125 0.66748046875 0.0078125 0.0068359375
11 0.30908203125 0.67333984375 0.0078125 0.00732421875
5 0.28857421875 0.7099609375 0.0068359375 0.0205078125
11 0.30908203125 0.72509765625 0.0078125 0.0068359375
11 0.28173828125 0.71923828125 0.0078125 0.0068359375
11 0.28173828125 0.72802734375 0.0078125 0.0068359375
11 0.28173828125 0.6552734375 0.0078125 0.0068359375
11 0.28173828125 0.6640625 0.0078125 0.0068359375
11 0.28173828125 0.669921875 0.0078125 0.0068359375
11 0.3505859375 0.7666015625 0.0078125 0.0068359375
9 0.3154296875 0.7158203125 0.0068359375 0.017578125
8 0.30859375 0.68408203125 0.00634765625 0.017578125
11 0.23193359375 0.72802734375 0.0078125 0.0068359375
11 0.23193359375 0.6552734375 0.0078125 0.0068359375
11 0.23193359375 0.6640625 0.0078125 0.0068359375
11 0.23193359375 0.669921875 0.0078125 0.0068359375
1 0.19384765625 0.74951171875 0.017578125 0.02099609375
11 0.23193359375 0.71923828125 0.0078125 0.0068359375
10 0.19384765625 0.671875 0.0166015625 0.04541015625
0 0.17578125 0.71240234375 0.00634765625 0.10302734375
11 0.24853515625 0.72802734375 0.0078125 0.0068359375
14 0.26513671875 0.74365234375 0.0087890625 0.017578125
14 0.26513671875 0.6767578125 0.0087890625 0.01708984375
11 0.24853515625 0.71923828125 0.0078125 0.0068359375
11 0.3505859375 0.7724609375 0.0078125 0.00732421875
11 0.24853515625 0.6552734375 0.0078125 0.0068359375
11 0.24853515625 0.6640625 0.0078125 0.0068359375
11 0.24853515625 0.669921875 0.0078125 0.0068359375
11 0.4580078125 0.7666015625 0.0078125 0.0068359375
11 0.4580078125 0.7724609375 0.0078125 0.00732421875
11 0.4345703125 0.6494140625 0.0078125 0.0068359375
11 0.42333984375 0.6552734375 0.0078125 0.0068359375
11 0.412109375 0.6611328125 0.0078125 0.0068359375
11 0.46923828125 0.7607421875 0.0078125 0.0068359375
11 0.373046875 0.75439453125 0.0078125 0.0068359375
11 0.384765625 0.74853515625 0.0078125 0.0068359375
11 0.3623046875 0.7607421875 0.0078125 0.0068359375
11 0.40087890625 0.66748046875 0.0078125 0.0068359375
11 0.62353515625 0.8671875 0.0078125 0.00732421875
11 0.60546875 0.87255859375 0.0078125 0.0068359375
11 0.67138671875 0.9462890625 0.0078125 0.0068359375
11 0.640625 0.86376953125 0.0078125 0.0068359375
11 0.658203125 0.85791015625 0.0078125 0.0068359375
11 0.53076171875 0.9521484375 0.0078125 0.0068359375
11 0.51708984375 0.85498046875 0.0078125 0.0068359375
11 0.54833984375 0.9462890625 0.0078125 0.0068359375
11 0.5654296875 0.943359375 0.0078125 0.00732421875
11 0.5830078125 0.9375 0.0078125 0.0068359375
11 0.80810546875 0.8701171875 0.0078125 0.0068359375
11 0.79052734375 0.87890625 0.0078125 0.0068359375
11 0.73291015625 0.92822265625 0.0078125 0.0068359375
11 0.71533203125 0.9375 0.0078125 0.0068359375
11 0.68896484375 0.93994140625 0.0078125 0.0068359375
11 0.755859375 0.8876953125 0.0078125 0.00732421875
11 0.7734375 0.8818359375 0.0078125 0.0068359375
11 0.2919921875 0.9375 0.0078125 0.0068359375
11 0.265625 0.943359375 0.0078125 0.00732421875
11 0.349609375 0.86376953125 0.0078125 0.0068359375
11 0.33251953125 0.8671875 0.0078125 0.00732421875
11 0.31494140625 0.87255859375 0.0078125 0.0068359375
10 0.193359375 0.88330078125 0.01611328125 0.04541015625
0 0.17626953125 0.9140625 0.005859375 0.0830078125
11 0.24853515625 0.9462890625 0.0078125 0.0068359375
11 0.23095703125 0.9521484375 0.0078125 0.0068359375
10 0.193359375 0.94189453125 0.01611328125 0.04541015625
11 0.44189453125 0.93408203125 0.0078125 0.0068359375
11 0.5 0.861328125 0.0078125 0.0068359375
11 0.482421875 0.8671875 0.0078125 0.00732421875
11 0.42431640625 0.93994140625 0.0078125 0.0068359375
11 0.46484375 0.87255859375 0.0078125 0.0068359375
11 0.38916015625 0.9521484375 0.0078125 0.0068359375
11 0.3759765625 0.85791015625 0.0078125 0.0068359375
11 0.40673828125 0.9462890625 0.0078125 0.0068359375