11 0.5419921875 0.16162109375 0.00830078125 0.0068359375
11 0.5419921875 0.07177734375 0.00830078125 0.0068359375
11 0.5419921875 0.32470703125 0.00830078125 0.0068359375
11 0.5419921875 0.3935546875 0.00830078125 0.0068359375
11 0.5419921875 0.2431640625 0.00830078125 0.00732421875
12 0.69091796875 0.06884765625 0.0087890625 0.0068359375
11 0.66015625 0.15283203125 0.00830078125 0.0068359375
11 0.66015625 0.240234375 0.00830078125 0.0068359375
11 0.6904296875 0.15869140625 0.00830078125 0.0068359375
12 0.69091796875 0.23388671875 0.0087890625 0.0068359375
12 0.69091796875 0.3154296875 0.0087890625 0.00732421875
12 0.69091796875 0.390625 0.0087890625 0.0068359375
12 0.6220703125 0.3271484375 0.0087890625 0.0068359375
11 0.64111328125 0.15576171875 0.00830078125 0.00732421875
11 0.64111328125 0.2373046875 0.00830078125 0.0068359375
11 0.56103515625 0.1650390625 0.0078125 0.0068359375
11 0.56103515625 0.07470703125 0.0078125 0.0068359375
12 0.5615234375 0.318359375 0.0087890625 0.0068359375
11 0.56103515625 0.396484375 0.0078125 0.00732421875
11 0.59912109375 0.068359375 0.00830078125 0.00732421875
12 0.6220703125 0.06884765625 0.0087890625 0.0068359375
11 0.62158203125 0.15869140625 0.00830078125 0.0068359375
11 0.62158203125 0.240234375 0.00830078125 0.0068359375
9 0.5771484375 0.23388671875 0.0068359375 0.017578125
11 0.5703125 0.24609375 0.00830078125 0.0068359375
12 0.6220703125 0.39990234375 0.0087890625 0.0068359375
11 0.58544921875 0.07177734375 0.00830078125 0.0068359375
11 0.58544921875 0.16162109375 0.00830078125 0.0068359375
11 0.58544921875 0.2431640625 0.00830078125 0.00732421875
11 0.58544921875 0.3935546875 0.00830078125 0.0068359375
11 0.78466796875 0.15576171875 0.00830078125 0.00732421875
11 0.78466796875 0.2373046875 0.00830078125 0.0068359375
11 0.80419921875 0.15283203125 0.00830078125 0.0068359375
11 0.80419921875 0.23388671875 0.00830078125 0.0068359375
11 0.70947265625 0.15576171875 0.00830078125 0.00732421875
11 0.728515625 0.068359375 0.0078125 0.00732421875
11 0.728515625 0.15869140625 0.0078125 0.0068359375
11 0.728515625 0.240234375 0.0078125 0.0068359375
12 0.76513671875 0.3212890625 0.0087890625 0.0068359375
11 0.7646484375 0.15869140625 0.00830078125 0.0068359375
11 0.7646484375 0.240234375 0.00830078125 0.0068359375
11 0.728515625 0.3212890625 0.0078125 0.0068359375
11 0.7412109375 0.07763671875 0.00830078125 0.0068359375
11 0.7412109375 0.15869140625 0.00830078125 0.0068359375
11 0.30859375 0.068359375 0.00830078125 0.00732421875
11 0.30859375 0.2490234375 0.00830078125 0.0068359375
8 0.30810546875 0.08056640625 0.00634765625 0.017578125
11 0.32958984375 0.0625 0.00830078125 0.0068359375
12 0.32958984375 0.16162109375 0.0087890625 0.0068359375
11 0.32958984375 0.2431640625 0.00830078125 0.00732421875
11 0.32958984375 0.32470703125 0.00830078125 0.0068359375
12 0.32958984375 0.3876953125 0.0087890625 0.0068359375
11 0.3623046875 0.23388671875 0.0078125 0.0068359375
11 0.3759765625 0.068359375 0.00830078125 0.00732421875
11 0.3759765625 0.15576171875 0.00830078125 0.00732421875
11 0.3759765625 0.2314453125 0.00830078125 0.0068359375
11 0.3759765625 0.318359375 0.00830078125 0.0068359375
11 0.5224609375 0.068359375 0.00830078125 0.00732421875
11 0.34912109375 0.0654296875 0.00830078125 0.0068359375
11 0.34912109375 0.2373046875 0.00830078125 0.0068359375
11 0.34912109375 0.3212890625 0.00830078125 0.0068359375
10 0.19287109375 0.38330078125 0.0166015625 0.0458984375
10 0.19287109375 0.15771484375 0.0166015625 0.0458984375
10 0.19287109375 0.23291015625 0.0166015625 0.0458984375
10 0.19287109375 0.30810546875 0.0166015625 0.0458984375
11 0.24169921875 0.068359375 0.00830078125 0.00732421875
12 0.2421875 0.15869140625 0.0087890625 0.0068359375
11 0.24169921875 0.23388671875 0.00830078125 0.0068359375
12 0.2421875 0.3212890625 0.0087890625 0.0068359375
12 0.2421875 0.384765625 0.0087890625 0.0068359375
22 0.78466796875 0.0791015625 0.00830078125 0.00390625
22 0.78466796875 0.38037109375 0.00830078125 0.00390625
10 0.19287109375 0.08203125 0.0166015625 0.0458984375
11 0.2685546875 0.068359375 0.00830078125 0.00732421875
11 0.2685546875 0.240234375 0.00830078125 0.0068359375
11 0.28173828125 0.2431640625 0.00830078125 0.00732421875
11 0.29541015625 0.24609375 0.00830078125 0.0068359375
11 0.29541015625 0.3125 0.00830078125 0.0068359375
11 0.25537109375 0.2373046875 0.00830078125 0.0068359375
12 0.47314453125 0.06884765625 0.0087890625 0.0068359375
11 0.47265625 0.14990234375 0.00830078125 0.0068359375
11 0.47265625 0.2314453125 0.00830078125 0.0068359375
11 0.47265625 0.306640625 0.00830078125 0.0068359375
11 0.47265625 0.3818359375 0.00830078125 0.00732421875
11 0.50927734375 0.0654296875 0.00830078125 0.0068359375
11 0.50927734375 0.15869140625 0.00830078125 0.0068359375
11 0.50927734375 0.24609375 0.00830078125 0.0068359375
11 0.50927734375 0.318359375 0.00830078125 0.0068359375
11 0.4912109375 0.240234375 0.0078125 0.0068359375
11 0.4912109375 0.15576171875 0.0078125 0.00732421875
11 0.4912109375 0.3125 0.0078125 0.0068359375
12 0.4912109375 0.390625 0.0087890625 0.0068359375
11 0.408203125 0.3935546875 0.00830078125 0.0068359375
11 0.408203125 0.3125 0.00830078125 0.0068359375
11 0.408203125 0.2314453125 0.00830078125 0.0068359375
11 0.427734375 0.15869140625 0.00830078125 0.0068359375
11 0.427734375 0.068359375 0.00830078125 0.00732421875
11 0.427734375 0.3154296875 0.00830078125 0.00732421875
11 0.38916015625 0.07177734375 0.0078125 0.0068359375
11 0.44677734375 0.0654296875 0.00830078125 0.0068359375
11 0.44677734375 0.15576171875 0.00830078125 0.00732421875
11 0.44677734375 0.22509765625 0.00830078125 0.0068359375
11 0.44677734375 0.318359375 0.00830078125 0.0068359375
11 0.44677734375 0.3876953125 0.00830078125 0.0068359375
11 0.427734375 0.390625 0.00830078125 0.0068359375
11 0.408203125 0.07177734375 0.00830078125 0.0068359375
11 0.408203125 0.16162109375 0.00830078125 0.0068359375
11 0.427734375 0.22802734375 0.00830078125 0.00732421875
11 0.6123046875 0.5947265625 0.00830078125 0.00732421875
11 0.6279296875 0.591796875 0.00830078125 0.0068359375
12 0.6953125 0.591796875 0.0087890625 0.0068359375
21 0.69384765625 0.67431640625 0.00634765625 0.0185546875
11 0.6953125 0.76904296875 0.00830078125 0.00732421875
12 0.6953125 0.8447265625 0.0087890625 0.0068359375
12 0.6953125 0.919921875 0.0087890625 0.0068359375
11 0.6416015625 0.59765625 0.00830078125 0.0068359375
11 0.65771484375 0.5947265625 0.00830078125 0.00732421875
11 0.6728515625 0.591796875 0.00830078125 0.0068359375
11 0.541015625 0.6611328125 0.00830078125 0.00732421875
12 0.54150390625 0.75732421875 0.0087890625 0.0068359375
11 0.56640625 0.65185546875 0.00830078125 0.0068359375
11 0.5966796875 0.59765625 0.00830078125 0.0068359375
12 0.5966796875 0.65185546875 0.0087890625 0.0068359375
12 0.5966796875 0.75732421875 0.0087890625 0.0068359375
12 0.5966796875 0.8359375 0.0087890625 0.0068359375
12 0.5966796875 0.90771484375 0.0087890625 0.00732421875
12 0.78076171875 0.65185546875 0.0087890625 0.0068359375
12 0.78076171875 0.74853515625 0.0087890625 0.0068359375
12 0.78076171875 0.8359375 0.0087890625 0.0068359375
12 0.78076171875 0.919921875 0.0087890625 0.0068359375
11 0.71875 0.6611328125 0.00830078125 0.00732421875
12 0.71875 0.75732421875 0.0087890625 0.0068359375
11 0.74365234375 0.65185546875 0.00830078125 0.0068359375
12 0.78076171875 0.591796875 0.0087890625 0.0068359375
11 0.302734375 0.5947265625 0.00830078125 0.00732421875
11 0.318359375 0.591796875 0.00830078125 0.0068359375
12 0.3408203125 0.591796875 0.0087890625 0.0068359375
21 0.33935546875 0.67431640625 0.00634765625 0.0185546875
11 0.34033203125 0.76904296875 0.00830078125 0.00732421875
12 0.3408203125 0.8447265625 0.0087890625 0.0068359375
12 0.3408203125 0.919921875 0.0087890625 0.0068359375
11 0.27294921875 0.591796875 0.00830078125 0.0068359375
19 0.27294921875 0.67431640625 0.00830078125 0.00390625
19 0.27294921875 0.74951171875 0.00830078125 0.00390625
11 0.287109375 0.59765625 0.00830078125 0.0068359375
10 0.19287109375 0.8251953125 0.0166015625 0.0458984375
10 0.19287109375 0.67431640625 0.0166015625 0.0458984375
10 0.19287109375 0.75 0.0166015625 0.0458984375
10 0.19287109375 0.900390625 0.0166015625 0.0458984375
10 0.19287109375 0.59912109375 0.0166015625 0.0458984375
11 0.25732421875 0.5947265625 0.0078125 0.00732421875
11 0.24169921875 0.59765625 0.00830078125 0.0068359375
11 0.24169921875 0.6728515625 0.00830078125 0.0068359375
11 0.24169921875 0.75732421875 0.00830078125 0.0068359375
12 0.2421875 0.8359375 0.0087890625 0.0068359375
12 0.2421875 0.90771484375 0.0087890625 0.00732421875
11 0.46435546875 0.59765625 0.00830078125 0.0068359375
11 0.4501953125 0.591796875 0.00830078125 0.0068359375
11 0.47998046875 0.5947265625 0.00830078125 0.00732421875
11 0.43505859375 0.5947265625 0.00830078125 0.00732421875
11 0.517578125 0.76904296875 0.00830078125 0.00732421875
11 0.49560546875 0.591796875 0.00830078125 0.0068359375
12 0.51806640625 0.591796875 0.0087890625 0.0068359375
21 0.5166015625 0.67431640625 0.00634765625 0.0185546875
12 0.51806640625 0.8447265625 0.0087890625 0.0068359375
12 0.51806640625 0.919921875 0.0087890625 0.0068359375
11 0.41943359375 0.59765625 0.00830078125 0.0068359375
12 0.41943359375 0.65185546875 0.0087890625 0.0068359375
12 0.41943359375 0.75732421875 0.0087890625 0.0068359375
12 0.41943359375 0.8359375 0.0087890625 0.0068359375
12 0.41943359375 0.90771484375 0.0087890625 0.00732421875
11 0.36376953125 0.6611328125 0.00830078125 0.00732421875
12 0.3642578125 0.75732421875 0.0087890625 0.0068359375
11 0.38916015625 0.65185546875 0.00830078125 0.0068359375