11 0.634765625 0.240234375 0.00830078125 0.0068359375
11 0.634765625 0.39306640625 0.00830078125 0.0068359375
11 0.634765625 0.51953125 0.00830078125 0.0068359375
11 0.634765625 0.6015625 0.00830078125 0.0068359375
11 0.634765625 0.6982421875 0.00830078125 0.0068359375
11 0.634765625 0.85693359375 0.00830078125 0.0068359375
11 0.634765625 0.77685546875 0.00830078125 0.0068359375
11 0.634765625 0.78271484375 0.00830078125 0.0068359375
11 0.60009765625 0.2255859375 0.00830078125 0.0068359375
11 0.6171875 0.77685546875 0.00830078125 0.0068359375
11 0.6171875 0.69482421875 0.00830078125 0.0068359375
11 0.6171875 0.234375 0.00830078125 0.0068359375
11 0.6171875 0.7705078125 0.00830078125 0.0068359375
11 0.67919921875 0.234375 0.00830078125 0.0068359375
11 0.67919921875 0.39306640625 0.00830078125 0.0068359375
11 0.67919921875 0.5107421875 0.00830078125 0.0068359375
11 0.67919921875 0.6015625 0.00830078125 0.0068359375
11 0.67919921875 0.69482421875 0.00830078125 0.0068359375
11 0.67919921875 0.78857421875 0.00830078125 0.0068359375
11 0.67919921875 0.78271484375 0.00830078125 0.0068359375
11 0.67919921875 0.85693359375 0.00830078125 0.0068359375
11 0.65283203125 0.78857421875 0.0078125 0.0068359375
11 0.65283203125 0.78271484375 0.0078125 0.0068359375
11 0.54345703125 0.234375 0.00830078125 0.0068359375
11 0.54345703125 0.77685546875 0.00830078125 0.0068359375
11 0.54345703125 0.7705078125 0.00830078125 0.0068359375
22 0.28125 0.31005859375 0.00830078125 0.00390625
11 0.580078125 0.234375 0.00830078125 0.0068359375
11 0.580078125 0.77685546875 0.00830078125 0.0068359375
11 0.580078125 0.7705078125 0.00830078125 0.0068359375
11 0.60009765625 0.38720703125 0.00830078125 0.00732421875
11 0.60009765625 0.5107421875 0.00830078125 0.0068359375
11 0.60009765625 0.59521484375 0.00830078125 0.0068359375
11 0.60009765625 0.68896484375 0.00830078125 0.00732421875
11 0.60009765625 0.767578125 0.00830078125 0.0068359375
11 0.60009765625 0.76171875 0.00830078125 0.0068359375
11 0.56201171875 0.2255859375 0.00830078125 0.0068359375
11 0.56201171875 0.38720703125 0.00830078125 0.00732421875
11 0.56201171875 0.5048828125 0.00830078125 0.0068359375
11 0.56201171875 0.59521484375 0.00830078125 0.0068359375
11 0.56201171875 0.69482421875 0.00830078125 0.0068359375
11 0.56201171875 0.79150390625 0.00830078125 0.0068359375
11 0.56201171875 0.78564453125 0.00830078125 0.0068359375
11 0.56201171875 0.85107421875 0.00830078125 0.0068359375
11 0.60009765625 0.85107421875 0.00830078125 0.0068359375
11 0.80419921875 0.77685546875 0.00830078125 0.0068359375
11 0.80419921875 0.78271484375 0.00830078125 0.0068359375
11 0.80419921875 0.2373046875 0.00830078125 0.00732421875
11 0.767578125 0.2373046875 0.00830078125 0.00732421875
11 0.767578125 0.79443359375 0.00830078125 0.00732421875
11 0.767578125 0.78857421875 0.00830078125 0.0068359375
11 0.78662109375 0.2314453125 0.00830078125 0.0068359375
11 0.78662109375 0.67724609375 0.00830078125 0.0068359375
11 0.78662109375 0.78857421875 0.00830078125 0.0068359375
11 0.78662109375 0.78271484375 0.00830078125 0.0068359375
22 0.58984375 0.0546875 0.00830078125 0.00390625
22 0.58984375 0.1455078125 0.00830078125 0.00390625
22 0.58984375 0.31005859375 0.00830078125 0.00390625
22 0.43603515625 0.31005859375 0.00830078125 0.00390625
22 0.43603515625 0.1455078125 0.00830078125 0.00390625
22 0.43603515625 0.0546875 0.00830078125 0.00390625
0 0.17529296875 0.27734375 0.00634765625 0.099609375
11 0.697265625 0.78271484375 0.00830078125 0.0068359375
11 0.697265625 0.77685546875 0.00830078125 0.0068359375
11 0.71533203125 0.2314453125 0.00830078125 0.0068359375
12 0.7158203125 0.396484375 0.0087890625 0.0068359375
12 0.7158203125 0.5166015625 0.0087890625 0.0068359375
11 0.73291015625 0.76171875 0.00830078125 0.0068359375
11 0.73291015625 0.767578125 0.00830078125 0.0068359375
11 0.73291015625 0.2373046875 0.00830078125 0.00732421875
11 0.75048828125 0.2314453125 0.00830078125 0.0068359375
11 0.75048828125 0.68310546875 0.00830078125 0.0068359375
11 0.75048828125 0.80029296875 0.00830078125 0.0068359375
11 0.75048828125 0.79443359375 0.00830078125 0.00732421875
12 0.7158203125 0.6044921875 0.0087890625 0.0068359375
11 0.71533203125 0.68896484375 0.00830078125 0.00732421875
11 0.71533203125 0.77392578125 0.00830078125 0.0068359375
11 0.71533203125 0.767578125 0.00830078125 0.0068359375
12 0.7158203125 0.85986328125 0.0087890625 0.0068359375
11 0.3095703125 0.77685546875 0.00830078125 0.0068359375
11 0.3095703125 0.7705078125 0.00830078125 0.0068359375
11 0.32763671875 0.2490234375 0.00830078125 0.0068359375
11 0.32763671875 0.240234375 0.00830078125 0.0068359375
11 0.2734375 0.76171875 0.00830078125 0.0068359375
11 0.2734375 0.767578125 0.00830078125 0.0068359375
11 0.32763671875 0.228515625 0.00830078125 0.0068359375
11 0.29150390625 0.25537109375 0.00830078125 0.0068359375
11 0.29150390625 0.2490234375 0.00830078125 0.0068359375
11 0.29150390625 0.240234375 0.00830078125 0.0068359375
11 0.29150390625 0.38720703125 0.00830078125 0.00732421875
11 0.29150390625 0.5048828125 0.00830078125 0.0068359375
11 0.29150390625 0.59521484375 0.00830078125 0.0068359375
11 0.29150390625 0.68896484375 0.00830078125 0.00732421875
11 0.29150390625 0.77392578125 0.00830078125 0.0068359375
11 0.29150390625 0.767578125 0.00830078125 0.0068359375
11 0.29150390625 0.85107421875 0.00830078125 0.0068359375
11 0.37158203125 0.68896484375 0.00830078125 0.00732421875
11 0.37158203125 0.59814453125 0.00830078125 0.00732421875
11 0.37158203125 0.5078125 0.00830078125 0.00732421875
11 0.37158203125 0.39013671875 0.00830078125 0.0068359375
11 0.37158203125 0.22265625 0.00830078125 0.00732421875
11 0.37158203125 0.78564453125 0.00830078125 0.0068359375
11 0.34619140625 0.7705078125 0.00830078125 0.0068359375
11 0.34619140625 0.77685546875 0.00830078125 0.0068359375
11 0.37158203125 0.77978515625 0.00830078125 0.00732421875
11 0.37158203125 0.85400390625 0.00830078125 0.00732421875
22 0.28125 0.1455078125 0.00830078125 0.00390625
22 0.28125 0.0546875 0.00830078125 0.00390625
11 0.32763671875 0.39306640625 0.00830078125 0.0068359375
11 0.32763671875 0.5107421875 0.00830078125 0.0068359375
11 0.32763671875 0.6015625 0.00830078125 0.0068359375
11 0.32763671875 0.68603515625 0.00830078125 0.0068359375
11 0.32763671875 0.77392578125 0.00830078125 0.0068359375
11 0.32763671875 0.767578125 0.00830078125 0.0068359375
11 0.32763671875 0.85693359375 0.00830078125 0.0068359375
1 0.193359375 0.84912109375 0.017578125 0.02099609375
10 0.19384765625 0.775390625 0.0166015625 0.0458984375
1 0.193359375 0.68408203125 0.017578125 0.02099609375
1 0.193359375 0.59375 0.017578125 0.02099609375
11 0.21875 0.25244140625 0.00830078125 0.00732421875
11 0.21875 0.24658203125 0.00830078125 0.0068359375
11 0.21875 0.240234375 0.00830078125 0.0068359375
11 0.21875 0.234375 0.00830078125 0.0068359375
11 0.21875 0.38427734375 0.00830078125 0.0068359375
12 0.21923828125 0.501953125 0.0087890625 0.0068359375
11 0.21875 0.59228515625 0.00830078125 0.0068359375
22 0.7431640625 0.0546875 0.00830078125 0.00390625
22 0.7431640625 0.1455078125 0.00830078125 0.00390625
22 0.7431640625 0.31005859375 0.00830078125 0.00390625
10 0.19384765625 0.0576171875 0.0166015625 0.0458984375
10 0.19384765625 0.1484375 0.0166015625 0.0458984375
10 0.19384765625 0.23876953125 0.0166015625 0.04541015625
11 0.21875 0.6982421875 0.00830078125 0.0068359375
1 0.193359375 0.3125 0.017578125 0.02099609375
10 0.19384765625 0.41259765625 0.0166015625 0.0458984375
10 0.19384765625 0.50341796875 0.0166015625 0.0458984375
11 0.25537109375 0.77392578125 0.00830078125 0.0068359375
11 0.25537109375 0.69189453125 0.00830078125 0.0068359375
11 0.25537109375 0.59228515625 0.00830078125 0.0068359375
11 0.25537109375 0.38427734375 0.00830078125 0.0068359375
11 0.25537109375 0.234375 0.00830078125 0.0068359375
11 0.25537109375 0.240234375 0.00830078125 0.0068359375
11 0.25537109375 0.24658203125 0.00830078125 0.0068359375
11 0.25537109375 0.25244140625 0.00830078125 0.00732421875
11 0.25537109375 0.767578125 0.00830078125 0.0068359375
11 0.2373046875 0.76171875 0.00830078125 0.0068359375
11 0.2373046875 0.767578125 0.00830078125 0.0068359375
11 0.25537109375 0.84814453125 0.00830078125 0.0068359375
11 0.21875 0.76171875 0.00830078125 0.0068359375
11 0.21875 0.755859375 0.00830078125 0.0068359375
11 0.21875 0.84814453125 0.00830078125 0.0068359375
11 0.4619140625 0.2314453125 0.00830078125 0.0068359375
11 0.4619140625 0.69482421875 0.00830078125 0.0068359375
11 0.4619140625 0.77978515625 0.00830078125 0.00732421875
11 0.4619140625 0.77392578125 0.00830078125 0.0068359375
11 0.44384765625 0.228515625 0.00830078125 0.0068359375
11 0.42626953125 0.2255859375 0.00830078125 0.0068359375
11 0.42626953125 0.77685546875 0.00830078125 0.0068359375
11 0.42626953125 0.7705078125 0.00830078125 0.0068359375
12 0.44384765625 0.396484375 0.0087890625 0.0068359375
12 0.44384765625 0.513671875 0.0087890625 0.00732421875
12 0.44384765625 0.6044921875 0.0087890625 0.0068359375
11 0.44384765625 0.68896484375 0.00830078125 0.00732421875
11 0.44384765625 0.79443359375 0.00830078125 0.00732421875
11 0.44384765625 0.78857421875 0.00830078125 0.0068359375
12 0.44384765625 0.85986328125 0.0087890625 0.0068359375
11 0.52392578125 0.240234375 0.00830078125 0.0068359375
11 0.52392578125 0.85693359375 0.00830078125 0.0068359375
11 0.52392578125 0.79150390625 0.00830078125 0.0068359375
11 0.52392578125 0.79736328125 0.00830078125 0.0068359375
11 0.52392578125 0.68896484375 0.00830078125 0.00732421875
11 0.52392578125 0.6015625 0.00830078125 0.0068359375
11 0.52392578125 0.5107421875 0.00830078125 0.0068359375
11 0.52392578125 0.39306640625 0.00830078125 0.0068359375
11 0.47900390625 0.2373046875 0.00830078125 0.00732421875
11 0.47900390625 0.6982421875 0.00830078125 0.0068359375
11 0.47900390625 0.80029296875 0.00830078125 0.0068359375
11 0.47900390625 0.79443359375 0.00830078125 0.00732421875
11 0.4970703125 0.2431640625 0.00830078125 0.0068359375
11 0.4970703125 0.78564453125 0.00830078125 0.0068359375
11 0.4970703125 0.77978515625 0.00830078125 0.00732421875
11 0.39013671875 0.2255859375 0.00830078125 0.0068359375
0 0.17529296875 0.81396484375 0.00634765625 0.099609375
11 0.40673828125 0.39306640625 0.00830078125 0.0068359375
11 0.40673828125 0.6015625 0.00830078125 0.0068359375
11 0.40673828125 0.69482421875 0.00830078125 0.0068359375
11 0.40673828125 0.79150390625 0.00830078125 0.0068359375
11 0.40673828125 0.78564453125 0.00830078125 0.0068359375
11 0.40673828125 0.85693359375 0.00830078125 0.0068359375
11 0.40673828125 0.5107421875 0.00830078125 0.0068359375
11 0.39013671875 0.7705078125 0.00830078125 0.0068359375
11 0.39013671875 0.77685546875 0.00830078125 0.0068359375
11 0.40673828125 0.2314453125 0.00830078125 0.0068359375