11 0.703125 0.10693359375 0.00830078125 0.0068359375
11 0.703125 0.1728515625 0.00830078125 0.0068359375
11 0.6142578125 0.1494140625 0.00830078125 0.0068359375
9 0.70947265625 0.09521484375 0.0068359375 0.017578125
11 0.7314453125 0.14599609375 0.00830078125 0.0068359375
11 0.7314453125 0.15185546875 0.00830078125 0.0068359375
11 0.7314453125 0.1611328125 0.00830078125 0.0068359375
11 0.66845703125 0.1552734375 0.00830078125 0.00732421875
22 0.48828125 0.15380859375 0.00830078125 0.00390625
11 0.6142578125 0.14013671875 0.00830078125 0.0068359375
11 0.6396484375 0.1611328125 0.00830078125 0.0068359375
11 0.66845703125 0.10693359375 0.00830078125 0.0068359375
11 0.66845703125 0.1494140625 0.00830078125 0.0068359375
11 0.66845703125 0.14013671875 0.00830078125 0.0068359375
11 0.685546875 0.10693359375 0.00830078125 0.0068359375
22 0.48828125 0.22216796875 0.00830078125 0.00390625
22 0.3359375 0.0966796875 0.00830078125 0.00390625
11 0.7666015625 0.119140625 0.00830078125 0.00732421875
11 0.7666015625 0.1728515625 0.00830078125 0.0068359375
11 0.7939453125 0.1162109375 0.00830078125 0.0068359375
11 0.7939453125 0.1611328125 0.00830078125 0.0068359375
11 0.7939453125 0.15185546875 0.00830078125 0.0068359375
11 0.7939453125 0.14599609375 0.00830078125 0.0068359375
21 0.41845703125 0.099609375 0.00634765625 0.01806640625
11 0.6142578125 0.1552734375 0.00830078125 0.00732421875
22 0.3359375 0.15380859375 0.00830078125 0.00390625
0 0.22607421875 0.12939453125 0.005859375 0.08154296875
22 0.3359375 0.22216796875 0.00830078125 0.00390625
22 0.69677734375 0.22216796875 0.00830078125 0.00390625
21 0.453125 0.099609375 0.00634765625 0.01806640625
10 0.244140625 0.099609375 0.0166015625 0.0458984375
1 0.24365234375 0.15625 0.017578125 0.02099609375
10 0.244140625 0.22509765625 0.0166015625 0.0458984375
11 0.58544921875 0.10400390625 0.00830078125 0.0068359375
11 0.58544921875 0.1611328125 0.00830078125 0.0068359375
11 0.5244140625 0.09814453125 0.00830078125 0.00732421875
21 0.48828125 0.099609375 0.00634765625 0.01806640625
11 0.55126953125 0.10107421875 0.00830078125 0.0068359375
11 0.591796875 0.39697265625 0.00830078125 0.0068359375
11 0.62841796875 0.3759765625 0.00830078125 0.0068359375
11 0.62841796875 0.38525390625 0.00830078125 0.0068359375
11 0.62841796875 0.39111328125 0.00830078125 0.0068359375
11 0.62841796875 0.3427734375 0.00830078125 0.0068359375
9 0.677734375 0.3310546875 0.0068359375 0.017578125
11 0.6708984375 0.4091796875 0.00830078125 0.00732421875
11 0.6708984375 0.3427734375 0.00830078125 0.0068359375
11 0.64990234375 0.3427734375 0.00830078125 0.0068359375
11 0.55810546875 0.3759765625 0.00830078125 0.0068359375
11 0.55810546875 0.38525390625 0.00830078125 0.0068359375
11 0.55810546875 0.39111328125 0.00830078125 0.0068359375
11 0.70751953125 0.38232421875 0.0078125 0.0068359375
11 0.70751953125 0.38818359375 0.0078125 0.0068359375
11 0.70751953125 0.39697265625 0.0078125 0.0068359375
11 0.7861328125 0.38232421875 0.00830078125 0.0068359375
11 0.7861328125 0.38818359375 0.00830078125 0.0068359375
11 0.7861328125 0.39697265625 0.00830078125 0.0068359375
11 0.7861328125 0.35205078125 0.00830078125 0.0068359375
11 0.75048828125 0.4091796875 0.00830078125 0.00732421875
11 0.75048828125 0.35498046875 0.00830078125 0.0068359375
11 0.2548828125 0.38232421875 0.00830078125 0.0068359375
11 0.2548828125 0.39111328125 0.00830078125 0.0068359375
11 0.2548828125 0.39697265625 0.00830078125 0.0068359375
11 0.2548828125 0.35205078125 0.00830078125 0.0068359375
9 0.2255859375 0.33984375 0.0068359375 0.017578125
11 0.21875 0.4033203125 0.00830078125 0.0068359375
11 0.21875 0.35205078125 0.00830078125 0.0068359375
11 0.3251953125 0.38232421875 0.00830078125 0.0068359375
11 0.3251953125 0.39111328125 0.00830078125 0.0068359375
11 0.3251953125 0.35205078125 0.00830078125 0.0068359375
11 0.28857421875 0.4033203125 0.00830078125 0.0068359375
22 0.6640625 0.4580078125 0.00830078125 0.00390625
22 0.35595703125 0.4580078125 0.00830078125 0.00390625
0 0.17529296875 0.36572265625 0.005859375 0.08203125
10 0.19384765625 0.4609375 0.0166015625 0.0458984375
11 0.3251953125 0.39697265625 0.00830078125 0.0068359375
1 0.193359375 0.39208984375 0.017578125 0.02099609375
10 0.19384765625 0.3359375 0.0166015625 0.0458984375
11 0.44140625 0.333984375 0.00830078125 0.0068359375
11 0.44140625 0.40576171875 0.00830078125 0.0068359375
11 0.40771484375 0.39404296875 0.00830078125 0.00732421875
11 0.40771484375 0.39990234375 0.00830078125 0.0068359375
11 0.521484375 0.39697265625 0.00830078125 0.0068359375
11 0.521484375 0.34033203125 0.00830078125 0.0068359375
11 0.40771484375 0.38525390625 0.00830078125 0.0068359375
11 0.47705078125 0.38525390625 0.00830078125 0.0068359375
11 0.47705078125 0.39404296875 0.00830078125 0.00732421875
11 0.47705078125 0.39990234375 0.00830078125 0.0068359375
11 0.47705078125 0.3369140625 0.00830078125 0.00732421875
11 0.37109375 0.40576171875 0.00830078125 0.0068359375
21 0.3701171875 0.3359375 0.0068359375 0.0185546875
5 0.33154296875 0.341796875 0.00732421875 0.02099609375
11 0.6416015625 0.5849609375 0.0078125 0.0068359375
11 0.6416015625 0.64599609375 0.0078125 0.0068359375
11 0.65869140625 0.59130859375 0.00830078125 0.0068359375
11 0.625 0.625 0.00830078125 0.0068359375
11 0.625 0.6337890625 0.00830078125 0.0068359375
11 0.625 0.6396484375 0.00830078125 0.0068359375
11 0.625 0.59130859375 0.00830078125 0.0068359375
22 0.44775390625 0.6982421875 0.00830078125 0.00390625
9 0.689453125 0.5791015625 0.0068359375 0.017578125
11 0.6826171875 0.630859375 0.00830078125 0.0068359375
11 0.6826171875 0.63671875 0.00830078125 0.00732421875
11 0.6826171875 0.64599609375 0.00830078125 0.0068359375
11 0.6826171875 0.59130859375 0.00830078125 0.0068359375
11 0.65869140625 0.625 0.00830078125 0.0068359375
11 0.65869140625 0.6337890625 0.00830078125 0.0068359375
11 0.65869140625 0.6396484375 0.00830078125 0.0068359375
11 0.60693359375 0.64599609375 0.00830078125 0.0068359375
11 0.5576171875 0.63671875 0.00830078125 0.00732421875
11 0.5576171875 0.58203125 0.00830078125 0.00732421875
11 0.5576171875 0.630859375 0.00830078125 0.0068359375
11 0.5576171875 0.6220703125 0.00830078125 0.00732421875
11 0.591796875 0.587890625 0.00830078125 0.0068359375
11 0.591796875 0.63671875 0.00830078125 0.00732421875
11 0.591796875 0.630859375 0.00830078125 0.0068359375
11 0.591796875 0.6220703125 0.00830078125 0.00732421875
15 0.60693359375 0.57373046875 0.0078125 0.01171875
11 0.57373046875 0.642578125 0.00830078125 0.0068359375
11 0.57373046875 0.5849609375 0.00830078125 0.0068359375
4 0.79736328125 0.64697265625 0.00732421875 0.01806640625
14 0.8095703125 0.6376953125 0.0087890625 0.01708984375
11 0.7646484375 0.5849609375 0.00830078125 0.0068359375
11 0.7802734375 0.59130859375 0.00830078125 0.0068359375
11 0.79736328125 0.587890625 0.00830078125 0.0068359375
11 0.79736328125 0.63671875 0.00830078125 0.00732421875
11 0.79736328125 0.6279296875 0.00830078125 0.0068359375
22 0.6025390625 0.6982421875 0.00830078125 0.00390625
21 0.69873046875 0.57177734375 0.00634765625 0.0185546875
11 0.71923828125 0.59130859375 0.00830078125 0.0068359375
11 0.71923828125 0.64599609375 0.00830078125 0.0068359375
11 0.71923828125 0.63671875 0.00830078125 0.00732421875
11 0.71923828125 0.630859375 0.00830078125 0.0068359375
11 0.748046875 0.58203125 0.00830078125 0.00732421875
11 0.748046875 0.63671875 0.00830078125 0.00732421875
11 0.748046875 0.6279296875 0.00830078125 0.0068359375
14 0.73486328125 0.6376953125 0.0087890625 0.01708984375
11 0.734375 0.59130859375 0.00830078125 0.0068359375
5 0.72607421875 0.6220703125 0.0068359375 0.02099609375
21 0.29736328125 0.57177734375 0.00634765625 0.0185546875
11 0.29833984375 0.64599609375 0.00830078125 0.0068359375
11 0.31689453125 0.6396484375 0.00830078125 0.0068359375
11 0.31689453125 0.6337890625 0.00830078125 0.0068359375
11 0.2705078125 0.587890625 0.00830078125 0.0068359375
11 0.2705078125 0.63671875 0.00830078125 0.00732421875
11 0.2705078125 0.630859375 0.00830078125 0.0068359375
11 0.2705078125 0.6220703125 0.00830078125 0.00732421875
5 0.27734375 0.57763671875 0.00732421875 0.02099609375
11 0.31689453125 0.625 0.00830078125 0.0068359375
11 0.35009765625 0.6396484375 0.00830078125 0.0068359375
11 0.35009765625 0.6337890625 0.00830078125 0.0068359375
11 0.35009765625 0.625 0.00830078125 0.0068359375
9 0.35693359375 0.5791015625 0.0068359375 0.017578125
11 0.35009765625 0.59130859375 0.00830078125 0.0068359375
11 0.37353515625 0.5849609375 0.00830078125 0.0068359375
11 0.37353515625 0.63671875 0.00830078125 0.00732421875
15 0.33251953125 0.57373046875 0.0078125 0.01171875
11 0.33251953125 0.64599609375 0.00830078125 0.0068359375
10 0.19384765625 0.57177734375 0.0166015625 0.0458984375
1 0.193359375 0.6318359375 0.017578125 0.02099609375
10 0.19384765625 0.70068359375 0.0166015625 0.0458984375
0 0.17529296875 0.603515625 0.005859375 0.0849609375
22 0.28369140625 0.6982421875 0.00830078125 0.00390625
22 0.74658203125 0.6982421875 0.00830078125 0.00390625
11 0.23681640625 0.630859375 0.00830078125 0.0068359375
11 0.23681640625 0.6220703125 0.00830078125 0.00732421875
11 0.23681640625 0.63671875 0.00830078125 0.00732421875
11 0.251953125 0.642578125 0.00830078125 0.0068359375
11 0.21875 0.587890625 0.00830078125 0.0068359375
11 0.21875 0.642578125 0.00830078125 0.0068359375
9 0.2255859375 0.576171875 0.0068359375 0.017578125
11 0.23681640625 0.587890625 0.00830078125 0.0068359375
11 0.466796875 0.6220703125 0.00830078125 0.00732421875
11 0.466796875 0.59130859375 0.00830078125 0.0068359375
11 0.466796875 0.63671875 0.00830078125 0.00732421875
11 0.466796875 0.6279296875 0.00830078125 0.0068359375
11 0.44873046875 0.6484375 0.00830078125 0.0068359375
11 0.4345703125 0.58203125 0.00830078125 0.00732421875
11 0.4345703125 0.630859375 0.00830078125 0.0068359375
11 0.4345703125 0.625 0.00830078125 0.0068359375
11 0.4345703125 0.6162109375 0.00830078125 0.0068359375
11 0.5400390625 0.5791015625 0.00830078125 0.0068359375
11 0.5400390625 0.642578125 0.00830078125 0.0068359375
11 0.5009765625 0.63671875 0.00830078125 0.00732421875
11 0.482421875 0.6484375 0.00830078125 0.0068359375
11 0.5009765625 0.59130859375 0.00830078125 0.0068359375
11 0.5009765625 0.6279296875 0.00830078125 0.0068359375
11 0.5009765625 0.6220703125 0.00830078125 0.00732421875
5 0.50732421875 0.58056640625 0.0068359375 0.02099609375
11 0.39208984375 0.6162109375 0.00830078125 0.0068359375
11 0.39208984375 0.625 0.00830078125 0.0068359375
11 0.39208984375 0.630859375 0.00830078125 0.0068359375
9 0.42333984375 0.5673828125 0.0068359375 0.017578125
9 0.38037109375 0.5732421875 0.0068359375 0.017578125
11 0.4169921875 0.63671875 0.0078125 0.00732421875
11 0.4169921875 0.5791015625 0.0078125 0.0068359375
11 0.64013671875 0.87255859375 0.00830078125 0.0068359375
11 0.64013671875 0.86669921875 0.00830078125 0.0068359375
11 0.64013671875 0.85791015625 0.00830078125 0.0068359375
11 0.64013671875 0.935546875 0.00830078125 0.00732421875
11 0.53125 0.87255859375 0.00830078125 0.0068359375
11 0.53125 0.86376953125 0.00830078125 0.0068359375
11 0.68994140625 0.86669921875 0.00830078125 0.0068359375
11 0.68994140625 0.87255859375 0.00830078125 0.0068359375
11 0.6767578125 0.935546875 0.0078125 0.00732421875
11 0.6611328125 0.94140625 0.00830078125 0.0068359375
11 0.6611328125 0.87890625 0.00830078125 0.0068359375
11 0.58056640625 0.86376953125 0.00830078125 0.0068359375
11 0.58056640625 0.87255859375 0.00830078125 0.0068359375
11 0.56787109375 0.935546875 0.00830078125 0.00732421875
11 0.58056640625 0.85791015625 0.00830078125 0.0068359375
11 0.55126953125 0.94140625 0.00830078125 0.0068359375
11 0.55126953125 0.884765625 0.00830078125 0.0068359375
11 0.53125 0.85791015625 0.00830078125 0.0068359375
11 0.6181640625 0.935546875 0.00830078125 0.00732421875
11 0.6181640625 0.87890625 0.00830078125 0.0068359375
11 0.59521484375 0.9443359375 0.00830078125 0.0068359375
11 0.53125 0.935546875 0.00830078125 0.00732421875
11 0.58056640625 0.94140625 0.00830078125 0.0068359375
11 0.80712890625 0.94140625 0.00830078125 0.0068359375
11 0.7939453125 0.935546875 0.00830078125 0.00732421875
11 0.7939453125 0.86083984375 0.00830078125 0.00732421875
11 0.7939453125 0.8701171875 0.00830078125 0.0068359375
11 0.7939453125 0.8759765625 0.00830078125 0.00732421875
22 0.501953125 0.80859375 0.00830078125 0.00390625
11 0.7431640625 0.8759765625 0.00830078125 0.00732421875
11 0.720703125 0.93212890625 0.00830078125 0.0068359375
11 0.720703125 0.8818359375 0.00830078125 0.0068359375
11 0.7431640625 0.8701171875 0.00830078125 0.0068359375
11 0.70458984375 0.9443359375 0.00830078125 0.0068359375
11 0.68994140625 0.94140625 0.00830078125 0.0068359375
11 0.77783203125 0.94140625 0.00830078125 0.0068359375
11 0.68994140625 0.85791015625 0.00830078125 0.0068359375
11 0.76318359375 0.9443359375 0.00830078125 0.0068359375
11 0.76318359375 0.8818359375 0.00830078125 0.0068359375
11 0.7431640625 0.93212890625 0.00830078125 0.0068359375
11 0.7431640625 0.86083984375 0.00830078125 0.00732421875
11 0.29736328125 0.86083984375 0.00830078125 0.00732421875
11 0.29736328125 0.8701171875 0.00830078125 0.0068359375
11 0.29736328125 0.8759765625 0.00830078125 0.00732421875
11 0.29736328125 0.82763671875 0.00830078125 0.0068359375
14 0.2822265625 0.87353515625 0.0087890625 0.017578125
11 0.28173828125 0.83984375 0.00830078125 0.00732421875
4 0.267578125 0.88330078125 0.00732421875 0.01806640625
11 0.3701171875 0.86083984375 0.00830078125 0.00732421875
11 0.3701171875 0.8701171875 0.00830078125 0.0068359375
11 0.3701171875 0.8759765625 0.00830078125 0.00732421875
11 0.3701171875 0.83056640625 0.00830078125 0.0068359375
11 0.35546875 0.82763671875 0.00830078125 0.0068359375
11 0.3408203125 0.82470703125 0.00830078125 0.00732421875
11 0.31884765625 0.82763671875 0.00830078125 0.0068359375
22 0.71337890625 0.80859375 0.00830078125 0.00390625
10 0.19384765625 0.93701171875 0.0166015625 0.04541015625
1 0.193359375 0.8681640625 0.017578125 0.02099609375
10 0.19384765625 0.8115234375 0.0166015625 0.0458984375
22 0.29931640625 0.93408203125 0.00830078125 0.00390625
0 0.17529296875 0.84130859375 0.005859375 0.08154296875
11 0.26708984375 0.85791015625 0.00830078125 0.0068359375
11 0.26708984375 0.86669921875 0.00830078125 0.0068359375
11 0.26708984375 0.87255859375 0.00830078125 0.0068359375
11 0.26708984375 0.83984375 0.00830078125 0.00732421875
21 0.23974609375 0.8115234375 0.00634765625 0.0185546875
9 0.2255859375 0.81591796875 0.0068359375 0.017578125
11 0.21875 0.85791015625 0.00830078125 0.0068359375
11 0.21875 0.86669921875 0.00830078125 0.0068359375
11 0.21875 0.87255859375 0.00830078125 0.0068359375
11 0.21875 0.82763671875 0.00830078125 0.0068359375
11 0.46533203125 0.935546875 0.00830078125 0.00732421875
11 0.478515625 0.86669921875 0.00830078125 0.0068359375
11 0.44921875 0.94140625 0.00830078125 0.0068359375
11 0.44921875 0.87255859375 0.00830078125 0.0068359375
11 0.4287109375 0.935546875 0.0078125 0.00732421875
11 0.4287109375 0.85205078125 0.0078125 0.0068359375
11 0.5087890625 0.935546875 0.00830078125 0.00732421875
11 0.5087890625 0.884765625 0.00830078125 0.0068359375
11 0.4931640625 0.9443359375 0.0078125 0.0068359375
11 0.478515625 0.94140625 0.00830078125 0.0068359375
11 0.478515625 0.85205078125 0.00830078125 0.0068359375
11 0.478515625 0.86083984375 0.00830078125 0.00732421875
14 0.38427734375 0.87353515625 0.0087890625 0.017578125
11 0.4287109375 0.86083984375 0.0078125 0.00732421875
11 0.40625 0.935546875 0.00830078125 0.00732421875
11 0.40625 0.87255859375 0.00830078125 0.0068359375
11 0.4287109375 0.86669921875 0.0078125 0.0068359375
4 0.36962890625 0.88623046875 0.00732421875 0.01806640625