11 0.63916015625 0.11474609375 0.00830078125 0.0068359375
11 0.63916015625 0.05224609375 0.00830078125 0.0068359375
11 0.619140625 0.1328125 0.00830078125 0.00732421875
11 0.619140625 0.06982421875 0.00830078125 0.0068359375
11 0.6767578125 0.05810546875 0.00830078125 0.0068359375
11 0.693359375 0.06982421875 0.00830078125 0.0068359375
11 0.6767578125 0.12109375 0.00830078125 0.0068359375
11 0.693359375 0.1328125 0.00830078125 0.00732421875
11 0.65625 0.1328125 0.00830078125 0.00732421875
11 0.65625 0.06982421875 0.00830078125 0.0068359375
11 0.56494140625 0.11474609375 0.00830078125 0.0068359375
11 0.56494140625 0.05224609375 0.00830078125 0.0068359375
11 0.544921875 0.1328125 0.00830078125 0.00732421875
11 0.544921875 0.06982421875 0.00830078125 0.0068359375
11 0.60205078125 0.12109375 0.00830078125 0.0068359375
11 0.60205078125 0.05810546875 0.00830078125 0.0068359375
11 0.58203125 0.1328125 0.00830078125 0.00732421875
11 0.58203125 0.06982421875 0.00830078125 0.0068359375
11 0.80517578125 0.06982421875 0.0078125 0.0068359375
11 0.80517578125 0.1328125 0.0078125 0.00732421875
11 0.7880859375 0.11474609375 0.00830078125 0.0068359375
11 0.7880859375 0.05224609375 0.00830078125 0.0068359375
11 0.73095703125 0.1328125 0.00830078125 0.00732421875
11 0.73095703125 0.06982421875 0.00830078125 0.0068359375
11 0.7138671875 0.11474609375 0.00830078125 0.0068359375
11 0.7138671875 0.05224609375 0.00830078125 0.0068359375
11 0.76806640625 0.1328125 0.00830078125 0.00732421875
11 0.76806640625 0.06982421875 0.00830078125 0.0068359375
11 0.7509765625 0.12109375 0.00830078125 0.0068359375
11 0.7509765625 0.05810546875 0.00830078125 0.0068359375
15 0.33349609375 0.1455078125 0.0078125 0.01171875
11 0.333984375 0.06982421875 0.00830078125 0.0068359375
11 0.3154296875 0.06689453125 0.00830078125 0.0068359375
9 0.30322265625 0.138671875 0.0068359375 0.017578125
11 0.296875 0.15087890625 0.00830078125 0.0068359375
11 0.296875 0.06982421875 0.00830078125 0.0068359375
11 0.37255859375 0.12109375 0.0078125 0.0068359375
11 0.3896484375 0.1328125 0.00830078125 0.00732421875
11 0.3896484375 0.06982421875 0.00830078125 0.0068359375
11 0.279296875 0.06103515625 0.00830078125 0.0068359375
11 0.37255859375 0.05810546875 0.0078125 0.0068359375
11 0.35400390625 0.06103515625 0.00830078125 0.0068359375
11 0.21826171875 0.15087890625 0.00830078125 0.0068359375
11 0.21826171875 0.06982421875 0.00830078125 0.0068359375
1 0.193359375 0.14306640625 0.017578125 0.02099609375
1 0.193359375 0.080078125 0.017578125 0.02099609375
15 0.25927734375 0.1455078125 0.0078125 0.01171875
11 0.259765625 0.06982421875 0.00830078125 0.0068359375
11 0.24072265625 0.06689453125 0.00830078125 0.0068359375
9 0.22509765625 0.138671875 0.0068359375 0.017578125
11 0.484375 0.11474609375 0.00830078125 0.0068359375
11 0.484375 0.05224609375 0.00830078125 0.0068359375
11 0.46435546875 0.1328125 0.00830078125 0.00732421875
11 0.52783203125 0.12109375 0.00830078125 0.0068359375
11 0.52783203125 0.05810546875 0.00830078125 0.0068359375
11 0.46435546875 0.06982421875 0.00830078125 0.0068359375
11 0.50146484375 0.1328125 0.00830078125 0.00732421875
11 0.50146484375 0.06982421875 0.00830078125 0.0068359375
11 0.4267578125 0.1328125 0.00830078125 0.00732421875
11 0.4267578125 0.06982421875 0.00830078125 0.0068359375
11 0.40966796875 0.11474609375 0.00830078125 0.0068359375
11 0.40966796875 0.05224609375 0.00830078125 0.0068359375
11 0.44677734375 0.05810546875 0.00830078125 0.0068359375
11 0.44677734375 0.12109375 0.00830078125 0.0068359375
11 0.623046875 0.34130859375 0.00830078125 0.0068359375
11 0.64306640625 0.25146484375 0.00830078125 0.0068359375
11 0.64306640625 0.3203125 0.00830078125 0.0068359375
11 0.623046875 0.26611328125 0.00830078125 0.0068359375
11 0.6064453125 0.326171875 0.00830078125 0.0068359375
11 0.6064453125 0.25732421875 0.00830078125 0.0068359375
11 0.533203125 0.326171875 0.00830078125 0.0068359375
11 0.67919921875 0.326171875 0.00830078125 0.0068359375
11 0.67919921875 0.25732421875 0.00830078125 0.0068359375
11 0.65966796875 0.34130859375 0.00830078125 0.0068359375
11 0.65966796875 0.26611328125 0.00830078125 0.0068359375
11 0.55029296875 0.34130859375 0.00830078125 0.0068359375
11 0.55029296875 0.26611328125 0.00830078125 0.0068359375
11 0.5869140625 0.34130859375 0.00830078125 0.0068359375
11 0.5869140625 0.26611328125 0.00830078125 0.0068359375
11 0.56982421875 0.3203125 0.00830078125 0.0068359375
11 0.56982421875 0.25146484375 0.00830078125 0.0068359375
11 0.80517578125 0.34130859375 0.00830078125 0.0068359375
11 0.80517578125 0.26611328125 0.00830078125 0.0068359375
11 0.78857421875 0.3203125 0.00830078125 0.0068359375
11 0.78857421875 0.25146484375 0.00830078125 0.0068359375
11 0.7158203125 0.25146484375 0.00830078125 0.0068359375
11 0.732421875 0.34130859375 0.00830078125 0.0068359375
11 0.732421875 0.26611328125 0.00830078125 0.0068359375
11 0.7158203125 0.3203125 0.00830078125 0.0068359375
11 0.69580078125 0.34130859375 0.00830078125 0.0068359375
11 0.69580078125 0.26611328125 0.00830078125 0.0068359375
11 0.7685546875 0.34130859375 0.00830078125 0.0068359375
11 0.7685546875 0.26611328125 0.00830078125 0.0068359375
11 0.751953125 0.326171875 0.00830078125 0.0068359375
11 0.751953125 0.25732421875 0.00830078125 0.0068359375
11 0.30810546875 0.3291015625 0.00830078125 0.0068359375
11 0.30810546875 0.26611328125 0.00830078125 0.0068359375
11 0.291015625 0.3173828125 0.00830078125 0.00732421875
11 0.291015625 0.25439453125 0.00830078125 0.00732421875
11 0.271484375 0.3291015625 0.00830078125 0.0068359375
11 0.533203125 0.25732421875 0.00830078125 0.0068359375
11 0.34423828125 0.3291015625 0.00830078125 0.0068359375
11 0.34423828125 0.26611328125 0.00830078125 0.0068359375
11 0.271484375 0.26611328125 0.00830078125 0.0068359375
11 0.32763671875 0.3115234375 0.00830078125 0.0068359375
11 0.32763671875 0.24853515625 0.00830078125 0.0068359375
1 0.193359375 0.33935546875 0.017578125 0.02099609375
11 0.21826171875 0.3173828125 0.00830078125 0.00732421875
11 0.21826171875 0.25439453125 0.00830078125 0.00732421875
1 0.193359375 0.2763671875 0.017578125 0.02099609375
11 0.2548828125 0.3115234375 0.00830078125 0.0068359375
11 0.2548828125 0.24853515625 0.00830078125 0.0068359375
11 0.23486328125 0.3291015625 0.00830078125 0.0068359375
11 0.23486328125 0.26611328125 0.00830078125 0.0068359375
11 0.4541015625 0.326171875 0.00830078125 0.0068359375
11 0.4541015625 0.25732421875 0.00830078125 0.0068359375
11 0.4345703125 0.34130859375 0.00830078125 0.0068359375
11 0.4345703125 0.26611328125 0.00830078125 0.0068359375
11 0.49072265625 0.25146484375 0.00830078125 0.0068359375
11 0.49072265625 0.3203125 0.00830078125 0.0068359375
11 0.470703125 0.34130859375 0.00830078125 0.0068359375
11 0.470703125 0.26611328125 0.00830078125 0.0068359375
11 0.39794921875 0.34130859375 0.00830078125 0.0068359375
11 0.39794921875 0.26611328125 0.00830078125 0.0068359375
11 0.38134765625 0.326171875 0.00830078125 0.0068359375
11 0.38134765625 0.25732421875 0.00830078125 0.0068359375
11 0.50732421875 0.26611328125 0.00830078125 0.0068359375
11 0.50732421875 0.34130859375 0.00830078125 0.0068359375
11 0.41748046875 0.3203125 0.00830078125 0.0068359375
11 0.41748046875 0.25146484375 0.00830078125 0.0068359375
11 0.6240234375 0.52587890625 0.00830078125 0.00732421875
11 0.6435546875 0.44482421875 0.00830078125 0.0068359375
11 0.6435546875 0.5078125 0.00830078125 0.0068359375
11 0.6240234375 0.462890625 0.00830078125 0.0068359375
11 0.60693359375 0.513671875 0.00830078125 0.0068359375
11 0.60693359375 0.45068359375 0.00830078125 0.0068359375
11 0.5341796875 0.513671875 0.0078125 0.0068359375
11 0.6796875 0.513671875 0.00830078125 0.0068359375
11 0.6796875 0.45068359375 0.00830078125 0.0068359375
11 0.66015625 0.52587890625 0.00830078125 0.00732421875
11 0.66015625 0.462890625 0.00830078125 0.0068359375
11 0.55078125 0.52587890625 0.00830078125 0.00732421875
11 0.55078125 0.462890625 0.00830078125 0.0068359375
11 0.58740234375 0.52587890625 0.00830078125 0.00732421875
11 0.58740234375 0.462890625 0.00830078125 0.0068359375
11 0.57080078125 0.5078125 0.00830078125 0.0068359375
11 0.57080078125 0.44482421875 0.00830078125 0.0068359375
11 0.8056640625 0.52587890625 0.00830078125 0.00732421875
11 0.8056640625 0.462890625 0.00830078125 0.0068359375
11 0.7890625 0.5078125 0.00830078125 0.0068359375
11 0.7890625 0.44482421875 0.00830078125 0.0068359375
11 0.71630859375 0.44482421875 0.00830078125 0.0068359375
11 0.73291015625 0.52587890625 0.00830078125 0.00732421875
11 0.73291015625 0.462890625 0.00830078125 0.0068359375
11 0.71630859375 0.5078125 0.00830078125 0.0068359375
11 0.6962890625 0.52587890625 0.00830078125 0.00732421875
11 0.6962890625 0.462890625 0.00830078125 0.0068359375
11 0.76953125 0.52587890625 0.00830078125 0.00732421875
11 0.76953125 0.462890625 0.00830078125 0.0068359375
11 0.75244140625 0.513671875 0.00830078125 0.0068359375
11 0.75244140625 0.45068359375 0.00830078125 0.0068359375
11 0.30810546875 0.53759765625 0.00830078125 0.0068359375
11 0.30810546875 0.462890625 0.00830078125 0.0068359375
11 0.29150390625 0.52294921875 0.00830078125 0.0068359375
11 0.29150390625 0.45361328125 0.00830078125 0.0068359375
11 0.27197265625 0.53759765625 0.00830078125 0.0068359375
11 0.5341796875 0.45068359375 0.0078125 0.0068359375
11 0.3447265625 0.53759765625 0.00830078125 0.0068359375
11 0.3447265625 0.462890625 0.00830078125 0.0068359375
11 0.27197265625 0.462890625 0.00830078125 0.0068359375
11 0.32763671875 0.5166015625 0.00830078125 0.0068359375
11 0.32763671875 0.44775390625 0.00830078125 0.0068359375
11 0.21875 0.52294921875 0.00830078125 0.0068359375
11 0.21875 0.45361328125 0.00830078125 0.0068359375
1 0.193359375 0.47265625 0.017578125 0.02099609375
11 0.25537109375 0.5166015625 0.00830078125 0.0068359375
11 0.25537109375 0.44775390625 0.00830078125 0.0068359375
11 0.23583984375 0.53759765625 0.00830078125 0.0068359375
11 0.23583984375 0.462890625 0.00830078125 0.0068359375
11 0.45556640625 0.513671875 0.00830078125 0.0068359375
11 0.45556640625 0.45068359375 0.00830078125 0.0068359375
11 0.435546875 0.52587890625 0.00830078125 0.00732421875
11 0.435546875 0.462890625 0.00830078125 0.0068359375
11 0.49169921875 0.44482421875 0.00830078125 0.0068359375
11 0.49169921875 0.5078125 0.00830078125 0.0068359375
11 0.47216796875 0.52587890625 0.00830078125 0.00732421875
11 0.47216796875 0.462890625 0.00830078125 0.0068359375
11 0.3994140625 0.52587890625 0.00830078125 0.00732421875
11 0.3994140625 0.462890625 0.00830078125 0.0068359375
11 0.3828125 0.513671875 0.00830078125 0.0068359375
11 0.3828125 0.45068359375 0.00830078125 0.0068359375
11 0.5087890625 0.462890625 0.00830078125 0.0068359375
11 0.5087890625 0.52587890625 0.00830078125 0.00732421875
11 0.4189453125 0.5078125 0.0078125 0.0068359375
11 0.4189453125 0.44482421875 0.0078125 0.0068359375
11 0.6259765625 0.7705078125 0.00830078125 0.0068359375
11 0.6259765625 0.69482421875 0.00830078125 0.0068359375
11 0.60986328125 0.673828125 0.00830078125 0.0068359375
11 0.60986328125 0.75 0.00830078125 0.0068359375
11 0.66162109375 0.7705078125 0.00830078125 0.0068359375
11 0.6806640625 0.7529296875 0.00830078125 0.0068359375
11 0.6806640625 0.67724609375 0.00830078125 0.0068359375
11 0.66162109375 0.69482421875 0.00830078125 0.0068359375
11 0.6455078125 0.755859375 0.00830078125 0.0068359375
11 0.6455078125 0.68017578125 0.00830078125 0.0068359375
11 0.5390625 0.75 0.00830078125 0.0068359375
11 0.5390625 0.673828125 0.00830078125 0.0068359375
11 0.57470703125 0.67724609375 0.00830078125 0.0068359375
11 0.5908203125 0.7705078125 0.00830078125 0.0068359375
11 0.5908203125 0.69482421875 0.00830078125 0.0068359375
11 0.57470703125 0.7529296875 0.00830078125 0.0068359375
11 0.55517578125 0.7705078125 0.00830078125 0.0068359375
11 0.55517578125 0.69482421875 0.00830078125 0.0068359375
11 0.80322265625 0.7705078125 0.00830078125 0.0068359375
11 0.80322265625 0.69482421875 0.00830078125 0.0068359375
11 0.787109375 0.7587890625 0.00830078125 0.00732421875
11 0.787109375 0.68310546875 0.00830078125 0.00732421875
11 0.71630859375 0.7587890625 0.00830078125 0.00732421875
11 0.71630859375 0.68310546875 0.00830078125 0.00732421875
11 0.69677734375 0.7705078125 0.00830078125 0.0068359375
11 0.69677734375 0.69482421875 0.00830078125 0.0068359375
11 0.767578125 0.7705078125 0.00830078125 0.0068359375
11 0.767578125 0.69482421875 0.00830078125 0.0068359375
11 0.75146484375 0.755859375 0.00830078125 0.0068359375
11 0.75146484375 0.68017578125 0.00830078125 0.0068359375
11 0.732421875 0.7705078125 0.00830078125 0.0068359375
11 0.732421875 0.69482421875 0.00830078125 0.0068359375
11 0.30517578125 0.73486328125 0.00830078125 0.0068359375
11 0.30517578125 0.6591796875 0.00830078125 0.0068359375
11 0.2890625 0.72314453125 0.00830078125 0.00732421875
11 0.2890625 0.6474609375 0.00830078125 0.00732421875
11 0.3818359375 0.74365234375 0.00830078125 0.00732421875
11 0.3818359375 0.66796875 0.00830078125 0.00732421875
11 0.3408203125 0.73486328125 0.00830078125 0.0068359375
11 0.3408203125 0.6591796875 0.00830078125 0.0068359375
11 0.32421875 0.71728515625 0.00830078125 0.0068359375
11 0.32421875 0.64111328125 0.00830078125 0.0068359375
1 0.193359375 0.7451171875 0.017578125 0.02099609375
11 0.21826171875 0.72314453125 0.00830078125 0.00732421875
11 0.21826171875 0.6474609375 0.00830078125 0.00732421875
1 0.193359375 0.6689453125 0.017578125 0.02099609375
11 0.27001953125 0.73486328125 0.00830078125 0.0068359375
11 0.27001953125 0.6591796875 0.00830078125 0.0068359375
11 0.25341796875 0.71728515625 0.00830078125 0.0068359375
11 0.25341796875 0.64111328125 0.00830078125 0.0068359375
11 0.234375 0.73486328125 0.00830078125 0.0068359375
11 0.234375 0.6591796875 0.00830078125 0.0068359375
11 0.45703125 0.673828125 0.0078125 0.0068359375
11 0.45703125 0.75 0.0078125 0.0068359375
11 0.4736328125 0.69482421875 0.00830078125 0.0068359375
11 0.4365234375 0.7705078125 0.00830078125 0.0068359375
11 0.4365234375 0.69482421875 0.00830078125 0.0068359375
11 0.51220703125 0.7705078125 0.0078125 0.0068359375
11 0.51220703125 0.69482421875 0.0078125 0.0068359375
11 0.49609375 0.75 0.00830078125 0.0068359375
11 0.49609375 0.673828125 0.00830078125 0.0068359375
11 0.4736328125 0.7705078125 0.00830078125 0.0068359375
11 0.39794921875 0.7705078125 0.00830078125 0.0068359375
11 0.39794921875 0.69482421875 0.00830078125 0.0068359375
11 0.42041015625 0.75 0.00830078125 0.0068359375
11 0.42041015625 0.673828125 0.00830078125 0.0068359375
11 0.6201171875 0.904296875 0.0078125 0.0068359375
11 0.6201171875 0.96728515625 0.0078125 0.0068359375
11 0.6396484375 0.88916015625 0.00830078125 0.0068359375
11 0.60302734375 0.9462890625 0.00830078125 0.0068359375
11 0.60302734375 0.88330078125 0.00830078125 0.0068359375
11 0.65625 0.904296875 0.00830078125 0.0068359375
11 0.67626953125 0.94921875 0.00830078125 0.0068359375
11 0.67626953125 0.88623046875 0.00830078125 0.0068359375
11 0.65625 0.96728515625 0.00830078125 0.0068359375
11 0.6396484375 0.9521484375 0.00830078125 0.0068359375
11 0.546875 0.904296875 0.00830078125 0.0068359375
11 0.5302734375 0.9462890625 0.00830078125 0.0068359375
11 0.5302734375 0.88330078125 0.00830078125 0.0068359375
11 0.58349609375 0.96728515625 0.00830078125 0.0068359375
11 0.58349609375 0.904296875 0.00830078125 0.0068359375
11 0.56640625 0.94921875 0.00830078125 0.0068359375
11 0.56640625 0.88623046875 0.00830078125 0.0068359375
11 0.546875 0.96728515625 0.00830078125 0.0068359375
11 0.802734375 0.96728515625 0.00830078125 0.0068359375
11 0.802734375 0.904296875 0.00830078125 0.0068359375
11 0.78564453125 0.955078125 0.00830078125 0.0068359375
11 0.78564453125 0.89208984375 0.00830078125 0.0068359375
11 0.712890625 0.955078125 0.00830078125 0.0068359375
11 0.712890625 0.89208984375 0.00830078125 0.0068359375
11 0.69287109375 0.96728515625 0.00830078125 0.0068359375
11 0.69287109375 0.904296875 0.00830078125 0.0068359375
11 0.74951171875 0.9521484375 0.00830078125 0.0068359375
11 0.76611328125 0.96728515625 0.00830078125 0.0068359375
11 0.76611328125 0.904296875 0.00830078125 0.0068359375
11 0.74951171875 0.88916015625 0.00830078125 0.0068359375
11 0.7294921875 0.96728515625 0.00830078125 0.0068359375
11 0.7294921875 0.904296875 0.00830078125 0.0068359375
11 0.30810546875 0.96728515625 0.00830078125 0.0068359375
11 0.30810546875 0.904296875 0.00830078125 0.0068359375
11 0.291015625 0.9521484375 0.00830078125 0.0068359375
11 0.291015625 0.88916015625 0.00830078125 0.0068359375
11 0.3681640625 0.9404296875 0.00830078125 0.0068359375
11 0.3681640625 0.87744140625 0.00830078125 0.0068359375
11 0.3447265625 0.96728515625 0.0078125 0.0068359375
11 0.3447265625 0.904296875 0.0078125 0.0068359375
11 0.271484375 0.96728515625 0.00830078125 0.0068359375
11 0.32763671875 0.955078125 0.00830078125 0.0068359375
11 0.32763671875 0.89208984375 0.00830078125 0.0068359375
10 0.19287109375 0.94189453125 0.0166015625 0.0458984375
11 0.21826171875 0.9521484375 0.00830078125 0.0068359375
11 0.21826171875 0.88916015625 0.00830078125 0.0068359375
10 0.19287109375 0.87890625 0.0166015625 0.0458984375
11 0.271484375 0.904296875 0.00830078125 0.0068359375
11 0.2548828125 0.955078125 0.00830078125 0.0068359375
11 0.2548828125 0.89208984375 0.00830078125 0.0068359375
11 0.23486328125 0.96728515625 0.00830078125 0.0068359375
11 0.23486328125 0.904296875 0.00830078125 0.0068359375
11 0.46240234375 0.96728515625 0.00830078125 0.0068359375
11 0.46240234375 0.904296875 0.00830078125 0.0068359375
11 0.44580078125 0.9462890625 0.00830078125 0.0068359375
11 0.44580078125 0.88330078125 0.00830078125 0.0068359375
11 0.50244140625 0.96728515625 0.00830078125 0.0068359375
11 0.50244140625 0.904296875 0.00830078125 0.0068359375
11 0.48583984375 0.9462890625 0.00830078125 0.0068359375
11 0.48583984375 0.88330078125 0.00830078125 0.0068359375
11 0.384765625 0.904296875 0.00830078125 0.0068359375
11 0.408203125 0.9462890625 0.00830078125 0.0068359375
11 0.408203125 0.88330078125 0.00830078125 0.0068359375
11 0.384765625 0.96728515625 0.00830078125 0.0068359375
11 0.4248046875 0.96728515625 0.00830078125 0.0068359375
11 0.4248046875 0.904296875 0.00830078125 0.0068359375