12 0.60302734375 0.2802734375 0.0087890625 0.0068359375
11 0.60302734375 0.388671875 0.00830078125 0.00732421875
11 0.60302734375 0.3232421875 0.00830078125 0.00732421875
13 0.677734375 0.04736328125 0.01123046875 0.00732421875
11 0.60302734375 0.20458984375 0.00830078125 0.00732421875
12 0.60302734375 0.11376953125 0.0087890625 0.0068359375
13 0.677734375 0.11669921875 0.01123046875 0.0068359375
12 0.60302734375 0.0439453125 0.0087890625 0.0068359375
11 0.6513671875 0.400390625 0.00830078125 0.0068359375
11 0.6357421875 0.20751953125 0.00830078125 0.0068359375
11 0.6357421875 0.337890625 0.00830078125 0.00732421875
11 0.6357421875 0.3916015625 0.00830078125 0.0068359375
11 0.6201171875 0.20166015625 0.0078125 0.0068359375
11 0.6201171875 0.3857421875 0.0078125 0.0068359375
11 0.55029296875 0.20166015625 0.00830078125 0.0068359375
11 0.58544921875 0.041015625 0.00830078125 0.00732421875
11 0.58544921875 0.11083984375 0.00830078125 0.0068359375
11 0.58544921875 0.20166015625 0.00830078125 0.0068359375
11 0.58544921875 0.31982421875 0.00830078125 0.0068359375
11 0.58544921875 0.3857421875 0.00830078125 0.0068359375
11 0.5693359375 0.10791015625 0.00830078125 0.0068359375
11 0.55029296875 0.3857421875 0.00830078125 0.0068359375
11 0.5693359375 0.0380859375 0.00830078125 0.0068359375
11 0.5693359375 0.1953125 0.00830078125 0.0068359375
11 0.5693359375 0.3173828125 0.00830078125 0.0068359375
11 0.5693359375 0.37939453125 0.00830078125 0.0068359375
11 0.79345703125 0.20751953125 0.0078125 0.0068359375
11 0.8046875 0.21630859375 0.00830078125 0.0068359375
11 0.8046875 0.400390625 0.00830078125 0.0068359375
11 0.763671875 0.20166015625 0.00830078125 0.0068359375
11 0.763671875 0.3857421875 0.00830078125 0.0068359375
11 0.78076171875 0.20458984375 0.00830078125 0.00732421875
11 0.78076171875 0.388671875 0.00830078125 0.00732421875
12 0.6767578125 0.2744140625 0.0087890625 0.00732421875
12 0.6767578125 0.326171875 0.0087890625 0.0068359375
11 0.67626953125 0.39453125 0.00830078125 0.0068359375
11 0.7294921875 0.20166015625 0.00830078125 0.0068359375
11 0.7294921875 0.3857421875 0.00830078125 0.0068359375
11 0.74658203125 0.20458984375 0.00830078125 0.00732421875
12 0.7470703125 0.283203125 0.0087890625 0.0068359375
12 0.7470703125 0.3349609375 0.0087890625 0.0068359375
11 0.74658203125 0.388671875 0.00830078125 0.00732421875
11 0.69482421875 0.20166015625 0.00830078125 0.0068359375
11 0.69482421875 0.3857421875 0.00830078125 0.0068359375
11 0.67626953125 0.21044921875 0.00830078125 0.00732421875
11 0.7138671875 0.1953125 0.00830078125 0.0068359375
11 0.7138671875 0.37939453125 0.00830078125 0.0068359375
11 0.30712890625 0.046875 0.00830078125 0.0068359375
11 0.30712890625 0.11669921875 0.00830078125 0.0068359375
11 0.30712890625 0.20458984375 0.00830078125 0.00732421875
12 0.3076171875 0.2861328125 0.0087890625 0.0068359375
11 0.2900390625 0.05029296875 0.00830078125 0.0068359375
11 0.2900390625 0.1201171875 0.00830078125 0.0068359375
11 0.2900390625 0.20166015625 0.00830078125 0.0068359375
11 0.2900390625 0.3291015625 0.00830078125 0.0068359375
11 0.2900390625 0.3857421875 0.00830078125 0.0068359375
11 0.32421875 0.20166015625 0.00830078125 0.0068359375
11 0.32421875 0.3857421875 0.00830078125 0.0068359375
11 0.341796875 0.046875 0.00830078125 0.0068359375
11 0.341796875 0.11669921875 0.00830078125 0.0068359375
11 0.341796875 0.20751953125 0.00830078125 0.0068359375
11 0.341796875 0.37939453125 0.00830078125 0.0068359375
11 0.30712890625 0.326171875 0.00830078125 0.0068359375
11 0.30712890625 0.388671875 0.00830078125 0.00732421875
1 0.193359375 0.26611328125 0.017578125 0.02099609375
10 0.19384765625 0.33642578125 0.0166015625 0.0458984375
1 0.193359375 0.3984375 0.017578125 0.02099609375
11 0.236328125 0.05322265625 0.00830078125 0.0068359375
11 0.236328125 0.12255859375 0.00830078125 0.0068359375
0 0.17529296875 0.369140625 0.005859375 0.0869140625
11 0.236328125 0.20751953125 0.00830078125 0.0068359375
10 0.19384765625 0.0576171875 0.0166015625 0.0458984375
10 0.19384765625 0.12744140625 0.0166015625 0.0458984375
11 0.2548828125 0.20166015625 0.00830078125 0.0068359375
11 0.2548828125 0.3857421875 0.00830078125 0.0068359375
11 0.2734375 0.05322265625 0.00830078125 0.0068359375
11 0.2734375 0.12255859375 0.00830078125 0.0068359375
11 0.2734375 0.1953125 0.00830078125 0.0068359375
11 0.2734375 0.33203125 0.00830078125 0.0068359375
11 0.2734375 0.37939453125 0.00830078125 0.0068359375
12 0.236328125 0.2802734375 0.0087890625 0.0068359375
11 0.236328125 0.33203125 0.00830078125 0.0068359375
11 0.236328125 0.3916015625 0.00830078125 0.0068359375
11 0.341796875 0.326171875 0.00830078125 0.0068359375
11 0.42041015625 0.37939453125 0.00830078125 0.0068359375
11 0.43603515625 0.3857421875 0.00830078125 0.0068359375
11 0.42041015625 0.1953125 0.00830078125 0.0068359375
12 0.4521484375 0.05615234375 0.0087890625 0.0068359375
12 0.4521484375 0.1259765625 0.0087890625 0.00732421875
11 0.45166015625 0.19873046875 0.00830078125 0.0068359375
12 0.4521484375 0.27734375 0.0087890625 0.0068359375
12 0.4521484375 0.3349609375 0.0087890625 0.0068359375
11 0.45166015625 0.39453125 0.00830078125 0.0068359375
11 0.40185546875 0.20166015625 0.00830078125 0.0068359375
11 0.40185546875 0.3857421875 0.00830078125 0.0068359375
11 0.48876953125 0.19873046875 0.00830078125 0.0068359375
11 0.48876953125 0.3828125 0.00830078125 0.0068359375
11 0.50732421875 0.37353515625 0.00830078125 0.00732421875
11 0.53173828125 0.0380859375 0.00830078125 0.0068359375
11 0.53173828125 0.10791015625 0.00830078125 0.0068359375
11 0.53173828125 0.20751953125 0.00830078125 0.0068359375
12 0.5322265625 0.2861328125 0.0087890625 0.0068359375
11 0.53173828125 0.3173828125 0.00830078125 0.0068359375
11 0.53173828125 0.3916015625 0.00830078125 0.0068359375
11 0.47021484375 0.388671875 0.00830078125 0.00732421875
12 0.3837890625 0.05322265625 0.0087890625 0.0068359375
11 0.38330078125 0.21044921875 0.00830078125 0.00732421875
12 0.3837890625 0.2744140625 0.0087890625 0.00732421875
12 0.3837890625 0.33203125 0.0087890625 0.0068359375
11 0.38330078125 0.39453125 0.00830078125 0.0068359375
12 0.3837890625 0.12255859375 0.0087890625 0.0068359375
11 0.359375 0.05029296875 0.00830078125 0.0068359375
11 0.359375 0.1201171875 0.00830078125 0.0068359375
11 0.359375 0.3291015625 0.00830078125 0.0068359375
11 0.359375 0.37353515625 0.00830078125 0.00732421875
11 0.60791015625 0.92041015625 0.00830078125 0.0068359375
11 0.60791015625 0.736328125 0.00830078125 0.0068359375
12 0.63134765625 0.55810546875 0.0087890625 0.0068359375
12 0.63134765625 0.64306640625 0.0087890625 0.0068359375
11 0.5947265625 0.56103515625 0.00830078125 0.0068359375
11 0.5947265625 0.7275390625 0.00830078125 0.0068359375
11 0.5947265625 0.767578125 0.00830078125 0.0068359375
11 0.5947265625 0.84033203125 0.00830078125 0.0068359375
11 0.5947265625 0.91162109375 0.00830078125 0.0068359375
12 0.63134765625 0.76416015625 0.0087890625 0.0068359375
12 0.63134765625 0.83740234375 0.0087890625 0.0068359375
12 0.63134765625 0.91455078125 0.0087890625 0.0068359375
12 0.63134765625 0.90576171875 0.0087890625 0.0068359375
12 0.63134765625 0.73046875 0.0087890625 0.0068359375
11 0.55126953125 0.56103515625 0.00830078125 0.0068359375
11 0.55126953125 0.767578125 0.00830078125 0.0068359375
11 0.55126953125 0.84033203125 0.00830078125 0.0068359375
11 0.55126953125 0.90576171875 0.00830078125 0.0068359375
11 0.5361328125 0.8369140625 0.00830078125 0.00732421875
11 0.5361328125 0.55810546875 0.00830078125 0.0068359375
11 0.5361328125 0.7216796875 0.00830078125 0.0068359375
11 0.5361328125 0.76416015625 0.00830078125 0.0068359375
11 0.521484375 0.90576171875 0.0078125 0.0068359375
11 0.5361328125 0.90869140625 0.00830078125 0.0068359375
11 0.521484375 0.7216796875 0.0078125 0.0068359375
11 0.5810546875 0.7216796875 0.00830078125 0.0068359375
11 0.5810546875 0.90576171875 0.00830078125 0.0068359375
11 0.56591796875 0.564453125 0.00830078125 0.0068359375
12 0.56640625 0.64306640625 0.0087890625 0.0068359375
11 0.56591796875 0.724609375 0.00830078125 0.00732421875
11 0.56591796875 0.7705078125 0.00830078125 0.0068359375
11 0.56591796875 0.8427734375 0.00830078125 0.0068359375
11 0.56591796875 0.90869140625 0.00830078125 0.0068359375
11 0.7626953125 0.8310546875 0.0078125 0.0068359375
11 0.7626953125 0.7705078125 0.0078125 0.0068359375
11 0.77587890625 0.85205078125 0.00830078125 0.00732421875
11 0.79248046875 0.78515625 0.00830078125 0.0068359375
11 0.79248046875 0.8427734375 0.00830078125 0.0068359375
11 0.7470703125 0.767578125 0.00830078125 0.0068359375
11 0.73095703125 0.76416015625 0.00830078125 0.0068359375
11 0.73095703125 0.84912109375 0.00830078125 0.0068359375
11 0.7470703125 0.8427734375 0.00830078125 0.0068359375
12 0.76318359375 0.55224609375 0.0087890625 0.0068359375
12 0.76318359375 0.64306640625 0.0087890625 0.0068359375
11 0.80908203125 0.8369140625 0.00830078125 0.00732421875
12 0.66162109375 0.56103515625 0.0087890625 0.0068359375
12 0.66162109375 0.64599609375 0.0087890625 0.0068359375
12 0.66162109375 0.73046875 0.0087890625 0.0068359375
12 0.66162109375 0.767578125 0.0087890625 0.0068359375
12 0.66162109375 0.85498046875 0.0087890625 0.0068359375
12 0.66162109375 0.84619140625 0.0087890625 0.0068359375
12 0.66162109375 0.84033203125 0.0087890625 0.0068359375
12 0.66162109375 0.833984375 0.0087890625 0.0068359375
12 0.66162109375 0.91455078125 0.0087890625 0.0068359375
12 0.66162109375 0.90869140625 0.0087890625 0.0068359375
12 0.66162109375 0.90283203125 0.0087890625 0.0068359375
11 0.71484375 0.85791015625 0.00830078125 0.00732421875
12 0.69873046875 0.55224609375 0.0087890625 0.0068359375
12 0.69873046875 0.64306640625 0.0087890625 0.0068359375
13 0.7001953125 0.7333984375 0.01123046875 0.00732421875
11 0.69873046875 0.76416015625 0.00830078125 0.0068359375
11 0.69873046875 0.86376953125 0.00830078125 0.0068359375
11 0.298828125 0.564453125 0.00830078125 0.0068359375
11 0.298828125 0.6337890625 0.00830078125 0.0068359375
11 0.298828125 0.724609375 0.00830078125 0.00732421875
12 0.29931640625 0.80029296875 0.0087890625 0.0068359375
12 0.29931640625 0.8427734375 0.0087890625 0.0068359375
12 0.29931640625 0.85205078125 0.0087890625 0.0068359375
11 0.298828125 0.91162109375 0.00830078125 0.0068359375
9 0.30517578125 0.71240234375 0.0068359375 0.017578125
11 0.2822265625 0.56103515625 0.00830078125 0.0068359375
11 0.2822265625 0.630859375 0.00830078125 0.0068359375
11 0.2822265625 0.84033203125 0.00830078125 0.0068359375
11 0.2822265625 0.90576171875 0.00830078125 0.0068359375
9 0.2890625 0.8310546875 0.0068359375 0.017578125
11 0.330078125 0.90869140625 0.00830078125 0.0068359375
11 0.330078125 0.64892578125 0.00830078125 0.0068359375
11 0.3447265625 0.90576171875 0.00830078125 0.0068359375
13 0.3671875 0.5673828125 0.01123046875 0.0068359375
12 0.3662109375 0.64306640625 0.0087890625 0.0068359375
11 0.3662109375 0.73046875 0.00830078125 0.0068359375
12 0.3662109375 0.7939453125 0.0087890625 0.0068359375
13 0.3671875 0.84619140625 0.01123046875 0.00732421875
12 0.3662109375 0.85205078125 0.0087890625 0.0068359375
11 0.3662109375 0.91455078125 0.00830078125 0.0068359375
11 0.31494140625 0.7216796875 0.00830078125 0.0068359375
11 0.31494140625 0.90576171875 0.00830078125 0.0068359375
11 0.330078125 0.5791015625 0.00830078125 0.0068359375
1 0.193359375 0.7861328125 0.017578125 0.02099609375
10 0.19384765625 0.8564453125 0.0166015625 0.0458984375
1 0.193359375 0.9189453125 0.017578125 0.02099609375
11 0.236328125 0.55810546875 0.00830078125 0.0068359375
11 0.236328125 0.6279296875 0.00830078125 0.0068359375
11 0.236328125 0.7275390625 0.00830078125 0.0068359375
12 0.236328125 0.80615234375 0.0087890625 0.0068359375
11 0.236328125 0.8369140625 0.00830078125 0.00732421875
12 0.236328125 0.85205078125 0.0087890625 0.0068359375
0 0.17529296875 0.88916015625 0.005859375 0.0869140625
11 0.236328125 0.91162109375 0.00830078125 0.0068359375
22 0.75341796875 0.91650390625 0.00830078125 0.00390625
10 0.19384765625 0.57763671875 0.0166015625 0.0458984375
10 0.19384765625 0.6474609375 0.0166015625 0.0458984375
11 0.25244140625 0.7216796875 0.00830078125 0.0068359375
11 0.25244140625 0.90576171875 0.00830078125 0.0068359375
11 0.267578125 0.55810546875 0.00830078125 0.0068359375
11 0.267578125 0.6279296875 0.00830078125 0.0068359375
11 0.267578125 0.90869140625 0.00830078125 0.0068359375
9 0.24267578125 0.71533203125 0.0068359375 0.017578125
11 0.45654296875 0.7275390625 0.00830078125 0.0068359375
11 0.45654296875 0.90869140625 0.00830078125 0.0068359375
11 0.4677734375 0.73046875 0.00830078125 0.0068359375
11 0.478515625 0.736328125 0.00830078125 0.0068359375
11 0.478515625 0.92041015625 0.00830078125 0.0068359375
11 0.42724609375 0.90869140625 0.00830078125 0.0068359375
11 0.44189453125 0.7216796875 0.0078125 0.0068359375
11 0.44189453125 0.90576171875 0.0078125 0.0068359375
11 0.5048828125 0.55810546875 0.00830078125 0.0068359375
12 0.50537109375 0.64306640625 0.0087890625 0.0068359375
11 0.5048828125 0.7275390625 0.00830078125 0.0068359375
11 0.5048828125 0.76416015625 0.00830078125 0.0068359375
11 0.5048828125 0.8369140625 0.00830078125 0.00732421875
11 0.5048828125 0.91162109375 0.00830078125 0.0068359375
11 0.38232421875 0.7216796875 0.00830078125 0.0068359375
12 0.427734375 0.80322265625 0.0087890625 0.0068359375
11 0.39892578125 0.71533203125 0.00830078125 0.0068359375
11 0.39892578125 0.89990234375 0.00830078125 0.0068359375
11 0.412109375 0.7216796875 0.00830078125 0.0068359375
11 0.412109375 0.90576171875 0.00830078125 0.0068359375
12 0.427734375 0.64599609375 0.0087890625 0.0068359375
11 0.42724609375 0.724609375 0.00830078125 0.00732421875
12 0.427734375 0.85498046875 0.0087890625 0.0068359375
11 0.38232421875 0.90576171875 0.00830078125 0.0068359375