11 0.650390625 0.173828125 0.00830078125 0.0068359375
11 0.650390625 0.10302734375 0.00830078125 0.0068359375
11 0.5556640625 0.10009765625 0.00830078125 0.0068359375
12 0.68701171875 0.1650390625 0.0087890625 0.0068359375
12 0.68701171875 0.09716796875 0.0087890625 0.00732421875
12 0.5947265625 0.09716796875 0.0087890625 0.00732421875
12 0.5947265625 0.1650390625 0.0087890625 0.0068359375
11 0.5556640625 0.173828125 0.00830078125 0.0068359375
11 0.63134765625 0.1708984375 0.00830078125 0.00732421875
11 0.63134765625 0.10302734375 0.00830078125 0.0068359375
12 0.794921875 0.1708984375 0.0087890625 0.00732421875
12 0.794921875 0.10302734375 0.0087890625 0.0068359375
11 0.73974609375 0.173828125 0.00830078125 0.0068359375
11 0.73974609375 0.10009765625 0.00830078125 0.0068359375
11 0.7216796875 0.16796875 0.00830078125 0.0068359375
11 0.7216796875 0.10009765625 0.00830078125 0.0068359375
12 0.76806640625 0.1650390625 0.0087890625 0.0068359375
12 0.76806640625 0.09716796875 0.0087890625 0.00732421875
12 0.37158203125 0.1650390625 0.0087890625 0.0068359375
12 0.37158203125 0.09716796875 0.0087890625 0.00732421875
11 0.39794921875 0.173828125 0.00830078125 0.0068359375
11 0.41748046875 0.173828125 0.00830078125 0.0068359375
11 0.41748046875 0.10009765625 0.00830078125 0.0068359375
11 0.34423828125 0.1650390625 0.00830078125 0.00732421875
11 0.39794921875 0.10009765625 0.00830078125 0.0068359375
10 0.2431640625 0.15771484375 0.0166015625 0.0458984375
19 0.294921875 0.1572265625 0.00830078125 0.00390625
10 0.2431640625 0.095703125 0.0166015625 0.0458984375
19 0.294921875 0.09521484375 0.00830078125 0.00390625
11 0.34423828125 0.09716796875 0.00830078125 0.00732421875
11 0.322265625 0.1650390625 0.00830078125 0.00732421875
11 0.322265625 0.09716796875 0.00830078125 0.00732421875
12 0.5078125 0.1650390625 0.0087890625 0.0068359375
12 0.5078125 0.09716796875 0.0087890625 0.00732421875
12 0.47216796875 0.1708984375 0.0087890625 0.00732421875
11 0.53515625 0.16796875 0.00830078125 0.0068359375
11 0.53515625 0.10009765625 0.00830078125 0.0068359375
12 0.4453125 0.09716796875 0.0087890625 0.00732421875
12 0.4453125 0.1650390625 0.0087890625 0.0068359375
12 0.47216796875 0.10302734375 0.0087890625 0.0068359375
12 0.63330078125 0.29736328125 0.0087890625 0.0068359375
12 0.63330078125 0.23046875 0.0087890625 0.0068359375
11 0.68408203125 0.306640625 0.00830078125 0.0068359375
11 0.68408203125 0.2333984375 0.00830078125 0.0068359375
11 0.6591796875 0.30029296875 0.00830078125 0.0068359375
11 0.60595703125 0.30322265625 0.00830078125 0.0068359375
11 0.6591796875 0.2333984375 0.00830078125 0.0068359375
12 0.56201171875 0.23046875 0.0087890625 0.0068359375
12 0.56201171875 0.29736328125 0.0087890625 0.0068359375
11 0.53515625 0.306640625 0.00830078125 0.0068359375
11 0.5869140625 0.236328125 0.00830078125 0.00732421875
11 0.60595703125 0.236328125 0.00830078125 0.00732421875
11 0.5869140625 0.30322265625 0.00830078125 0.0068359375
12 0.79638671875 0.28564453125 0.0087890625 0.0068359375
12 0.79638671875 0.2333984375 0.0087890625 0.0068359375
12 0.7109375 0.29736328125 0.0087890625 0.0068359375
12 0.7109375 0.23046875 0.0087890625 0.0068359375
12 0.76904296875 0.306640625 0.0087890625 0.0068359375
12 0.76904296875 0.2333984375 0.0087890625 0.0068359375
12 0.736328125 0.30322265625 0.0087890625 0.0068359375
12 0.736328125 0.23681640625 0.0087890625 0.0068359375
11 0.33544921875 0.236328125 0.00830078125 0.00732421875
11 0.31787109375 0.29736328125 0.00830078125 0.00732421875
11 0.31787109375 0.236328125 0.00830078125 0.00732421875
12 0.36279296875 0.30322265625 0.0087890625 0.0068359375
12 0.36279296875 0.23681640625 0.0087890625 0.0068359375
11 0.33544921875 0.29736328125 0.00830078125 0.00732421875
12 0.23095703125 0.2333984375 0.0087890625 0.0068359375
10 0.19287109375 0.2900390625 0.0166015625 0.0458984375
10 0.19287109375 0.22900390625 0.0166015625 0.0458984375
12 0.2919921875 0.29150390625 0.0087890625 0.0068359375
12 0.2919921875 0.23681640625 0.0087890625 0.0068359375
12 0.2587890625 0.28564453125 0.0087890625 0.0068359375
12 0.2587890625 0.2333984375 0.0087890625 0.0068359375
12 0.23095703125 0.306640625 0.0087890625 0.0068359375
12 0.4921875 0.23046875 0.0087890625 0.0068359375
12 0.45849609375 0.30322265625 0.0087890625 0.0068359375
12 0.45849609375 0.23681640625 0.0087890625 0.0068359375
11 0.5185546875 0.30029296875 0.00830078125 0.0068359375
12 0.51904296875 0.2333984375 0.0087890625 0.0068359375
12 0.4921875 0.306640625 0.0087890625 0.0068359375
11 0.40625 0.2333984375 0.00830078125 0.0068359375
11 0.40625 0.306640625 0.00830078125 0.0068359375
11 0.388671875 0.306640625 0.00830078125 0.0068359375
11 0.388671875 0.2333984375 0.00830078125 0.0068359375
12 0.43359375 0.23046875 0.0087890625 0.0068359375
12 0.43359375 0.29736328125 0.0087890625 0.0068359375
12 0.68408203125 0.4306640625 0.0087890625 0.0068359375
12 0.68408203125 0.36328125 0.0087890625 0.0068359375
12 0.64501953125 0.43408203125 0.0087890625 0.0068359375
12 0.64501953125 0.3662109375 0.0087890625 0.0068359375
11 0.56494140625 0.43701171875 0.00830078125 0.0068359375
11 0.56494140625 0.369140625 0.00830078125 0.00732421875
12 0.615234375 0.4306640625 0.0087890625 0.0068359375
12 0.615234375 0.36328125 0.0087890625 0.0068359375
11 0.5849609375 0.43701171875 0.00830078125 0.0068359375
11 0.5849609375 0.369140625 0.00830078125 0.00732421875
11 0.80224609375 0.4189453125 0.00830078125 0.0068359375
11 0.80224609375 0.3662109375 0.00830078125 0.0068359375
11 0.78076171875 0.4189453125 0.00830078125 0.0068359375
12 0.75 0.3662109375 0.0087890625 0.0068359375
12 0.712890625 0.43701171875 0.0087890625 0.0068359375
12 0.75 0.43994140625 0.0087890625 0.0068359375
12 0.712890625 0.369140625 0.0087890625 0.00732421875
11 0.78076171875 0.3662109375 0.00830078125 0.0068359375
11 0.3095703125 0.4306640625 0.00830078125 0.0068359375
11 0.3095703125 0.36328125 0.00830078125 0.0068359375
11 0.3515625 0.4306640625 0.00830078125 0.0068359375
11 0.3515625 0.36328125 0.00830078125 0.0068359375
11 0.33056640625 0.43994140625 0.00830078125 0.00732421875
11 0.33056640625 0.3662109375 0.00830078125 0.0068359375
12 0.23095703125 0.369140625 0.0087890625 0.00732421875
10 0.19287109375 0.42333984375 0.0166015625 0.0458984375
10 0.19287109375 0.361328125 0.0166015625 0.0458984375
11 0.27978515625 0.43994140625 0.00830078125 0.00732421875
11 0.27978515625 0.369140625 0.00830078125 0.00732421875
11 0.26025390625 0.4306640625 0.00830078125 0.0068359375
11 0.26025390625 0.369140625 0.00830078125 0.00732421875
12 0.23095703125 0.4248046875 0.0087890625 0.0068359375
12 0.46728515625 0.43994140625 0.0087890625 0.0068359375
12 0.46728515625 0.36328125 0.0087890625 0.0068359375
12 0.53662109375 0.4306640625 0.0087890625 0.0068359375
12 0.53662109375 0.36328125 0.0087890625 0.0068359375
12 0.49755859375 0.43408203125 0.0087890625 0.0068359375
12 0.49755859375 0.3662109375 0.0087890625 0.0068359375
12 0.400390625 0.36328125 0.0087890625 0.0068359375
12 0.400390625 0.4306640625 0.0087890625 0.0068359375
11 0.37109375 0.43994140625 0.00830078125 0.00732421875
11 0.37109375 0.3662109375 0.00830078125 0.0068359375
12 0.42919921875 0.369140625 0.0087890625 0.00732421875
12 0.42919921875 0.43701171875 0.0087890625 0.0068359375
19 0.5498046875 0.55517578125 0.00830078125 0.00390625
19 0.5498046875 0.49462890625 0.00830078125 0.00390625
11 0.39013671875 0.55712890625 0.00830078125 0.0068359375
11 0.39013671875 0.50244140625 0.00830078125 0.0068359375
10 0.19287109375 0.5556640625 0.0166015625 0.0458984375
10 0.19287109375 0.4951171875 0.0166015625 0.0458984375
11 0.23095703125 0.55712890625 0.0078125 0.0068359375
11 0.23095703125 0.50244140625 0.0078125 0.0068359375