11 0.67578125 0.04541015625 0.00634765625 0.00537109375
11 0.64501953125 0.10791015625 0.00634765625 0.00537109375
15 0.66064453125 0.05517578125 0.005859375 0.00927734375
11 0.66064453125 0.10986328125 0.00634765625 0.00537109375
11 0.66064453125 0.15380859375 0.00634765625 0.00537109375
11 0.64501953125 0.15185546875 0.00634765625 0.00537109375
15 0.55419921875 0.05517578125 0.005859375 0.00927734375
21 0.68798828125 0.10205078125 0.00537109375 0.01416015625
21 0.68798828125 0.150390625 0.00537109375 0.01416015625
11 0.68896484375 0.04052734375 0.00634765625 0.00537109375
11 0.7001953125 0.03857421875 0.005859375 0.00537109375
11 0.716796875 0.0361328125 0.00634765625 0.00537109375
15 0.716796875 0.103515625 0.005859375 0.00927734375
15 0.716796875 0.15234375 0.005859375 0.0087890625
21 0.57763671875 0.150390625 0.0048828125 0.01416015625
21 0.57763671875 0.10205078125 0.0048828125 0.01416015625
11 0.59033203125 0.03857421875 0.00634765625 0.00537109375
11 0.6064453125 0.0361328125 0.00634765625 0.00537109375
15 0.6064453125 0.103515625 0.005859375 0.00927734375
15 0.6064453125 0.15234375 0.005859375 0.0087890625
11 0.55419921875 0.10986328125 0.00634765625 0.00537109375
11 0.55419921875 0.15380859375 0.00634765625 0.00537109375
11 0.5654296875 0.04541015625 0.00634765625 0.00537109375
11 0.57861328125 0.04052734375 0.00634765625 0.00537109375
11 0.63330078125 0.1494140625 0.00634765625 0.00537109375
21 0.6328125 0.0537109375 0.0048828125 0.01416015625
11 0.63330078125 0.10546875 0.00634765625 0.00537109375
11 0.61767578125 0.1005859375 0.00634765625 0.00537109375
11 0.61767578125 0.14501953125 0.00634765625 0.00537109375
11 0.798828125 0.04052734375 0.005859375 0.00537109375
11 0.798828125 0.10546875 0.005859375 0.00537109375
11 0.798828125 0.1494140625 0.005859375 0.00537109375
11 0.810546875 0.03857421875 0.00634765625 0.00537109375
11 0.810546875 0.10791015625 0.00634765625 0.00537109375
11 0.810546875 0.15185546875 0.00634765625 0.00537109375
11 0.748046875 0.10546875 0.00634765625 0.00537109375
11 0.748046875 0.1494140625 0.00634765625 0.00537109375
11 0.748046875 0.04052734375 0.00634765625 0.00537109375
11 0.759765625 0.03857421875 0.00634765625 0.00537109375
11 0.759765625 0.10791015625 0.00634765625 0.00537109375
11 0.759765625 0.15185546875 0.00634765625 0.00537109375
11 0.732421875 0.04541015625 0.00634765625 0.00537109375
11 0.732421875 0.1005859375 0.00634765625 0.00537109375
11 0.732421875 0.14501953125 0.00634765625 0.00537109375
11 0.78759765625 0.04541015625 0.00634765625 0.00537109375
11 0.78759765625 0.1005859375 0.00634765625 0.00537109375
11 0.78759765625 0.14501953125 0.00634765625 0.00537109375
11 0.775390625 0.0361328125 0.00634765625 0.00537109375
11 0.775390625 0.10986328125 0.00634765625 0.00537109375
11 0.775390625 0.15380859375 0.00634765625 0.00537109375
11 0.31201171875 0.14501953125 0.00634765625 0.00537109375
11 0.2900390625 0.04296875 0.00634765625 0.00537109375
11 0.2900390625 0.10302734375 0.00634765625 0.00537109375
11 0.2900390625 0.14697265625 0.00634765625 0.00537109375
12 0.31201171875 0.04541015625 0.0068359375 0.00537109375
12 0.31201171875 0.1005859375 0.0068359375 0.00537109375
11 0.369140625 0.10546875 0.00634765625 0.00537109375
11 0.369140625 0.15380859375 0.00634765625 0.00537109375
11 0.380859375 0.10791015625 0.00634765625 0.00537109375
12 0.404296875 0.0361328125 0.0068359375 0.00537109375
11 0.40380859375 0.10986328125 0.00634765625 0.00537109375
11 0.40380859375 0.15380859375 0.00634765625 0.00537109375
11 0.32861328125 0.15380859375 0.00634765625 0.00537109375
12 0.34619140625 0.04296875 0.0068359375 0.00537109375
11 0.345703125 0.1005859375 0.00634765625 0.00537109375
11 0.345703125 0.15380859375 0.00634765625 0.00537109375
11 0.357421875 0.10302734375 0.00634765625 0.00537109375
12 0.21630859375 0.0361328125 0.0068359375 0.00537109375
11 0.21630859375 0.10986328125 0.00634765625 0.00537109375
11 0.21630859375 0.15380859375 0.00634765625 0.00537109375
11 0.23388671875 0.10986328125 0.00634765625 0.00537109375
11 0.23388671875 0.15380859375 0.00634765625 0.00537109375
10 0.18994140625 0.0537109375 0.0126953125 0.03515625
10 0.18994140625 0.10205078125 0.0126953125 0.03515625
10 0.18994140625 0.150390625 0.0126953125 0.03515625
11 0.2783203125 0.04052734375 0.00634765625 0.00537109375
11 0.2783203125 0.10546875 0.00634765625 0.00537109375
11 0.2783203125 0.1494140625 0.00634765625 0.00537109375
11 0.25146484375 0.0361328125 0.00634765625 0.00537109375
11 0.25146484375 0.10986328125 0.00634765625 0.00537109375
11 0.25146484375 0.15380859375 0.00634765625 0.00537109375
11 0.26318359375 0.03857421875 0.00634765625 0.00537109375
11 0.26318359375 0.10791015625 0.00634765625 0.00537109375
11 0.26318359375 0.15185546875 0.00634765625 0.00537109375
11 0.47802734375 0.04296875 0.00634765625 0.00537109375
11 0.47802734375 0.10302734375 0.00634765625 0.00537109375
11 0.47802734375 0.14697265625 0.00634765625 0.00537109375
11 0.49951171875 0.04541015625 0.00634765625 0.00537109375
11 0.49951171875 0.1005859375 0.00634765625 0.00537109375
11 0.49951171875 0.14501953125 0.00634765625 0.00537109375
11 0.53857421875 0.10791015625 0.00634765625 0.00537109375
11 0.53857421875 0.15185546875 0.00634765625 0.00537109375
11 0.51123046875 0.1005859375 0.00634765625 0.00537109375
11 0.51123046875 0.14501953125 0.00634765625 0.00537109375
21 0.5263671875 0.0537109375 0.0048828125 0.01416015625
11 0.52685546875 0.10546875 0.00634765625 0.00537109375
11 0.52685546875 0.1494140625 0.00634765625 0.00537109375
11 0.45068359375 0.03857421875 0.00634765625 0.00537109375
11 0.45068359375 0.10791015625 0.00634765625 0.00537109375
11 0.42138671875 0.10986328125 0.00634765625 0.00537109375
11 0.42138671875 0.15380859375 0.00634765625 0.00537109375
11 0.43896484375 0.0361328125 0.00634765625 0.00537109375
11 0.43896484375 0.10986328125 0.00634765625 0.00537109375
11 0.43896484375 0.15380859375 0.00634765625 0.00537109375
11 0.46630859375 0.04052734375 0.00634765625 0.00537109375
11 0.46630859375 0.10546875 0.00634765625 0.00537109375
11 0.46630859375 0.1494140625 0.00634765625 0.00537109375
11 0.45068359375 0.15185546875 0.00634765625 0.00537109375
21 0.60986328125 0.3525390625 0.0048828125 0.01416015625
12 0.61083984375 0.24267578125 0.0068359375 0.00537109375
11 0.625 0.30908203125 0.00634765625 0.00537109375
11 0.625 0.3603515625 0.00634765625 0.00537109375
21 0.60986328125 0.30322265625 0.0048828125 0.01416015625
11 0.640625 0.24951171875 0.00634765625 0.00537109375
21 0.6396484375 0.30322265625 0.0048828125 0.01416015625
21 0.6396484375 0.3525390625 0.0048828125 0.01416015625
11 0.66552734375 0.24951171875 0.00634765625 0.00537109375
11 0.66552734375 0.31103515625 0.00634765625 0.00537109375
11 0.66552734375 0.36279296875 0.00634765625 0.00537109375
21 0.54638671875 0.30322265625 0.0048828125 0.01416015625
21 0.54638671875 0.3525390625 0.0048828125 0.01416015625
11 0.533203125 0.24267578125 0.00634765625 0.00537109375
21 0.5322265625 0.30322265625 0.0048828125 0.01416015625
21 0.5322265625 0.3525390625 0.0048828125 0.01416015625
11 0.59423828125 0.2470703125 0.00634765625 0.00537109375
11 0.5791015625 0.2470703125 0.00634765625 0.00537109375
11 0.59423828125 0.30908203125 0.00634765625 0.00537109375
11 0.59423828125 0.3583984375 0.00634765625 0.00537109375
11 0.568359375 0.3603515625 0.00634765625 0.00537109375
11 0.55517578125 0.24462890625 0.00634765625 0.00537109375
11 0.568359375 0.24462890625 0.00634765625 0.00537109375
11 0.568359375 0.30908203125 0.00634765625 0.00537109375
11 0.78076171875 0.240234375 0.00634765625 0.00537109375
21 0.77978515625 0.30322265625 0.0048828125 0.01416015625
21 0.77978515625 0.3525390625 0.0048828125 0.01416015625
11 0.79150390625 0.23779296875 0.00634765625 0.00537109375
11 0.75537109375 0.2470703125 0.00634765625 0.00537109375
21 0.75439453125 0.30322265625 0.0048828125 0.01416015625
21 0.75439453125 0.3525390625 0.0048828125 0.01416015625
11 0.77001953125 0.24267578125 0.00634765625 0.00537109375
11 0.80224609375 0.2353515625 0.00634765625 0.00537109375
11 0.80224609375 0.29736328125 0.00634765625 0.00537109375
11 0.80224609375 0.3583984375 0.00634765625 0.00537109375
11 0.8115234375 0.240234375 0.00634765625 0.00537109375
11 0.69580078125 0.30908203125 0.00634765625 0.00537109375
11 0.69580078125 0.365234375 0.00634765625 0.00537109375
11 0.71142578125 0.25390625 0.00634765625 0.00537109375
21 0.71044921875 0.30322265625 0.0048828125 0.01416015625
21 0.71044921875 0.3525390625 0.0048828125 0.01416015625
21 0.6806640625 0.30322265625 0.0048828125 0.01416015625
12 0.681640625 0.25146484375 0.0068359375 0.00537109375
21 0.6806640625 0.3525390625 0.0048828125 0.01416015625
11 0.7431640625 0.25146484375 0.00634765625 0.00537109375
11 0.7314453125 0.25634765625 0.00634765625 0.00537109375
11 0.7314453125 0.3134765625 0.00634765625 0.00537109375
11 0.7314453125 0.3583984375 0.00634765625 0.00537109375
12 0.31103515625 0.365234375 0.0068359375 0.00537109375
11 0.29541015625 0.25146484375 0.00634765625 0.00537109375
11 0.28466796875 0.24951171875 0.00634765625 0.00537109375
11 0.31103515625 0.25390625 0.00634765625 0.00537109375
12 0.31103515625 0.31591796875 0.0068359375 0.00537109375
11 0.359375 0.25390625 0.005859375 0.00537109375
8 0.35888671875 0.2626953125 0.0048828125 0.013671875
11 0.375 0.25830078125 0.00634765625 0.00537109375
11 0.375 0.31591796875 0.00634765625 0.00537109375
11 0.375 0.3603515625 0.00634765625 0.00537109375
11 0.32958984375 0.25146484375 0.00634765625 0.00537109375
11 0.27392578125 0.2470703125 0.00634765625 0.00537109375
8 0.3291015625 0.2607421875 0.0048828125 0.013671875
11 0.34033203125 0.25634765625 0.00634765625 0.00537109375
12 0.3408203125 0.31591796875 0.0068359375 0.00537109375
12 0.3408203125 0.3583984375 0.0068359375 0.00537109375
11 0.21630859375 0.2353515625 0.00634765625 0.00537109375
11 0.21630859375 0.31103515625 0.00634765625 0.00537109375
11 0.21630859375 0.35595703125 0.00634765625 0.00537109375
11 0.22705078125 0.23779296875 0.00634765625 0.00537109375
10 0.18994140625 0.2529296875 0.0126953125 0.03515625
10 0.18994140625 0.30322265625 0.0126953125 0.03515625
10 0.18994140625 0.3525390625 0.0126953125 0.03515625
11 0.26318359375 0.24462890625 0.00634765625 0.00537109375
19 0.26318359375 0.302734375 0.00634765625 0.0029296875
19 0.26318359375 0.3525390625 0.00634765625 0.0029296875
11 0.23779296875 0.240234375 0.00634765625 0.00537109375
21 0.23681640625 0.30322265625 0.0048828125 0.01416015625
21 0.23681640625 0.3525390625 0.0048828125 0.01416015625
11 0.24853515625 0.24267578125 0.00634765625 0.00537109375
11 0.43701171875 0.25390625 0.00634765625 0.00537109375
11 0.45263671875 0.25390625 0.00634765625 0.00537109375
12 0.45263671875 0.31591796875 0.0068359375 0.00537109375
12 0.45263671875 0.365234375 0.0068359375 0.00537109375
11 0.5009765625 0.25390625 0.00634765625 0.00537109375
8 0.50048828125 0.2626953125 0.0048828125 0.013671875
11 0.5166015625 0.25830078125 0.00634765625 0.00537109375
11 0.5166015625 0.31591796875 0.00634765625 0.00537109375
11 0.5166015625 0.3603515625 0.00634765625 0.00537109375
11 0.47119140625 0.25146484375 0.00634765625 0.00537109375
8 0.470703125 0.2607421875 0.0048828125 0.013671875
11 0.48193359375 0.25634765625 0.00634765625 0.00537109375
12 0.482421875 0.31591796875 0.0068359375 0.00537109375
12 0.482421875 0.3583984375 0.0068359375 0.00537109375
11 0.39111328125 0.24951171875 0.00634765625 0.00537109375
21 0.39013671875 0.30322265625 0.0048828125 0.01416015625
21 0.39013671875 0.3525390625 0.0048828125 0.01416015625
21 0.40478515625 0.30322265625 0.0048828125 0.01416015625
21 0.40478515625 0.3525390625 0.0048828125 0.01416015625
11 0.42626953125 0.36767578125 0.00634765625 0.00537109375
11 0.42626953125 0.31591796875 0.00634765625 0.00537109375
11 0.4130859375 0.25146484375 0.00634765625 0.00537109375
11 0.42626953125 0.25146484375 0.00634765625 0.00537109375
11 0.69140625 0.451171875 0.00634765625 0.00537109375
11 0.69140625 0.501953125 0.00634765625 0.00537109375
11 0.69140625 0.5458984375 0.00634765625 0.00537109375
11 0.6806640625 0.43994140625 0.00634765625 0.00537109375
11 0.6806640625 0.50439453125 0.00634765625 0.00537109375
11 0.6806640625 0.54833984375 0.00634765625 0.00537109375
11 0.716796875 0.44677734375 0.00634765625 0.00537109375
11 0.716796875 0.5068359375 0.00634765625 0.00537109375
11 0.716796875 0.55078125 0.00634765625 0.00537109375
11 0.73291015625 0.4443359375 0.00634765625 0.00537109375
11 0.73291015625 0.50927734375 0.00634765625 0.00537109375
11 0.60986328125 0.54150390625 0.00634765625 0.00537109375
11 0.7021484375 0.44873046875 0.00634765625 0.00537109375
11 0.7021484375 0.50439453125 0.00634765625 0.00537109375
11 0.7021484375 0.54833984375 0.00634765625 0.00537109375
8 0.6171875 0.44873046875 0.0048828125 0.013671875
11 0.61767578125 0.43994140625 0.00634765625 0.00537109375
11 0.63427734375 0.4443359375 0.00634765625 0.00537109375
11 0.63427734375 0.5 0.00634765625 0.00537109375
11 0.63427734375 0.5439453125 0.00634765625 0.00537109375
11 0.65966796875 0.4443359375 0.00634765625 0.00537109375
11 0.65966796875 0.5 0.00634765625 0.00537109375
11 0.65966796875 0.5439453125 0.00634765625 0.00537109375
11 0.67041015625 0.44189453125 0.00634765625 0.00537109375
11 0.67041015625 0.501953125 0.00634765625 0.00537109375
11 0.67041015625 0.5458984375 0.00634765625 0.00537109375
11 0.64892578125 0.44677734375 0.00634765625 0.00537109375
11 0.64892578125 0.49755859375 0.00634765625 0.00537109375
11 0.64892578125 0.54150390625 0.00634765625 0.00537109375
11 0.7998046875 0.5576171875 0.00634765625 0.00537109375
11 0.7998046875 0.513671875 0.00634765625 0.00537109375
11 0.810546875 0.4560546875 0.00634765625 0.00537109375
11 0.810546875 0.51611328125 0.00634765625 0.00537109375
11 0.810546875 0.56005859375 0.00634765625 0.00537109375
11 0.7890625 0.46044921875 0.00634765625 0.00537109375
11 0.7890625 0.51123046875 0.00634765625 0.00537109375
11 0.7890625 0.55517578125 0.00634765625 0.00537109375
11 0.7998046875 0.4580078125 0.00634765625 0.00537109375
22 0.34375 0.45263671875 0.00634765625 0.0029296875
11 0.74658203125 0.4560546875 0.00634765625 0.00537109375
11 0.74658203125 0.5068359375 0.00634765625 0.00537109375
11 0.74658203125 0.55078125 0.00634765625 0.00537109375
11 0.75732421875 0.45361328125 0.00634765625 0.00537109375
11 0.75732421875 0.50927734375 0.00634765625 0.00537109375
11 0.7783203125 0.5576171875 0.00634765625 0.00537109375
11 0.7783203125 0.44873046875 0.00634765625 0.00537109375
11 0.7783203125 0.513671875 0.00634765625 0.00537109375
11 0.75732421875 0.552734375 0.00634765625 0.00537109375
11 0.73291015625 0.552734375 0.00634765625 0.00537109375
11 0.76806640625 0.451171875 0.00634765625 0.00537109375
11 0.76806640625 0.51123046875 0.00634765625 0.00537109375
11 0.76806640625 0.55517578125 0.00634765625 0.00537109375
11 0.33984375 0.5 0.00634765625 0.00537109375
11 0.33984375 0.54150390625 0.00634765625 0.00537109375
8 0.33935546875 0.55078125 0.0048828125 0.013671875
11 0.3505859375 0.5458984375 0.00634765625 0.00537109375
11 0.35791015625 0.5 0.005859375 0.00537109375
11 0.37353515625 0.5 0.00634765625 0.00537109375
11 0.37353515625 0.5439453125 0.00634765625 0.00537109375
8 0.31298828125 0.50927734375 0.0048828125 0.013671875
11 0.32421875 0.5 0.00634765625 0.00537109375
11 0.40087890625 0.5 0.00634765625 0.00537109375
11 0.60986328125 0.4951171875 0.00634765625 0.00537109375
11 0.41259765625 0.4931640625 0.00634765625 0.00537109375
12 0.41259765625 0.5390625 0.0068359375 0.00537109375
8 0.37353515625 0.50927734375 0.0048828125 0.013671875
8 0.37353515625 0.552734375 0.0048828125 0.013671875
11 0.39013671875 0.43994140625 0.00634765625 0.00537109375
11 0.39013671875 0.5 0.00634765625 0.00537109375
11 0.39013671875 0.54833984375 0.00634765625 0.00537109375
11 0.21630859375 0.50439453125 0.00634765625 0.00537109375
11 0.21630859375 0.55517578125 0.00634765625 0.00537109375
11 0.21630859375 0.4443359375 0.00634765625 0.00537109375
11 0.22802734375 0.5390625 0.00634765625 0.00537109375
11 0.24267578125 0.44677734375 0.00634765625 0.00537109375
11 0.24267578125 0.5068359375 0.00634765625 0.00537109375
11 0.24267578125 0.54150390625 0.00634765625 0.00537109375
10 0.18994140625 0.45458984375 0.0126953125 0.03515625
10 0.18994140625 0.50341796875 0.0126953125 0.03515625
10 0.18994140625 0.5517578125 0.0126953125 0.03515625
11 0.27490234375 0.5390625 0.00634765625 0.00537109375
11 0.28759765625 0.54150390625 0.00634765625 0.00537109375
11 0.29833984375 0.5390625 0.00634765625 0.00537109375
11 0.3134765625 0.5 0.00634765625 0.00537109375
11 0.3134765625 0.5439453125 0.00634765625 0.00537109375
11 0.25341796875 0.5390625 0.00634765625 0.00537109375
19 0.26416015625 0.45458984375 0.00634765625 0.0029296875
19 0.26416015625 0.50341796875 0.00634765625 0.0029296875
11 0.26416015625 0.54150390625 0.00634765625 0.00537109375
11 0.5498046875 0.54833984375 0.00634765625 0.00537109375
11 0.53369140625 0.5 0.00634765625 0.00537109375
11 0.53369140625 0.5439453125 0.00634765625 0.00537109375
8 0.533203125 0.50927734375 0.0048828125 0.013671875
8 0.533203125 0.552734375 0.0048828125 0.013671875
11 0.5498046875 0.43994140625 0.00634765625 0.00537109375
11 0.5498046875 0.5 0.00634765625 0.00537109375
11 0.5 0.5 0.00634765625 0.00537109375
11 0.5 0.54150390625 0.00634765625 0.00537109375
8 0.5 0.55078125 0.0048828125 0.013671875
11 0.5107421875 0.5458984375 0.00634765625 0.00537109375
11 0.51806640625 0.5 0.00634765625 0.00537109375
11 0.52587890625 0.4375 0.00634765625 0.00537109375
11 0.57861328125 0.4375 0.00634765625 0.00537109375
8 0.57861328125 0.44873046875 0.0048828125 0.013671875
11 0.58935546875 0.44189453125 0.00634765625 0.00537109375
11 0.59521484375 0.49755859375 0.00634765625 0.00537109375
8 0.59521484375 0.5068359375 0.0048828125 0.013671875
11 0.560546875 0.5 0.00634765625 0.00537109375
11 0.57275390625 0.4931640625 0.00634765625 0.00537109375
12 0.57275390625 0.5390625 0.0068359375 0.00537109375
11 0.47412109375 0.4443359375 0.00634765625 0.00537109375
11 0.47412109375 0.4931640625 0.00634765625 0.00537109375
11 0.47412109375 0.5439453125 0.00634765625 0.00537109375
11 0.43505859375 0.49755859375 0.00634765625 0.00537109375
8 0.4736328125 0.501953125 0.0048828125 0.013671875
11 0.42919921875 0.44189453125 0.00634765625 0.00537109375
11 0.44970703125 0.54150390625 0.00634765625 0.00537109375
11 0.44970703125 0.4951171875 0.00634765625 0.00537109375
11 0.45751953125 0.43994140625 0.00634765625 0.00537109375
8 0.43505859375 0.5068359375 0.0048828125 0.013671875
8 0.45703125 0.44873046875 0.0048828125 0.013671875
8 0.41845703125 0.44873046875 0.0048828125 0.013671875
11 0.41845703125 0.4375 0.00634765625 0.00537109375
11 0.48486328125 0.5 0.00634765625 0.00537109375
12 0.49267578125 0.43505859375 0.0068359375 0.00537109375
11 0.580078125 0.69921875 0.00634765625 0.00537109375
11 0.5908203125 0.6484375 0.00634765625 0.00537109375
11 0.5908203125 0.70166015625 0.00634765625 0.00537109375
11 0.5673828125 0.6484375 0.00634765625 0.00537109375
11 0.5673828125 0.70166015625 0.00634765625 0.00537109375
11 0.5673828125 0.75244140625 0.00634765625 0.00537109375
11 0.580078125 0.76416015625 0.00634765625 0.00537109375
11 0.580078125 0.64599609375 0.00634765625 0.00537109375
13 0.6181640625 0.65283203125 0.00830078125 0.00537109375
13 0.6181640625 0.7060546875 0.00830078125 0.00537109375
11 0.61669921875 0.7568359375 0.00634765625 0.00537109375
11 0.5908203125 0.76171875 0.00634765625 0.00537109375
11 0.60107421875 0.65087890625 0.00634765625 0.00537109375
11 0.60107421875 0.70361328125 0.00634765625 0.00537109375
11 0.60107421875 0.75927734375 0.00634765625 0.00537109375
11 0.53564453125 0.6416015625 0.00634765625 0.00537109375
11 0.53564453125 0.69482421875 0.00634765625 0.00537109375
11 0.53564453125 0.75927734375 0.00634765625 0.00537109375
11 0.52490234375 0.64404296875 0.00634765625 0.00537109375
11 0.52490234375 0.69677734375 0.00634765625 0.00537109375
11 0.52490234375 0.748046875 0.00634765625 0.00537109375
11 0.556640625 0.64599609375 0.00634765625 0.00537109375
11 0.556640625 0.69921875 0.00634765625 0.00537109375
11 0.556640625 0.7548828125 0.00634765625 0.00537109375
11 0.54638671875 0.69677734375 0.00634765625 0.00537109375
11 0.54638671875 0.64404296875 0.00634765625 0.00537109375
11 0.54638671875 0.7568359375 0.00634765625 0.00537109375
11 0.77392578125 0.76611328125 0.00634765625 0.00537109375
12 0.78955078125 0.65087890625 0.0068359375 0.00537109375
11 0.78955078125 0.75927734375 0.00634765625 0.00537109375
13 0.7607421875 0.7109375 0.00830078125 0.00537109375
11 0.75927734375 0.76171875 0.00634765625 0.00537109375
11 0.80712890625 0.7431640625 0.00634765625 0.00537109375
12 0.759765625 0.6484375 0.0068359375 0.00537109375
11 0.64794921875 0.75244140625 0.00634765625 0.00537109375
11 0.6640625 0.75 0.00634765625 0.00537109375
12 0.6884765625 0.6552734375 0.0068359375 0.00537109375
13 0.689453125 0.70849609375 0.00830078125 0.00537109375
11 0.6884765625 0.748046875 0.00634765625 0.00537109375
11 0.63232421875 0.7548828125 0.00634765625 0.00537109375
11 0.703125 0.7548828125 0.00634765625 0.00537109375
12 0.71923828125 0.6484375 0.0068359375 0.00537109375
11 0.71875 0.75244140625 0.00634765625 0.00537109375
11 0.7333984375 0.76416015625 0.00634765625 0.00537109375
11 0.33203125 0.6484375 0.00634765625 0.00537109375
11 0.33203125 0.70166015625 0.00634765625 0.00537109375
11 0.33203125 0.76171875 0.00634765625 0.00537109375
11 0.3427734375 0.65283203125 0.00634765625 0.00537109375
11 0.30078125 0.6552734375 0.00634765625 0.00537109375
11 0.30078125 0.70849609375 0.00634765625 0.00537109375
11 0.30078125 0.7548828125 0.00634765625 0.00537109375
11 0.3427734375 0.7060546875 0.00634765625 0.00537109375
11 0.31640625 0.65283203125 0.00634765625 0.00537109375
11 0.31640625 0.7060546875 0.00634765625 0.00537109375
11 0.31640625 0.7568359375 0.00634765625 0.00537109375
11 0.375 0.65087890625 0.00634765625 0.00537109375
11 0.375 0.70361328125 0.00634765625 0.00537109375
21 0.3740234375 0.75146484375 0.00537109375 0.01416015625
11 0.3427734375 0.7568359375 0.00634765625 0.00537109375
11 0.35888671875 0.6552734375 0.00634765625 0.00537109375
11 0.35888671875 0.70849609375 0.00634765625 0.00537109375
11 0.35888671875 0.7548828125 0.00634765625 0.00537109375
13 0.21728515625 0.65283203125 0.00830078125 0.00537109375
11 0.21630859375 0.7177734375 0.00634765625 0.00537109375
11 0.21630859375 0.76171875 0.00634765625 0.00537109375
11 0.23193359375 0.71533203125 0.00634765625 0.00537109375
11 0.23193359375 0.75927734375 0.00634765625 0.00537109375
10 0.18994140625 0.654296875 0.0126953125 0.03515625
10 0.18994140625 0.70263671875 0.0126953125 0.03515625
10 0.18994140625 0.75146484375 0.0126953125 0.03515625
11 0.28515625 0.75244140625 0.00634765625 0.00537109375
11 0.28515625 0.70849609375 0.00634765625 0.00537109375
11 0.26318359375 0.7109375 0.005859375 0.00537109375
11 0.24755859375 0.71337890625 0.00634765625 0.00537109375
11 0.24755859375 0.7568359375 0.00634765625 0.00537109375
11 0.26318359375 0.7548828125 0.005859375 0.00537109375
11 0.28515625 0.65283203125 0.00634765625 0.00537109375
11 0.48388671875 0.63671875 0.005859375 0.00537109375
11 0.48388671875 0.68994140625 0.005859375 0.00537109375
11 0.48388671875 0.7548828125 0.005859375 0.00537109375
21 0.451171875 0.70263671875 0.0048828125 0.01416015625
11 0.4521484375 0.748046875 0.005859375 0.00537109375
11 0.462890625 0.74560546875 0.00634765625 0.00537109375
15 0.47314453125 0.65576171875 0.005859375 0.0087890625
15 0.47314453125 0.70458984375 0.005859375 0.00927734375
11 0.4736328125 0.7431640625 0.00634765625 0.00537109375
11 0.50927734375 0.6416015625 0.00634765625 0.00537109375
11 0.50927734375 0.69482421875 0.00634765625 0.00537109375
11 0.50927734375 0.75 0.00634765625 0.00537109375
11 0.49462890625 0.75244140625 0.00634765625 0.00537109375
11 0.49462890625 0.63916015625 0.00634765625 0.00537109375
11 0.49462890625 0.6923828125 0.00634765625 0.00537109375
21 0.40478515625 0.75146484375 0.0048828125 0.01416015625
11 0.4267578125 0.6552734375 0.00634765625 0.00537109375
11 0.4267578125 0.70849609375 0.00634765625 0.00537109375
11 0.4267578125 0.76416015625 0.00634765625 0.00537109375
11 0.39013671875 0.65283203125 0.005859375 0.00537109375
11 0.39013671875 0.7060546875 0.005859375 0.00537109375
11 0.39013671875 0.7548828125 0.005859375 0.00537109375
21 0.451171875 0.654296875 0.0048828125 0.01416015625
11 0.4052734375 0.65771484375 0.00634765625 0.00537109375
11 0.4052734375 0.7109375 0.00634765625 0.00537109375
11 0.44091796875 0.75 0.00634765625 0.00537109375
11 0.60693359375 0.9423828125 0.00634765625 0.00537109375
11 0.62060546875 0.9423828125 0.00634765625 0.00537109375
12 0.6474609375 0.90771484375 0.0068359375 0.00537109375
11 0.6474609375 0.95166015625 0.00634765625 0.00537109375
12 0.6474609375 0.8525390625 0.0068359375 0.00537109375
11 0.634765625 0.9423828125 0.00634765625 0.00537109375
11 0.66259765625 0.9423828125 0.00634765625 0.00537109375
11 0.5390625 0.9423828125 0.00634765625 0.00537109375
11 0.55224609375 0.845703125 0.00634765625 0.00537109375
11 0.55224609375 0.90576171875 0.00634765625 0.00537109375
11 0.51123046875 0.9423828125 0.00634765625 0.00537109375
11 0.55224609375 0.9541015625 0.00634765625 0.00537109375
11 0.52392578125 0.84765625 0.00634765625 0.00537109375
11 0.52392578125 0.90771484375 0.00634765625 0.00537109375
11 0.52392578125 0.95166015625 0.00634765625 0.00537109375
12 0.5908203125 0.84765625 0.0068359375 0.00537109375
12 0.5908203125 0.90771484375 0.0068359375 0.00537109375
11 0.5908203125 0.95166015625 0.00634765625 0.00537109375
11 0.5673828125 0.9423828125 0.00634765625 0.00537109375
11 0.794921875 0.9404296875 0.00634765625 0.00537109375
11 0.80908203125 0.9404296875 0.00634765625 0.00537109375
11 0.78125 0.9404296875 0.00634765625 0.00537109375
11 0.67626953125 0.9423828125 0.00634765625 0.00537109375
11 0.6904296875 0.9423828125 0.00634765625 0.00537109375
12 0.71044921875 0.85009765625 0.0068359375 0.00537109375
12 0.71044921875 0.90771484375 0.0068359375 0.00537109375
11 0.7099609375 0.9541015625 0.00634765625 0.00537109375
11 0.75341796875 0.9423828125 0.00634765625 0.00537109375
11 0.7392578125 0.9423828125 0.00634765625 0.00537109375
12 0.76611328125 0.85693359375 0.0068359375 0.00537109375
12 0.76611328125 0.91015625 0.0068359375 0.00537109375
11 0.76611328125 0.9541015625 0.00634765625 0.00537109375
11 0.72509765625 0.9423828125 0.00634765625 0.00537109375
11 0.3203125 0.9423828125 0.00634765625 0.00537109375
11 0.27880859375 0.9423828125 0.00634765625 0.00537109375
11 0.29248046875 0.9423828125 0.00634765625 0.00537109375
11 0.3056640625 0.845703125 0.00634765625 0.00537109375
11 0.3056640625 0.90576171875 0.00634765625 0.00537109375
11 0.3056640625 0.9541015625 0.00634765625 0.00537109375
12 0.34423828125 0.84765625 0.0068359375 0.00537109375
12 0.34423828125 0.90771484375 0.0068359375 0.00537109375
11 0.34375 0.95166015625 0.00634765625 0.00537109375
10 0.18994140625 0.95068359375 0.0126953125 0.03515625
12 0.22119140625 0.84765625 0.0068359375 0.00537109375
12 0.22119140625 0.90771484375 0.0068359375 0.00537109375
11 0.220703125 0.95166015625 0.00634765625 0.00537109375
10 0.18994140625 0.853515625 0.0126953125 0.03515625
10 0.18994140625 0.90234375 0.0126953125 0.03515625
11 0.2509765625 0.9423828125 0.00634765625 0.00537109375
11 0.23681640625 0.9423828125 0.00634765625 0.00537109375
11 0.2646484375 0.9423828125 0.00634765625 0.00537109375
11 0.46728515625 0.84765625 0.00634765625 0.00537109375
11 0.46728515625 0.90771484375 0.00634765625 0.00537109375
11 0.46728515625 0.95166015625 0.00634765625 0.00537109375
11 0.49609375 0.845703125 0.00634765625 0.00537109375
11 0.49609375 0.90576171875 0.00634765625 0.00537109375
11 0.49609375 0.9541015625 0.00634765625 0.00537109375
11 0.44384765625 0.9423828125 0.00634765625 0.00537109375
11 0.4833984375 0.9423828125 0.005859375 0.00537109375
11 0.40185546875 0.9423828125 0.00634765625 0.00537109375
11 0.416015625 0.9423828125 0.00634765625 0.00537109375
11 0.3740234375 0.9423828125 0.00634765625 0.00537109375
11 0.38818359375 0.9423828125 0.00634765625 0.00537109375
11 0.4287109375 0.9541015625 0.00634765625 0.00537109375
11 0.4287109375 0.90576171875 0.00634765625 0.00537109375
11 0.4287109375 0.845703125 0.00634765625 0.00537109375
11 0.3603515625 0.9423828125 0.00634765625 0.00537109375