11 0.6845703125 0.1953125 0.00830078125 0.0068359375
11 0.66943359375 0.2626953125 0.00830078125 0.0068359375
11 0.66943359375 0.1953125 0.00830078125 0.0068359375
11 0.724609375 0.19189453125 0.00830078125 0.0068359375
11 0.724609375 0.18603515625 0.00830078125 0.00732421875
11 0.724609375 0.25927734375 0.00830078125 0.0068359375
11 0.724609375 0.25341796875 0.00830078125 0.0068359375
11 0.6845703125 0.2626953125 0.00830078125 0.0068359375
11 0.7021484375 0.1953125 0.00830078125 0.0068359375
11 0.7021484375 0.18896484375 0.00830078125 0.0068359375
11 0.7021484375 0.2626953125 0.00830078125 0.0068359375
11 0.7021484375 0.25634765625 0.00830078125 0.0068359375
11 0.60986328125 0.072265625 0.00830078125 0.00732421875
11 0.578125 0.0751953125 0.00830078125 0.0068359375
11 0.578125 0.18896484375 0.00830078125 0.0068359375
11 0.57080078125 0.201171875 0.00830078125 0.00732421875
11 0.578125 0.1982421875 0.00830078125 0.0068359375
15 0.64697265625 0.248046875 0.0078125 0.01171875
12 0.6474609375 0.28369140625 0.0087890625 0.0068359375
12 0.6474609375 0.271484375 0.0087890625 0.0068359375
12 0.6474609375 0.2626953125 0.0087890625 0.0068359375
11 0.6474609375 0.18310546875 0.00830078125 0.0068359375
11 0.60986328125 0.18603515625 0.00830078125 0.00732421875
12 0.6474609375 0.0693359375 0.0087890625 0.0068359375
11 0.6474609375 0.2041015625 0.00830078125 0.0068359375
11 0.6474609375 0.1953125 0.00830078125 0.0068359375
9 0.75341796875 0.05712890625 0.0068359375 0.017578125
9 0.75341796875 0.1708984375 0.0068359375 0.017578125
9 0.75341796875 0.2412109375 0.0068359375 0.017578125
8 0.74658203125 0.29248046875 0.00634765625 0.01806640625
15 0.76904296875 0.06396484375 0.0078125 0.01171875
11 0.7470703125 0.0693359375 0.00830078125 0.0068359375
15 0.76904296875 0.166015625 0.0078125 0.01171875
11 0.7470703125 0.18896484375 0.00830078125 0.0068359375
11 0.7470703125 0.18310546875 0.00830078125 0.0068359375
11 0.7470703125 0.2626953125 0.00830078125 0.0068359375
11 0.7470703125 0.25634765625 0.00830078125 0.0068359375
11 0.7470703125 0.25048828125 0.00830078125 0.0068359375
11 0.7470703125 0.283203125 0.00830078125 0.00732421875
11 0.7470703125 0.271484375 0.00830078125 0.0068359375
11 0.7470703125 0.2626953125 0.00830078125 0.0068359375
11 0.791015625 0.27734375 0.00830078125 0.0068359375
11 0.791015625 0.25634765625 0.00830078125 0.0068359375
11 0.791015625 0.18310546875 0.00830078125 0.0068359375
15 0.76904296875 0.248046875 0.0078125 0.01171875
11 0.791015625 0.0693359375 0.00830078125 0.0068359375
11 0.791015625 0.1982421875 0.00830078125 0.0068359375
11 0.791015625 0.18896484375 0.00830078125 0.0068359375
11 0.328125 0.17724609375 0.00830078125 0.0068359375
11 0.328125 0.18896484375 0.00830078125 0.0068359375
11 0.328125 0.25634765625 0.00830078125 0.0068359375
11 0.328125 0.24462890625 0.00830078125 0.0068359375
11 0.29052734375 0.18896484375 0.00830078125 0.0068359375
11 0.29052734375 0.25634765625 0.00830078125 0.0068359375
11 0.3056640625 0.1953125 0.00830078125 0.0068359375
11 0.3056640625 0.18017578125 0.00830078125 0.0068359375
11 0.3056640625 0.2626953125 0.00830078125 0.0068359375
11 0.3056640625 0.24755859375 0.00830078125 0.00732421875
9 0.35791015625 0.24609375 0.0068359375 0.017578125
9 0.35791015625 0.232421875 0.0068359375 0.017578125
15 0.37353515625 0.06396484375 0.0078125 0.01171875
15 0.37353515625 0.166015625 0.0078125 0.01171875
11 0.3515625 0.24169921875 0.00830078125 0.0068359375
11 0.3515625 0.06640625 0.00830078125 0.0068359375
11 0.3515625 0.18017578125 0.00830078125 0.0068359375
11 0.3515625 0.17431640625 0.00830078125 0.0068359375
11 0.3515625 0.2626953125 0.00830078125 0.0068359375
11 0.3515625 0.25634765625 0.00830078125 0.0068359375
11 0.3515625 0.24755859375 0.00830078125 0.00732421875
9 0.35791015625 0.05419921875 0.0068359375 0.017578125
8 0.35107421875 0.1904296875 0.00634765625 0.017578125
10 0.19384765625 0.06201171875 0.0166015625 0.0458984375
10 0.19384765625 0.17578125 0.0166015625 0.0458984375
1 0.193359375 0.2578125 0.017578125 0.02099609375
0 0.17529296875 0.21826171875 0.0068359375 0.107421875
11 0.27587890625 0.18896484375 0.00830078125 0.0068359375
11 0.27587890625 0.25634765625 0.00830078125 0.0068359375
11 0.23828125 0.25341796875 0.005859375 0.00537109375
9 0.2421875 0.2431640625 0.00927734375 0.01611328125
12 0.25390625 0.06640625 0.0087890625 0.0068359375
15 0.37353515625 0.248046875 0.0078125 0.01171875
11 0.25341796875 0.1953125 0.00830078125 0.0068359375
11 0.25341796875 0.18017578125 0.00830078125 0.0068359375
12 0.25390625 0.2626953125 0.0087890625 0.0068359375
12 0.25390625 0.25634765625 0.0087890625 0.0068359375
11 0.49755859375 0.0693359375 0.00830078125 0.0068359375
11 0.49755859375 0.1982421875 0.00830078125 0.0068359375
11 0.49755859375 0.18310546875 0.00830078125 0.0068359375
11 0.5146484375 0.06640625 0.00830078125 0.0068359375
11 0.470703125 0.072265625 0.00830078125 0.00732421875
11 0.470703125 0.201171875 0.00830078125 0.00732421875
11 0.470703125 0.18603515625 0.00830078125 0.00732421875
11 0.54736328125 0.072265625 0.00830078125 0.00732421875
11 0.54736328125 0.18603515625 0.00830078125 0.00732421875
11 0.5146484375 0.18017578125 0.00830078125 0.0068359375
11 0.5146484375 0.1982421875 0.00830078125 0.0068359375
12 0.51513671875 0.2802734375 0.0087890625 0.0068359375
12 0.51513671875 0.2685546875 0.0087890625 0.00732421875
12 0.51513671875 0.25927734375 0.0087890625 0.0068359375
11 0.4248046875 0.259765625 0.005859375 0.00537109375
11 0.39599609375 0.18017578125 0.00830078125 0.0068359375
11 0.39599609375 0.06640625 0.00830078125 0.0068359375
11 0.39599609375 0.1953125 0.00830078125 0.0068359375
9 0.4287109375 0.248046875 0.00927734375 0.01611328125
11 0.39599609375 0.2685546875 0.00830078125 0.00732421875
11 0.39599609375 0.25634765625 0.00830078125 0.0068359375
11 0.4384765625 0.1953125 0.00830078125 0.0068359375
11 0.4384765625 0.18017578125 0.00830078125 0.0068359375
12 0.4384765625 0.2744140625 0.0087890625 0.0068359375
12 0.4384765625 0.2626953125 0.0087890625 0.0068359375
11 0.4384765625 0.06640625 0.00830078125 0.0068359375
12 0.666015625 0.61865234375 0.0087890625 0.0068359375
11 0.66552734375 0.51513671875 0.00830078125 0.0068359375
11 0.66552734375 0.52978515625 0.00830078125 0.0068359375
11 0.66552734375 0.52099609375 0.00830078125 0.00732421875
12 0.666015625 0.59765625 0.0087890625 0.0068359375
21 0.53857421875 0.3994140625 0.00634765625 0.01806640625
11 0.66552734375 0.40087890625 0.00830078125 0.0068359375
11 0.6923828125 0.39794921875 0.00830078125 0.00732421875
11 0.6923828125 0.51171875 0.00830078125 0.0068359375
11 0.71044921875 0.39501953125 0.00830078125 0.0068359375
11 0.71044921875 0.5087890625 0.00830078125 0.0068359375
11 0.71044921875 0.52978515625 0.00830078125 0.0068359375
11 0.71044921875 0.517578125 0.00830078125 0.0068359375
11 0.56201171875 0.5859375 0.00830078125 0.0068359375
11 0.57666015625 0.39794921875 0.00830078125 0.00732421875
8 0.576171875 0.41015625 0.00634765625 0.017578125
15 0.53955078125 0.50390625 0.0078125 0.01171875
15 0.53955078125 0.6103515625 0.0078125 0.01171875
11 0.56201171875 0.52685546875 0.00830078125 0.0068359375
11 0.56201171875 0.52099609375 0.00830078125 0.00732421875
11 0.56201171875 0.51171875 0.00830078125 0.0068359375
11 0.56201171875 0.6005859375 0.00830078125 0.0068359375
11 0.56201171875 0.5947265625 0.00830078125 0.00732421875
21 0.6162109375 0.54345703125 0.00634765625 0.01806640625
11 0.6171875 0.39794921875 0.00830078125 0.00732421875
11 0.6171875 0.52392578125 0.00830078125 0.0068359375
11 0.6171875 0.517578125 0.00830078125 0.0068359375
11 0.6171875 0.51171875 0.00830078125 0.0068359375
11 0.6171875 0.59765625 0.00830078125 0.0068359375
11 0.6171875 0.591796875 0.00830078125 0.0068359375
11 0.6171875 0.5859375 0.00830078125 0.0068359375
11 0.7451171875 0.51171875 0.00830078125 0.0068359375
11 0.7451171875 0.39794921875 0.00830078125 0.00732421875
11 0.775390625 0.40087890625 0.00830078125 0.0068359375
11 0.775390625 0.51513671875 0.00830078125 0.0068359375
11 0.76806640625 0.53271484375 0.00830078125 0.0068359375
11 0.806640625 0.40380859375 0.00830078125 0.00732421875
11 0.806640625 0.517578125 0.00830078125 0.0068359375
11 0.775390625 0.52978515625 0.00830078125 0.0068359375
11 0.775390625 0.61865234375 0.00830078125 0.0068359375
11 0.775390625 0.59765625 0.00830078125 0.0068359375
11 0.33544921875 0.39501953125 0.00830078125 0.0068359375
12 0.33544921875 0.52978515625 0.0087890625 0.0068359375
12 0.33544921875 0.52099609375 0.0087890625 0.0068359375
12 0.33544921875 0.51513671875 0.0087890625 0.0068359375
12 0.33544921875 0.5087890625 0.0087890625 0.0068359375
12 0.33544921875 0.61572265625 0.0087890625 0.00732421875
12 0.33544921875 0.603515625 0.0087890625 0.0068359375
12 0.33544921875 0.5947265625 0.0087890625 0.0068359375
11 0.275390625 0.5859375 0.00830078125 0.0068359375
11 0.29736328125 0.39794921875 0.00830078125 0.00732421875
4 0.2978515625 0.40966796875 0.00732421875 0.01806640625
11 0.35986328125 0.5947265625 0.00830078125 0.00732421875
11 0.35986328125 0.5888671875 0.00830078125 0.0068359375
11 0.35986328125 0.5830078125 0.00830078125 0.0068359375
11 0.3818359375 0.4072265625 0.00830078125 0.0068359375
11 0.275390625 0.591796875 0.00830078125 0.0068359375
11 0.35986328125 0.5087890625 0.00830078125 0.0068359375
11 0.35986328125 0.5 0.00830078125 0.0068359375
11 0.35986328125 0.494140625 0.00830078125 0.0068359375
11 0.35986328125 0.48779296875 0.00830078125 0.0068359375
10 0.19384765625 0.39990234375 0.0166015625 0.0458984375
10 0.19384765625 0.51318359375 0.0166015625 0.0458984375
1 0.193359375 0.6015625 0.017578125 0.02099609375
11 0.2529296875 0.39794921875 0.00830078125 0.00732421875
0 0.17529296875 0.55908203125 0.0068359375 0.11376953125
11 0.275390625 0.51171875 0.00830078125 0.0068359375
11 0.275390625 0.505859375 0.00830078125 0.00732421875
11 0.275390625 0.4970703125 0.00830078125 0.0068359375
11 0.275390625 0.49072265625 0.00830078125 0.0068359375
11 0.275390625 0.6005859375 0.00830078125 0.0068359375
12 0.25341796875 0.6005859375 0.0087890625 0.0068359375
12 0.25341796875 0.53271484375 0.0087890625 0.0068359375
12 0.25341796875 0.52685546875 0.0087890625 0.0068359375
12 0.25341796875 0.517578125 0.0087890625 0.0068359375
12 0.25341796875 0.51171875 0.0087890625 0.0068359375
12 0.25341796875 0.61279296875 0.0087890625 0.0068359375
12 0.25341796875 0.591796875 0.0087890625 0.0068359375
8 0.5166015625 0.52392578125 0.00634765625 0.01806640625
11 0.4716796875 0.52685546875 0.00830078125 0.0068359375
11 0.4716796875 0.51171875 0.00830078125 0.0068359375
11 0.4716796875 0.6005859375 0.00830078125 0.0068359375
11 0.4716796875 0.5859375 0.00830078125 0.0068359375
11 0.45361328125 0.5947265625 0.00830078125 0.00732421875
11 0.45361328125 0.52099609375 0.00830078125 0.00732421875
11 0.51708984375 0.39208984375 0.00830078125 0.0068359375
8 0.5166015625 0.40380859375 0.00634765625 0.017578125
11 0.51708984375 0.51171875 0.00830078125 0.0068359375
11 0.51708984375 0.505859375 0.00830078125 0.00732421875
11 0.51708984375 0.5859375 0.00830078125 0.0068359375
11 0.51708984375 0.57958984375 0.00830078125 0.00732421875
11 0.51708984375 0.62744140625 0.00830078125 0.0068359375
11 0.51708984375 0.61572265625 0.00830078125 0.00732421875
11 0.51708984375 0.6064453125 0.00830078125 0.0068359375
11 0.494140625 0.52099609375 0.00830078125 0.00732421875
11 0.494140625 0.5087890625 0.00830078125 0.0068359375
11 0.494140625 0.5947265625 0.00830078125 0.00732421875
11 0.494140625 0.5830078125 0.00830078125 0.0068359375
15 0.416015625 0.59228515625 0.0078125 0.01171875
12 0.4169921875 0.62744140625 0.0087890625 0.0068359375
12 0.4169921875 0.61572265625 0.0087890625 0.00732421875
8 0.5166015625 0.63671875 0.00634765625 0.017578125
12 0.4169921875 0.6064453125 0.0087890625 0.0068359375
11 0.41650390625 0.505859375 0.00830078125 0.00732421875
5 0.388671875 0.396484375 0.0068359375 0.02099609375
12 0.4169921875 0.39208984375 0.0087890625 0.0068359375
11 0.41650390625 0.52685546875 0.00830078125 0.0068359375
11 0.41650390625 0.52099609375 0.00830078125 0.00732421875
11 0.41650390625 0.51171875 0.00830078125 0.0068359375
11 0.43896484375 0.52099609375 0.00830078125 0.00732421875
9 0.52392578125 0.57080078125 0.0068359375 0.017578125
11 0.43896484375 0.5947265625 0.00830078125 0.00732421875
12 0.57373046875 0.9619140625 0.0087890625 0.0068359375
9 0.56396484375 0.9345703125 0.00927734375 0.01611328125
11 0.57373046875 0.87890625 0.00830078125 0.00732421875
12 0.57373046875 0.94970703125 0.0087890625 0.0068359375
12 0.57373046875 0.76318359375 0.0087890625 0.0068359375
11 0.63330078125 0.87890625 0.00830078125 0.00732421875
11 0.63330078125 0.86376953125 0.00830078125 0.0068359375
11 0.6005859375 0.87548828125 0.00830078125 0.0068359375
11 0.6005859375 0.86083984375 0.00830078125 0.0068359375
11 0.61083984375 0.87255859375 0.00830078125 0.0068359375
12 0.50341796875 0.87548828125 0.0087890625 0.0068359375
12 0.50341796875 0.970703125 0.0087890625 0.0068359375
12 0.50341796875 0.94970703125 0.0087890625 0.0068359375
12 0.50341796875 0.8818359375 0.0087890625 0.0068359375
12 0.50341796875 0.890625 0.0087890625 0.0068359375
12 0.50341796875 0.76025390625 0.0087890625 0.0068359375
11 0.56005859375 0.94677734375 0.005859375 0.0048828125
11 0.525390625 0.9169921875 0.00830078125 0.0068359375
11 0.525390625 0.9228515625 0.00830078125 0.00732421875
11 0.525390625 0.92919921875 0.00830078125 0.00732421875
11 0.525390625 0.85498046875 0.00830078125 0.0068359375
11 0.525390625 0.86083984375 0.00830078125 0.0068359375
11 0.525390625 0.86962890625 0.00830078125 0.0068359375
11 0.7724609375 0.8818359375 0.0078125 0.0068359375
11 0.7724609375 0.86669921875 0.0078125 0.0068359375
11 0.6943359375 0.76318359375 0.00830078125 0.0068359375
11 0.6943359375 0.87255859375 0.00830078125 0.0068359375
11 0.6943359375 0.85791015625 0.00830078125 0.00732421875
12 0.69482421875 0.94091796875 0.0087890625 0.0068359375
12 0.69482421875 0.92919921875 0.0087890625 0.00732421875
9 0.70068359375 0.7509765625 0.0068359375 0.017578125
11 0.65966796875 0.8818359375 0.00830078125 0.0068359375
11 0.65966796875 0.86669921875 0.00830078125 0.0068359375
11 0.67919921875 0.92626953125 0.005859375 0.0048828125
9 0.6826171875 0.91650390625 0.00927734375 0.01611328125
11 0.74609375 0.76318359375 0.00830078125 0.0068359375
11 0.74609375 0.87890625 0.00830078125 0.00732421875
11 0.74609375 0.86376953125 0.00830078125 0.0068359375
15 0.72021484375 0.74560546875 0.0078125 0.01171875
11 0.720703125 0.87548828125 0.00830078125 0.0068359375
11 0.720703125 0.86083984375 0.00830078125 0.0068359375
11 0.73046875 0.87255859375 0.00830078125 0.0068359375
11 0.29052734375 0.94091796875 0.00830078125 0.0068359375
11 0.310546875 0.7568359375 0.00830078125 0.0068359375
11 0.310546875 0.87890625 0.00830078125 0.00732421875
11 0.27392578125 0.87890625 0.00830078125 0.00732421875
11 0.27392578125 0.94091796875 0.00830078125 0.0068359375
11 0.310546875 0.87255859375 0.00830078125 0.0068359375
11 0.29052734375 0.87890625 0.00830078125 0.00732421875
11 0.34326171875 0.75439453125 0.00830078125 0.0068359375
11 0.310546875 0.94091796875 0.00830078125 0.0068359375
11 0.310546875 0.93505859375 0.00830078125 0.0068359375
10 0.19384765625 0.74365234375 0.0166015625 0.0458984375
10 0.19384765625 0.859375 0.0166015625 0.0458984375
1 0.193359375 0.93603515625 0.017578125 0.02099609375
0 0.17529296875 0.8994140625 0.00634765625 0.10205078125
11 0.24755859375 0.92919921875 0.00830078125 0.00732421875
11 0.24755859375 0.94970703125 0.00830078125 0.0068359375
11 0.24755859375 0.7509765625 0.00830078125 0.0068359375
11 0.24755859375 0.87890625 0.00830078125 0.00732421875
11 0.24755859375 0.87255859375 0.00830078125 0.0068359375
11 0.24755859375 0.86083984375 0.00830078125 0.0068359375
12 0.4462890625 0.884765625 0.0087890625 0.0068359375
12 0.4462890625 0.87890625 0.0087890625 0.00732421875
12 0.4462890625 0.86962890625 0.0087890625 0.0068359375
12 0.4462890625 0.958984375 0.0087890625 0.0068359375
12 0.4462890625 0.93798828125 0.0087890625 0.0068359375
11 0.34326171875 0.87548828125 0.00830078125 0.0068359375
12 0.4462890625 0.75439453125 0.0087890625 0.0068359375
11 0.46826171875 0.8486328125 0.00830078125 0.0068359375
11 0.46826171875 0.86376953125 0.00830078125 0.0068359375
11 0.46826171875 0.85498046875 0.00830078125 0.0068359375
11 0.46826171875 0.92626953125 0.00830078125 0.0068359375
11 0.46826171875 0.9169921875 0.00830078125 0.0068359375
11 0.46826171875 0.9111328125 0.00830078125 0.0068359375
11 0.35986328125 0.7509765625 0.00830078125 0.0068359375
11 0.35986328125 0.87255859375 0.00830078125 0.0068359375
11 0.35986328125 0.86669921875 0.00830078125 0.0068359375
11 0.34326171875 0.86962890625 0.00830078125 0.0068359375
11 0.34326171875 0.93798828125 0.00830078125 0.0068359375
11 0.34326171875 0.93212890625 0.00830078125 0.0068359375
11 0.35986328125 0.92919921875 0.00830078125 0.00732421875
11 0.3974609375 0.76318359375 0.00830078125 0.0068359375
11 0.35986328125 0.93505859375 0.00830078125 0.0068359375
11 0.3974609375 0.87890625 0.00830078125 0.00732421875
11 0.3974609375 0.94091796875 0.00830078125 0.0068359375