11 0.67578125 0.130859375 0.00830078125 0.00732421875
11 0.69775390625 0.12744140625 0.00830078125 0.00732421875
11 0.66259765625 0.1337890625 0.00830078125 0.00732421875
11 0.60888671875 0.1337890625 0.00830078125 0.00732421875
11 0.59521484375 0.130859375 0.00830078125 0.00732421875
22 0.306640625 0.14599609375 0.00390625 0.00634765625
11 0.58203125 0.12744140625 0.00830078125 0.00732421875
11 0.64892578125 0.130859375 0.00830078125 0.00732421875
11 0.6357421875 0.12744140625 0.00830078125 0.00732421875
11 0.6220703125 0.130859375 0.00830078125 0.00732421875
11 0.74609375 0.12158203125 0.00830078125 0.00732421875
11 0.80419921875 0.11279296875 0.00830078125 0.00732421875
11 0.78515625 0.11572265625 0.00830078125 0.00732421875
11 0.72216796875 0.125 0.00830078125 0.00732421875
11 0.765625 0.11865234375 0.00830078125 0.00732421875
9 0.39990234375 0.12109375 0.00927734375 0.01611328125
11 0.39599609375 0.130859375 0.005859375 0.00537109375
15 0.3818359375 0.1494140625 0.0078125 0.01171875
8 0.3623046875 0.1396484375 0.00634765625 0.01806640625
9 0.44921875 0.12109375 0.00927734375 0.01611328125
11 0.44580078125 0.130859375 0.005859375 0.00537109375
11 0.36279296875 0.12744140625 0.00830078125 0.00732421875
15 0.431640625 0.1494140625 0.0078125 0.01171875
8 0.41162109375 0.1396484375 0.00634765625 0.01806640625
11 0.412109375 0.12744140625 0.00830078125 0.00732421875
11 0.3466796875 0.130859375 0.005859375 0.00537109375
10 0.24365234375 0.1474609375 0.0166015625 0.0458984375
18 0.306640625 0.1279296875 0.00830078125 0.0126953125
9 0.3505859375 0.12109375 0.00927734375 0.01611328125
11 0.52197265625 0.12744140625 0.0078125 0.00732421875
11 0.568359375 0.130859375 0.00830078125 0.00732421875
11 0.5546875 0.1337890625 0.00830078125 0.00732421875
11 0.54150390625 0.130859375 0.00830078125 0.00732421875
15 0.48095703125 0.1494140625 0.0078125 0.01171875
8 0.4609375 0.1396484375 0.00634765625 0.01806640625
11 0.50537109375 0.130859375 0.005859375 0.00537109375
9 0.50927734375 0.12109375 0.00927734375 0.01611328125
11 0.4619140625 0.12744140625 0.00830078125 0.00732421875
11 0.65771484375 0.2314453125 0.00830078125 0.00732421875
11 0.64501953125 0.228515625 0.00830078125 0.00732421875
11 0.6318359375 0.2314453125 0.00830078125 0.00732421875
11 0.61865234375 0.234375 0.00830078125 0.00732421875
11 0.68408203125 0.2314453125 0.00830078125 0.00732421875
11 0.705078125 0.228515625 0.0078125 0.00732421875
11 0.6708984375 0.234375 0.00830078125 0.00732421875
11 0.56640625 0.234375 0.00830078125 0.00732421875
11 0.546875 0.2314453125 0.00830078125 0.00732421875
11 0.52783203125 0.228515625 0.00830078125 0.00732421875
11 0.5927734375 0.228515625 0.00830078125 0.00732421875
11 0.60546875 0.2314453125 0.0078125 0.00732421875
11 0.57958984375 0.2314453125 0.00830078125 0.00732421875
11 0.80517578125 0.2138671875 0.00830078125 0.00732421875
11 0.7470703125 0.22265625 0.00830078125 0.00732421875
11 0.7236328125 0.2255859375 0.00830078125 0.00732421875
11 0.78369140625 0.216796875 0.00830078125 0.00732421875
11 0.76513671875 0.2197265625 0.00830078125 0.00732421875
11 0.33544921875 0.216796875 0.00830078125 0.00732421875
11 0.3583984375 0.2314453125 0.005859375 0.00537109375
11 0.3154296875 0.2255859375 0.00830078125 0.00732421875
11 0.37451171875 0.228515625 0.00830078125 0.00732421875
9 0.3623046875 0.2216796875 0.00927734375 0.01611328125
11 0.2314453125 0.2138671875 0.00830078125 0.00732421875
10 0.193359375 0.2451171875 0.0166015625 0.0458984375
11 0.296875 0.22265625 0.00830078125 0.00732421875
11 0.2734375 0.2197265625 0.00830078125 0.00732421875
11 0.25 0.216796875 0.00830078125 0.00732421875
15 0.4404296875 0.24755859375 0.0078125 0.01171875
11 0.45361328125 0.2314453125 0.005859375 0.00537109375
11 0.51171875 0.2314453125 0.005859375 0.00537109375
8 0.42138671875 0.24072265625 0.00634765625 0.01806640625
9 0.515625 0.2216796875 0.00927734375 0.01611328125
9 0.45751953125 0.2216796875 0.00927734375 0.01611328125
11 0.4697265625 0.228515625 0.00830078125 0.00732421875
8 0.46923828125 0.24072265625 0.00634765625 0.01806640625
15 0.48828125 0.24755859375 0.0078125 0.01171875
15 0.392578125 0.24755859375 0.0078125 0.01171875
8 0.3740234375 0.24072265625 0.00634765625 0.01806640625
11 0.421875 0.228515625 0.00830078125 0.00732421875
9 0.41015625 0.2216796875 0.00927734375 0.01611328125
11 0.40625 0.2314453125 0.005859375 0.00537109375
11 0.64453125 0.32666015625 0.0078125 0.00732421875
11 0.69140625 0.3173828125 0.00830078125 0.00732421875
11 0.67578125 0.32080078125 0.00830078125 0.00732421875
11 0.66015625 0.3232421875 0.00830078125 0.00732421875
11 0.552734375 0.33544921875 0.00830078125 0.00732421875
11 0.56396484375 0.33251953125 0.00830078125 0.00732421875
11 0.57568359375 0.32958984375 0.00830078125 0.00732421875
11 0.54052734375 0.33251953125 0.00830078125 0.00732421875
11 0.5986328125 0.33544921875 0.00830078125 0.00732421875
11 0.6103515625 0.33251953125 0.00830078125 0.00732421875
11 0.62890625 0.32958984375 0.00830078125 0.00732421875
11 0.5869140625 0.33251953125 0.00830078125 0.00732421875
11 0.80859375 0.32080078125 0.00830078125 0.00732421875
11 0.74462890625 0.32080078125 0.00830078125 0.00732421875
11 0.72900390625 0.3173828125 0.00830078125 0.00732421875
11 0.79150390625 0.32958984375 0.00830078125 0.00732421875
11 0.77587890625 0.32666015625 0.00830078125 0.00732421875
11 0.70703125 0.314453125 0.00830078125 0.00732421875
11 0.76025390625 0.3232421875 0.00830078125 0.00732421875
15 0.36181640625 0.34521484375 0.0078125 0.01171875
11 0.2470703125 0.3173828125 0.00830078125 0.00732421875
8 0.34619140625 0.341796875 0.00634765625 0.01806640625
11 0.3466796875 0.32958984375 0.00830078125 0.00732421875
15 0.4033203125 0.34521484375 0.0078125 0.01171875
8 0.3876953125 0.341796875 0.00634765625 0.01806640625
11 0.38818359375 0.32958984375 0.00830078125 0.00732421875
9 0.376953125 0.32275390625 0.00927734375 0.01611328125
11 0.373046875 0.33251953125 0.005859375 0.00537109375
11 0.529296875 0.32958984375 0.00830078125 0.00732421875
11 0.298828125 0.32666015625 0.00830078125 0.00732421875
11 0.283203125 0.3232421875 0.00830078125 0.00732421875
9 0.33544921875 0.32275390625 0.00927734375 0.01611328125
11 0.33154296875 0.33251953125 0.005859375 0.00537109375
11 0.31591796875 0.3173828125 0.00830078125 0.00732421875
11 0.267578125 0.32080078125 0.00830078125 0.00732421875
11 0.49462890625 0.33251953125 0.00830078125 0.00732421875
11 0.4765625 0.32958984375 0.00830078125 0.00732421875
10 0.193359375 0.34326171875 0.0166015625 0.0458984375
11 0.517578125 0.33251953125 0.00830078125 0.00732421875
11 0.50634765625 0.33544921875 0.00830078125 0.00732421875
11 0.2314453125 0.314453125 0.00830078125 0.00732421875
8 0.42919921875 0.341796875 0.00634765625 0.01806640625
11 0.4296875 0.32958984375 0.00830078125 0.00732421875
9 0.41845703125 0.32275390625 0.00927734375 0.01611328125
11 0.41455078125 0.33251953125 0.005859375 0.00537109375
9 0.46533203125 0.32275390625 0.00927734375 0.01611328125
11 0.4619140625 0.33251953125 0.005859375 0.00537109375
15 0.44482421875 0.34521484375 0.0078125 0.01171875
11 0.65625 0.439453125 0.00830078125 0.00732421875
11 0.61572265625 0.43359375 0.00830078125 0.00732421875
11 0.6357421875 0.4365234375 0.00830078125 0.00732421875
12 0.708984375 0.4306640625 0.0087890625 0.00732421875
11 0.68359375 0.43359375 0.00830078125 0.00732421875
11 0.671875 0.4365234375 0.00830078125 0.00732421875
11 0.55712890625 0.43359375 0.00830078125 0.00732421875
11 0.576171875 0.4306640625 0.00830078125 0.00732421875
11 0.54541015625 0.4306640625 0.00830078125 0.00732421875
11 0.52978515625 0.427734375 0.00830078125 0.00732421875
11 0.591796875 0.4306640625 0.00830078125 0.00732421875
8 0.57568359375 0.4423828125 0.00634765625 0.01806640625
21 0.80419921875 0.44091796875 0.00634765625 0.0185546875
8 0.751953125 0.4423828125 0.00634765625 0.01806640625
11 0.75244140625 0.4306640625 0.00830078125 0.00732421875
15 0.76806640625 0.443359375 0.0078125 0.01171875
21 0.7822265625 0.44091796875 0.00634765625 0.0185546875
11 0.34033203125 0.4306640625 0.00830078125 0.00732421875
11 0.32177734375 0.43359375 0.00830078125 0.00732421875
11 0.3095703125 0.4306640625 0.00830078125 0.00732421875
11 0.3798828125 0.43359375 0.00830078125 0.00732421875
11 0.35595703125 0.4306640625 0.00830078125 0.00732421875
8 0.33984375 0.4423828125 0.00634765625 0.01806640625
8 0.23095703125 0.4423828125 0.00634765625 0.01806640625
11 0.2314453125 0.4306640625 0.00830078125 0.00732421875
10 0.193359375 0.44091796875 0.0166015625 0.0458984375
11 0.29443359375 0.427734375 0.0078125 0.00732421875
11 0.28271484375 0.4306640625 0.00830078125 0.00732421875
11 0.27099609375 0.43359375 0.00830078125 0.00732421875
11 0.2470703125 0.4306640625 0.00830078125 0.00732421875
8 0.46630859375 0.4423828125 0.00634765625 0.01806640625
11 0.46728515625 0.4306640625 0.00830078125 0.00732421875
11 0.44775390625 0.43359375 0.00830078125 0.00732421875
11 0.51806640625 0.4306640625 0.00830078125 0.00732421875
11 0.50634765625 0.43359375 0.00830078125 0.00732421875
11 0.48291015625 0.4306640625 0.0078125 0.00732421875
11 0.400390625 0.4365234375 0.00830078125 0.00732421875
11 0.4208984375 0.439453125 0.00830078125 0.00732421875
11 0.4365234375 0.4365234375 0.00830078125 0.00732421875
11 0.65625 0.5166015625 0.00830078125 0.00732421875
11 0.6328125 0.51953125 0.00830078125 0.00732421875
11 0.70654296875 0.5166015625 0.00830078125 0.00732421875
11 0.67431640625 0.513671875 0.00830078125 0.00732421875
11 0.56787109375 0.5283203125 0.00830078125 0.00732421875
11 0.54638671875 0.53125 0.00830078125 0.00732421875
11 0.5908203125 0.525390625 0.00830078125 0.00732421875
11 0.6142578125 0.5224609375 0.00830078125 0.00732421875
11 0.533203125 0.5341796875 0.00830078125 0.00732421875
11 0.8095703125 0.51953125 0.00830078125 0.00732421875
11 0.748046875 0.5224609375 0.00830078125 0.00732421875
11 0.724609375 0.51953125 0.00830078125 0.00732421875
11 0.78955078125 0.5283203125 0.00830078125 0.00732421875
11 0.771484375 0.525390625 0.00830078125 0.00732421875
11 0.33984375 0.5283203125 0.00830078125 0.00732421875
9 0.328125 0.521484375 0.00927734375 0.01611328125
11 0.32421875 0.53125 0.005859375 0.0048828125
15 0.310546875 0.541015625 0.0078125 0.01171875
8 0.2919921875 0.54052734375 0.00634765625 0.01806640625
11 0.29248046875 0.5283203125 0.00830078125 0.00732421875
11 0.3818359375 0.53125 0.005859375 0.0048828125
9 0.38525390625 0.521484375 0.00927734375 0.01611328125
15 0.35791015625 0.541015625 0.0078125 0.01171875
8 0.33935546875 0.54052734375 0.00634765625 0.01806640625
9 0.23291015625 0.521484375 0.00927734375 0.01611328125
11 0.22900390625 0.53125 0.005859375 0.0048828125
10 0.193359375 0.5390625 0.0166015625 0.0458984375
9 0.2802734375 0.521484375 0.00927734375 0.01611328125
11 0.27685546875 0.53125 0.005859375 0.0048828125
15 0.26318359375 0.541015625 0.0078125 0.01171875
8 0.24462890625 0.54052734375 0.00634765625 0.01806640625
11 0.2451171875 0.5283203125 0.00830078125 0.00732421875
11 0.45556640625 0.5283203125 0.00830078125 0.00732421875
11 0.44287109375 0.53125 0.00830078125 0.00732421875
11 0.4814453125 0.5341796875 0.00830078125 0.00732421875
11 0.46875 0.53125 0.00830078125 0.00732421875
11 0.49462890625 0.53125 0.00830078125 0.00732421875
11 0.5205078125 0.53125 0.0078125 0.00732421875
11 0.4169921875 0.53125 0.00830078125 0.00732421875
11 0.4296875 0.5341796875 0.00830078125 0.00732421875
11 0.3974609375 0.5283203125 0.0078125 0.00732421875
11 0.50732421875 0.5283203125 0.00830078125 0.00732421875
11 0.64111328125 0.6201171875 0.00830078125 0.00732421875
11 0.6220703125 0.62353515625 0.00830078125 0.00732421875
11 0.70654296875 0.6171875 0.00830078125 0.00732421875
11 0.67919921875 0.6142578125 0.00830078125 0.00732421875
11 0.66015625 0.6171875 0.00830078125 0.00732421875
11 0.556640625 0.63232421875 0.00830078125 0.00732421875
11 0.57861328125 0.62939453125 0.00830078125 0.00732421875
11 0.54345703125 0.63525390625 0.00830078125 0.00732421875
11 0.52978515625 0.63232421875 0.00830078125 0.00732421875
11 0.59765625 0.62646484375 0.00830078125 0.00732421875
11 0.80908203125 0.6201171875 0.00830078125 0.00732421875
11 0.75 0.62353515625 0.00830078125 0.00732421875
11 0.7255859375 0.6201171875 0.00830078125 0.00732421875
11 0.7880859375 0.62939453125 0.00830078125 0.00732421875
11 0.76904296875 0.62646484375 0.00830078125 0.00732421875
11 0.34375 0.62939453125 0.00830078125 0.00732421875
9 0.33154296875 0.62158203125 0.00927734375 0.01611328125
11 0.32763671875 0.63232421875 0.005859375 0.0048828125
15 0.3134765625 0.63916015625 0.0078125 0.01171875
8 0.2939453125 0.64111328125 0.00634765625 0.01806640625
11 0.29443359375 0.62939453125 0.00830078125 0.00732421875
9 0.39111328125 0.62158203125 0.00927734375 0.01611328125
11 0.38720703125 0.63232421875 0.005859375 0.0048828125
15 0.36279296875 0.63916015625 0.0078125 0.01171875
8 0.34326171875 0.64111328125 0.00634765625 0.01806640625
9 0.23291015625 0.62158203125 0.00927734375 0.01611328125
11 0.22900390625 0.63232421875 0.005859375 0.0048828125
10 0.193359375 0.63720703125 0.0166015625 0.0458984375
9 0.2822265625 0.62158203125 0.00927734375 0.01611328125
11 0.2783203125 0.63232421875 0.005859375 0.0048828125
15 0.26416015625 0.63916015625 0.0078125 0.01171875
8 0.2451171875 0.64111328125 0.00634765625 0.01806640625
11 0.2451171875 0.62939453125 0.00830078125 0.00732421875
11 0.4765625 0.63232421875 0.00830078125 0.00732421875
11 0.46337890625 0.62939453125 0.00830078125 0.00732421875
11 0.44970703125 0.63232421875 0.00830078125 0.00732421875
11 0.5166015625 0.62939453125 0.00830078125 0.00732421875
11 0.50341796875 0.63232421875 0.00830078125 0.00732421875
11 0.48974609375 0.63525390625 0.00830078125 0.00732421875
11 0.4033203125 0.62939453125 0.0078125 0.00732421875
11 0.4228515625 0.63232421875 0.00830078125 0.00732421875
11 0.4365234375 0.63525390625 0.00830078125 0.00732421875
11 0.63671875 0.72119140625 0.0078125 0.00732421875
11 0.62158203125 0.71826171875 0.00830078125 0.00732421875
11 0.66650390625 0.72705078125 0.00830078125 0.00732421875
11 0.681640625 0.73046875 0.00830078125 0.00732421875
11 0.65185546875 0.72412109375 0.00830078125 0.00732421875
11 0.5546875 0.72412109375 0.00830078125 0.00732421875
11 0.53955078125 0.72705078125 0.00830078125 0.00732421875
11 0.599609375 0.71533203125 0.00830078125 0.00732421875
11 0.5849609375 0.71826171875 0.00830078125 0.00732421875
11 0.5693359375 0.72119140625 0.00830078125 0.00732421875
11 0.81201171875 0.736328125 0.00830078125 0.00732421875
11 0.80078125 0.7333984375 0.00830078125 0.00732421875
8 0.72509765625 0.7451171875 0.00634765625 0.01806640625
11 0.72509765625 0.7333984375 0.00830078125 0.00732421875
11 0.6982421875 0.72119140625 0.00830078125 0.00732421875
11 0.78564453125 0.73046875 0.00830078125 0.00732421875
11 0.7744140625 0.7333984375 0.00830078125 0.00732421875
11 0.76318359375 0.736328125 0.00830078125 0.00732421875
11 0.740234375 0.7333984375 0.00830078125 0.00732421875
15 0.33984375 0.73681640625 0.0078125 0.01171875
8 0.32470703125 0.7421875 0.00634765625 0.01806640625
11 0.3251953125 0.73046875 0.00830078125 0.00732421875
9 0.31396484375 0.72216796875 0.00927734375 0.01611328125
11 0.31005859375 0.7333984375 0.005859375 0.00537109375
15 0.29931640625 0.73681640625 0.0078125 0.01171875
8 0.2841796875 0.7421875 0.00634765625 0.01806640625
11 0.375 0.73046875 0.00830078125 0.00732421875
9 0.3642578125 0.72216796875 0.00927734375 0.01611328125
11 0.3603515625 0.7333984375 0.005859375 0.00537109375
10 0.193359375 0.73486328125 0.0166015625 0.0458984375
9 0.23291015625 0.72216796875 0.00927734375 0.01611328125
11 0.22900390625 0.7333984375 0.005859375 0.00537109375
11 0.28466796875 0.73046875 0.0078125 0.00732421875
9 0.2734375 0.72216796875 0.00927734375 0.01611328125
11 0.27001953125 0.7333984375 0.005859375 0.00537109375
15 0.2587890625 0.73681640625 0.0078125 0.01171875
8 0.24365234375 0.7421875 0.00634765625 0.01806640625
11 0.244140625 0.73046875 0.00830078125 0.00732421875
11 0.47216796875 0.73046875 0.00830078125 0.00732421875
11 0.4609375 0.7333984375 0.00830078125 0.00732421875
11 0.44970703125 0.736328125 0.00830078125 0.00732421875
11 0.4384765625 0.7333984375 0.00830078125 0.00732421875
11 0.5244140625 0.73046875 0.00830078125 0.00732421875
11 0.50634765625 0.7333984375 0.00830078125 0.00732421875
11 0.49462890625 0.736328125 0.00830078125 0.00732421875
11 0.4833984375 0.7333984375 0.00830078125 0.00732421875
11 0.41552734375 0.7333984375 0.00830078125 0.00732421875
11 0.404296875 0.736328125 0.00830078125 0.00732421875
11 0.39306640625 0.7333984375 0.00830078125 0.00732421875
11 0.4267578125 0.73046875 0.0078125 0.00732421875
21 0.65966796875 0.8330078125 0.00634765625 0.0185546875
15 0.646484375 0.8349609375 0.0078125 0.01171875
9 0.7080078125 0.80908203125 0.00927734375 0.01611328125
11 0.70458984375 0.8193359375 0.005859375 0.0048828125
21 0.67919921875 0.8330078125 0.00634765625 0.0185546875
12 0.59326171875 0.8310546875 0.0087890625 0.00732421875
11 0.5673828125 0.833984375 0.00830078125 0.00732421875
11 0.556640625 0.83740234375 0.00830078125 0.00732421875
8 0.63134765625 0.84326171875 0.00634765625 0.01806640625
11 0.6318359375 0.8310546875 0.00830078125 0.00732421875
15 0.8115234375 0.8349609375 0.0078125 0.01171875
11 0.7578125 0.81640625 0.00830078125 0.00732421875
9 0.7470703125 0.80908203125 0.00927734375 0.01611328125
11 0.74365234375 0.8193359375 0.005859375 0.0048828125
15 0.7333984375 0.8349609375 0.0078125 0.01171875
8 0.71875 0.828125 0.00634765625 0.01806640625
11 0.71875 0.81640625 0.00830078125 0.00732421875
8 0.79638671875 0.828125 0.00634765625 0.01806640625
11 0.796875 0.81640625 0.00830078125 0.00732421875
9 0.7861328125 0.80908203125 0.00927734375 0.01611328125
11 0.78271484375 0.8193359375 0.005859375 0.0048828125
15 0.7724609375 0.8349609375 0.0078125 0.01171875
8 0.75732421875 0.828125 0.00634765625 0.01806640625
11 0.35986328125 0.8310546875 0.00830078125 0.00732421875
11 0.33447265625 0.833984375 0.00830078125 0.00732421875
11 0.3232421875 0.83740234375 0.00830078125 0.00732421875
11 0.30908203125 0.84033203125 0.00830078125 0.00732421875
11 0.37451171875 0.8310546875 0.00830078125 0.00732421875
11 0.5419921875 0.84033203125 0.00830078125 0.00732421875
8 0.359375 0.84326171875 0.00634765625 0.01806640625
8 0.2333984375 0.84326171875 0.00634765625 0.01806640625
11 0.23388671875 0.8310546875 0.00830078125 0.00732421875
10 0.193359375 0.8330078125 0.0166015625 0.0458984375
11 0.28955078125 0.83740234375 0.00830078125 0.00732421875
11 0.26953125 0.833984375 0.00830078125 0.00732421875
11 0.24853515625 0.8310546875 0.00830078125 0.00732421875
8 0.466796875 0.84326171875 0.00634765625 0.01806640625
11 0.46728515625 0.8310546875 0.00830078125 0.00732421875
11 0.5224609375 0.83740234375 0.00830078125 0.00732421875
11 0.3955078125 0.833984375 0.0078125 0.00732421875
11 0.5029296875 0.833984375 0.00830078125 0.00732421875
11 0.4814453125 0.8310546875 0.00830078125 0.00732421875
11 0.43212890625 0.8310546875 0.00830078125 0.00732421875
11 0.41796875 0.828125 0.00830078125 0.00732421875
11 0.443359375 0.833984375 0.00830078125 0.00732421875
11 0.40673828125 0.8310546875 0.00830078125 0.00732421875
11 0.658203125 0.92919921875 0.00830078125 0.00732421875
11 0.623046875 0.93212890625 0.00830078125 0.00732421875
11 0.646484375 0.93212890625 0.00830078125 0.00732421875
11 0.634765625 0.93505859375 0.00830078125 0.00732421875
9 0.69873046875 0.9072265625 0.00927734375 0.01611328125
11 0.69482421875 0.9169921875 0.005859375 0.00537109375
15 0.673828125 0.9326171875 0.0078125 0.01171875
8 0.65771484375 0.94091796875 0.00634765625 0.01806640625
11 0.57568359375 0.93212890625 0.00830078125 0.00732421875
11 0.5576171875 0.92919921875 0.00830078125 0.00732421875
11 0.611328125 0.92919921875 0.00830078125 0.00732421875
11 0.599609375 0.93212890625 0.00830078125 0.00732421875
11 0.587890625 0.93505859375 0.00830078125 0.00732421875
15 0.810546875 0.9326171875 0.0078125 0.01171875
15 0.7255859375 0.9326171875 0.0078125 0.01171875
11 0.75244140625 0.9140625 0.00830078125 0.00732421875
9 0.7412109375 0.9072265625 0.00927734375 0.01611328125
11 0.7373046875 0.9169921875 0.005859375 0.00537109375
8 0.70947265625 0.92626953125 0.00634765625 0.01806640625
11 0.7099609375 0.9140625 0.00830078125 0.00732421875
11 0.779296875 0.9169921875 0.005859375 0.00537109375
8 0.7939453125 0.92626953125 0.00634765625 0.01806640625
11 0.79443359375 0.9140625 0.00830078125 0.00732421875
9 0.783203125 0.9072265625 0.00927734375 0.01611328125
15 0.76806640625 0.9326171875 0.0078125 0.01171875
8 0.751953125 0.92626953125 0.00634765625 0.01806640625
11 0.32763671875 0.919921875 0.00830078125 0.00732421875
11 0.31591796875 0.9169921875 0.00830078125 0.00732421875
11 0.30419921875 0.9140625 0.00830078125 0.00732421875
11 0.29248046875 0.9169921875 0.00830078125 0.00732421875
8 0.3505859375 0.92626953125 0.00634765625 0.01806640625
11 0.38818359375 0.93212890625 0.005859375 0.00537109375
11 0.35107421875 0.9140625 0.00830078125 0.00732421875
11 0.33935546875 0.9169921875 0.00830078125 0.00732421875
9 0.23291015625 0.9072265625 0.00927734375 0.01611328125
11 0.22900390625 0.9169921875 0.005859375 0.00537109375
10 0.193359375 0.9306640625 0.0166015625 0.0458984375
11 0.2802734375 0.919921875 0.00830078125 0.00732421875
15 0.36669921875 0.9326171875 0.0078125 0.01171875
11 0.26220703125 0.9169921875 0.00830078125 0.00732421875
11 0.244140625 0.9140625 0.00830078125 0.00732421875
11 0.4814453125 0.93212890625 0.005859375 0.00537109375
15 0.47021484375 0.9326171875 0.0078125 0.01171875
8 0.4541015625 0.94091796875 0.00634765625 0.01806640625
11 0.45458984375 0.92919921875 0.00830078125 0.00732421875
9 0.443359375 0.92041015625 0.00927734375 0.01611328125
11 0.439453125 0.93212890625 0.005859375 0.00537109375
9 0.537109375 0.92041015625 0.00927734375 0.01611328125
11 0.53369140625 0.93212890625 0.005859375 0.00537109375
15 0.51220703125 0.9326171875 0.0078125 0.01171875
8 0.49609375 0.94091796875 0.00634765625 0.01806640625
11 0.49658203125 0.92919921875 0.00830078125 0.00732421875
9 0.4853515625 0.92041015625 0.00927734375 0.01611328125
8 0.41162109375 0.94091796875 0.00634765625 0.01806640625
9 0.3916015625 0.92041015625 0.00927734375 0.01611328125
11 0.412109375 0.92919921875 0.00830078125 0.00732421875
15 0.427734375 0.9326171875 0.0078125 0.01171875