14 0.63623046875 0.1357421875 0.0087890625 0.01708984375
11 0.6357421875 0.0693359375 0.00830078125 0.0068359375
11 0.6357421875 0.060546875 0.00830078125 0.0068359375
11 0.51025390625 0.1171875 0.00830078125 0.0068359375
9 0.62841796875 0.05517578125 0.0048828125 0.0126953125
11 0.669921875 0.123046875 0.00830078125 0.0068359375
11 0.65234375 0.12890625 0.00830078125 0.0068359375
11 0.6875 0.1171875 0.00830078125 0.0068359375
11 0.5625 0.1318359375 0.00830078125 0.0068359375
11 0.5625 0.05419921875 0.00830078125 0.0068359375
5 0.55322265625 0.05419921875 0.00732421875 0.02099609375
11 0.546875 0.0634765625 0.00830078125 0.0068359375
14 0.53076171875 0.05224609375 0.0087890625 0.01708984375
11 0.62353515625 0.0634765625 0.005859375 0.00537109375
11 0.6103515625 0.0634765625 0.0078125 0.0068359375
11 0.5986328125 0.060546875 0.00830078125 0.0068359375
11 0.5830078125 0.05712890625 0.00830078125 0.0068359375
11 0.8076171875 0.12890625 0.00830078125 0.0068359375
11 0.79150390625 0.1259765625 0.00830078125 0.0068359375
11 0.775390625 0.123046875 0.00830078125 0.0068359375
11 0.72705078125 0.072265625 0.00830078125 0.00732421875
11 0.72705078125 0.05712890625 0.00830078125 0.0068359375
11 0.70458984375 0.1083984375 0.00830078125 0.0068359375
11 0.70458984375 0.0693359375 0.00830078125 0.0068359375
11 0.75927734375 0.0693359375 0.00830078125 0.0068359375
14 0.75927734375 0.1357421875 0.0087890625 0.01708984375
11 0.75927734375 0.0751953125 0.00830078125 0.0068359375
11 0.70458984375 0.060546875 0.00830078125 0.0068359375
9 0.74365234375 0.05810546875 0.0048828125 0.0126953125
11 0.73876953125 0.06640625 0.005859375 0.00537109375
11 0.31689453125 0.1259765625 0.00830078125 0.0068359375
11 0.31689453125 0.078125 0.00830078125 0.0068359375
21 0.31591796875 0.06787109375 0.00634765625 0.01806640625
11 0.30029296875 0.134765625 0.00830078125 0.00732421875
11 0.28271484375 0.140625 0.00830078125 0.0068359375
11 0.3623046875 0.140625 0.00830078125 0.0068359375
11 0.3623046875 0.0634765625 0.00830078125 0.0068359375
21 0.361328125 0.06201171875 0.00634765625 0.0185546875
15 0.51025390625 0.06982421875 0.0078125 0.01171875
11 0.35400390625 0.072265625 0.005859375 0.00537109375
11 0.3408203125 0.072265625 0.0078125 0.00732421875
1 0.193359375 0.1298828125 0.017578125 0.02099609375
10 0.19384765625 0.07373046875 0.0166015625 0.04541015625
0 0.17529296875 0.103515625 0.005859375 0.08203125
11 0.26513671875 0.14697265625 0.00830078125 0.0068359375
11 0.26513671875 0.078125 0.00830078125 0.0068359375
11 0.25341796875 0.0810546875 0.00830078125 0.0068359375
8 0.353515625 0.08251953125 0.00439453125 0.0126953125
14 0.24169921875 0.1357421875 0.0087890625 0.01708984375
11 0.24169921875 0.078125 0.00830078125 0.0068359375
11 0.24169921875 0.0634765625 0.00830078125 0.0068359375
8 0.4248046875 0.08251953125 0.00439453125 0.0126953125
11 0.4755859375 0.1318359375 0.00830078125 0.0068359375
11 0.42529296875 0.072265625 0.005859375 0.00537109375
11 0.4580078125 0.13818359375 0.0078125 0.0068359375
14 0.44189453125 0.1357421875 0.0087890625 0.01708984375
12 0.44189453125 0.0693359375 0.0087890625 0.0068359375
21 0.4404296875 0.06787109375 0.00634765625 0.01806640625
11 0.38232421875 0.06640625 0.00830078125 0.0068359375
11 0.4931640625 0.1259765625 0.00830078125 0.0068359375
11 0.41162109375 0.072265625 0.00830078125 0.00732421875
11 0.39990234375 0.0693359375 0.00830078125 0.0068359375
11 0.61962890625 0.24609375 0.0078125 0.0068359375
21 0.61865234375 0.24462890625 0.00634765625 0.0185546875
14 0.6201171875 0.3037109375 0.0087890625 0.017578125
9 0.61181640625 0.232421875 0.0048828125 0.0126953125
11 0.6826171875 0.24609375 0.00830078125 0.0068359375
11 0.6669921875 0.30615234375 0.00830078125 0.0068359375
11 0.65087890625 0.31201171875 0.00830078125 0.00732421875
15 0.6826171875 0.2470703125 0.0078125 0.01171875
11 0.6826171875 0.29736328125 0.00830078125 0.00732421875
11 0.634765625 0.31787109375 0.0078125 0.0068359375
11 0.52783203125 0.24609375 0.00830078125 0.0068359375
11 0.53857421875 0.2431640625 0.00830078125 0.0068359375
11 0.5166015625 0.2939453125 0.00830078125 0.0068359375
21 0.515625 0.24462890625 0.00634765625 0.0185546875
11 0.5166015625 0.2431640625 0.00830078125 0.0068359375
11 0.607421875 0.2431640625 0.005859375 0.00537109375
11 0.59423828125 0.240234375 0.00830078125 0.00732421875
11 0.5830078125 0.2431640625 0.00830078125 0.0068359375
11 0.57177734375 0.24609375 0.00830078125 0.0068359375
11 0.56103515625 0.2431640625 0.00830078125 0.0068359375
11 0.5498046875 0.240234375 0.00830078125 0.00732421875
11 0.80126953125 0.2431640625 0.00830078125 0.0068359375
11 0.80126953125 0.251953125 0.00830078125 0.0068359375
11 0.8125 0.2490234375 0.00830078125 0.0068359375
11 0.7900390625 0.2548828125 0.00830078125 0.00732421875
11 0.77880859375 0.251953125 0.00830078125 0.0068359375
11 0.73046875 0.24609375 0.00830078125 0.0068359375
4 0.7158203125 0.271484375 0.0078125 0.01806640625
11 0.7158203125 0.26123046875 0.00830078125 0.0068359375
11 0.7158203125 0.2490234375 0.00830078125 0.0068359375
11 0.73046875 0.251953125 0.00830078125 0.0068359375
14 0.70068359375 0.25 0.0087890625 0.01708984375
11 0.76806640625 0.2490234375 0.00830078125 0.0068359375
11 0.7568359375 0.251953125 0.00830078125 0.0068359375
11 0.74560546875 0.2548828125 0.00830078125 0.00732421875
11 0.73046875 0.30322265625 0.00830078125 0.0068359375
11 0.30322265625 0.2373046875 0.00830078125 0.0068359375
11 0.30322265625 0.2431640625 0.00830078125 0.0068359375
11 0.30322265625 0.29736328125 0.00830078125 0.00732421875
11 0.28857421875 0.30029296875 0.00830078125 0.0068359375
11 0.28857421875 0.2431640625 0.00830078125 0.0068359375
11 0.3349609375 0.240234375 0.0078125 0.00732421875
11 0.34619140625 0.2431640625 0.00830078125 0.0068359375
11 0.28857421875 0.2373046875 0.00830078125 0.0068359375
11 0.32373046875 0.31787109375 0.00830078125 0.0068359375
11 0.32373046875 0.24609375 0.00830078125 0.0068359375
11 0.32373046875 0.2373046875 0.00830078125 0.0068359375
10 0.19384765625 0.23876953125 0.0166015625 0.0458984375
1 0.193359375 0.29833984375 0.017578125 0.02099609375
11 0.2431640625 0.234375 0.00830078125 0.00732421875
11 0.2431640625 0.240234375 0.00830078125 0.00732421875
11 0.2431640625 0.2880859375 0.00830078125 0.0068359375
0 0.17529296875 0.27001953125 0.005859375 0.0849609375
11 0.25634765625 0.29736328125 0.00830078125 0.00732421875
11 0.27099609375 0.2939453125 0.00830078125 0.0068359375
11 0.4228515625 0.24609375 0.00830078125 0.0068359375
11 0.48193359375 0.2431640625 0.00830078125 0.0068359375
21 0.48046875 0.24462890625 0.00634765625 0.0185546875
11 0.48193359375 0.2880859375 0.00830078125 0.0068359375
11 0.44970703125 0.30322265625 0.00830078125 0.0068359375
11 0.4658203125 0.29736328125 0.00830078125 0.00732421875
11 0.43408203125 0.30908203125 0.00830078125 0.0068359375
11 0.43408203125 0.2431640625 0.00830078125 0.0068359375
11 0.37939453125 0.240234375 0.00830078125 0.00732421875
11 0.3681640625 0.2373046875 0.00830078125 0.0068359375
11 0.35693359375 0.240234375 0.00830078125 0.00732421875
11 0.50048828125 0.251953125 0.0078125 0.0068359375
11 0.390625 0.2431640625 0.00830078125 0.0068359375
14 0.412109375 0.3037109375 0.0087890625 0.017578125
11 0.41162109375 0.2431640625 0.00830078125 0.0068359375
11 0.41162109375 0.2431640625 0.00830078125 0.0068359375
11 0.6298828125 0.42041015625 0.00830078125 0.0068359375
14 0.63037109375 0.47119140625 0.0087890625 0.017578125
11 0.6298828125 0.41455078125 0.00830078125 0.0068359375
8 0.619140625 0.42529296875 0.0048828125 0.0126953125
11 0.6884765625 0.45849609375 0.00830078125 0.00732421875
11 0.66845703125 0.46435546875 0.00830078125 0.0068359375
11 0.7080078125 0.41455078125 0.00830078125 0.0068359375
11 0.7080078125 0.42041015625 0.00830078125 0.0068359375
11 0.7080078125 0.44921875 0.00830078125 0.0068359375
11 0.64892578125 0.47021484375 0.00830078125 0.0068359375
11 0.5732421875 0.46142578125 0.00830078125 0.0068359375
11 0.5732421875 0.41748046875 0.00830078125 0.00732421875
11 0.5732421875 0.41162109375 0.00830078125 0.0068359375
8 0.560546875 0.43408203125 0.0048828125 0.0126953125
9 0.5654296875 0.40380859375 0.0048828125 0.01220703125
11 0.560546875 0.42626953125 0.005859375 0.00537109375
11 0.560546875 0.41455078125 0.005859375 0.0048828125
9 0.6240234375 0.40087890625 0.0048828125 0.0126953125
11 0.619140625 0.41748046875 0.005859375 0.00537109375
11 0.619140625 0.4111328125 0.005859375 0.00537109375
11 0.60009765625 0.41455078125 0.00830078125 0.0068359375
11 0.60009765625 0.408203125 0.00830078125 0.0068359375
11 0.80712890625 0.41748046875 0.00830078125 0.00732421875
11 0.80712890625 0.4052734375 0.00830078125 0.0068359375
11 0.78369140625 0.42041015625 0.00830078125 0.0068359375
11 0.73486328125 0.41455078125 0.00830078125 0.0068359375
11 0.7490234375 0.42333984375 0.005859375 0.00537109375
11 0.73486328125 0.42333984375 0.00830078125 0.0068359375
8 0.7490234375 0.43115234375 0.0048828125 0.0126953125
11 0.7705078125 0.42333984375 0.00830078125 0.0068359375
11 0.7578125 0.45556640625 0.00830078125 0.0068359375
11 0.7578125 0.42041015625 0.00830078125 0.0068359375
11 0.7578125 0.4052734375 0.00830078125 0.0068359375
11 0.345703125 0.42626953125 0.00830078125 0.0068359375
11 0.345703125 0.41748046875 0.00830078125 0.00732421875
11 0.31982421875 0.45263671875 0.00830078125 0.0068359375
11 0.31982421875 0.42333984375 0.00830078125 0.0068359375
11 0.31982421875 0.408203125 0.00830078125 0.0068359375
11 0.38037109375 0.45849609375 0.00830078125 0.00732421875
11 0.38037109375 0.42333984375 0.00830078125 0.0068359375
11 0.38037109375 0.408203125 0.00830078125 0.0068359375
8 0.35986328125 0.43408203125 0.00439453125 0.0126953125
9 0.3642578125 0.40673828125 0.0048828125 0.0126953125
11 0.35986328125 0.42626953125 0.005859375 0.00537109375
11 0.35986328125 0.41748046875 0.005859375 0.00537109375
8 0.23291015625 0.42822265625 0.00439453125 0.0126953125
11 0.23291015625 0.42041015625 0.005859375 0.0048828125
1 0.193359375 0.46533203125 0.017578125 0.02099609375
11 0.24169921875 0.408203125 0.00830078125 0.0068359375
10 0.19384765625 0.4072265625 0.0166015625 0.0458984375
0 0.17529296875 0.43798828125 0.005859375 0.083984375
11 0.2998046875 0.46142578125 0.00830078125 0.0068359375
11 0.2802734375 0.46728515625 0.00830078125 0.0068359375
11 0.26025390625 0.47314453125 0.00830078125 0.00732421875
14 0.24169921875 0.47119140625 0.0087890625 0.017578125
11 0.24169921875 0.42333984375 0.00830078125 0.0068359375
11 0.48095703125 0.47021484375 0.00830078125 0.0068359375
11 0.4609375 0.47607421875 0.00830078125 0.0068359375
11 0.50048828125 0.46435546875 0.00830078125 0.0068359375
14 0.4423828125 0.47119140625 0.0087890625 0.017578125
11 0.4423828125 0.42626953125 0.00830078125 0.0068359375
11 0.4423828125 0.41162109375 0.00830078125 0.0068359375
11 0.546875 0.42626953125 0.00830078125 0.0068359375
11 0.546875 0.41455078125 0.00830078125 0.0068359375
11 0.52001953125 0.45556640625 0.00830078125 0.0068359375
11 0.52001953125 0.42626953125 0.00830078125 0.0068359375
11 0.52001953125 0.41162109375 0.00830078125 0.0068359375
9 0.435546875 0.3984375 0.0048828125 0.0126953125
11 0.4306640625 0.42333984375 0.005859375 0.00537109375
11 0.4306640625 0.40869140625 0.005859375 0.00537109375
11 0.4072265625 0.42041015625 0.00830078125 0.0068359375
11 0.4072265625 0.4052734375 0.00830078125 0.0068359375
8 0.4306640625 0.43115234375 0.0048828125 0.0126953125
11 0.62451171875 0.62109375 0.00830078125 0.0068359375
11 0.62451171875 0.59326171875 0.00830078125 0.00732421875
11 0.62451171875 0.57568359375 0.00830078125 0.0068359375
11 0.67041015625 0.57861328125 0.00830078125 0.00732421875
11 0.65478515625 0.58154296875 0.00830078125 0.0068359375
11 0.6396484375 0.57861328125 0.00830078125 0.00732421875
11 0.55126953125 0.6416015625 0.00830078125 0.00732421875
11 0.60009765625 0.6298828125 0.00830078125 0.0068359375
11 0.576171875 0.6357421875 0.00830078125 0.0068359375
11 0.576171875 0.59326171875 0.00830078125 0.00732421875
11 0.80419921875 0.58447265625 0.00830078125 0.0068359375
11 0.72021484375 0.6328125 0.00830078125 0.0068359375
11 0.72021484375 0.59033203125 0.00830078125 0.0068359375
11 0.697265625 0.59326171875 0.00830078125 0.00732421875
11 0.78125 0.58447265625 0.00830078125 0.0068359375
11 0.76611328125 0.58740234375 0.00830078125 0.0068359375
11 0.685546875 0.57861328125 0.00830078125 0.00732421875
11 0.7509765625 0.58447265625 0.00830078125 0.0068359375
11 0.7353515625 0.58740234375 0.0078125 0.0068359375
11 0.31494140625 0.626953125 0.00830078125 0.00732421875
11 0.29052734375 0.6328125 0.00830078125 0.0068359375
11 0.26611328125 0.638671875 0.00830078125 0.0068359375
11 0.33935546875 0.61767578125 0.00830078125 0.0068359375
11 0.33935546875 0.59033203125 0.00830078125 0.0068359375
11 0.33935546875 0.57275390625 0.00830078125 0.0068359375
1 0.193359375 0.630859375 0.017578125 0.02099609375
10 0.19384765625 0.57421875 0.0166015625 0.0458984375
0 0.17529296875 0.6044921875 0.005859375 0.08251953125
14 0.24267578125 0.63671875 0.0087890625 0.01708984375
11 0.2421875 0.59033203125 0.00830078125 0.0068359375
11 0.2421875 0.57275390625 0.00830078125 0.0068359375
8 0.23291015625 0.595703125 0.00439453125 0.0126953125
11 0.23291015625 0.58740234375 0.005859375 0.00537109375
11 0.4521484375 0.58447265625 0.00830078125 0.0068359375
11 0.46728515625 0.58154296875 0.00830078125 0.0068359375
11 0.4365234375 0.6298828125 0.00830078125 0.0068359375
14 0.5283203125 0.63671875 0.0087890625 0.01708984375
11 0.52783203125 0.58154296875 0.00830078125 0.0068359375
11 0.52783203125 0.57568359375 0.00830078125 0.0068359375
11 0.4365234375 0.58154296875 0.00830078125 0.0068359375
11 0.498046875 0.58154296875 0.00830078125 0.0068359375
11 0.40087890625 0.57568359375 0.00830078125 0.0068359375
11 0.3857421875 0.57568359375 0.00830078125 0.0068359375
11 0.3701171875 0.57861328125 0.00830078125 0.00732421875
11 0.35498046875 0.57568359375 0.00830078125 0.0068359375
11 0.41259765625 0.59033203125 0.00830078125 0.0068359375
11 0.65673828125 0.744140625 0.0078125 0.0068359375
11 0.642578125 0.7412109375 0.00830078125 0.0068359375
11 0.642578125 0.8037109375 0.00830078125 0.0068359375
11 0.51513671875 0.8037109375 0.00830078125 0.0068359375
11 0.7138671875 0.744140625 0.00830078125 0.0068359375
11 0.69970703125 0.7412109375 0.00830078125 0.0068359375
11 0.68505859375 0.73779296875 0.00830078125 0.0068359375
11 0.6708984375 0.7412109375 0.00830078125 0.0068359375
9 0.580078125 0.74267578125 0.0048828125 0.0126953125
11 0.57568359375 0.7529296875 0.005859375 0.00537109375
11 0.560546875 0.78564453125 0.00830078125 0.0068359375
11 0.5380859375 0.7919921875 0.00830078125 0.0068359375
11 0.61962890625 0.75 0.00830078125 0.0068359375
11 0.587890625 0.78271484375 0.00830078125 0.0068359375
12 0.587890625 0.755859375 0.0087890625 0.0068359375
11 0.587890625 0.75 0.00830078125 0.0068359375
9 0.76318359375 0.7333984375 0.0048828125 0.01220703125
11 0.7587890625 0.755859375 0.005859375 0.00537109375
11 0.7587890625 0.744140625 0.005859375 0.0048828125
11 0.74267578125 0.73779296875 0.00830078125 0.0068359375
11 0.728515625 0.7412109375 0.00830078125 0.0068359375
12 0.7705078125 0.8154296875 0.0087890625 0.0068359375
12 0.7705078125 0.7529296875 0.0087890625 0.0068359375
12 0.7705078125 0.7470703125 0.0087890625 0.00732421875
8 0.7587890625 0.76416015625 0.00439453125 0.0126953125
11 0.3310546875 0.78857421875 0.00830078125 0.00732421875
12 0.33154296875 0.7529296875 0.0087890625 0.0068359375
11 0.3310546875 0.744140625 0.00830078125 0.0068359375
11 0.30908203125 0.7978515625 0.00830078125 0.0068359375
11 0.2861328125 0.8037109375 0.00830078125 0.0068359375
11 0.263671875 0.8095703125 0.00830078125 0.00732421875
11 0.38427734375 0.744140625 0.00830078125 0.0068359375
11 0.36328125 0.7470703125 0.00830078125 0.00732421875
1 0.193359375 0.7958984375 0.017578125 0.02099609375
10 0.19384765625 0.73974609375 0.0166015625 0.0458984375
0 0.17529296875 0.76953125 0.005859375 0.08154296875
11 0.2421875 0.76171875 0.00830078125 0.00732421875
14 0.2421875 0.80126953125 0.0087890625 0.017578125
11 0.2421875 0.744140625 0.00830078125 0.0068359375
8 0.23291015625 0.7578125 0.00439453125 0.0126953125
11 0.23291015625 0.75 0.005859375 0.0048828125
11 0.462890625 0.73779296875 0.00830078125 0.0068359375
11 0.49365234375 0.75 0.00830078125 0.0068359375
11 0.5009765625 0.7529296875 0.00830078125 0.0068359375
14 0.49365234375 0.80126953125 0.0087890625 0.017578125
11 0.44189453125 0.73779296875 0.00830078125 0.0068359375
9 0.48876953125 0.728515625 0.0048828125 0.0126953125
11 0.484375 0.73828125 0.005859375 0.00537109375
11 0.3984375 0.7412109375 0.00830078125 0.0068359375
11 0.38427734375 0.78564453125 0.00830078125 0.0068359375
11 0.42724609375 0.7412109375 0.00830078125 0.0068359375
11 0.4130859375 0.73779296875 0.00830078125 0.0068359375