11 0.615234375 0.1455078125 0.00732421875 0.00634765625
11 0.6318359375 0.142578125 0.00732421875 0.00634765625
11 0.5986328125 0.13232421875 0.00732421875 0.00634765625
11 0.5986328125 0.14013671875 0.00732421875 0.00634765625
11 0.5986328125 0.1455078125 0.00732421875 0.00634765625
21 0.59765625 0.0732421875 0.005859375 0.0166015625
11 0.6484375 0.142578125 0.00732421875 0.00634765625
11 0.666015625 0.13232421875 0.00732421875 0.00634765625
11 0.666015625 0.03759765625 0.00732421875 0.00634765625
11 0.666015625 0.04296875 0.00732421875 0.00634765625
11 0.666015625 0.04833984375 0.00732421875 0.00634765625
11 0.6484375 0.13720703125 0.00732421875 0.00634765625
11 0.68408203125 0.126953125 0.00732421875 0.00634765625
11 0.52685546875 0.142578125 0.00732421875 0.00634765625
21 0.52587890625 0.0732421875 0.005859375 0.0166015625
11 0.58203125 0.13720703125 0.00732421875 0.00634765625
11 0.56298828125 0.14794921875 0.00732421875 0.00634765625
11 0.5478515625 0.13720703125 0.00732421875 0.00634765625
11 0.8046875 0.04833984375 0.00732421875 0.00634765625
4 0.80517578125 0.06689453125 0.00634765625 0.01611328125
11 0.8046875 0.1240234375 0.00732421875 0.00634765625
11 0.8046875 0.04296875 0.00732421875 0.00634765625
11 0.8046875 0.0537109375 0.00732421875 0.00634765625
11 0.7841796875 0.1455078125 0.00732421875 0.00634765625
11 0.71826171875 0.14013671875 0.00732421875 0.00634765625
11 0.70068359375 0.15087890625 0.00732421875 0.00634765625
11 0.70068359375 0.08251953125 0.00732421875 0.00634765625
11 0.70068359375 0.087890625 0.00732421875 0.00634765625
11 0.70068359375 0.09326171875 0.00732421875 0.00634765625
14 0.7841796875 0.078125 0.0078125 0.01513671875
11 0.7626953125 0.1455078125 0.00732421875 0.00634765625
8 0.74609375 0.06689453125 0.005859375 0.015625
11 0.74658203125 0.12939453125 0.0068359375 0.00634765625
11 0.74658203125 0.13720703125 0.0068359375 0.00634765625
11 0.74658203125 0.142578125 0.0068359375 0.00634765625
11 0.74658203125 0.03515625 0.0068359375 0.00634765625
11 0.74658203125 0.04052734375 0.0068359375 0.00634765625
11 0.74658203125 0.04541015625 0.0068359375 0.00634765625
21 0.2861328125 0.0732421875 0.005859375 0.0166015625
11 0.30810546875 0.1455078125 0.00732421875 0.00634765625
11 0.287109375 0.13232421875 0.00732421875 0.00634765625
11 0.287109375 0.14013671875 0.00732421875 0.00634765625
11 0.287109375 0.1455078125 0.00732421875 0.00634765625
11 0.2705078125 0.13720703125 0.00732421875 0.00634765625
11 0.345703125 0.142578125 0.00732421875 0.00634765625
11 0.36328125 0.13232421875 0.00732421875 0.00634765625
11 0.36328125 0.03759765625 0.00732421875 0.00634765625
11 0.36328125 0.04296875 0.00732421875 0.00634765625
11 0.36328125 0.04833984375 0.00732421875 0.00634765625
11 0.32470703125 0.142578125 0.00732421875 0.00634765625
11 0.21435546875 0.142578125 0.00732421875 0.00634765625
14 0.21435546875 0.078125 0.0078125 0.01513671875
1 0.19140625 0.12255859375 0.015625 0.0185546875
10 0.1923828125 0.0732421875 0.0146484375 0.04052734375
0 0.17578125 0.099609375 0.00537109375 0.07177734375
11 0.25146484375 0.14794921875 0.00732421875 0.00634765625
15 0.25146484375 0.0751953125 0.0068359375 0.01025390625
11 0.2353515625 0.13720703125 0.00732421875 0.00634765625
14 0.23583984375 0.078125 0.0078125 0.01513671875
11 0.4609375 0.1455078125 0.00732421875 0.00634765625
8 0.44140625 0.06689453125 0.00537109375 0.015625
11 0.44189453125 0.12939453125 0.00732421875 0.00634765625
11 0.44189453125 0.13720703125 0.00732421875 0.00634765625
11 0.44189453125 0.03515625 0.00732421875 0.00634765625
11 0.44189453125 0.04052734375 0.00732421875 0.00634765625
11 0.44189453125 0.04541015625 0.00732421875 0.00634765625
4 0.5029296875 0.06689453125 0.00634765625 0.01611328125
11 0.50244140625 0.1240234375 0.00732421875 0.00634765625
11 0.50244140625 0.04296875 0.00732421875 0.00634765625
11 0.50244140625 0.04833984375 0.00732421875 0.00634765625
11 0.50244140625 0.0537109375 0.00732421875 0.00634765625
11 0.44189453125 0.142578125 0.00732421875 0.00634765625
11 0.48193359375 0.1455078125 0.00732421875 0.00634765625
14 0.48193359375 0.078125 0.0078125 0.01513671875
11 0.39794921875 0.15087890625 0.00732421875 0.00634765625
11 0.39794921875 0.08251953125 0.00732421875 0.00634765625
11 0.39794921875 0.087890625 0.00732421875 0.00634765625
11 0.39794921875 0.09326171875 0.00732421875 0.00634765625
11 0.38134765625 0.126953125 0.0068359375 0.00634765625
11 0.416015625 0.14013671875 0.00732421875 0.00634765625
11 0.63232421875 0.27880859375 0.00732421875 0.00634765625
11 0.61572265625 0.28125 0.00732421875 0.00634765625
11 0.5947265625 0.26806640625 0.00732421875 0.00634765625
11 0.5947265625 0.2763671875 0.00732421875 0.00634765625
11 0.5947265625 0.28125 0.00732421875 0.00634765625
21 0.59375 0.20947265625 0.005859375 0.0166015625
11 0.68896484375 0.26318359375 0.00732421875 0.00634765625
11 0.6708984375 0.26806640625 0.00732421875 0.00634765625
11 0.6708984375 0.173828125 0.00732421875 0.00634765625
11 0.6708984375 0.17919921875 0.00732421875 0.00634765625
11 0.6708984375 0.1845703125 0.00732421875 0.00634765625
11 0.6533203125 0.27880859375 0.00732421875 0.00634765625
11 0.54150390625 0.2734375 0.00732421875 0.00634765625
11 0.54150390625 0.21337890625 0.00732421875 0.00634765625
11 0.54150390625 0.21875 0.00732421875 0.00634765625
11 0.54150390625 0.22412109375 0.00732421875 0.00634765625
11 0.578125 0.2734375 0.00732421875 0.00634765625
11 0.55908203125 0.2841796875 0.00732421875 0.00634765625
15 0.55908203125 0.21142578125 0.0068359375 0.01025390625
5 0.546875 0.2041015625 0.00634765625 0.0185546875
11 0.80517578125 0.1845703125 0.00732421875 0.00634765625
4 0.80517578125 0.20263671875 0.0068359375 0.01611328125
11 0.80517578125 0.26025390625 0.00732421875 0.00634765625
11 0.80517578125 0.17919921875 0.00732421875 0.00634765625
11 0.80517578125 0.189453125 0.00732421875 0.00634765625
11 0.7841796875 0.28125 0.00732421875 0.00634765625
14 0.7841796875 0.2138671875 0.0078125 0.01513671875
11 0.72314453125 0.2763671875 0.00732421875 0.00634765625
11 0.705078125 0.28662109375 0.00732421875 0.00634765625
11 0.705078125 0.21875 0.00732421875 0.00634765625
11 0.705078125 0.22412109375 0.00732421875 0.00634765625
11 0.705078125 0.2294921875 0.00732421875 0.00634765625
11 0.76318359375 0.28125 0.00732421875 0.00634765625
8 0.74365234375 0.20263671875 0.005859375 0.01611328125
11 0.744140625 0.265625 0.00732421875 0.00634765625
11 0.744140625 0.2734375 0.00732421875 0.00634765625
11 0.744140625 0.27880859375 0.00732421875 0.00634765625
11 0.744140625 0.1708984375 0.00732421875 0.00634765625
11 0.744140625 0.17626953125 0.00732421875 0.00634765625
11 0.744140625 0.181640625 0.00732421875 0.00634765625
11 0.30712890625 0.28125 0.00732421875 0.00634765625
11 0.28564453125 0.26806640625 0.00732421875 0.00634765625
11 0.28564453125 0.2763671875 0.00732421875 0.00634765625
11 0.28564453125 0.28125 0.00732421875 0.00634765625
21 0.28515625 0.20947265625 0.005859375 0.0166015625
11 0.26953125 0.2734375 0.00732421875 0.00634765625
11 0.3623046875 0.26806640625 0.00732421875 0.00634765625
11 0.3623046875 0.173828125 0.00732421875 0.00634765625
11 0.3623046875 0.17919921875 0.00732421875 0.00634765625
11 0.3623046875 0.1845703125 0.00732421875 0.00634765625
11 0.34423828125 0.27880859375 0.00732421875 0.00634765625
11 0.3232421875 0.27880859375 0.00732421875 0.00634765625
11 0.21435546875 0.27880859375 0.00732421875 0.00634765625
15 0.21435546875 0.21142578125 0.0068359375 0.01025390625
1 0.19140625 0.2587890625 0.015625 0.0185546875
10 0.1923828125 0.20947265625 0.0146484375 0.04052734375
0 0.17578125 0.2353515625 0.00537109375 0.07177734375
11 0.25048828125 0.2841796875 0.00732421875 0.00634765625
15 0.25048828125 0.21142578125 0.0068359375 0.01025390625
11 0.2353515625 0.2734375 0.00732421875 0.00634765625
11 0.47509765625 0.28125 0.00732421875 0.00634765625
14 0.4755859375 0.2138671875 0.0078125 0.01513671875
11 0.45458984375 0.28125 0.00732421875 0.00634765625
8 0.43505859375 0.20263671875 0.005859375 0.01611328125
11 0.52001953125 0.27880859375 0.00732421875 0.00634765625
14 0.5205078125 0.2138671875 0.0078125 0.01513671875
4 0.49658203125 0.20263671875 0.0068359375 0.01611328125
11 0.49609375 0.26025390625 0.00732421875 0.00634765625
11 0.49609375 0.17919921875 0.00732421875 0.00634765625
11 0.49609375 0.1845703125 0.00732421875 0.00634765625
11 0.49609375 0.189453125 0.00732421875 0.00634765625
11 0.396484375 0.28662109375 0.00732421875 0.00634765625
11 0.396484375 0.21875 0.00732421875 0.00634765625
11 0.396484375 0.22412109375 0.00732421875 0.00634765625
11 0.396484375 0.2294921875 0.00732421875 0.00634765625
11 0.3798828125 0.26318359375 0.00732421875 0.00634765625
11 0.435546875 0.181640625 0.00732421875 0.00634765625
11 0.435546875 0.17626953125 0.00732421875 0.00634765625
11 0.41455078125 0.2763671875 0.00732421875 0.00634765625
11 0.435546875 0.1708984375 0.00732421875 0.00634765625
11 0.435546875 0.27880859375 0.00732421875 0.00634765625
11 0.435546875 0.265625 0.00732421875 0.00634765625
11 0.435546875 0.2734375 0.00732421875 0.00634765625
11 0.6142578125 0.41748046875 0.00732421875 0.00634765625
11 0.59375 0.404296875 0.00732421875 0.00634765625
11 0.59375 0.412109375 0.00732421875 0.00634765625
11 0.59375 0.41748046875 0.00732421875 0.00634765625
11 0.669921875 0.404296875 0.00732421875 0.00634765625
11 0.65234375 0.4150390625 0.00732421875 0.00634765625
11 0.63134765625 0.4150390625 0.00732421875 0.00634765625
11 0.521484375 0.4150390625 0.00732421875 0.00634765625
11 0.5771484375 0.40966796875 0.00732421875 0.00634765625
11 0.55810546875 0.419921875 0.00732421875 0.00634765625
11 0.54248046875 0.40966796875 0.00732421875 0.00634765625
11 0.8046875 0.396484375 0.00732421875 0.00634765625
11 0.78369140625 0.41748046875 0.00732421875 0.00634765625
11 0.70458984375 0.4228515625 0.00732421875 0.00634765625
11 0.72216796875 0.412109375 0.00732421875 0.00634765625
11 0.68798828125 0.39892578125 0.00732421875 0.00634765625
11 0.7626953125 0.41748046875 0.00732421875 0.00634765625
11 0.74365234375 0.40185546875 0.00732421875 0.00634765625
11 0.74365234375 0.40966796875 0.00732421875 0.00634765625
11 0.74365234375 0.4150390625 0.00732421875 0.00634765625
11 0.2861328125 0.404296875 0.00732421875 0.00634765625
11 0.2861328125 0.412109375 0.00732421875 0.00634765625
11 0.2861328125 0.41748046875 0.00732421875 0.00634765625
11 0.26953125 0.40966796875 0.00732421875 0.00634765625
11 0.25048828125 0.419921875 0.00732421875 0.00634765625
11 0.3447265625 0.4150390625 0.00732421875 0.00634765625
11 0.32373046875 0.4150390625 0.00732421875 0.00634765625
11 0.30712890625 0.41748046875 0.00732421875 0.00634765625
22 0.35595703125 0.3427734375 0.00732421875 0.00341796875
1 0.19140625 0.39453125 0.015625 0.0185546875
10 0.1923828125 0.345703125 0.0146484375 0.04052734375
22 0.66552734375 0.3427734375 0.00732421875 0.00341796875
0 0.17578125 0.37158203125 0.00537109375 0.07177734375
11 0.2353515625 0.40966796875 0.00732421875 0.00634765625
11 0.21435546875 0.4150390625 0.00732421875 0.00634765625
11 0.43603515625 0.40966796875 0.00732421875 0.00634765625
11 0.455078125 0.41748046875 0.00732421875 0.00634765625
11 0.43603515625 0.40185546875 0.00732421875 0.00634765625
11 0.43603515625 0.4150390625 0.00732421875 0.00634765625
11 0.4150390625 0.412109375 0.00732421875 0.00634765625
11 0.4970703125 0.396484375 0.0068359375 0.00634765625
11 0.47607421875 0.41748046875 0.00732421875 0.00634765625
11 0.38037109375 0.39892578125 0.00732421875 0.00634765625
11 0.36279296875 0.404296875 0.00732421875 0.00634765625
11 0.3974609375 0.4228515625 0.00732421875 0.00634765625
11 0.63134765625 0.5537109375 0.00732421875 0.00634765625
11 0.61474609375 0.55615234375 0.00732421875 0.00634765625
11 0.59375 0.54296875 0.00732421875 0.00634765625
11 0.59375 0.55078125 0.00732421875 0.00634765625
11 0.59375 0.55615234375 0.00732421875 0.00634765625
21 0.5927734375 0.48193359375 0.005859375 0.0166015625
11 0.67041015625 0.54296875 0.00732421875 0.00634765625
21 0.66943359375 0.48193359375 0.005859375 0.0166015625
21 0.5205078125 0.48193359375 0.005859375 0.0166015625
11 0.65234375 0.5537109375 0.00732421875 0.00634765625
11 0.521484375 0.5537109375 0.00732421875 0.00634765625
11 0.55810546875 0.55859375 0.00732421875 0.00634765625
11 0.5771484375 0.54833984375 0.00732421875 0.00634765625
11 0.54248046875 0.54833984375 0.00732421875 0.00634765625
11 0.8046875 0.53515625 0.00732421875 0.00634765625
4 0.80517578125 0.47509765625 0.00634765625 0.01611328125
11 0.8046875 0.4326171875 0.00732421875 0.00634765625
11 0.8046875 0.43798828125 0.00732421875 0.00634765625
11 0.8046875 0.443359375 0.00732421875 0.00634765625
11 0.74365234375 0.54833984375 0.00732421875 0.00634765625
11 0.74365234375 0.5537109375 0.00732421875 0.00634765625
15 0.74365234375 0.4833984375 0.0068359375 0.01025390625
11 0.72265625 0.55078125 0.00732421875 0.00634765625
11 0.74365234375 0.54052734375 0.00732421875 0.00634765625
11 0.70458984375 0.5615234375 0.00732421875 0.00634765625
11 0.68798828125 0.53759765625 0.00732421875 0.00634765625
11 0.78369140625 0.55615234375 0.00732421875 0.00634765625
11 0.7626953125 0.55615234375 0.0068359375 0.00634765625
11 0.2861328125 0.55615234375 0.00732421875 0.00634765625
11 0.2861328125 0.54296875 0.00732421875 0.00634765625
11 0.2861328125 0.55078125 0.00732421875 0.00634765625
11 0.3076171875 0.55615234375 0.00732421875 0.00634765625
21 0.28515625 0.48193359375 0.005859375 0.0166015625
11 0.26953125 0.54833984375 0.00732421875 0.00634765625
11 0.36279296875 0.54296875 0.00732421875 0.00634765625
21 0.36181640625 0.48193359375 0.005859375 0.0166015625
11 0.3447265625 0.5537109375 0.00732421875 0.00634765625
11 0.32373046875 0.5537109375 0.00732421875 0.00634765625
1 0.19140625 0.533203125 0.015625 0.0185546875
10 0.1923828125 0.48193359375 0.0146484375 0.04052734375
0 0.17578125 0.5087890625 0.00537109375 0.07421875
11 0.25048828125 0.55859375 0.00732421875 0.00634765625
11 0.2353515625 0.54833984375 0.00732421875 0.00634765625
11 0.21435546875 0.5537109375 0.00732421875 0.00634765625
21 0.21337890625 0.48193359375 0.005859375 0.0166015625
11 0.4765625 0.55615234375 0.00732421875 0.00634765625
11 0.45556640625 0.55615234375 0.00732421875 0.00634765625
11 0.4365234375 0.54052734375 0.00732421875 0.00634765625
4 0.49755859375 0.47509765625 0.00634765625 0.01611328125
11 0.49755859375 0.53515625 0.00732421875 0.00634765625
11 0.49755859375 0.451171875 0.00732421875 0.00634765625
11 0.49755859375 0.45654296875 0.00732421875 0.00634765625
11 0.49755859375 0.4619140625 0.00732421875 0.00634765625
11 0.4365234375 0.54833984375 0.00732421875 0.00634765625
11 0.380859375 0.53759765625 0.00732421875 0.00634765625
11 0.3974609375 0.5615234375 0.00732421875 0.00634765625
15 0.4365234375 0.4833984375 0.0068359375 0.01025390625
11 0.41552734375 0.55078125 0.00732421875 0.00634765625
11 0.4365234375 0.5537109375 0.00732421875 0.00634765625
15 0.63134765625 0.6220703125 0.0068359375 0.01025390625
11 0.6318359375 0.69091796875 0.00732421875 0.00634765625
11 0.61474609375 0.693359375 0.00732421875 0.00634765625
11 0.61474609375 0.61865234375 0.00732421875 0.00634765625
4 0.67041015625 0.61328125 0.00634765625 0.01611328125
11 0.68798828125 0.6748046875 0.00732421875 0.00634765625
14 0.68798828125 0.625 0.0078125 0.015625
11 0.65283203125 0.69091796875 0.00732421875 0.00634765625
11 0.67041015625 0.68017578125 0.00732421875 0.00634765625
11 0.67041015625 0.58447265625 0.00732421875 0.00634765625
11 0.67041015625 0.58984375 0.00732421875 0.00634765625
11 0.67041015625 0.59521484375 0.00732421875 0.00634765625
11 0.5419921875 0.685546875 0.00732421875 0.00634765625
14 0.54248046875 0.625 0.0078125 0.015625
15 0.55810546875 0.6220703125 0.0068359375 0.01025390625
11 0.59375 0.68017578125 0.00732421875 0.00634765625
11 0.59375 0.68798828125 0.00732421875 0.00634765625
11 0.59375 0.693359375 0.00732421875 0.00634765625
11 0.59375 0.634765625 0.00732421875 0.00634765625
11 0.59375 0.64013671875 0.00732421875 0.00634765625
11 0.59375 0.6455078125 0.00732421875 0.00634765625
11 0.57763671875 0.685546875 0.00732421875 0.00634765625
11 0.55810546875 0.6962890625 0.0068359375 0.00634765625
4 0.80517578125 0.61328125 0.00634765625 0.01611328125
11 0.8046875 0.67236328125 0.00732421875 0.00634765625
11 0.8046875 0.58984375 0.00732421875 0.00634765625
11 0.8046875 0.59521484375 0.00732421875 0.00634765625
11 0.8046875 0.60009765625 0.00732421875 0.00634765625
11 0.78369140625 0.693359375 0.00732421875 0.00634765625
14 0.7841796875 0.625 0.0078125 0.015625
11 0.72265625 0.68798828125 0.00732421875 0.00634765625
14 0.72265625 0.625 0.0078125 0.015625
5 0.71044921875 0.61083984375 0.00634765625 0.01806640625
11 0.70458984375 0.69873046875 0.00732421875 0.00634765625
11 0.70458984375 0.61865234375 0.00732421875 0.00634765625
11 0.70458984375 0.6240234375 0.00732421875 0.00634765625
11 0.70458984375 0.62939453125 0.00732421875 0.00634765625
11 0.7626953125 0.693359375 0.00732421875 0.00634765625
14 0.76318359375 0.625 0.0078125 0.015625
5 0.74951171875 0.61083984375 0.00634765625 0.01806640625
11 0.74365234375 0.677734375 0.00732421875 0.00634765625
11 0.74365234375 0.685546875 0.00732421875 0.00634765625
11 0.74365234375 0.69091796875 0.00732421875 0.00634765625
11 0.74365234375 0.61865234375 0.00732421875 0.00634765625
11 0.74365234375 0.626953125 0.00732421875 0.00634765625
11 0.75 0.634765625 0.00732421875 0.00634765625
11 0.74365234375 0.63720703125 0.00732421875 0.00634765625
11 0.28662109375 0.68017578125 0.00732421875 0.00634765625
11 0.3076171875 0.693359375 0.00732421875 0.00634765625
11 0.28662109375 0.68798828125 0.00732421875 0.00634765625
11 0.28662109375 0.693359375 0.00732421875 0.00634765625
21 0.28564453125 0.6201171875 0.005859375 0.0166015625
11 0.36279296875 0.68017578125 0.00732421875 0.00634765625
11 0.36279296875 0.58447265625 0.00732421875 0.00634765625
11 0.36279296875 0.58984375 0.00732421875 0.00634765625
11 0.36279296875 0.59521484375 0.00732421875 0.00634765625
11 0.26953125 0.685546875 0.00732421875 0.00634765625
11 0.34521484375 0.69091796875 0.00732421875 0.00634765625
11 0.32421875 0.69091796875 0.00732421875 0.00634765625
11 0.21435546875 0.61376953125 0.00732421875 0.00634765625
11 0.21435546875 0.61865234375 0.00732421875 0.00634765625
11 0.2080078125 0.62158203125 0.00732421875 0.00634765625
11 0.21435546875 0.6240234375 0.00732421875 0.00634765625
1 0.19140625 0.67041015625 0.015625 0.0185546875
11 0.21435546875 0.69091796875 0.00732421875 0.00634765625
10 0.1923828125 0.6201171875 0.0146484375 0.04052734375
0 0.17578125 0.64697265625 0.00537109375 0.07275390625
14 0.27001953125 0.625 0.0078125 0.015625
11 0.25048828125 0.6962890625 0.00732421875 0.00634765625
11 0.2353515625 0.685546875 0.00732421875 0.00634765625
4 0.36328125 0.61328125 0.00634765625 0.01611328125
8 0.2138671875 0.63330078125 0.00537109375 0.01611328125
11 0.47607421875 0.693359375 0.00732421875 0.00634765625
14 0.47607421875 0.625 0.0078125 0.015625
11 0.4970703125 0.60009765625 0.00732421875 0.00634765625
11 0.455078125 0.693359375 0.00732421875 0.00634765625
14 0.455078125 0.625 0.0078125 0.015625
5 0.52685546875 0.6083984375 0.00634765625 0.0185546875
11 0.52099609375 0.69091796875 0.00732421875 0.00634765625
11 0.52099609375 0.6162109375 0.00732421875 0.00634765625
11 0.52099609375 0.62158203125 0.00732421875 0.00634765625
11 0.52734375 0.626953125 0.00732421875 0.00634765625
11 0.52099609375 0.62939453125 0.00732421875 0.00634765625
4 0.4970703125 0.61328125 0.0068359375 0.01611328125
11 0.4970703125 0.67236328125 0.00732421875 0.00634765625
11 0.4970703125 0.58984375 0.00732421875 0.00634765625
11 0.4970703125 0.59521484375 0.00732421875 0.00634765625
5 0.4208984375 0.61083984375 0.00634765625 0.01806640625
11 0.4150390625 0.68798828125 0.00732421875 0.00634765625
11 0.4150390625 0.61865234375 0.00732421875 0.00634765625
11 0.4150390625 0.6240234375 0.00732421875 0.00634765625
11 0.4150390625 0.62939453125 0.00732421875 0.00634765625
11 0.39697265625 0.69873046875 0.00732421875 0.00634765625
11 0.38037109375 0.6748046875 0.00732421875 0.00634765625
15 0.38037109375 0.6220703125 0.0068359375 0.01025390625
11 0.43603515625 0.685546875 0.00732421875 0.00634765625
11 0.43603515625 0.69091796875 0.00732421875 0.00634765625
14 0.43603515625 0.625 0.0078125 0.015625
11 0.43603515625 0.677734375 0.00732421875 0.00634765625
11 0.5888671875 0.82958984375 0.00732421875 0.00634765625
14 0.60986328125 0.76220703125 0.0078125 0.01513671875
15 0.6259765625 0.75927734375 0.0068359375 0.01025390625
11 0.60986328125 0.82958984375 0.00732421875 0.00634765625
11 0.5888671875 0.82421875 0.00732421875 0.00634765625
4 0.58935546875 0.75634765625 0.00634765625 0.01611328125
11 0.5888671875 0.81640625 0.00732421875 0.00634765625
4 0.66455078125 0.7509765625 0.00634765625 0.01611328125
11 0.6640625 0.81640625 0.00732421875 0.00634765625
11 0.6640625 0.7216796875 0.00732421875 0.00634765625
11 0.6640625 0.72705078125 0.00732421875 0.00634765625
11 0.6640625 0.732421875 0.00732421875 0.00634765625
11 0.6259765625 0.82666015625 0.00732421875 0.00634765625
11 0.64697265625 0.82666015625 0.0068359375 0.00634765625
11 0.5380859375 0.82177734375 0.00732421875 0.00634765625
14 0.53857421875 0.76220703125 0.0078125 0.01513671875
11 0.5888671875 0.73486328125 0.00732421875 0.00634765625
11 0.5888671875 0.740234375 0.00732421875 0.00634765625
11 0.5888671875 0.74560546875 0.00732421875 0.00634765625
11 0.57275390625 0.82177734375 0.00732421875 0.00634765625
11 0.55419921875 0.83203125 0.0068359375 0.00634765625
15 0.55419921875 0.75927734375 0.0068359375 0.01025390625
4 0.8056640625 0.7509765625 0.00634765625 0.01611328125
11 0.80517578125 0.80810546875 0.00732421875 0.00634765625
11 0.80517578125 0.70849609375 0.00732421875 0.00634765625
11 0.80517578125 0.7138671875 0.00732421875 0.00634765625
11 0.80517578125 0.71923828125 0.00732421875 0.00634765625
11 0.78466796875 0.82958984375 0.00732421875 0.00634765625
11 0.76416015625 0.82958984375 0.00732421875 0.00634765625
9 0.712890625 0.755859375 0.005859375 0.015625
11 0.70703125 0.8349609375 0.00732421875 0.00634765625
11 0.70703125 0.7666015625 0.00732421875 0.00634765625
11 0.70703125 0.77197265625 0.00732421875 0.00634765625
11 0.70703125 0.77734375 0.00732421875 0.00634765625
11 0.68115234375 0.81103515625 0.00732421875 0.00634765625
14 0.681640625 0.76220703125 0.0078125 0.01513671875
15 0.7451171875 0.75927734375 0.0068359375 0.01025390625
11 0.7451171875 0.8134765625 0.00732421875 0.00634765625
11 0.7451171875 0.82177734375 0.00732421875 0.00634765625
11 0.7451171875 0.82666015625 0.00732421875 0.00634765625
11 0.724609375 0.82421875 0.00732421875 0.00634765625
11 0.3212890625 0.82666015625 0.00732421875 0.00634765625
11 0.30517578125 0.82958984375 0.00732421875 0.00634765625
11 0.34228515625 0.82666015625 0.0068359375 0.00634765625
11 0.28466796875 0.81640625 0.00732421875 0.00634765625
11 0.28466796875 0.82421875 0.00732421875 0.00634765625
11 0.28466796875 0.82958984375 0.00732421875 0.00634765625
21 0.28369140625 0.75732421875 0.005859375 0.0166015625
4 0.35986328125 0.7509765625 0.00634765625 0.01611328125
11 0.37646484375 0.81103515625 0.00732421875 0.00634765625
14 0.376953125 0.76220703125 0.0078125 0.01513671875
5 0.5234375 0.748046875 0.00634765625 0.01806640625
11 0.35986328125 0.81640625 0.00732421875 0.00634765625
11 0.35986328125 0.7216796875 0.00732421875 0.00634765625
11 0.35986328125 0.72705078125 0.00732421875 0.00634765625
11 0.35986328125 0.732421875 0.00732421875 0.00634765625
11 0.21435546875 0.82666015625 0.00732421875 0.00634765625
21 0.21337890625 0.75732421875 0.005859375 0.0166015625
1 0.19140625 0.806640625 0.015625 0.0185546875
10 0.1923828125 0.75732421875 0.0146484375 0.04052734375
0 0.17578125 0.78369140625 0.00537109375 0.07177734375
11 0.2685546875 0.82177734375 0.00732421875 0.00634765625
11 0.25 0.83203125 0.00732421875 0.00634765625
11 0.23486328125 0.82177734375 0.00732421875 0.00634765625
11 0.4736328125 0.82958984375 0.00732421875 0.00634765625
11 0.494140625 0.72705078125 0.00732421875 0.00634765625
11 0.45263671875 0.82958984375 0.00732421875 0.00634765625
11 0.517578125 0.82666015625 0.00732421875 0.00634765625
11 0.517578125 0.75634765625 0.00732421875 0.00634765625
11 0.517578125 0.76123046875 0.00732421875 0.00634765625
11 0.517578125 0.7666015625 0.00732421875 0.00634765625
4 0.494140625 0.7509765625 0.00634765625 0.01611328125
11 0.494140625 0.80810546875 0.00732421875 0.00634765625
11 0.494140625 0.70849609375 0.00732421875 0.00634765625
11 0.494140625 0.7138671875 0.00732421875 0.00634765625
11 0.494140625 0.71923828125 0.00732421875 0.00634765625
11 0.41357421875 0.82421875 0.00732421875 0.00634765625
11 0.41357421875 0.74560546875 0.00732421875 0.00634765625
11 0.39599609375 0.8349609375 0.00732421875 0.00634765625
11 0.39599609375 0.75634765625 0.00732421875 0.00634765625
11 0.39599609375 0.76123046875 0.00732421875 0.00634765625
11 0.3896484375 0.76416015625 0.00732421875 0.00634765625
11 0.39599609375 0.7666015625 0.00732421875 0.00634765625
11 0.43408203125 0.8134765625 0.00732421875 0.00634765625
15 0.43408203125 0.75927734375 0.0068359375 0.01025390625
11 0.43408203125 0.82177734375 0.00732421875 0.00634765625
11 0.43408203125 0.82666015625 0.00732421875 0.00634765625
11 0.6123046875 0.96533203125 0.00732421875 0.00634765625
11 0.6279296875 0.962890625 0.00732421875 0.00634765625
11 0.591796875 0.9521484375 0.00732421875 0.00634765625
11 0.591796875 0.96044921875 0.00732421875 0.00634765625
11 0.591796875 0.96533203125 0.00732421875 0.00634765625
21 0.5908203125 0.8935546875 0.005859375 0.0166015625
14 0.6826171875 0.8984375 0.0078125 0.01513671875
11 0.666015625 0.9521484375 0.00732421875 0.00634765625
5 0.52685546875 0.8935546875 0.00634765625 0.0185546875
4 0.666015625 0.88720703125 0.00634765625 0.01611328125
11 0.666015625 0.85791015625 0.00732421875 0.00634765625
11 0.666015625 0.86328125 0.00732421875 0.00634765625
11 0.666015625 0.86865234375 0.00732421875 0.00634765625
11 0.64892578125 0.962890625 0.00732421875 0.00634765625
11 0.54150390625 0.95751953125 0.00732421875 0.00634765625
14 0.5419921875 0.8984375 0.0078125 0.01513671875
11 0.57568359375 0.95751953125 0.00732421875 0.00634765625
14 0.57568359375 0.8984375 0.0078125 0.01513671875
4 0.55712890625 0.90966796875 0.00634765625 0.01611328125
11 0.55712890625 0.96826171875 0.00732421875 0.00634765625
11 0.55712890625 0.88720703125 0.00732421875 0.00634765625
11 0.55712890625 0.89501953125 0.00732421875 0.00634765625
11 0.55712890625 0.900390625 0.00732421875 0.00634765625
4 0.8056640625 0.88720703125 0.00634765625 0.01611328125
11 0.8056640625 0.9443359375 0.00732421875 0.00634765625
11 0.8056640625 0.8447265625 0.00732421875 0.00634765625
11 0.8056640625 0.85009765625 0.00732421875 0.00634765625
11 0.8056640625 0.85546875 0.00732421875 0.00634765625
11 0.8056640625 0.86328125 0.00732421875 0.00634765625
11 0.8056640625 0.86865234375 0.00732421875 0.00634765625
11 0.8056640625 0.87353515625 0.00732421875 0.00634765625
11 0.78515625 0.96533203125 0.00732421875 0.00634765625
11 0.7646484375 0.96533203125 0.00732421875 0.00634765625
5 0.71435546875 0.8935546875 0.00634765625 0.0185546875
11 0.70849609375 0.970703125 0.00732421875 0.00634765625
11 0.70849609375 0.90283203125 0.00732421875 0.00634765625
11 0.70849609375 0.908203125 0.00732421875 0.00634765625
11 0.70849609375 0.91357421875 0.00732421875 0.00634765625
11 0.74609375 0.95751953125 0.00732421875 0.00634765625
11 0.74609375 0.94970703125 0.00732421875 0.00634765625
11 0.6826171875 0.947265625 0.00732421875 0.00634765625
11 0.74609375 0.962890625 0.00732421875 0.00634765625
15 0.74609375 0.8955078125 0.0068359375 0.01025390625
11 0.7255859375 0.96044921875 0.0068359375 0.00634765625
14 0.72607421875 0.8984375 0.0078125 0.01513671875
11 0.32080078125 0.962890625 0.00732421875 0.00634765625
15 0.3203125 0.8955078125 0.0068359375 0.01025390625
11 0.30419921875 0.96533203125 0.00732421875 0.00634765625
14 0.3046875 0.8984375 0.0078125 0.01513671875
11 0.28369140625 0.9521484375 0.00732421875 0.00634765625
11 0.28369140625 0.96044921875 0.00732421875 0.00634765625
11 0.28369140625 0.96533203125 0.00732421875 0.00634765625
11 0.3583984375 0.86865234375 0.00732421875 0.00634765625
11 0.3583984375 0.9521484375 0.00732421875 0.00634765625
11 0.3583984375 0.85791015625 0.00732421875 0.00634765625
11 0.3583984375 0.86328125 0.00732421875 0.00634765625
14 0.2841796875 0.8984375 0.0078125 0.01513671875
11 0.3408203125 0.962890625 0.00732421875 0.00634765625
11 0.21435546875 0.962890625 0.00732421875 0.00634765625
21 0.21337890625 0.8935546875 0.005859375 0.0166015625
1 0.19140625 0.94287109375 0.015625 0.0185546875
10 0.1923828125 0.8935546875 0.0146484375 0.04052734375
0 0.17578125 0.91943359375 0.00537109375 0.07177734375
11 0.267578125 0.95751953125 0.00732421875 0.00634765625
11 0.24951171875 0.96826171875 0.00732421875 0.00634765625
4 0.3583984375 0.88720703125 0.0068359375 0.01611328125
11 0.23486328125 0.95751953125 0.00732421875 0.00634765625
11 0.45703125 0.96533203125 0.00732421875 0.00634765625
15 0.45654296875 0.8955078125 0.0068359375 0.01025390625
11 0.4384765625 0.94970703125 0.00732421875 0.00634765625
11 0.4384765625 0.95751953125 0.00732421875 0.00634765625
11 0.4384765625 0.962890625 0.00732421875 0.00634765625
14 0.4384765625 0.8984375 0.0078125 0.01513671875
11 0.52099609375 0.962890625 0.00732421875 0.00634765625
11 0.52099609375 0.90283203125 0.00732421875 0.00634765625
4 0.498046875 0.88720703125 0.00634765625 0.01611328125
11 0.49755859375 0.9443359375 0.00732421875 0.00634765625
11 0.49755859375 0.86865234375 0.00732421875 0.00634765625
11 0.49755859375 0.87353515625 0.00732421875 0.00634765625
11 0.4775390625 0.96533203125 0.00732421875 0.00634765625
11 0.40087890625 0.908203125 0.00732421875 0.00634765625
5 0.40673828125 0.8935546875 0.00634765625 0.0185546875
11 0.40087890625 0.970703125 0.00732421875 0.00634765625
11 0.40087890625 0.90283203125 0.00732421875 0.00634765625
11 0.40087890625 0.91357421875 0.00732421875 0.00634765625
11 0.375 0.947265625 0.00732421875 0.00634765625
14 0.37548828125 0.8984375 0.0078125 0.01513671875
11 0.41796875 0.96044921875 0.00732421875 0.00634765625
14 0.41845703125 0.8984375 0.0078125 0.01513671875