11 0.61181640625 0.041015625 0.00634765625 0.00537109375
21 0.60009765625 0.193359375 0.0048828125 0.01416015625
11 0.6220703125 0.04345703125 0.00634765625 0.00537109375
11 0.58056640625 0.03857421875 0.00634765625 0.00537109375
11 0.5908203125 0.041015625 0.00634765625 0.00537109375
11 0.60107421875 0.04345703125 0.00634765625 0.00537109375
21 0.60009765625 0.0986328125 0.0048828125 0.01416015625
11 0.650390625 0.19921875 0.00634765625 0.00537109375
11 0.63525390625 0.04541015625 0.00634765625 0.00537109375
11 0.56982421875 0.03662109375 0.00634765625 0.00537109375
11 0.650390625 0.0478515625 0.00634765625 0.00537109375
11 0.650390625 0.10205078125 0.00634765625 0.00537109375
11 0.51708984375 0.03857421875 0.005859375 0.00537109375
21 0.51611328125 0.0986328125 0.0048828125 0.01416015625
21 0.51611328125 0.14794921875 0.0048828125 0.01416015625
21 0.51611328125 0.193359375 0.0048828125 0.01416015625
11 0.50634765625 0.03662109375 0.00634765625 0.00537109375
11 0.48583984375 0.03173828125 0.00634765625 0.00537109375
11 0.49609375 0.0341796875 0.00634765625 0.00537109375
11 0.55859375 0.10205078125 0.00634765625 0.00537109375
19 0.55859375 0.1474609375 0.00634765625 0.0029296875
11 0.55859375 0.19921875 0.00634765625 0.00537109375
11 0.55859375 0.04345703125 0.00634765625 0.00537109375
11 0.52734375 0.03662109375 0.00634765625 0.00537109375
11 0.53759765625 0.03857421875 0.00634765625 0.00537109375
11 0.54833984375 0.041015625 0.00634765625 0.00537109375
11 0.7919921875 0.0859375 0.00634765625 0.00537109375
15 0.8017578125 0.05078125 0.005859375 0.00927734375
11 0.80224609375 0.087890625 0.00634765625 0.00537109375
11 0.7705078125 0.04345703125 0.00634765625 0.00537109375
11 0.7705078125 0.0859375 0.00634765625 0.00537109375
11 0.78125 0.03662109375 0.005859375 0.00537109375
11 0.78125 0.087890625 0.005859375 0.00537109375
21 0.7802734375 0.193359375 0.0048828125 0.01416015625
11 0.8125 0.09033203125 0.00634765625 0.00537109375
11 0.69580078125 0.0478515625 0.00634765625 0.00537109375
21 0.6953125 0.0986328125 0.0048828125 0.01416015625
21 0.6953125 0.193359375 0.0048828125 0.01416015625
11 0.70654296875 0.04541015625 0.00634765625 0.00537109375
11 0.67236328125 0.04345703125 0.00634765625 0.00537109375
11 0.66162109375 0.041015625 0.00634765625 0.00537109375
11 0.685546875 0.04541015625 0.00634765625 0.00537109375
11 0.74853515625 0.052734375 0.00634765625 0.00537109375
11 0.74853515625 0.0810546875 0.00634765625 0.00537109375
11 0.75927734375 0.0478515625 0.00634765625 0.00537109375
11 0.75927734375 0.08349609375 0.00634765625 0.00537109375
11 0.716796875 0.0478515625 0.00634765625 0.00537109375
11 0.72705078125 0.05029296875 0.00634765625 0.00537109375
11 0.7373046875 0.052734375 0.00634765625 0.00537109375
11 0.7373046875 0.0859375 0.00634765625 0.00537109375
11 0.7373046875 0.19921875 0.00634765625 0.00537109375
21 0.3154296875 0.193359375 0.0048828125 0.01416015625
11 0.30126953125 0.134765625 0.00634765625 0.00537109375
21 0.3154296875 0.04931640625 0.0048828125 0.01416015625
21 0.3154296875 0.0986328125 0.0048828125 0.01416015625
11 0.31640625 0.1328125 0.00634765625 0.00537109375
11 0.28515625 0.0595703125 0.00634765625 0.00537109375
11 0.28515625 0.10888671875 0.00634765625 0.00537109375
11 0.28515625 0.14208984375 0.00634765625 0.00537109375
11 0.28515625 0.2060546875 0.00634765625 0.00537109375
11 0.35009765625 0.0595703125 0.00634765625 0.00537109375
11 0.3310546875 0.13037109375 0.00634765625 0.00537109375
11 0.27001953125 0.14208984375 0.00634765625 0.00537109375
11 0.35009765625 0.10888671875 0.00634765625 0.00537109375
15 0.35009765625 0.1494140625 0.005859375 0.00927734375
11 0.35009765625 0.2060546875 0.00634765625 0.00537109375
10 0.19091796875 0.14794921875 0.0126953125 0.03515625
1 0.1904296875 0.193359375 0.013671875 0.01611328125
11 0.220703125 0.0595703125 0.00634765625 0.00537109375
11 0.220703125 0.10888671875 0.00634765625 0.00537109375
11 0.220703125 0.14208984375 0.00634765625 0.00537109375
11 0.220703125 0.2060546875 0.00634765625 0.00537109375
0 0.1767578125 0.171875 0.00439453125 0.06494140625
22 0.73095703125 0.1455078125 0.00634765625 0.0029296875
21 0.25439453125 0.04931640625 0.0048828125 0.01416015625
21 0.25439453125 0.0986328125 0.0048828125 0.01416015625
11 0.25537109375 0.14208984375 0.00634765625 0.00537109375
21 0.25439453125 0.193359375 0.0048828125 0.01416015625
11 0.234375 0.146484375 0.00634765625 0.00537109375
11 0.2451171875 0.14404296875 0.00634765625 0.00537109375
11 0.455078125 0.04345703125 0.00634765625 0.00537109375
11 0.455078125 0.0927734375 0.00634765625 0.00537109375
11 0.43994140625 0.04541015625 0.00634765625 0.00537109375
11 0.43994140625 0.0947265625 0.00634765625 0.00537109375
11 0.43994140625 0.13037109375 0.00634765625 0.00537109375
11 0.43994140625 0.1923828125 0.00634765625 0.00537109375
11 0.47412109375 0.1328125 0.00634765625 0.00537109375
11 0.47412109375 0.19921875 0.00634765625 0.00537109375
11 0.47412109375 0.10205078125 0.00634765625 0.00537109375
11 0.455078125 0.134765625 0.00634765625 0.00537109375
11 0.455078125 0.18994140625 0.00634765625 0.00537109375
11 0.47412109375 0.03662109375 0.00634765625 0.00537109375
11 0.40966796875 0.052734375 0.00634765625 0.00537109375
11 0.40966796875 0.10205078125 0.00634765625 0.00537109375
11 0.40966796875 0.1279296875 0.00634765625 0.00537109375
11 0.40966796875 0.19921875 0.00634765625 0.00537109375
21 0.37890625 0.193359375 0.0048828125 0.01416015625
11 0.39453125 0.13037109375 0.00634765625 0.00537109375
11 0.36474609375 0.134765625 0.00634765625 0.00537109375
11 0.42529296875 0.03662109375 0.00634765625 0.00537109375
11 0.42529296875 0.0859375 0.00634765625 0.00537109375
11 0.42529296875 0.1328125 0.00634765625 0.00537109375
11 0.42529296875 0.18310546875 0.00634765625 0.00537109375
21 0.37890625 0.04931640625 0.0048828125 0.01416015625
11 0.3798828125 0.1328125 0.00634765625 0.00537109375
21 0.37890625 0.0986328125 0.0048828125 0.01416015625
11 0.60205078125 0.283203125 0.00634765625 0.00537109375
11 0.63232421875 0.294921875 0.005859375 0.00537109375
11 0.63232421875 0.44873046875 0.005859375 0.00537109375
11 0.48291015625 0.2880859375 0.00634765625 0.00537109375
11 0.58984375 0.28564453125 0.00634765625 0.00537109375
11 0.578125 0.283203125 0.00634765625 0.00537109375
11 0.64453125 0.294921875 0.00634765625 0.00537109375
11 0.5185546875 0.28564453125 0.00634765625 0.00537109375
11 0.5068359375 0.2880859375 0.00634765625 0.00537109375
9 0.5 0.44140625 0.00537109375 0.013671875
19 0.5185546875 0.349609375 0.00634765625 0.0029296875
11 0.5185546875 0.453125 0.00634765625 0.00537109375
11 0.49462890625 0.45068359375 0.00634765625 0.00537109375
11 0.49462890625 0.29052734375 0.00634765625 0.00537109375
11 0.56591796875 0.45068359375 0.00634765625 0.00537109375
11 0.56591796875 0.283203125 0.00634765625 0.00537109375
11 0.55419921875 0.28564453125 0.00634765625 0.00537109375
11 0.54248046875 0.2880859375 0.00634765625 0.00537109375
11 0.53076171875 0.28564453125 0.00634765625 0.00537109375
11 0.798828125 0.29052734375 0.00634765625 0.00537109375
11 0.787109375 0.2880859375 0.00634765625 0.00537109375
11 0.81103515625 0.2880859375 0.00634765625 0.00537109375
11 0.775390625 0.2880859375 0.00634765625 0.00537109375
11 0.775390625 0.44189453125 0.00634765625 0.00537109375
22 0.51025390625 0.39697265625 0.00634765625 0.0029296875
11 0.76318359375 0.29052734375 0.00634765625 0.00537109375
11 0.69189453125 0.29248046875 0.00634765625 0.00537109375
11 0.7041015625 0.294921875 0.00634765625 0.00537109375
11 0.65625 0.29736328125 0.00634765625 0.00537109375
11 0.66796875 0.294921875 0.00634765625 0.00537109375
11 0.68017578125 0.29248046875 0.00634765625 0.00537109375
11 0.68017578125 0.4462890625 0.00634765625 0.00537109375
11 0.7392578125 0.29052734375 0.00634765625 0.00537109375
11 0.75146484375 0.29248046875 0.00634765625 0.00537109375
11 0.7275390625 0.44384765625 0.00634765625 0.00537109375
11 0.7275390625 0.29052734375 0.00634765625 0.00537109375
11 0.7158203125 0.29248046875 0.00634765625 0.00537109375
11 0.2802734375 0.341796875 0.00634765625 0.00537109375
11 0.2919921875 0.34423828125 0.00634765625 0.00537109375
11 0.26806640625 0.34423828125 0.00634765625 0.00537109375
11 0.25634765625 0.341796875 0.00634765625 0.00537109375
21 0.267578125 0.30078125 0.0048828125 0.01416015625
21 0.267578125 0.4453125 0.0048828125 0.01416015625
11 0.33203125 0.341796875 0.00634765625 0.00537109375
11 0.34375 0.34423828125 0.00634765625 0.00537109375
11 0.30712890625 0.3466796875 0.00634765625 0.00537109375
11 0.31884765625 0.30419921875 0.00634765625 0.00537109375
11 0.31884765625 0.3486328125 0.00634765625 0.00537109375
11 0.31884765625 0.45068359375 0.00634765625 0.00537109375
10 0.19091796875 0.3994140625 0.0126953125 0.03515625
1 0.1904296875 0.44482421875 0.013671875 0.01611328125
0 0.1767578125 0.42333984375 0.00439453125 0.0654296875
22 0.30810546875 0.39697265625 0.00634765625 0.0029296875
22 0.7197265625 0.34765625 0.00634765625 0.0029296875
22 0.7197265625 0.39697265625 0.00634765625 0.0029296875
11 0.232421875 0.33740234375 0.00634765625 0.00537109375
11 0.24462890625 0.33935546875 0.00634765625 0.00537109375
11 0.2197265625 0.45068359375 0.00634765625 0.00537109375
11 0.2197265625 0.34423828125 0.00634765625 0.00537109375
11 0.2197265625 0.30419921875 0.00634765625 0.00537109375
21 0.4189453125 0.30078125 0.0048828125 0.01416015625
11 0.419921875 0.353515625 0.00634765625 0.00537109375
11 0.419921875 0.45068359375 0.00634765625 0.00537109375
14 0.470703125 0.3046875 0.0068359375 0.01318359375
11 0.470703125 0.33740234375 0.00634765625 0.00537109375
15 0.470703125 0.44677734375 0.005859375 0.00927734375
11 0.431640625 0.353515625 0.00634765625 0.00537109375
11 0.44482421875 0.3486328125 0.00634765625 0.00537109375
11 0.4580078125 0.34423828125 0.00634765625 0.00537109375
11 0.3916015625 0.3486328125 0.00634765625 0.00537109375
21 0.36669921875 0.30078125 0.0048828125 0.01416015625
11 0.36767578125 0.3486328125 0.00634765625 0.00537109375
21 0.36669921875 0.4453125 0.0048828125 0.01416015625
11 0.37939453125 0.3466796875 0.00634765625 0.00537109375
11 0.4033203125 0.35107421875 0.00634765625 0.00537109375
11 0.35546875 0.3466796875 0.00634765625 0.00537109375
11 0.625 0.70703125 0.00634765625 0.00537109375
11 0.63720703125 0.5419921875 0.00634765625 0.00537109375
11 0.63720703125 0.5888671875 0.00634765625 0.00537109375
11 0.67333984375 0.5419921875 0.00634765625 0.00537109375
11 0.67333984375 0.5888671875 0.00634765625 0.00537109375
11 0.67333984375 0.70458984375 0.00634765625 0.00537109375
11 0.685546875 0.54443359375 0.00634765625 0.00537109375
11 0.685546875 0.59130859375 0.00634765625 0.00537109375
11 0.64892578125 0.5419921875 0.00634765625 0.00537109375
11 0.64892578125 0.5888671875 0.00634765625 0.00537109375
11 0.6611328125 0.5419921875 0.00634765625 0.00537109375
11 0.6611328125 0.5888671875 0.00634765625 0.00537109375
11 0.5712890625 0.54443359375 0.00634765625 0.00537109375
11 0.55908203125 0.54443359375 0.005859375 0.00537109375
11 0.55908203125 0.58447265625 0.005859375 0.00537109375
11 0.5712890625 0.58447265625 0.00634765625 0.00537109375
11 0.5712890625 0.69580078125 0.00634765625 0.00537109375
11 0.53466796875 0.54443359375 0.00634765625 0.00537109375
11 0.53466796875 0.58447265625 0.00634765625 0.00537109375
11 0.546875 0.54443359375 0.00634765625 0.00537109375
11 0.546875 0.58447265625 0.00634765625 0.00537109375
11 0.607421875 0.59130859375 0.00634765625 0.00537109375
11 0.607421875 0.55126953125 0.00634765625 0.00537109375
11 0.625 0.5419921875 0.00634765625 0.00537109375
11 0.58349609375 0.54638671875 0.00634765625 0.00537109375
11 0.58349609375 0.58642578125 0.00634765625 0.00537109375
11 0.625 0.5888671875 0.00634765625 0.00537109375
11 0.59521484375 0.548828125 0.00634765625 0.00537109375
11 0.59521484375 0.5888671875 0.00634765625 0.00537109375
11 0.59521484375 0.693359375 0.00634765625 0.00537109375
11 0.79833984375 0.69580078125 0.00634765625 0.00537109375
11 0.810546875 0.55322265625 0.00634765625 0.00537109375
11 0.810546875 0.59375 0.00634765625 0.00537109375
11 0.7861328125 0.548828125 0.00634765625 0.00537109375
11 0.7861328125 0.5888671875 0.00634765625 0.00537109375
11 0.79833984375 0.55126953125 0.00634765625 0.00537109375
11 0.79833984375 0.59130859375 0.00634765625 0.00537109375
22 0.51513671875 0.64892578125 0.00634765625 0.0029296875
11 0.712890625 0.548828125 0.00634765625 0.00537109375
11 0.712890625 0.595703125 0.00634765625 0.00537109375
11 0.7255859375 0.54638671875 0.00634765625 0.00537109375
11 0.7255859375 0.58642578125 0.00634765625 0.00537109375
11 0.7255859375 0.7001953125 0.00634765625 0.00537109375
11 0.70068359375 0.54638671875 0.00634765625 0.00537109375
11 0.70068359375 0.59375 0.00634765625 0.00537109375
11 0.70068359375 0.70263671875 0.00634765625 0.00537109375
11 0.76220703125 0.54638671875 0.00634765625 0.00537109375
11 0.76220703125 0.58642578125 0.00634765625 0.00537109375
11 0.7744140625 0.54638671875 0.00634765625 0.00537109375
11 0.7744140625 0.58642578125 0.00634765625 0.00537109375
11 0.7744140625 0.69775390625 0.00634765625 0.00537109375
11 0.73779296875 0.54638671875 0.00634765625 0.00537109375
11 0.73779296875 0.58642578125 0.00634765625 0.00537109375
11 0.74951171875 0.54638671875 0.00634765625 0.00537109375
11 0.74951171875 0.58642578125 0.00634765625 0.00537109375
11 0.32861328125 0.5419921875 0.005859375 0.00537109375
11 0.32861328125 0.58203125 0.005859375 0.00537109375
11 0.3408203125 0.5419921875 0.00634765625 0.00537109375
11 0.3408203125 0.58203125 0.00634765625 0.00537109375
11 0.30419921875 0.54443359375 0.00634765625 0.00537109375
11 0.31640625 0.5419921875 0.00634765625 0.00537109375
11 0.31640625 0.58203125 0.00634765625 0.00537109375
11 0.31640625 0.69580078125 0.00634765625 0.00537109375
11 0.37744140625 0.54443359375 0.00634765625 0.00537109375
11 0.37744140625 0.58447265625 0.00634765625 0.00537109375
11 0.392578125 0.54638671875 0.00634765625 0.00537109375
11 0.392578125 0.58642578125 0.00634765625 0.00537109375
11 0.392578125 0.69091796875 0.00634765625 0.00537109375
11 0.35302734375 0.5419921875 0.00634765625 0.00537109375
11 0.35302734375 0.58203125 0.00634765625 0.00537109375
11 0.365234375 0.5419921875 0.00634765625 0.00537109375
11 0.365234375 0.58203125 0.00634765625 0.00537109375
11 0.365234375 0.693359375 0.00634765625 0.00537109375
10 0.19091796875 0.65087890625 0.0126953125 0.03515625
1 0.1904296875 0.6962890625 0.013671875 0.01611328125
11 0.2197265625 0.537109375 0.00634765625 0.00537109375
19 0.2197265625 0.6015625 0.00634765625 0.0029296875
11 0.2197265625 0.70263671875 0.00634765625 0.00537109375
0 0.1767578125 0.6748046875 0.00439453125 0.0654296875
22 0.30908203125 0.64892578125 0.00634765625 0.0029296875
22 0.7177734375 0.64892578125 0.00634765625 0.0029296875
10 0.19091796875 0.55224609375 0.0126953125 0.03515625
11 0.2802734375 0.53955078125 0.00634765625 0.00537109375
11 0.26806640625 0.7001953125 0.00634765625 0.00537109375
11 0.29248046875 0.5419921875 0.00634765625 0.00537109375
11 0.29248046875 0.69775390625 0.00634765625 0.00537109375
11 0.2314453125 0.537109375 0.00634765625 0.00537109375
11 0.24365234375 0.537109375 0.00634765625 0.00537109375
11 0.255859375 0.537109375 0.00634765625 0.00537109375
11 0.26806640625 0.537109375 0.00634765625 0.00537109375
11 0.47021484375 0.70263671875 0.00634765625 0.00537109375
11 0.482421875 0.5419921875 0.00634765625 0.00537109375
11 0.482421875 0.5888671875 0.00634765625 0.00537109375
11 0.45849609375 0.53955078125 0.00634765625 0.00537109375
11 0.45849609375 0.58642578125 0.00634765625 0.00537109375
11 0.47021484375 0.53955078125 0.00634765625 0.00537109375
11 0.47021484375 0.58642578125 0.00634765625 0.00537109375
11 0.5224609375 0.54443359375 0.00634765625 0.00537109375
11 0.5224609375 0.58447265625 0.00634765625 0.00537109375
11 0.5224609375 0.69775390625 0.00634765625 0.00537109375
11 0.49462890625 0.54443359375 0.00634765625 0.00537109375
11 0.49462890625 0.59130859375 0.00634765625 0.00537109375
11 0.49462890625 0.7001953125 0.00634765625 0.00537109375
11 0.509765625 0.54638671875 0.00634765625 0.00537109375
11 0.509765625 0.59375 0.00634765625 0.00537109375
11 0.40478515625 0.5888671875 0.00634765625 0.00537109375
11 0.40478515625 0.548828125 0.00634765625 0.00537109375
11 0.421875 0.53955078125 0.00634765625 0.00537109375
11 0.421875 0.58642578125 0.00634765625 0.00537109375
11 0.421875 0.70458984375 0.00634765625 0.00537109375
11 0.43408203125 0.53955078125 0.00634765625 0.00537109375
11 0.43408203125 0.58642578125 0.00634765625 0.00537109375
11 0.4462890625 0.58642578125 0.00634765625 0.00537109375
11 0.4462890625 0.53955078125 0.00634765625 0.00537109375
8 0.6826171875 0.9033203125 0.0048828125 0.013671875
8 0.63671875 0.9541015625 0.0048828125 0.013671875
8 0.63671875 0.8564453125 0.0048828125 0.013671875
8 0.63671875 0.9033203125 0.0048828125 0.013671875
11 0.6826171875 0.7822265625 0.00634765625 0.00537109375
11 0.6826171875 0.85205078125 0.00634765625 0.00537109375
11 0.6826171875 0.89453125 0.00634765625 0.00537109375
11 0.6826171875 0.94970703125 0.00634765625 0.00537109375
8 0.6826171875 0.861328125 0.0048828125 0.013671875
11 0.6552734375 0.7822265625 0.00634765625 0.00537109375
15 0.6552734375 0.85498046875 0.005859375 0.0087890625
15 0.6552734375 0.904296875 0.005859375 0.0087890625
15 0.6552734375 0.9501953125 0.005859375 0.0087890625
11 0.67041015625 0.7841796875 0.00634765625 0.00537109375
11 0.5625 0.849609375 0.00634765625 0.00537109375
11 0.5625 0.89208984375 0.00634765625 0.00537109375
11 0.5625 0.947265625 0.00634765625 0.00537109375
8 0.5625 0.85888671875 0.0048828125 0.013671875
11 0.5625 0.79345703125 0.00634765625 0.00537109375
8 0.5625 0.9013671875 0.0048828125 0.013671875
8 0.5625 0.95654296875 0.0048828125 0.013671875
11 0.55078125 0.7958984375 0.00634765625 0.00537109375
11 0.60498046875 0.8095703125 0.00634765625 0.00537109375
11 0.63671875 0.79345703125 0.00634765625 0.00537109375
11 0.63671875 0.84765625 0.00634765625 0.00537109375
11 0.63671875 0.89453125 0.00634765625 0.00537109375
11 0.63671875 0.94482421875 0.00634765625 0.00537109375
11 0.59326171875 0.80712890625 0.00634765625 0.00537109375
11 0.57763671875 0.80517578125 0.00634765625 0.00537109375
15 0.5927734375 0.85498046875 0.005859375 0.0087890625
15 0.5927734375 0.904296875 0.005859375 0.0087890625
15 0.5927734375 0.9501953125 0.005859375 0.0087890625
15 0.79541015625 0.9501953125 0.005859375 0.0087890625
11 0.78369140625 0.7958984375 0.00634765625 0.00537109375
11 0.79541015625 0.79833984375 0.00634765625 0.00537109375
15 0.79541015625 0.85498046875 0.005859375 0.0087890625
15 0.79541015625 0.904296875 0.005859375 0.0087890625
9 0.77734375 0.9423828125 0.00537109375 0.013671875
11 0.7724609375 0.7841796875 0.00634765625 0.00537109375
11 0.7724609375 0.8544921875 0.00634765625 0.00537109375
11 0.7724609375 0.89697265625 0.00634765625 0.00537109375
11 0.7724609375 0.95166015625 0.00634765625 0.00537109375
8 0.7724609375 0.86279296875 0.0048828125 0.013671875
8 0.7724609375 0.90576171875 0.0048828125 0.013671875
11 0.810546875 0.80029296875 0.00634765625 0.00537109375
11 0.7177734375 0.79833984375 0.00634765625 0.00537109375
11 0.72998046875 0.7958984375 0.00634765625 0.00537109375
11 0.72998046875 0.849609375 0.00634765625 0.00537109375
11 0.72998046875 0.89697265625 0.00634765625 0.00537109375
11 0.72998046875 0.947265625 0.00634765625 0.00537109375
8 0.6826171875 0.9580078125 0.0048828125 0.013671875
11 0.69384765625 0.79345703125 0.00634765625 0.00537109375
11 0.70556640625 0.7958984375 0.00634765625 0.00537109375
15 0.70556640625 0.85498046875 0.005859375 0.0087890625
15 0.70556640625 0.904296875 0.005859375 0.0087890625
15 0.70556640625 0.9501953125 0.005859375 0.0087890625
15 0.748046875 0.85498046875 0.005859375 0.0087890625
15 0.748046875 0.904296875 0.005859375 0.0087890625
15 0.748046875 0.9501953125 0.005859375 0.0087890625
11 0.74853515625 0.7841796875 0.00634765625 0.00537109375
11 0.76025390625 0.78662109375 0.00634765625 0.00537109375
8 0.7294921875 0.85888671875 0.0048828125 0.013671875
8 0.7294921875 0.90576171875 0.0048828125 0.013671875
8 0.7294921875 0.95654296875 0.0048828125 0.013671875
11 0.294921875 0.80029296875 0.00634765625 0.00537109375
11 0.294921875 0.84765625 0.00634765625 0.00537109375
11 0.294921875 0.95654296875 0.00634765625 0.00537109375
11 0.31005859375 0.802734375 0.00634765625 0.00537109375
11 0.283203125 0.79833984375 0.00634765625 0.00537109375
11 0.283203125 0.84521484375 0.00634765625 0.00537109375
11 0.3349609375 0.802734375 0.00634765625 0.00537109375
15 0.53857421875 0.9501953125 0.005859375 0.0087890625
11 0.35888671875 0.80712890625 0.00634765625 0.00537109375
11 0.31005859375 0.849609375 0.00634765625 0.00537109375
11 0.26806640625 0.95849609375 0.00634765625 0.00537109375
11 0.32275390625 0.80029296875 0.00634765625 0.00537109375
11 0.32275390625 0.84033203125 0.00634765625 0.00537109375
11 0.32275390625 0.9541015625 0.00634765625 0.00537109375
10 0.19091796875 0.90234375 0.0126953125 0.03515625
1 0.1904296875 0.94775390625 0.013671875 0.01611328125
11 0.2197265625 0.7958984375 0.00634765625 0.00537109375
11 0.2197265625 0.8427734375 0.00634765625 0.00537109375
11 0.2197265625 0.9609375 0.00634765625 0.00537109375
0 0.1767578125 0.92626953125 0.00439453125 0.0654296875
22 0.31005859375 0.900390625 0.00634765625 0.0029296875
10 0.19091796875 0.8037109375 0.0126953125 0.03515625
11 0.255859375 0.7958984375 0.00634765625 0.00537109375
11 0.255859375 0.8427734375 0.00634765625 0.00537109375
11 0.26806640625 0.7958984375 0.00634765625 0.00537109375
11 0.26806640625 0.8427734375 0.00634765625 0.00537109375
11 0.2314453125 0.7958984375 0.00634765625 0.00537109375
11 0.2314453125 0.8427734375 0.00634765625 0.00537109375
11 0.34716796875 0.80517578125 0.00634765625 0.00537109375
11 0.24365234375 0.7958984375 0.00634765625 0.00537109375
11 0.24365234375 0.8427734375 0.00634765625 0.00537109375
11 0.52001953125 0.95166015625 0.00634765625 0.00537109375
11 0.52001953125 0.89208984375 0.00634765625 0.00537109375
11 0.45751953125 0.80029296875 0.00634765625 0.00537109375
11 0.4453125 0.79833984375 0.00634765625 0.00537109375
15 0.4453125 0.85498046875 0.005859375 0.0087890625
15 0.4453125 0.904296875 0.005859375 0.0087890625
11 0.48388671875 0.80517578125 0.00634765625 0.00537109375
11 0.5078125 0.80029296875 0.00634765625 0.00537109375
11 0.49609375 0.802734375 0.00634765625 0.00537109375
11 0.52001953125 0.8544921875 0.00634765625 0.00537109375
11 0.4697265625 0.802734375 0.00634765625 0.00537109375
21 0.46875 0.85302734375 0.0048828125 0.01416015625
11 0.52001953125 0.79833984375 0.00634765625 0.00537109375
21 0.46875 0.90234375 0.0048828125 0.01416015625
15 0.53857421875 0.904296875 0.005859375 0.0087890625
11 0.38330078125 0.802734375 0.00634765625 0.00537109375
11 0.3955078125 0.80029296875 0.00634765625 0.00537109375
8 0.51953125 0.9013671875 0.0048828125 0.013671875
11 0.4072265625 0.79833984375 0.00634765625 0.00537109375
11 0.53857421875 0.79345703125 0.00634765625 0.00537109375
11 0.37109375 0.80517578125 0.00634765625 0.00537109375
21 0.3701171875 0.85302734375 0.0048828125 0.01416015625
21 0.3701171875 0.9482421875 0.0048828125 0.01416015625
15 0.53857421875 0.85498046875 0.005859375 0.0087890625
9 0.52490234375 0.9423828125 0.00537109375 0.013671875
8 0.51953125 0.86279296875 0.0048828125 0.013671875
11 0.42724609375 0.7958984375 0.00634765625 0.00537109375
15 0.42724609375 0.85498046875 0.005859375 0.0087890625
15 0.42724609375 0.904296875 0.005859375 0.0087890625
12 0.427734375 0.9541015625 0.0068359375 0.00537109375