11 0.6669921875 0.7421875 0.00830078125 0.0068359375
14 0.685546875 0.71044921875 0.0087890625 0.01708984375
11 0.68505859375 0.8115234375 0.00830078125 0.0068359375
11 0.6669921875 0.8115234375 0.00830078125 0.0068359375
11 0.6669921875 0.59765625 0.00830078125 0.0068359375
11 0.6669921875 0.47998046875 0.00830078125 0.0068359375
11 0.6669921875 0.4169921875 0.00830078125 0.00732421875
4 0.66748046875 0.4912109375 0.00732421875 0.01806640625
14 0.685546875 0.48388671875 0.0087890625 0.01708984375
5 0.673828125 0.716796875 0.0068359375 0.0205078125
14 0.71630859375 0.48388671875 0.0087890625 0.01708984375
14 0.71630859375 0.71044921875 0.0087890625 0.01708984375
11 0.71630859375 0.8115234375 0.00830078125 0.0068359375
11 0.7294921875 0.4169921875 0.00830078125 0.00732421875
11 0.7294921875 0.47998046875 0.00830078125 0.0068359375
11 0.7294921875 0.59765625 0.00830078125 0.0068359375
11 0.7294921875 0.7421875 0.00830078125 0.0068359375
11 0.6982421875 0.47998046875 0.00830078125 0.0068359375
11 0.6982421875 0.59765625 0.00830078125 0.0068359375
11 0.6982421875 0.7421875 0.00830078125 0.0068359375
11 0.6982421875 0.8115234375 0.00830078125 0.0068359375
4 0.6982421875 0.4912109375 0.0078125 0.01806640625
11 0.6982421875 0.4169921875 0.00830078125 0.00732421875
5 0.705078125 0.716796875 0.00732421875 0.0205078125
11 0.60498046875 0.47998046875 0.00830078125 0.0068359375
11 0.60498046875 0.59765625 0.00830078125 0.0068359375
11 0.60498046875 0.7421875 0.00830078125 0.0068359375
11 0.60498046875 0.8115234375 0.00830078125 0.0068359375
4 0.60498046875 0.4912109375 0.00732421875 0.01806640625
11 0.60498046875 0.4169921875 0.00830078125 0.00732421875
5 0.61181640625 0.716796875 0.0068359375 0.0205078125
14 0.59228515625 0.48388671875 0.0087890625 0.01708984375
14 0.59228515625 0.71044921875 0.0087890625 0.01708984375
5 0.642578125 0.716796875 0.00732421875 0.0205078125
14 0.654296875 0.71044921875 0.0087890625 0.01708984375
14 0.623046875 0.48388671875 0.0087890625 0.01708984375
14 0.623046875 0.71044921875 0.0087890625 0.01708984375
11 0.623046875 0.8115234375 0.00830078125 0.0068359375
5 0.58056640625 0.716796875 0.00732421875 0.0205078125
11 0.63623046875 0.4169921875 0.00830078125 0.00732421875
15 0.6357421875 0.48095703125 0.0078125 0.01171875
11 0.63623046875 0.59765625 0.00830078125 0.0068359375
11 0.63623046875 0.7421875 0.00830078125 0.0068359375
11 0.63623046875 0.8115234375 0.00830078125 0.0068359375
14 0.8095703125 0.48388671875 0.0087890625 0.01708984375
14 0.8095703125 0.71044921875 0.0087890625 0.01708984375
11 0.8095703125 0.8115234375 0.00830078125 0.0068359375
11 0.76025390625 0.4169921875 0.00830078125 0.00732421875
11 0.76025390625 0.40478515625 0.00830078125 0.0068359375
11 0.76025390625 0.47998046875 0.00830078125 0.0068359375
11 0.76025390625 0.59765625 0.00830078125 0.0068359375
11 0.76025390625 0.5859375 0.00830078125 0.00732421875
11 0.76025390625 0.7421875 0.00830078125 0.0068359375
11 0.76025390625 0.8115234375 0.00830078125 0.0068359375
4 0.72900390625 0.4912109375 0.00732421875 0.01806640625
5 0.73583984375 0.716796875 0.00732421875 0.0205078125
14 0.74755859375 0.48388671875 0.0087890625 0.01708984375
14 0.74755859375 0.71044921875 0.0087890625 0.01708984375
11 0.7470703125 0.8115234375 0.00830078125 0.0068359375
11 0.79150390625 0.4169921875 0.00830078125 0.00732421875
11 0.79150390625 0.47998046875 0.00830078125 0.0068359375
11 0.79150390625 0.59765625 0.00830078125 0.0068359375
11 0.79150390625 0.7421875 0.00830078125 0.0068359375
11 0.79150390625 0.8115234375 0.00830078125 0.0068359375
4 0.79150390625 0.4912109375 0.00732421875 0.01806640625
5 0.79833984375 0.716796875 0.00732421875 0.0205078125
4 0.76025390625 0.4912109375 0.00732421875 0.01806640625
5 0.76708984375 0.716796875 0.0068359375 0.0205078125
11 0.7294921875 0.8115234375 0.00830078125 0.0068359375
14 0.7783203125 0.48388671875 0.0087890625 0.01708984375
14 0.7783203125 0.71044921875 0.0087890625 0.01708984375
11 0.28369140625 0.8115234375 0.00830078125 0.0068359375
12 0.28369140625 0.158203125 0.0087890625 0.0068359375
21 0.25634765625 0.78955078125 0.00634765625 0.0185546875
12 0.28369140625 0.07373046875 0.0087890625 0.0068359375
12 0.28369140625 0.2421875 0.0087890625 0.0068359375
12 0.28369140625 0.32666015625 0.0087890625 0.0068359375
12 0.28369140625 0.4169921875 0.0087890625 0.0068359375
12 0.28369140625 0.5009765625 0.0087890625 0.0068359375
12 0.28369140625 0.59765625 0.0087890625 0.0068359375
12 0.28369140625 0.72119140625 0.0087890625 0.0068359375
11 0.37890625 0.32666015625 0.00830078125 0.0068359375
11 0.35693359375 0.8115234375 0.00830078125 0.0068359375
11 0.37890625 0.07373046875 0.00830078125 0.0068359375
11 0.37890625 0.158203125 0.00830078125 0.00732421875
11 0.37890625 0.2421875 0.00830078125 0.0068359375
11 0.34423828125 0.8115234375 0.00830078125 0.0068359375
11 0.37890625 0.4169921875 0.00830078125 0.00732421875
11 0.37890625 0.5009765625 0.00830078125 0.0068359375
11 0.37890625 0.59765625 0.00830078125 0.0068359375
11 0.37890625 0.72119140625 0.00830078125 0.0068359375
11 0.30126953125 0.8115234375 0.00830078125 0.0068359375
11 0.31396484375 0.8115234375 0.00830078125 0.0068359375
11 0.32666015625 0.8115234375 0.00830078125 0.0068359375
22 0.69091796875 0.3076171875 0.00830078125 0.00390625
10 0.1943359375 0.0576171875 0.0166015625 0.0458984375
10 0.1943359375 0.1416015625 0.0166015625 0.0458984375
10 0.1943359375 0.22607421875 0.0166015625 0.04541015625
22 0.69091796875 0.22314453125 0.00830078125 0.00390625
10 0.1943359375 0.31005859375 0.0166015625 0.0458984375
1 0.19384765625 0.39404296875 0.017578125 0.02099609375
1 0.19384765625 0.478515625 0.017578125 0.02099609375
0 0.17578125 0.74853515625 0.0068359375 0.109375
22 0.69091796875 0.0546875 0.00830078125 0.00390625
22 0.69091796875 0.138671875 0.00830078125 0.00390625
1 0.19384765625 0.595703125 0.017578125 0.02099609375
10 0.1943359375 0.705078125 0.0166015625 0.0458984375
1 0.19384765625 0.7890625 0.017578125 0.02099609375
11 0.37890625 0.8115234375 0.00830078125 0.0068359375
19 0.2314453125 0.05712890625 0.00830078125 0.00390625
19 0.2314453125 0.1416015625 0.00830078125 0.00390625
19 0.2314453125 0.2255859375 0.00830078125 0.00390625
19 0.2314453125 0.31005859375 0.00830078125 0.00390625
19 0.2314453125 0.39404296875 0.00830078125 0.00390625
19 0.2314453125 0.478515625 0.00830078125 0.00390625
19 0.2314453125 0.59619140625 0.00830078125 0.00390625
19 0.2314453125 0.705078125 0.00830078125 0.00390625
21 0.22998046875 0.78955078125 0.00634765625 0.0185546875
11 0.447265625 0.8115234375 0.00830078125 0.0068359375
11 0.4599609375 0.8115234375 0.00830078125 0.0068359375
11 0.47265625 0.8115234375 0.00830078125 0.0068359375
11 0.490234375 0.8115234375 0.00830078125 0.0068359375
4 0.57373046875 0.49951171875 0.0078125 0.01806640625
11 0.50341796875 0.8115234375 0.00830078125 0.0068359375
11 0.57373046875 0.4169921875 0.00830078125 0.00732421875
11 0.57373046875 0.40478515625 0.00830078125 0.0068359375
11 0.57373046875 0.4892578125 0.00830078125 0.0068359375
11 0.57373046875 0.47998046875 0.00830078125 0.0068359375
11 0.57373046875 0.59765625 0.00830078125 0.0068359375
11 0.57373046875 0.5859375 0.00830078125 0.00732421875
11 0.57373046875 0.7421875 0.00830078125 0.0068359375
11 0.57373046875 0.8115234375 0.00830078125 0.0068359375
12 0.43017578125 0.32666015625 0.0087890625 0.0068359375
12 0.43017578125 0.2421875 0.0087890625 0.0068359375
12 0.43017578125 0.158203125 0.0087890625 0.0068359375
12 0.43017578125 0.07373046875 0.0087890625 0.0068359375
11 0.404296875 0.8115234375 0.00830078125 0.0068359375
11 0.4169921875 0.8115234375 0.00830078125 0.0068359375
11 0.4296875 0.8115234375 0.00830078125 0.0068359375
12 0.43017578125 0.72119140625 0.0087890625 0.0068359375
12 0.43017578125 0.59765625 0.0087890625 0.0068359375
12 0.43017578125 0.5009765625 0.0087890625 0.0068359375
12 0.43017578125 0.4169921875 0.0087890625 0.0068359375
11 0.3916015625 0.8115234375 0.00830078125 0.0068359375