11 0.57861328125 0.07275390625 0.0068359375 0.00634765625
11 0.57861328125 0.1787109375 0.0068359375 0.005859375
11 0.57861328125 0.16064453125 0.0068359375 0.00634765625
11 0.5595703125 0.06005859375 0.0068359375 0.00634765625
11 0.5595703125 0.07275390625 0.0068359375 0.00634765625
11 0.5595703125 0.16845703125 0.0068359375 0.005859375
11 0.5595703125 0.1787109375 0.0068359375 0.005859375
11 0.57861328125 0.0673828125 0.0068359375 0.005859375
13 0.63623046875 0.0673828125 0.00927734375 0.00634765625
13 0.63623046875 0.07275390625 0.00927734375 0.00634765625
13 0.63623046875 0.16064453125 0.00927734375 0.00634765625
13 0.63623046875 0.1787109375 0.00927734375 0.00634765625
13 0.60205078125 0.06494140625 0.00927734375 0.00634765625
13 0.60205078125 0.0703125 0.00927734375 0.005859375
13 0.60205078125 0.16064453125 0.00927734375 0.00634765625
13 0.60205078125 0.18359375 0.00927734375 0.005859375
11 0.505859375 0.0703125 0.0068359375 0.005859375
11 0.505859375 0.0751953125 0.0068359375 0.005859375
11 0.505859375 0.16845703125 0.0068359375 0.005859375
11 0.505859375 0.18603515625 0.0068359375 0.00634765625
11 0.5302734375 0.07275390625 0.0068359375 0.00634765625
11 0.5302734375 0.07763671875 0.0068359375 0.00634765625
11 0.5302734375 0.16845703125 0.0068359375 0.005859375
11 0.5302734375 0.1787109375 0.0068359375 0.005859375
11 0.49658203125 0.07275390625 0.0068359375 0.00634765625
11 0.49658203125 0.07763671875 0.0068359375 0.00634765625
11 0.546875 0.0673828125 0.0068359375 0.005859375
11 0.546875 0.07275390625 0.0068359375 0.00634765625
11 0.546875 0.16845703125 0.0068359375 0.005859375
11 0.546875 0.1787109375 0.0068359375 0.005859375
9 0.55224609375 0.05712890625 0.005859375 0.01513671875
8 0.54638671875 0.08056640625 0.00537109375 0.015625
9 0.55224609375 0.16064453125 0.005859375 0.01513671875
8 0.54638671875 0.18798828125 0.00537109375 0.015625
12 0.7548828125 0.08056640625 0.00732421875 0.005859375
11 0.75439453125 0.16845703125 0.0068359375 0.005859375
12 0.7548828125 0.1865234375 0.00732421875 0.005859375
11 0.767578125 0.1708984375 0.0068359375 0.005859375
13 0.791015625 0.07763671875 0.00927734375 0.00634765625
13 0.80029296875 0.07763671875 0.00927734375 0.00634765625
13 0.791015625 0.17333984375 0.00927734375 0.00634765625
13 0.791015625 0.19677734375 0.00927734375 0.00634765625
13 0.70458984375 0.07275390625 0.00927734375 0.00634765625
13 0.70458984375 0.07763671875 0.00927734375 0.00634765625
13 0.70458984375 0.16064453125 0.00927734375 0.00634765625
13 0.70458984375 0.18359375 0.00927734375 0.005859375
13 0.67041015625 0.0703125 0.00927734375 0.005859375
13 0.67041015625 0.0751953125 0.00927734375 0.005859375
13 0.67041015625 0.1630859375 0.00927734375 0.005859375
13 0.67041015625 0.18603515625 0.00927734375 0.00634765625
12 0.7333984375 0.18896484375 0.00732421875 0.005859375
13 0.734375 0.0751953125 0.00927734375 0.005859375
12 0.7421875 0.07763671875 0.00732421875 0.00634765625
12 0.7333984375 0.16552734375 0.00732421875 0.005859375
11 0.306640625 0.06494140625 0.0068359375 0.005859375
11 0.306640625 0.07763671875 0.0068359375 0.00634765625
11 0.306640625 0.16552734375 0.0068359375 0.005859375
11 0.306640625 0.1708984375 0.0068359375 0.005859375
11 0.2822265625 0.0673828125 0.0068359375 0.005859375
11 0.2822265625 0.07763671875 0.0068359375 0.00634765625
11 0.2822265625 0.17333984375 0.0068359375 0.00634765625
11 0.2822265625 0.1787109375 0.0068359375 0.005859375
9 0.32763671875 0.16064453125 0.005859375 0.01513671875
8 0.32177734375 0.18603515625 0.005859375 0.01513671875
11 0.33154296875 0.0703125 0.0068359375 0.005859375
11 0.33984375 0.06005859375 0.0068359375 0.00634765625
11 0.33984375 0.16845703125 0.0068359375 0.005859375
11 0.33984375 0.1787109375 0.0068359375 0.005859375
11 0.322265625 0.0625 0.0068359375 0.005859375
11 0.322265625 0.0751953125 0.0068359375 0.005859375
11 0.322265625 0.16845703125 0.0068359375 0.005859375
11 0.322265625 0.17578125 0.0068359375 0.005859375
9 0.32763671875 0.05322265625 0.005859375 0.01513671875
11 0.2294921875 0.07763671875 0.0068359375 0.00634765625
11 0.2294921875 0.07763671875 0.0068359375 0.00634765625
11 0.2294921875 0.17333984375 0.0068359375 0.00634765625
11 0.2294921875 0.1787109375 0.0068359375 0.005859375
10 0.1923828125 0.06396484375 0.01416015625 0.03955078125
1 0.19189453125 0.1767578125 0.01513671875 0.01806640625
8 0.2451171875 0.087890625 0.00537109375 0.015625
9 0.2509765625 0.16064453125 0.005859375 0.01513671875
8 0.2451171875 0.19384765625 0.00537109375 0.015625
11 0.26318359375 0.07275390625 0.0068359375 0.00634765625
11 0.26318359375 0.07763671875 0.0068359375 0.00634765625
11 0.26318359375 0.16845703125 0.0068359375 0.005859375
11 0.26318359375 0.1787109375 0.0068359375 0.005859375
11 0.33984375 0.07275390625 0.0068359375 0.00634765625
11 0.24560546875 0.0751953125 0.0068359375 0.005859375
11 0.24560546875 0.08056640625 0.0068359375 0.005859375
11 0.24560546875 0.16845703125 0.0068359375 0.005859375
11 0.24560546875 0.18603515625 0.0068359375 0.00634765625
9 0.2509765625 0.06494140625 0.005859375 0.01513671875
11 0.43408203125 0.1787109375 0.0068359375 0.005859375
11 0.45849609375 0.0673828125 0.0068359375 0.005859375
11 0.45849609375 0.07763671875 0.0068359375 0.00634765625
11 0.45849609375 0.17333984375 0.0068359375 0.00634765625
11 0.45849609375 0.1787109375 0.0068359375 0.005859375
11 0.4150390625 0.06494140625 0.0068359375 0.005859375
11 0.4150390625 0.07763671875 0.0068359375 0.00634765625
11 0.4150390625 0.1708984375 0.0068359375 0.005859375
11 0.4150390625 0.1787109375 0.0068359375 0.005859375
11 0.43408203125 0.0673828125 0.0068359375 0.005859375
11 0.43408203125 0.07763671875 0.0068359375 0.00634765625
11 0.43408203125 0.17333984375 0.0068359375 0.00634765625
11 0.47412109375 0.17333984375 0.0068359375 0.00634765625
11 0.47412109375 0.1787109375 0.0068359375 0.005859375
9 0.4794921875 0.0673828125 0.005859375 0.01513671875
8 0.4736328125 0.08544921875 0.00537109375 0.01513671875
9 0.4794921875 0.1650390625 0.005859375 0.01513671875
8 0.4736328125 0.18798828125 0.00537109375 0.015625
11 0.48681640625 0.0751953125 0.0068359375 0.005859375
11 0.48681640625 0.08056640625 0.0068359375 0.005859375
11 0.48681640625 0.16845703125 0.0068359375 0.005859375
11 0.48681640625 0.18603515625 0.0068359375 0.00634765625
11 0.47412109375 0.07763671875 0.0068359375 0.00634765625
11 0.47412109375 0.07763671875 0.0068359375 0.00634765625
11 0.38330078125 0.06005859375 0.0068359375 0.00634765625
11 0.38330078125 0.07275390625 0.0068359375 0.00634765625
11 0.38330078125 0.16845703125 0.0068359375 0.005859375
11 0.38330078125 0.1787109375 0.0068359375 0.005859375
11 0.359375 0.16845703125 0.0068359375 0.005859375
11 0.359375 0.0625 0.0068359375 0.005859375
11 0.359375 0.0751953125 0.0068359375 0.005859375
11 0.359375 0.16845703125 0.0068359375 0.005859375
8 0.39892578125 0.087890625 0.00537109375 0.015625
11 0.39892578125 0.0625 0.0068359375 0.005859375
9 0.40478515625 0.16064453125 0.005859375 0.01513671875
11 0.39892578125 0.08056640625 0.0068359375 0.005859375
11 0.39892578125 0.16845703125 0.0068359375 0.005859375
11 0.39892578125 0.1787109375 0.0068359375 0.005859375
9 0.40478515625 0.05322265625 0.005859375 0.01513671875
8 0.39892578125 0.18798828125 0.00537109375 0.015625