12 0.69970703125 0.80908203125 0.0087890625 0.0068359375
13 0.70068359375 0.138671875 0.01123046875 0.00732421875
11 0.69921875 0.1923828125 0.00830078125 0.00732421875
11 0.69921875 0.224609375 0.00830078125 0.0068359375
21 0.6982421875 0.34912109375 0.00634765625 0.0185546875
21 0.6982421875 0.75390625 0.00634765625 0.0185546875
21 0.6982421875 0.38037109375 0.00634765625 0.0185546875
21 0.6982421875 0.408203125 0.00634765625 0.0185546875
13 0.70068359375 0.10888671875 0.01123046875 0.00732421875
12 0.69970703125 0.7001953125 0.0087890625 0.0068359375
12 0.69970703125 0.6669921875 0.0087890625 0.0068359375
12 0.69970703125 0.44580078125 0.0087890625 0.0068359375
12 0.69970703125 0.48193359375 0.0087890625 0.0068359375
12 0.69970703125 0.5205078125 0.0087890625 0.0068359375
12 0.69970703125 0.55908203125 0.0087890625 0.0068359375
12 0.69970703125 0.60693359375 0.0087890625 0.0068359375
12 0.69970703125 0.64306640625 0.0087890625 0.0068359375
12 0.69970703125 0.88134765625 0.0087890625 0.00732421875
12 0.69970703125 0.9453125 0.0087890625 0.0068359375
12 0.69970703125 0.91796875 0.0087890625 0.0068359375
12 0.69970703125 0.85205078125 0.0087890625 0.0068359375
12 0.69970703125 0.82177734375 0.0087890625 0.0068359375
13 0.70068359375 0.048828125 0.01123046875 0.00732421875
13 0.70068359375 0.07861328125 0.01123046875 0.00732421875
11 0.6826171875 0.9326171875 0.00830078125 0.0068359375
11 0.6826171875 0.9599609375 0.00830078125 0.0068359375
11 0.6826171875 0.89599609375 0.00830078125 0.00732421875
11 0.6826171875 0.14453125 0.00830078125 0.0068359375
11 0.6826171875 0.0546875 0.00830078125 0.0068359375
11 0.6826171875 0.08447265625 0.00830078125 0.0068359375
11 0.6826171875 0.11474609375 0.00830078125 0.0068359375
11 0.6826171875 0.1923828125 0.00830078125 0.00732421875
11 0.6826171875 0.224609375 0.00830078125 0.0068359375
11 0.6826171875 0.44580078125 0.00830078125 0.0068359375
11 0.6826171875 0.48193359375 0.00830078125 0.0068359375
11 0.6826171875 0.5205078125 0.00830078125 0.0068359375
11 0.6826171875 0.60693359375 0.00830078125 0.0068359375
11 0.6826171875 0.64306640625 0.00830078125 0.0068359375
11 0.6826171875 0.6669921875 0.00830078125 0.0068359375
11 0.6826171875 0.80908203125 0.00830078125 0.0068359375
11 0.6826171875 0.8369140625 0.00830078125 0.0068359375
11 0.6826171875 0.86669921875 0.00830078125 0.0068359375
12 0.62548828125 0.34765625 0.0087890625 0.0068359375
11 0.625 0.0634765625 0.00830078125 0.00732421875
11 0.625 0.09375 0.00830078125 0.00732421875
11 0.625 0.12353515625 0.00830078125 0.00732421875
11 0.625 0.15380859375 0.00830078125 0.00732421875
11 0.625 0.1923828125 0.00830078125 0.00732421875
11 0.625 0.224609375 0.00830078125 0.0068359375
12 0.62548828125 0.3671875 0.0087890625 0.0068359375
12 0.62548828125 0.39453125 0.0087890625 0.0068359375
12 0.62548828125 0.740234375 0.0087890625 0.0068359375
11 0.625 0.8427734375 0.00830078125 0.0068359375
11 0.625 0.87255859375 0.00830078125 0.0068359375
11 0.625 0.90185546875 0.00830078125 0.0068359375
11 0.625 0.9384765625 0.00830078125 0.0068359375
11 0.625 0.9658203125 0.00830078125 0.0068359375
11 0.63525390625 0.1982421875 0.00830078125 0.0068359375
11 0.63525390625 0.23046875 0.00830078125 0.0068359375
11 0.64794921875 0.1923828125 0.00830078125 0.00732421875
11 0.64794921875 0.224609375 0.00830078125 0.0068359375
11 0.60205078125 0.17724609375 0.00830078125 0.00732421875
11 0.60205078125 0.2099609375 0.00830078125 0.0068359375
11 0.60205078125 0.35693359375 0.00830078125 0.00732421875
11 0.60205078125 0.3759765625 0.00830078125 0.0068359375
11 0.60205078125 0.40380859375 0.00830078125 0.0068359375
11 0.60205078125 0.7490234375 0.00830078125 0.0068359375
11 0.58935546875 0.18603515625 0.0078125 0.0068359375
11 0.58935546875 0.21875 0.0078125 0.0068359375
11 0.58935546875 0.36279296875 0.0078125 0.0068359375
11 0.58935546875 0.3818359375 0.0078125 0.0068359375
11 0.58935546875 0.40966796875 0.0078125 0.00732421875
11 0.58935546875 0.75537109375 0.0078125 0.0068359375
11 0.61376953125 0.39453125 0.00830078125 0.00732421875
11 0.61376953125 0.740234375 0.00830078125 0.0068359375
11 0.61376953125 0.3671875 0.00830078125 0.0068359375
11 0.61376953125 0.1923828125 0.00830078125 0.00732421875
11 0.61376953125 0.224609375 0.00830078125 0.0068359375
11 0.61376953125 0.34765625 0.00830078125 0.0068359375
11 0.67041015625 0.48193359375 0.00830078125 0.0068359375
11 0.67041015625 0.0634765625 0.00830078125 0.00732421875
11 0.67041015625 0.09375 0.00830078125 0.00732421875
11 0.67041015625 0.12353515625 0.00830078125 0.00732421875
11 0.67041015625 0.15380859375 0.00830078125 0.00732421875
11 0.67041015625 0.1982421875 0.00830078125 0.0068359375
11 0.67041015625 0.23046875 0.00830078125 0.0068359375
11 0.67041015625 0.44580078125 0.00830078125 0.0068359375
11 0.67041015625 0.5205078125 0.00830078125 0.0068359375
11 0.67041015625 0.60693359375 0.00830078125 0.0068359375
11 0.67041015625 0.64306640625 0.00830078125 0.0068359375
11 0.67041015625 0.6669921875 0.00830078125 0.0068359375
11 0.67041015625 0.80908203125 0.00830078125 0.0068359375
11 0.67041015625 0.8427734375 0.00830078125 0.0068359375
11 0.67041015625 0.87255859375 0.00830078125 0.0068359375
11 0.67041015625 0.90185546875 0.00830078125 0.0068359375
11 0.67041015625 0.9384765625 0.00830078125 0.0068359375
11 0.67041015625 0.9658203125 0.00830078125 0.0068359375
11 0.6591796875 0.64306640625 0.00830078125 0.0068359375
11 0.6591796875 0.0546875 0.00830078125 0.0068359375
11 0.6591796875 0.08447265625 0.00830078125 0.0068359375
11 0.6591796875 0.11474609375 0.00830078125 0.0068359375
11 0.6591796875 0.14453125 0.00830078125 0.0068359375
11 0.6591796875 0.1923828125 0.00830078125 0.00732421875
11 0.6591796875 0.224609375 0.00830078125 0.0068359375
11 0.6591796875 0.44580078125 0.00830078125 0.0068359375
11 0.6591796875 0.48193359375 0.00830078125 0.0068359375
11 0.6591796875 0.5205078125 0.00830078125 0.0068359375
11 0.6591796875 0.60693359375 0.00830078125 0.0068359375
11 0.6591796875 0.6669921875 0.00830078125 0.0068359375
11 0.6591796875 0.80908203125 0.00830078125 0.0068359375
11 0.6591796875 0.8369140625 0.00830078125 0.0068359375
11 0.6591796875 0.86669921875 0.00830078125 0.0068359375
11 0.6591796875 0.89599609375 0.00830078125 0.00732421875
11 0.6591796875 0.9326171875 0.00830078125 0.0068359375
11 0.6591796875 0.9599609375 0.00830078125 0.0068359375
22 0.46435546875 0.77783203125 0.00830078125 0.00390625
22 0.46435546875 0.72314453125 0.00830078125 0.00390625
22 0.46435546875 0.69580078125 0.00830078125 0.00390625
22 0.46435546875 0.58154296875 0.00830078125 0.00390625
22 0.46435546875 0.5517578125 0.00830078125 0.00390625
22 0.46435546875 0.43212890625 0.00830078125 0.00390625
22 0.46435546875 0.31640625 0.00830078125 0.00390625
22 0.46435546875 0.2861328125 0.00830078125 0.00390625
22 0.46435546875 0.25634765625 0.00830078125 0.00390625
22 0.61328125 0.77783203125 0.00830078125 0.00390625
22 0.61328125 0.72314453125 0.00830078125 0.00390625
22 0.61328125 0.69580078125 0.00830078125 0.00390625
22 0.61328125 0.58154296875 0.00830078125 0.00390625
22 0.61328125 0.5517578125 0.00830078125 0.00390625
22 0.61328125 0.43212890625 0.00830078125 0.00390625
22 0.61328125 0.31640625 0.00830078125 0.00390625
22 0.61328125 0.2861328125 0.00830078125 0.00390625
22 0.61328125 0.25634765625 0.00830078125 0.00390625
9 0.767578125 0.224609375 0.0068359375 0.017578125
12 0.76123046875 0.728515625 0.0087890625 0.00732421875
11 0.7607421875 0.2041015625 0.00830078125 0.0068359375
11 0.7607421875 0.236328125 0.00830078125 0.00732421875
12 0.76123046875 0.3359375 0.0087890625 0.0068359375
12 0.76123046875 0.35498046875 0.0087890625 0.0068359375
12 0.76123046875 0.388671875 0.0087890625 0.0068359375
11 0.7607421875 0.82763671875 0.00830078125 0.0068359375
11 0.7607421875 0.85791015625 0.00830078125 0.0068359375
11 0.7607421875 0.88720703125 0.00830078125 0.0068359375
11 0.7607421875 0.923828125 0.00830078125 0.00732421875
11 0.7607421875 0.951171875 0.00830078125 0.0068359375
9 0.767578125 0.19189453125 0.0068359375 0.017578125
11 0.78857421875 0.55908203125 0.00830078125 0.0068359375
11 0.78857421875 0.60693359375 0.00830078125 0.0068359375
11 0.78857421875 0.64306640625 0.00830078125 0.0068359375
11 0.78857421875 0.6669921875 0.00830078125 0.0068359375
11 0.78857421875 0.7001953125 0.00830078125 0.0068359375
11 0.78857421875 0.80908203125 0.00830078125 0.0068359375
11 0.78857421875 0.8369140625 0.00830078125 0.0068359375
11 0.78857421875 0.86669921875 0.00830078125 0.0068359375
11 0.78857421875 0.89599609375 0.00830078125 0.00732421875
11 0.78857421875 0.9326171875 0.00830078125 0.0068359375
11 0.78857421875 0.9599609375 0.00830078125 0.0068359375
11 0.78857421875 0.5205078125 0.00830078125 0.0068359375
15 0.77587890625 0.2314453125 0.0078125 0.01171875
15 0.77587890625 0.19873046875 0.0078125 0.01171875
21 0.78759765625 0.19677734375 0.00634765625 0.0185546875
21 0.78759765625 0.22900390625 0.00634765625 0.0185546875
11 0.78857421875 0.44580078125 0.00830078125 0.0068359375
11 0.78857421875 0.48193359375 0.00830078125 0.0068359375
11 0.71240234375 0.1953125 0.00830078125 0.0068359375
11 0.71240234375 0.2275390625 0.00830078125 0.0068359375
11 0.73828125 0.341796875 0.00830078125 0.0068359375
11 0.7255859375 0.1982421875 0.00830078125 0.0068359375
11 0.7255859375 0.23046875 0.00830078125 0.0068359375
11 0.7255859375 0.34765625 0.00830078125 0.0068359375
11 0.7255859375 0.3671875 0.00830078125 0.0068359375
11 0.7255859375 0.39453125 0.00830078125 0.00732421875
11 0.7255859375 0.740234375 0.00830078125 0.0068359375
11 0.74951171875 0.728515625 0.00830078125 0.00732421875
11 0.74951171875 0.3359375 0.00830078125 0.00732421875
11 0.74951171875 0.35498046875 0.00830078125 0.0068359375
11 0.74951171875 0.3828125 0.00830078125 0.0068359375
11 0.73828125 0.36083984375 0.00830078125 0.0068359375
11 0.73828125 0.388671875 0.00830078125 0.0068359375
11 0.73828125 0.734375 0.00830078125 0.0068359375
11 0.744140625 0.201171875 0.00830078125 0.0068359375
11 0.744140625 0.2333984375 0.00830078125 0.0068359375
11 0.81201171875 0.44580078125 0.00830078125 0.0068359375
11 0.81201171875 0.48193359375 0.00830078125 0.0068359375
11 0.81201171875 0.5205078125 0.00830078125 0.0068359375
11 0.81201171875 0.55908203125 0.00830078125 0.0068359375
11 0.81201171875 0.60693359375 0.00830078125 0.0068359375
11 0.81201171875 0.64306640625 0.00830078125 0.0068359375
11 0.81201171875 0.6669921875 0.00830078125 0.0068359375
11 0.81201171875 0.7001953125 0.00830078125 0.0068359375
11 0.81201171875 0.80908203125 0.00830078125 0.0068359375
11 0.81201171875 0.82177734375 0.00830078125 0.0068359375
11 0.81201171875 0.85205078125 0.00830078125 0.0068359375
11 0.81201171875 0.88134765625 0.00830078125 0.00732421875
11 0.81201171875 0.91796875 0.00830078125 0.0068359375
11 0.81201171875 0.9453125 0.00830078125 0.0068359375
11 0.80029296875 0.5205078125 0.00830078125 0.0068359375
11 0.80029296875 0.44580078125 0.00830078125 0.0068359375
11 0.80029296875 0.48193359375 0.00830078125 0.0068359375
11 0.80029296875 0.55908203125 0.00830078125 0.0068359375
11 0.80029296875 0.60693359375 0.00830078125 0.0068359375
11 0.80029296875 0.64306640625 0.00830078125 0.0068359375
11 0.80029296875 0.6669921875 0.00830078125 0.0068359375
11 0.80029296875 0.7001953125 0.00830078125 0.0068359375
11 0.80029296875 0.80908203125 0.00830078125 0.0068359375
11 0.80029296875 0.82763671875 0.00830078125 0.0068359375
11 0.80029296875 0.85791015625 0.00830078125 0.0068359375
11 0.80029296875 0.88720703125 0.00830078125 0.0068359375
11 0.80029296875 0.923828125 0.00830078125 0.00732421875
11 0.80029296875 0.951171875 0.00830078125 0.0068359375
11 0.3837890625 0.224609375 0.0078125 0.0068359375
11 0.3837890625 0.0693359375 0.0078125 0.0068359375
11 0.3837890625 0.099609375 0.0078125 0.0068359375
11 0.3837890625 0.12939453125 0.0078125 0.0068359375
11 0.3837890625 0.15966796875 0.0078125 0.0068359375
11 0.3837890625 0.1923828125 0.0078125 0.00732421875
11 0.3837890625 0.44580078125 0.0078125 0.0068359375
11 0.3837890625 0.60693359375 0.0078125 0.0068359375
11 0.3837890625 0.80908203125 0.0078125 0.0068359375
11 0.3837890625 0.8486328125 0.0078125 0.0068359375
11 0.3837890625 0.87890625 0.0078125 0.0068359375
11 0.3837890625 0.908203125 0.0078125 0.0068359375
11 0.3837890625 0.9443359375 0.0078125 0.00732421875
11 0.3837890625 0.97216796875 0.0078125 0.00732421875
11 0.37158203125 0.8876953125 0.00830078125 0.0068359375
11 0.37158203125 0.07568359375 0.00830078125 0.0068359375
11 0.37158203125 0.10546875 0.00830078125 0.0068359375
11 0.37158203125 0.1357421875 0.00830078125 0.0068359375
11 0.37158203125 0.16552734375 0.00830078125 0.0068359375
11 0.37158203125 0.1982421875 0.00830078125 0.0068359375
11 0.37158203125 0.23046875 0.00830078125 0.0068359375
11 0.37158203125 0.44580078125 0.00830078125 0.0068359375
11 0.37158203125 0.60693359375 0.00830078125 0.0068359375
11 0.37158203125 0.80908203125 0.00830078125 0.0068359375
11 0.37158203125 0.857421875 0.00830078125 0.0068359375
11 0.37158203125 0.9169921875 0.00830078125 0.0068359375
11 0.37158203125 0.95361328125 0.00830078125 0.0068359375
11 0.37158203125 0.98095703125 0.00830078125 0.0068359375
19 0.40185546875 0.67138671875 0.00830078125 0.00390625
21 0.400390625 0.75390625 0.00634765625 0.0185546875
12 0.40185546875 0.80908203125 0.0087890625 0.0068359375
12 0.40185546875 0.8427734375 0.0087890625 0.0068359375
12 0.40185546875 0.87255859375 0.0087890625 0.0068359375
12 0.40185546875 0.90185546875 0.0087890625 0.0068359375
12 0.40185546875 0.9384765625 0.0087890625 0.0068359375
12 0.40185546875 0.9658203125 0.0087890625 0.0068359375
12 0.40185546875 0.64306640625 0.0087890625 0.0068359375
12 0.40185546875 0.06396484375 0.0087890625 0.0068359375
12 0.40185546875 0.09375 0.0087890625 0.0068359375
12 0.40185546875 0.1240234375 0.0087890625 0.0068359375
12 0.40185546875 0.15380859375 0.0087890625 0.0068359375
11 0.4013671875 0.1923828125 0.00830078125 0.00732421875
11 0.4013671875 0.224609375 0.00830078125 0.0068359375
21 0.400390625 0.34912109375 0.00634765625 0.0185546875
21 0.400390625 0.38037109375 0.00634765625 0.0185546875
21 0.400390625 0.408203125 0.00634765625 0.0185546875
12 0.40185546875 0.44580078125 0.0087890625 0.0068359375
12 0.40185546875 0.48193359375 0.0087890625 0.0068359375
19 0.40185546875 0.52197265625 0.00830078125 0.00390625
12 0.40185546875 0.60693359375 0.0087890625 0.0068359375
19 0.30712890625 0.49169921875 0.00830078125 0.00390625
1 0.24365234375 0.3798828125 0.017578125 0.02099609375
1 0.24365234375 0.40771484375 0.017578125 0.02099609375
1 0.24365234375 0.4345703125 0.017578125 0.02099609375
12 0.30712890625 0.44580078125 0.0087890625 0.0068359375
10 0.244140625 0.4619140625 0.0166015625 0.0458984375
10 0.244140625 0.4921875 0.0166015625 0.0458984375
10 0.244140625 0.5224609375 0.0166015625 0.0458984375
10 0.244140625 0.5546875 0.0166015625 0.0458984375
10 0.244140625 0.58447265625 0.0166015625 0.0458984375
12 0.30712890625 0.15966796875 0.0087890625 0.0068359375
10 0.244140625 0.16455078125 0.0166015625 0.0458984375
19 0.30712890625 0.1962890625 0.00830078125 0.00390625
10 0.244140625 0.19677734375 0.0166015625 0.0458984375
19 0.30712890625 0.22900390625 0.00830078125 0.00390625
10 0.244140625 0.22900390625 0.0166015625 0.0458984375
12 0.30712890625 0.60693359375 0.0087890625 0.0068359375
10 0.244140625 0.25927734375 0.0166015625 0.0458984375
10 0.244140625 0.2890625 0.0166015625 0.0458984375
10 0.244140625 0.3193359375 0.0166015625 0.0458984375
10 0.244140625 0.34912109375 0.0166015625 0.0458984375
12 0.30712890625 0.9443359375 0.0087890625 0.00732421875
12 0.30712890625 0.8486328125 0.0087890625 0.0068359375
10 0.244140625 0.84765625 0.0166015625 0.0458984375
12 0.30712890625 0.87890625 0.0087890625 0.0068359375
10 0.244140625 0.87744140625 0.0166015625 0.0458984375
12 0.30712890625 0.908203125 0.0087890625 0.0068359375
1 0.24365234375 0.9365234375 0.017578125 0.02099609375
12 0.30712890625 0.97216796875 0.0087890625 0.0068359375
1 0.24365234375 0.9638671875 0.017578125 0.02099609375
10 0.244140625 0.61474609375 0.0166015625 0.0458984375
19 0.30712890625 0.64453125 0.00830078125 0.00390625
10 0.244140625 0.64453125 0.0166015625 0.0458984375
1 0.24365234375 0.67138671875 0.017578125 0.02099609375
1 0.24365234375 0.6982421875 0.017578125 0.02099609375
10 0.244140625 0.13427734375 0.0166015625 0.0458984375
1 0.24365234375 0.7255859375 0.017578125 0.02099609375
1 0.24365234375 0.75341796875 0.017578125 0.02099609375
21 0.3056640625 0.78076171875 0.00634765625 0.0185546875
1 0.24365234375 0.7802734375 0.017578125 0.02099609375
12 0.30712890625 0.80908203125 0.0087890625 0.0068359375
1 0.24365234375 0.8076171875 0.017578125 0.02099609375
22 0.3408203125 0.51953125 0.00830078125 0.00390625
22 0.3408203125 0.37744140625 0.00830078125 0.00390625
22 0.3408203125 0.4052734375 0.00830078125 0.00390625
22 0.3408203125 0.43212890625 0.00830078125 0.00390625
22 0.3408203125 0.5517578125 0.00830078125 0.00390625
22 0.3408203125 0.58154296875 0.00830078125 0.00390625
22 0.3408203125 0.25634765625 0.00830078125 0.00390625
22 0.3408203125 0.2861328125 0.00830078125 0.00390625
22 0.3408203125 0.31640625 0.00830078125 0.00390625
22 0.3408203125 0.34619140625 0.00830078125 0.00390625
22 0.75439453125 0.58154296875 0.00830078125 0.00390625
22 0.75439453125 0.25634765625 0.00830078125 0.00390625
22 0.75439453125 0.2861328125 0.00830078125 0.00390625
22 0.75439453125 0.31640625 0.00830078125 0.00390625
22 0.75439453125 0.43212890625 0.00830078125 0.00390625
22 0.75439453125 0.72314453125 0.00830078125 0.00390625
22 0.75439453125 0.77783203125 0.00830078125 0.00390625
12 0.30712890625 0.0693359375 0.0087890625 0.0068359375
10 0.244140625 0.07421875 0.0166015625 0.0458984375
12 0.30712890625 0.099609375 0.0087890625 0.0068359375
10 0.244140625 0.1044921875 0.0166015625 0.0458984375
12 0.30712890625 0.12939453125 0.0087890625 0.0068359375
22 0.3408203125 0.6689453125 0.00830078125 0.00390625
22 0.3408203125 0.69580078125 0.00830078125 0.00390625
22 0.3408203125 0.72314453125 0.00830078125 0.00390625
22 0.3408203125 0.7509765625 0.00830078125 0.00390625
19 0.3408203125 0.49169921875 0.00830078125 0.00390625
21 0.32275390625 0.78076171875 0.00634765625 0.0185546875
11 0.3408203125 0.07568359375 0.00830078125 0.0068359375
11 0.3408203125 0.10546875 0.00830078125 0.0068359375
11 0.3408203125 0.1357421875 0.00830078125 0.0068359375
11 0.3408203125 0.16552734375 0.00830078125 0.0068359375
21 0.33935546875 0.19677734375 0.0068359375 0.0185546875
21 0.33935546875 0.22900390625 0.0068359375 0.0185546875
19 0.3408203125 0.64453125 0.00830078125 0.00390625
19 0.3408203125 0.78076171875 0.00830078125 0.00390625
11 0.3408203125 0.857421875 0.00830078125 0.0068359375
11 0.3408203125 0.8876953125 0.00830078125 0.0068359375
11 0.3408203125 0.9169921875 0.00830078125 0.0068359375
11 0.3408203125 0.95361328125 0.00830078125 0.0068359375
11 0.3408203125 0.98095703125 0.00830078125 0.0068359375
11 0.35986328125 0.15966796875 0.00830078125 0.0068359375
11 0.35986328125 0.1923828125 0.00830078125 0.00732421875
11 0.35986328125 0.224609375 0.00830078125 0.0068359375
11 0.35986328125 0.44580078125 0.00830078125 0.0068359375
11 0.35986328125 0.60693359375 0.00830078125 0.0068359375
11 0.35986328125 0.80908203125 0.00830078125 0.0068359375
11 0.35986328125 0.8486328125 0.00830078125 0.0068359375
11 0.35986328125 0.87890625 0.00830078125 0.0068359375
11 0.35986328125 0.908203125 0.00830078125 0.0068359375
11 0.35986328125 0.9443359375 0.00830078125 0.00732421875
11 0.35986328125 0.97216796875 0.00830078125 0.00732421875
11 0.35986328125 0.12939453125 0.00830078125 0.0068359375
11 0.35986328125 0.0693359375 0.00830078125 0.0068359375
11 0.35986328125 0.099609375 0.00830078125 0.0068359375
12 0.5478515625 0.80908203125 0.0087890625 0.0068359375
12 0.5478515625 0.8369140625 0.0087890625 0.0068359375
12 0.5478515625 0.86669921875 0.0087890625 0.0068359375
12 0.5478515625 0.89599609375 0.0087890625 0.00732421875
12 0.5478515625 0.9326171875 0.0087890625 0.0068359375
12 0.5478515625 0.9599609375 0.0087890625 0.0068359375
21 0.54638671875 0.75390625 0.00634765625 0.0185546875
12 0.5478515625 0.11474609375 0.0087890625 0.0068359375
12 0.5478515625 0.0546875 0.0087890625 0.0068359375
12 0.5478515625 0.08447265625 0.0087890625 0.0068359375
12 0.5478515625 0.14453125 0.0087890625 0.0068359375
11 0.54736328125 0.1953125 0.00830078125 0.0068359375
11 0.54736328125 0.2275390625 0.00830078125 0.0068359375
21 0.54638671875 0.34912109375 0.00634765625 0.0185546875
21 0.54638671875 0.38037109375 0.00634765625 0.0185546875
21 0.54638671875 0.408203125 0.00634765625 0.0185546875
12 0.5478515625 0.44580078125 0.0087890625 0.0068359375
12 0.5478515625 0.48193359375 0.0087890625 0.0068359375
12 0.5478515625 0.5205078125 0.0087890625 0.0068359375
12 0.5478515625 0.60693359375 0.0087890625 0.0068359375
12 0.5478515625 0.64306640625 0.0087890625 0.0068359375
12 0.5478515625 0.6669921875 0.0087890625 0.0068359375
11 0.53076171875 0.48193359375 0.00830078125 0.0068359375
11 0.53076171875 0.60693359375 0.00830078125 0.0068359375
11 0.53076171875 0.64306640625 0.00830078125 0.0068359375
11 0.53076171875 0.80908203125 0.00830078125 0.0068359375
11 0.53076171875 0.8427734375 0.00830078125 0.0068359375
11 0.53076171875 0.87255859375 0.00830078125 0.0068359375
11 0.53076171875 0.90185546875 0.00830078125 0.0068359375
11 0.53076171875 0.9384765625 0.00830078125 0.0068359375
11 0.53076171875 0.9658203125 0.00830078125 0.0068359375
11 0.53076171875 0.44580078125 0.00830078125 0.0068359375
11 0.53076171875 0.0634765625 0.00830078125 0.00732421875
11 0.53076171875 0.09375 0.00830078125 0.00732421875
11 0.53076171875 0.12353515625 0.00830078125 0.00732421875
11 0.53076171875 0.15380859375 0.00830078125 0.00732421875
11 0.53076171875 0.1923828125 0.00830078125 0.00732421875
11 0.53076171875 0.224609375 0.00830078125 0.0068359375
11 0.56396484375 0.201171875 0.00830078125 0.0068359375
11 0.56396484375 0.2333984375 0.00830078125 0.0068359375
11 0.57666015625 0.1923828125 0.00830078125 0.00732421875
11 0.57666015625 0.224609375 0.00830078125 0.0068359375
11 0.4599609375 0.3759765625 0.00830078125 0.0068359375
11 0.4599609375 0.40380859375 0.00830078125 0.0068359375
11 0.4599609375 0.7490234375 0.00830078125 0.0068359375
11 0.4599609375 0.35693359375 0.00830078125 0.00732421875
11 0.4599609375 0.1923828125 0.00830078125 0.00732421875
11 0.4599609375 0.224609375 0.00830078125 0.0068359375
11 0.47021484375 0.24560546875 0.00830078125 0.0068359375
11 0.47021484375 0.0693359375 0.00830078125 0.0068359375
11 0.47021484375 0.099609375 0.00830078125 0.0068359375
11 0.47021484375 0.12939453125 0.00830078125 0.0068359375
11 0.47021484375 0.15966796875 0.00830078125 0.0068359375
11 0.47021484375 0.212890625 0.00830078125 0.00732421875
12 0.470703125 0.35693359375 0.0087890625 0.00732421875
12 0.470703125 0.3759765625 0.0087890625 0.0068359375
12 0.470703125 0.40380859375 0.0087890625 0.0068359375
12 0.470703125 0.7490234375 0.0087890625 0.0068359375
11 0.47021484375 0.8486328125 0.00830078125 0.0068359375
11 0.47021484375 0.87890625 0.00830078125 0.0068359375
11 0.47021484375 0.908203125 0.00830078125 0.0068359375
11 0.47021484375 0.9443359375 0.00830078125 0.00732421875
11 0.47021484375 0.97216796875 0.00830078125 0.00732421875
11 0.4111328125 0.1982421875 0.00830078125 0.0068359375
11 0.4111328125 0.23046875 0.00830078125 0.0068359375
11 0.423828125 0.18310546875 0.00830078125 0.0068359375
11 0.423828125 0.2158203125 0.00830078125 0.00732421875
11 0.44677734375 0.1982421875 0.00830078125 0.0068359375
11 0.44677734375 0.23046875 0.00830078125 0.0068359375
11 0.44677734375 0.36279296875 0.00830078125 0.0068359375
11 0.44677734375 0.3818359375 0.00830078125 0.0068359375
11 0.44677734375 0.40966796875 0.00830078125 0.00732421875
11 0.44677734375 0.75537109375 0.00830078125 0.0068359375
11 0.43505859375 0.18603515625 0.00830078125 0.0068359375
11 0.43505859375 0.21875 0.00830078125 0.0068359375
11 0.43505859375 0.36865234375 0.00830078125 0.0068359375
11 0.43505859375 0.3876953125 0.00830078125 0.00732421875
11 0.43505859375 0.41552734375 0.00830078125 0.00732421875
11 0.43505859375 0.76123046875 0.00830078125 0.0068359375
11 0.51806640625 0.80908203125 0.00830078125 0.0068359375
11 0.51806640625 0.0693359375 0.00830078125 0.0068359375
11 0.51806640625 0.099609375 0.00830078125 0.0068359375
11 0.51806640625 0.12939453125 0.00830078125 0.0068359375
11 0.51806640625 0.15966796875 0.00830078125 0.0068359375
11 0.51806640625 0.1982421875 0.00830078125 0.0068359375
11 0.51806640625 0.23046875 0.00830078125 0.0068359375
11 0.51806640625 0.44580078125 0.00830078125 0.0068359375
11 0.51806640625 0.48193359375 0.00830078125 0.0068359375
11 0.51806640625 0.60693359375 0.00830078125 0.0068359375
11 0.51806640625 0.64306640625 0.00830078125 0.0068359375
11 0.51806640625 0.8486328125 0.00830078125 0.0068359375
11 0.51806640625 0.87890625 0.00830078125 0.0068359375
11 0.51806640625 0.908203125 0.00830078125 0.0068359375
11 0.51806640625 0.9443359375 0.00830078125 0.00732421875
11 0.51806640625 0.97216796875 0.00830078125 0.00732421875
11 0.49560546875 0.18603515625 0.00830078125 0.0068359375
11 0.49560546875 0.21875 0.00830078125 0.0068359375
11 0.48291015625 0.20703125 0.0078125 0.0068359375
11 0.48291015625 0.23974609375 0.0078125 0.0068359375
11 0.5068359375 0.80908203125 0.00830078125 0.0068359375
11 0.5068359375 0.8427734375 0.00830078125 0.0068359375
11 0.5068359375 0.87255859375 0.00830078125 0.0068359375
11 0.5068359375 0.90185546875 0.00830078125 0.0068359375
11 0.5068359375 0.9384765625 0.00830078125 0.0068359375
11 0.5068359375 0.9658203125 0.00830078125 0.0068359375
21 0.505859375 0.671875 0.00634765625 0.0185546875
11 0.5068359375 0.15380859375 0.00830078125 0.00732421875
11 0.5068359375 0.0634765625 0.00830078125 0.00732421875
11 0.5068359375 0.09375 0.00830078125 0.00732421875
11 0.5068359375 0.12353515625 0.00830078125 0.00732421875
11 0.5068359375 0.1923828125 0.00830078125 0.00732421875
11 0.5068359375 0.224609375 0.00830078125 0.0068359375
11 0.5068359375 0.44580078125 0.00830078125 0.0068359375
11 0.5068359375 0.48193359375 0.00830078125 0.0068359375
21 0.505859375 0.5224609375 0.00634765625 0.0185546875
11 0.5068359375 0.60693359375 0.00830078125 0.0068359375
11 0.5068359375 0.64306640625 0.00830078125 0.0068359375