11 0.6259765625 0.06201171875 0.00830078125 0.0068359375
11 0.6259765625 0.1279296875 0.00830078125 0.0068359375
11 0.6650390625 0.05615234375 0.00830078125 0.0068359375
11 0.6650390625 0.130859375 0.00830078125 0.0068359375
11 0.638671875 0.0654296875 0.00830078125 0.00732421875
11 0.638671875 0.130859375 0.00830078125 0.0068359375
14 0.65185546875 0.05126953125 0.0087890625 0.01708984375
14 0.65185546875 0.11083984375 0.0087890625 0.017578125
11 0.552734375 0.06201171875 0.00830078125 0.0068359375
11 0.552734375 0.1279296875 0.00830078125 0.0068359375
11 0.5654296875 0.0654296875 0.00830078125 0.00732421875
11 0.5654296875 0.130859375 0.00830078125 0.0068359375
14 0.53955078125 0.05126953125 0.0087890625 0.01708984375
14 0.53955078125 0.11083984375 0.0087890625 0.017578125
14 0.591796875 0.05126953125 0.0087890625 0.01708984375
14 0.591796875 0.11083984375 0.0087890625 0.017578125
11 0.61279296875 0.05908203125 0.00830078125 0.0068359375
11 0.61279296875 0.125 0.00830078125 0.0068359375
11 0.57861328125 0.068359375 0.00830078125 0.0068359375
11 0.57861328125 0.1337890625 0.00830078125 0.0068359375
11 0.78125 0.04736328125 0.00830078125 0.0068359375
11 0.79248046875 0.05322265625 0.00830078125 0.0068359375
11 0.8056640625 0.05029296875 0.00830078125 0.00732421875
14 0.75634765625 0.05126953125 0.0087890625 0.01708984375
14 0.75634765625 0.11083984375 0.0087890625 0.017578125
11 0.77001953125 0.05029296875 0.00830078125 0.00732421875
11 0.77001953125 0.13671875 0.00830078125 0.0068359375
14 0.7041015625 0.11083984375 0.0087890625 0.017578125
14 0.7041015625 0.05126953125 0.0087890625 0.01708984375
11 0.67822265625 0.05908203125 0.00830078125 0.0068359375
11 0.67822265625 0.1337890625 0.00830078125 0.0068359375
11 0.71728515625 0.05322265625 0.00830078125 0.0068359375
11 0.69091796875 0.06201171875 0.00830078125 0.0068359375
11 0.69091796875 0.13671875 0.00830078125 0.0068359375
11 0.7431640625 0.05908203125 0.00830078125 0.0068359375
11 0.7431640625 0.14013671875 0.00830078125 0.00732421875
11 0.71728515625 0.1337890625 0.00830078125 0.0068359375
11 0.73046875 0.05615234375 0.00830078125 0.0068359375
11 0.73046875 0.13671875 0.00830078125 0.0068359375
11 0.31591796875 0.06201171875 0.00830078125 0.0068359375
11 0.31591796875 0.1279296875 0.00830078125 0.0068359375
11 0.32861328125 0.05908203125 0.0078125 0.0068359375
11 0.32861328125 0.130859375 0.0078125 0.0068359375
11 0.302734375 0.125 0.00830078125 0.0068359375
11 0.28466796875 0.05908203125 0.00830078125 0.0068359375
8 0.2841796875 0.0703125 0.00634765625 0.017578125
11 0.302734375 0.0654296875 0.00830078125 0.00732421875
11 0.3681640625 0.068359375 0.00830078125 0.0068359375
9 0.375 0.05615234375 0.0068359375 0.017578125
11 0.39599609375 0.0712890625 0.00830078125 0.0068359375
11 0.39599609375 0.13671875 0.00830078125 0.0068359375
11 0.34130859375 0.13671875 0.00830078125 0.0068359375
11 0.35400390625 0.1337890625 0.00830078125 0.0068359375
11 0.21826171875 0.06201171875 0.00830078125 0.0068359375
10 0.19287109375 0.11767578125 0.0166015625 0.0458984375
11 0.21826171875 0.13671875 0.00830078125 0.0068359375
0 0.17529296875 0.0888671875 0.005859375 0.0849609375
10 0.19287109375 0.0576171875 0.0166015625 0.0458984375
11 0.25732421875 0.1279296875 0.00830078125 0.0068359375
11 0.27001953125 0.125 0.00830078125 0.0068359375
11 0.23095703125 0.05908203125 0.00830078125 0.0068359375
11 0.23095703125 0.1337890625 0.00830078125 0.0068359375
11 0.5263671875 0.0712890625 0.00830078125 0.0068359375
11 0.244140625 0.05615234375 0.00830078125 0.0068359375
11 0.244140625 0.130859375 0.00830078125 0.0068359375
11 0.4609375 0.13671875 0.00830078125 0.0068359375
11 0.4609375 0.0712890625 0.00830078125 0.0068359375
11 0.4482421875 0.1337890625 0.00830078125 0.0068359375
11 0.4482421875 0.068359375 0.00830078125 0.0068359375
14 0.4873046875 0.11083984375 0.0087890625 0.017578125
14 0.4873046875 0.05126953125 0.0087890625 0.01708984375
11 0.47412109375 0.14013671875 0.00830078125 0.00732421875
11 0.47412109375 0.07421875 0.00830078125 0.0068359375
11 0.50048828125 0.0654296875 0.00830078125 0.00732421875
11 0.50048828125 0.130859375 0.00830078125 0.0068359375
11 0.40869140625 0.14013671875 0.00830078125 0.00732421875
11 0.40869140625 0.07421875 0.00830078125 0.0068359375
11 0.5263671875 0.13671875 0.00830078125 0.0068359375
11 0.51318359375 0.1337890625 0.00830078125 0.0068359375
14 0.43505859375 0.11083984375 0.0087890625 0.017578125
14 0.43505859375 0.05126953125 0.0087890625 0.01708984375
11 0.51318359375 0.068359375 0.00830078125 0.0068359375
11 0.42138671875 0.0771484375 0.00830078125 0.0068359375
11 0.42138671875 0.14306640625 0.00830078125 0.0068359375
11 0.63232421875 0.26708984375 0.00830078125 0.00732421875
11 0.61376953125 0.263671875 0.00830078125 0.0068359375
11 0.61376953125 0.28466796875 0.00830078125 0.0068359375
0 0.17529296875 0.2939453125 0.005859375 0.08447265625
11 0.65966796875 0.314453125 0.00830078125 0.00732421875
12 0.65966796875 0.27001953125 0.0087890625 0.0068359375
12 0.54345703125 0.3447265625 0.0087890625 0.0068359375
11 0.54296875 0.2607421875 0.00830078125 0.00732421875
11 0.54296875 0.27294921875 0.00830078125 0.0068359375
11 0.54296875 0.28173828125 0.00830078125 0.00732421875
11 0.52392578125 0.2548828125 0.00830078125 0.0068359375
11 0.52392578125 0.2607421875 0.00830078125 0.00732421875
11 0.52392578125 0.27587890625 0.00830078125 0.0068359375
12 0.54345703125 0.33251953125 0.0087890625 0.0068359375
1 0.193359375 0.32177734375 0.017578125 0.02099609375
13 0.58984375 0.33544921875 0.01123046875 0.00732421875
13 0.58984375 0.3564453125 0.01123046875 0.00732421875
12 0.58837890625 0.263671875 0.0087890625 0.0068359375
12 0.58837890625 0.28466796875 0.0087890625 0.0068359375
11 0.56201171875 0.2578125 0.00830078125 0.0068359375
11 0.56201171875 0.27294921875 0.00830078125 0.0068359375
11 0.56201171875 0.27880859375 0.00830078125 0.0068359375
11 0.8037109375 0.3056640625 0.00830078125 0.0068359375
11 0.8037109375 0.32080078125 0.00830078125 0.00732421875
11 0.8037109375 0.27001953125 0.00830078125 0.0068359375
11 0.7841796875 0.3115234375 0.00830078125 0.0068359375
11 0.7841796875 0.32666015625 0.00830078125 0.0068359375
11 0.7841796875 0.27587890625 0.00830078125 0.0068359375
11 0.7421875 0.32373046875 0.0078125 0.0068359375
11 0.7421875 0.27001953125 0.0078125 0.0068359375
11 0.71630859375 0.314453125 0.00830078125 0.00732421875
11 0.71630859375 0.32373046875 0.00830078125 0.0068359375
11 0.71630859375 0.27001953125 0.00830078125 0.0068359375
11 0.7421875 0.314453125 0.0078125 0.00732421875
11 0.697265625 0.32080078125 0.00830078125 0.00732421875
11 0.67822265625 0.31787109375 0.00830078125 0.0068359375
11 0.76123046875 0.3115234375 0.00830078125 0.0068359375
11 0.76123046875 0.32373046875 0.00830078125 0.0068359375
11 0.76123046875 0.27294921875 0.00830078125 0.0068359375
11 0.33349609375 0.32080078125 0.00830078125 0.00732421875
11 0.31689453125 0.31787109375 0.00830078125 0.0068359375
11 0.30029296875 0.314453125 0.00830078125 0.00732421875
19 0.30029296875 0.25048828125 0.00830078125 0.00390625
12 0.35986328125 0.32666015625 0.0087890625 0.0068359375
12 0.35986328125 0.34765625 0.0087890625 0.0068359375
11 0.35986328125 0.2548828125 0.00830078125 0.0068359375
11 0.35986328125 0.27587890625 0.00830078125 0.0068359375
11 0.34375 0.32373046875 0.0078125 0.0068359375
11 0.234375 0.2548828125 0.00830078125 0.0068359375
11 0.234375 0.27587890625 0.00830078125 0.0068359375
19 0.21875 0.31005859375 0.00830078125 0.00390625
11 0.21875 0.2548828125 0.00830078125 0.0068359375
11 0.21875 0.27587890625 0.00830078125 0.0068359375
11 0.2607421875 0.27587890625 0.00830078125 0.0068359375
15 0.287109375 0.25244140625 0.0078125 0.01171875
14 0.27685546875 0.255859375 0.0087890625 0.01708984375
5 0.267578125 0.24609375 0.0068359375 0.02099609375
11 0.2607421875 0.2548828125 0.00830078125 0.0068359375
11 0.25048828125 0.2578125 0.00830078125 0.0068359375
11 0.25048828125 0.27880859375 0.00830078125 0.0068359375
10 0.19384765625 0.2626953125 0.0166015625 0.0458984375
12 0.44482421875 0.33251953125 0.0087890625 0.0068359375
12 0.44482421875 0.353515625 0.0087890625 0.0068359375
12 0.50537109375 0.32958984375 0.0087890625 0.0068359375
12 0.50537109375 0.3447265625 0.0087890625 0.0068359375
11 0.5048828125 0.2578125 0.00830078125 0.0068359375
11 0.5048828125 0.26708984375 0.00830078125 0.00732421875
11 0.5048828125 0.27880859375 0.00830078125 0.0068359375
11 0.478515625 0.32666015625 0.00830078125 0.0068359375
11 0.478515625 0.34765625 0.00830078125 0.0068359375
12 0.466796875 0.2548828125 0.0087890625 0.0068359375
12 0.466796875 0.27001953125 0.0087890625 0.0068359375
12 0.466796875 0.27587890625 0.0087890625 0.0068359375
12 0.39794921875 0.33544921875 0.0087890625 0.00732421875
12 0.44482421875 0.251953125 0.0087890625 0.0068359375
11 0.3974609375 0.2578125 0.00830078125 0.0068359375
11 0.3974609375 0.27880859375 0.00830078125 0.0068359375
12 0.39794921875 0.3564453125 0.0087890625 0.0068359375
11 0.37890625 0.2548828125 0.00830078125 0.0068359375
11 0.37890625 0.27587890625 0.00830078125 0.0068359375
11 0.41650390625 0.27587890625 0.00830078125 0.0068359375
11 0.41650390625 0.2548828125 0.00830078125 0.0068359375
12 0.44482421875 0.26708984375 0.0087890625 0.00732421875
12 0.44482421875 0.27294921875 0.0087890625 0.0068359375
11 0.56982421875 0.5224609375 0.00830078125 0.0068359375
11 0.56982421875 0.54296875 0.00830078125 0.0068359375
11 0.55126953125 0.51953125 0.00830078125 0.0068359375
11 0.55126953125 0.5400390625 0.00830078125 0.0068359375
12 0.615234375 0.53125 0.0087890625 0.00732421875
12 0.615234375 0.51025390625 0.0087890625 0.0068359375
11 0.61474609375 0.45947265625 0.00830078125 0.0068359375
11 0.61474609375 0.48046875 0.00830078125 0.0068359375
11 0.587890625 0.51953125 0.00830078125 0.0068359375
11 0.587890625 0.5400390625 0.00830078125 0.0068359375
11 0.51611328125 0.5400390625 0.00830078125 0.0068359375
11 0.505859375 0.51953125 0.00830078125 0.0068359375
11 0.505859375 0.5400390625 0.00830078125 0.0068359375
11 0.51611328125 0.51953125 0.00830078125 0.0068359375
11 0.4931640625 0.51953125 0.00830078125 0.0068359375
11 0.4931640625 0.5400390625 0.00830078125 0.0068359375
11 0.4931640625 0.46533203125 0.00830078125 0.0068359375
11 0.4931640625 0.486328125 0.00830078125 0.0068359375
11 0.47509765625 0.46826171875 0.00830078125 0.0068359375
11 0.47509765625 0.4892578125 0.00830078125 0.0068359375
11 0.533203125 0.51953125 0.00830078125 0.0068359375
11 0.533203125 0.5400390625 0.00830078125 0.0068359375
13 0.53466796875 0.46533203125 0.01123046875 0.0068359375
13 0.53466796875 0.48046875 0.01123046875 0.0068359375
11 0.78466796875 0.4716796875 0.00830078125 0.0068359375
11 0.78466796875 0.4921875 0.00830078125 0.00732421875
11 0.7666015625 0.46826171875 0.00830078125 0.0068359375
11 0.7666015625 0.4892578125 0.00830078125 0.0068359375
11 0.802734375 0.474609375 0.00830078125 0.0068359375
11 0.802734375 0.4951171875 0.00830078125 0.0068359375
13 0.697265625 0.51025390625 0.01123046875 0.00732421875
12 0.69580078125 0.45947265625 0.0087890625 0.0068359375
12 0.69580078125 0.474609375 0.0087890625 0.0068359375
11 0.67236328125 0.45654296875 0.00830078125 0.00732421875
11 0.67236328125 0.4775390625 0.00830078125 0.00732421875
12 0.6513671875 0.51953125 0.0087890625 0.0068359375
12 0.6513671875 0.5400390625 0.0087890625 0.0068359375
11 0.65087890625 0.45947265625 0.00830078125 0.0068359375
11 0.65087890625 0.48046875 0.00830078125 0.0068359375
11 0.6328125 0.46240234375 0.00830078125 0.00732421875
13 0.75 0.51025390625 0.01123046875 0.00732421875
13 0.75 0.53125 0.01123046875 0.00732421875
11 0.74853515625 0.46533203125 0.00830078125 0.0068359375
11 0.74853515625 0.486328125 0.00830078125 0.0068359375
12 0.7177734375 0.46240234375 0.0087890625 0.00732421875
12 0.7177734375 0.4775390625 0.0087890625 0.00732421875
11 0.6328125 0.4833984375 0.00830078125 0.0068359375
11 0.30908203125 0.525390625 0.0078125 0.0068359375
11 0.30908203125 0.5458984375 0.0078125 0.00732421875
11 0.30908203125 0.474609375 0.0078125 0.0068359375
11 0.2958984375 0.5224609375 0.00830078125 0.0068359375
11 0.2958984375 0.54296875 0.00830078125 0.0068359375
11 0.2958984375 0.4775390625 0.00830078125 0.00732421875
11 0.33447265625 0.54931640625 0.00830078125 0.0068359375
11 0.33447265625 0.4775390625 0.00830078125 0.00732421875
11 0.32177734375 0.53125 0.00830078125 0.00732421875
11 0.32177734375 0.55224609375 0.00830078125 0.00732421875
11 0.32177734375 0.4775390625 0.00830078125 0.00732421875
11 0.2607421875 0.51953125 0.00830078125 0.0068359375
11 0.2607421875 0.5341796875 0.00830078125 0.0068359375
12 0.2470703125 0.48046875 0.0087890625 0.0068359375
11 0.240234375 0.51953125 0.00830078125 0.0068359375
11 0.240234375 0.53125 0.00830078125 0.00732421875
11 0.33447265625 0.5283203125 0.00830078125 0.0068359375
12 0.21923828125 0.4775390625 0.0087890625 0.00732421875
11 0.21875 0.5283203125 0.00830078125 0.0068359375
11 0.283203125 0.51953125 0.00830078125 0.0068359375
11 0.283203125 0.5400390625 0.00830078125 0.0068359375
11 0.283203125 0.48046875 0.00830078125 0.0068359375
11 0.21875 0.51611328125 0.00830078125 0.00732421875
12 0.43896484375 0.51953125 0.0087890625 0.0068359375
12 0.43896484375 0.5400390625 0.0087890625 0.0068359375
11 0.4384765625 0.46533203125 0.00830078125 0.0068359375
11 0.4384765625 0.486328125 0.00830078125 0.0068359375
11 0.41357421875 0.474609375 0.00830078125 0.0068359375
12 0.40234375 0.54296875 0.0087890625 0.0068359375
11 0.45654296875 0.46533203125 0.00830078125 0.0068359375
11 0.45654296875 0.486328125 0.00830078125 0.0068359375
12 0.40234375 0.5224609375 0.0087890625 0.0068359375
0 0.17529296875 0.49853515625 0.005859375 0.0849609375
12 0.37841796875 0.5224609375 0.0087890625 0.0068359375
12 0.37841796875 0.54296875 0.0087890625 0.0068359375
10 0.19384765625 0.46728515625 0.0166015625 0.0458984375
12 0.37841796875 0.4833984375 0.0087890625 0.0068359375
1 0.193359375 0.5263671875 0.017578125 0.02099609375
11 0.3525390625 0.525390625 0.00830078125 0.0068359375
11 0.3525390625 0.5458984375 0.00830078125 0.00732421875
11 0.3525390625 0.48046875 0.00830078125 0.0068359375
11 0.67138671875 0.74169921875 0.00830078125 0.00732421875
11 0.65576171875 0.7509765625 0.00830078125 0.0068359375
11 0.6435546875 0.74169921875 0.00830078125 0.00732421875
11 0.6435546875 0.6611328125 0.00830078125 0.0068359375
11 0.71142578125 0.759765625 0.00830078125 0.0068359375
11 0.71142578125 0.6728515625 0.00830078125 0.00732421875
11 0.69482421875 0.6669921875 0.00830078125 0.0068359375
11 0.68408203125 0.7509765625 0.00830078125 0.0068359375
22 0.39404296875 0.66259765625 0.00830078125 0.00390625
11 0.68408203125 0.6640625 0.00830078125 0.0068359375
11 0.587890625 0.74462890625 0.00830078125 0.0068359375
12 0.58837890625 0.658203125 0.0087890625 0.00732421875
11 0.5654296875 0.7509765625 0.00830078125 0.0068359375
11 0.55322265625 0.658203125 0.00830078125 0.00732421875
11 0.62841796875 0.7509765625 0.00830078125 0.0068359375
11 0.55322265625 0.74462890625 0.00830078125 0.0068359375
11 0.61572265625 0.74462890625 0.00830078125 0.0068359375
11 0.60009765625 0.7509765625 0.00830078125 0.0068359375
8 0.8076171875 0.68212890625 0.00634765625 0.01806640625
11 0.80810546875 0.759765625 0.00830078125 0.0068359375
11 0.80810546875 0.669921875 0.00830078125 0.0068359375
11 0.7958984375 0.75390625 0.00830078125 0.0068359375
11 0.7802734375 0.759765625 0.00830078125 0.0068359375
11 0.7392578125 0.6728515625 0.00830078125 0.00732421875
11 0.72705078125 0.7509765625 0.00830078125 0.0068359375
11 0.7392578125 0.759765625 0.00830078125 0.0068359375
11 0.767578125 0.75390625 0.00830078125 0.0068359375
11 0.767578125 0.6669921875 0.00830078125 0.0068359375
11 0.75390625 0.7509765625 0.00830078125 0.0068359375
11 0.75390625 0.669921875 0.00830078125 0.0068359375
12 0.306640625 0.73583984375 0.0087890625 0.0068359375
11 0.3447265625 0.74462890625 0.00830078125 0.0068359375
12 0.306640625 0.72412109375 0.0087890625 0.0068359375
11 0.38525390625 0.7509765625 0.00830078125 0.0068359375
11 0.37255859375 0.74462890625 0.00830078125 0.0068359375
11 0.357421875 0.7509765625 0.0078125 0.0068359375
12 0.21923828125 0.71484375 0.0087890625 0.0068359375
12 0.21923828125 0.73583984375 0.0087890625 0.0068359375
12 0.21923828125 0.67626953125 0.0087890625 0.0068359375
12 0.21923828125 0.69677734375 0.0087890625 0.0068359375
1 0.193359375 0.73095703125 0.017578125 0.02099609375
10 0.19384765625 0.671875 0.0166015625 0.0458984375
0 0.17529296875 0.703125 0.005859375 0.0849609375
19 0.279296875 0.71923828125 0.00830078125 0.00390625
13 0.28076171875 0.669921875 0.01123046875 0.0068359375
13 0.28076171875 0.68505859375 0.01123046875 0.0068359375
12 0.24609375 0.7119140625 0.0087890625 0.00732421875
12 0.24609375 0.73291015625 0.0087890625 0.0068359375
12 0.24609375 0.6728515625 0.0087890625 0.00732421875
12 0.24609375 0.68212890625 0.0087890625 0.0068359375
11 0.4755859375 0.7509765625 0.00830078125 0.0068359375
11 0.51416015625 0.658203125 0.00830078125 0.00732421875
11 0.50341796875 0.7509765625 0.00830078125 0.0068359375
11 0.50341796875 0.6611328125 0.00830078125 0.0068359375
11 0.4912109375 0.74462890625 0.00830078125 0.0068359375
11 0.42822265625 0.74462890625 0.00830078125 0.0068359375
11 0.41259765625 0.7509765625 0.00830078125 0.0068359375
11 0.400390625 0.74462890625 0.00830078125 0.0068359375
11 0.53759765625 0.7509765625 0.00830078125 0.0068359375
11 0.46337890625 0.74462890625 0.00830078125 0.0068359375
11 0.46337890625 0.6640625 0.00830078125 0.0068359375
11 0.52490234375 0.658203125 0.00830078125 0.00732421875
11 0.52490234375 0.74462890625 0.00830078125 0.0068359375
11 0.44091796875 0.7509765625 0.00830078125 0.0068359375
11 0.5927734375 0.9345703125 0.00830078125 0.0068359375
11 0.638671875 0.943359375 0.00830078125 0.00732421875
12 0.638671875 0.85693359375 0.0087890625 0.0068359375
11 0.6201171875 0.9345703125 0.00830078125 0.0068359375
11 0.60498046875 0.943359375 0.00830078125 0.00732421875
11 0.5166015625 0.9462890625 0.00830078125 0.0068359375
11 0.5166015625 0.86279296875 0.00830078125 0.0068359375
11 0.505859375 0.85986328125 0.00830078125 0.0068359375
11 0.4951171875 0.95556640625 0.00830078125 0.0068359375
11 0.4951171875 0.86279296875 0.00830078125 0.0068359375
11 0.57763671875 0.943359375 0.00830078125 0.00732421875
12 0.57763671875 0.85400390625 0.0087890625 0.00732421875
11 0.5556640625 0.95556640625 0.00830078125 0.0068359375
11 0.54345703125 0.9462890625 0.00830078125 0.0068359375
11 0.54345703125 0.85400390625 0.00830078125 0.00732421875
11 0.52880859375 0.95556640625 0.0078125 0.0068359375
11 0.79541015625 0.9375 0.00830078125 0.00732421875
11 0.78173828125 0.9345703125 0.00830078125 0.0068359375
11 0.8076171875 0.943359375 0.00830078125 0.00732421875
11 0.76708984375 0.943359375 0.00830078125 0.00732421875
12 0.76708984375 0.86572265625 0.0087890625 0.0068359375
11 0.70703125 0.943359375 0.00830078125 0.00732421875
12 0.70751953125 0.85986328125 0.0087890625 0.0068359375
11 0.6806640625 0.9345703125 0.00830078125 0.0068359375
11 0.66552734375 0.943359375 0.00830078125 0.00732421875
11 0.6533203125 0.9345703125 0.00830078125 0.0068359375
11 0.7490234375 0.9345703125 0.00830078125 0.0068359375
11 0.734375 0.943359375 0.00830078125 0.00732421875
11 0.72216796875 0.9345703125 0.00830078125 0.0068359375
11 0.3125 0.95556640625 0.00830078125 0.0068359375
11 0.30078125 0.94921875 0.00830078125 0.0068359375
11 0.30078125 0.88671875 0.00830078125 0.0068359375
11 0.28564453125 0.95556640625 0.00830078125 0.0068359375
11 0.2734375 0.94921875 0.00830078125 0.0068359375
11 0.2734375 0.8837890625 0.00830078125 0.00732421875
11 0.4833984375 0.9462890625 0.00830078125 0.0068359375
11 0.3349609375 0.94921875 0.00830078125 0.0068359375
11 0.3349609375 0.86279296875 0.00830078125 0.0068359375
8 0.2177734375 0.888671875 0.00634765625 0.017578125
11 0.21826171875 0.94921875 0.00830078125 0.0068359375
11 0.21826171875 0.8779296875 0.00830078125 0.0068359375
10 0.19287109375 0.93603515625 0.0166015625 0.0458984375
10 0.19287109375 0.8759765625 0.0166015625 0.0458984375
0 0.17529296875 0.90771484375 0.005859375 0.0849609375
11 0.25830078125 0.95556640625 0.00830078125 0.0068359375
11 0.24609375 0.94921875 0.00830078125 0.0068359375
11 0.23095703125 0.95556640625 0.00830078125 0.0068359375
11 0.23095703125 0.880859375 0.00830078125 0.0068359375
11 0.421875 0.94921875 0.0078125 0.0068359375
11 0.421875 0.87451171875 0.0078125 0.0068359375
11 0.40673828125 0.95556640625 0.00830078125 0.0068359375
11 0.4560546875 0.9462890625 0.00830078125 0.0068359375
11 0.4560546875 0.86572265625 0.00830078125 0.0068359375
11 0.43408203125 0.95556640625 0.00830078125 0.0068359375
11 0.46826171875 0.95556640625 0.00830078125 0.0068359375
11 0.3740234375 0.95556640625 0.00830078125 0.0068359375
11 0.3740234375 0.86572265625 0.00830078125 0.0068359375
11 0.39453125 0.94921875 0.00830078125 0.0068359375
11 0.36181640625 0.94921875 0.00830078125 0.0068359375
11 0.3466796875 0.95556640625 0.00830078125 0.0068359375
11 0.39453125 0.87451171875 0.00830078125 0.0068359375
11 0.38427734375 0.86865234375 0.00830078125 0.00732421875