21 0.56103515625 0.39453125 0.00634765625 0.0185546875
12 0.66943359375 0.39306640625 0.0087890625 0.0068359375
21 0.56103515625 0.33251953125 0.00634765625 0.0185546875
11 0.5625 0.25927734375 0.0078125 0.00732421875
11 0.6689453125 0.20263671875 0.00830078125 0.0068359375
11 0.64599609375 0.19677734375 0.00830078125 0.00732421875
12 0.66943359375 0.27099609375 0.0087890625 0.0068359375
12 0.66943359375 0.345703125 0.0087890625 0.0068359375
12 0.66943359375 0.33984375 0.0087890625 0.0068359375
12 0.66943359375 0.333984375 0.0087890625 0.0068359375
22 0.3212890625 0.0546875 0.00830078125 0.00390625
11 0.68994140625 0.20263671875 0.00830078125 0.0068359375
11 0.54833984375 0.193359375 0.00830078125 0.0068359375
11 0.5625 0.19091796875 0.0078125 0.0068359375
11 0.59033203125 0.19091796875 0.00830078125 0.0068359375
12 0.5908203125 0.39013671875 0.0087890625 0.0068359375
12 0.5908203125 0.3310546875 0.0087890625 0.0068359375
12 0.5908203125 0.3369140625 0.0087890625 0.0068359375
12 0.5908203125 0.3427734375 0.0087890625 0.0068359375
12 0.5908203125 0.26220703125 0.0087890625 0.0068359375
11 0.63037109375 0.20263671875 0.00830078125 0.0068359375
11 0.63037109375 0.26513671875 0.00830078125 0.00732421875
21 0.62939453125 0.33251953125 0.0068359375 0.0185546875
21 0.62939453125 0.39453125 0.0068359375 0.0185546875
21 0.60888671875 0.0576171875 0.00634765625 0.0185546875
21 0.60888671875 0.12646484375 0.00634765625 0.0185546875
11 0.60986328125 0.19677734375 0.00830078125 0.00732421875
21 0.80029296875 0.33251953125 0.00634765625 0.0185546875
11 0.7802734375 0.19970703125 0.0078125 0.0068359375
11 0.8017578125 0.19970703125 0.0078125 0.0068359375
11 0.8017578125 0.27734375 0.0078125 0.0068359375
21 0.80029296875 0.39453125 0.00634765625 0.0185546875
22 0.5400390625 0.0546875 0.00830078125 0.00390625
22 0.45751953125 0.12353515625 0.00830078125 0.00390625
22 0.45751953125 0.0546875 0.00830078125 0.00390625
22 0.3798828125 0.3916015625 0.00830078125 0.00390625
22 0.3798828125 0.32958984375 0.00830078125 0.00390625
22 0.5400390625 0.12353515625 0.00830078125 0.00390625
22 0.3798828125 0.26123046875 0.00830078125 0.00390625
22 0.3798828125 0.12353515625 0.00830078125 0.00390625
22 0.3798828125 0.0546875 0.00830078125 0.00390625
22 0.3212890625 0.1923828125 0.00830078125 0.00390625
22 0.3212890625 0.12353515625 0.00830078125 0.00390625
22 0.69970703125 0.12353515625 0.00830078125 0.00390625
11 0.767578125 0.19091796875 0.00830078125 0.0068359375
22 0.69970703125 0.0546875 0.00830078125 0.00390625
22 0.6181640625 0.12353515625 0.00830078125 0.00390625
22 0.6181640625 0.0546875 0.00830078125 0.00390625
15 0.7314453125 0.26611328125 0.0078125 0.01171875
15 0.7314453125 0.396484375 0.0078125 0.01171875
15 0.7177734375 0.26611328125 0.0078125 0.01171875
11 0.70263671875 0.20849609375 0.00830078125 0.0068359375
21 0.71728515625 0.0576171875 0.00634765625 0.0185546875
21 0.71728515625 0.12646484375 0.00634765625 0.0185546875
11 0.71826171875 0.19970703125 0.00830078125 0.0068359375
11 0.75341796875 0.1875 0.00830078125 0.0068359375
21 0.71728515625 0.33251953125 0.00634765625 0.0185546875
15 0.7177734375 0.396484375 0.0078125 0.01171875
12 0.75390625 0.26806640625 0.0087890625 0.0068359375
12 0.75390625 0.3369140625 0.0087890625 0.0068359375
12 0.75390625 0.3310546875 0.0087890625 0.0068359375
12 0.75390625 0.3251953125 0.0087890625 0.0068359375
12 0.75390625 0.40478515625 0.0087890625 0.0068359375
12 0.31884765625 0.33984375 0.0087890625 0.0068359375
12 0.31884765625 0.26513671875 0.0087890625 0.00732421875
12 0.31884765625 0.345703125 0.0087890625 0.0068359375
12 0.31884765625 0.333984375 0.0087890625 0.0068359375
12 0.31884765625 0.39306640625 0.0087890625 0.0068359375
21 0.2646484375 0.0576171875 0.00634765625 0.0185546875
21 0.2646484375 0.12646484375 0.00634765625 0.0185546875
21 0.2646484375 0.1953125 0.00634765625 0.0185546875
11 0.26611328125 0.26220703125 0.00830078125 0.0068359375
21 0.2646484375 0.33251953125 0.00634765625 0.0185546875
21 0.2646484375 0.39453125 0.00634765625 0.0185546875
11 0.3828125 0.181640625 0.00830078125 0.00732421875
10 0.19384765625 0.0576171875 0.0166015625 0.0458984375
10 0.19384765625 0.12646484375 0.0166015625 0.0458984375
10 0.19384765625 0.1953125 0.0166015625 0.0458984375
10 0.19384765625 0.263671875 0.0166015625 0.0458984375
10 0.19384765625 0.33251953125 0.0166015625 0.0458984375
1 0.193359375 0.39404296875 0.017578125 0.02099609375
0 0.17529296875 0.36474609375 0.005859375 0.0859375
22 0.78076171875 0.0546875 0.00830078125 0.00390625
22 0.78076171875 0.12353515625 0.00830078125 0.00390625
15 0.23291015625 0.06005859375 0.0078125 0.01171875
21 0.24560546875 0.0576171875 0.00634765625 0.0185546875
12 0.21923828125 0.3427734375 0.0087890625 0.0068359375
11 0.21923828125 0.05615234375 0.00830078125 0.0068359375
19 0.21923828125 0.1259765625 0.00830078125 0.00390625
19 0.21923828125 0.19482421875 0.00830078125 0.00390625
12 0.21923828125 0.26220703125 0.0087890625 0.0068359375
12 0.21923828125 0.3369140625 0.0087890625 0.0068359375
12 0.21923828125 0.3310546875 0.0087890625 0.0068359375
12 0.21923828125 0.39013671875 0.0087890625 0.0068359375
8 0.21875 0.068359375 0.00634765625 0.01806640625
12 0.513671875 0.2802734375 0.0087890625 0.00732421875
11 0.490234375 0.19677734375 0.00830078125 0.00732421875
21 0.51220703125 0.0576171875 0.00634765625 0.0185546875
21 0.51220703125 0.12646484375 0.00634765625 0.0185546875
11 0.51318359375 0.193359375 0.00830078125 0.0068359375
12 0.513671875 0.3486328125 0.0087890625 0.0068359375
12 0.513671875 0.3427734375 0.0087890625 0.0068359375
12 0.513671875 0.3369140625 0.0087890625 0.0068359375
12 0.513671875 0.39599609375 0.0087890625 0.0068359375
11 0.455078125 0.19970703125 0.00830078125 0.0068359375
11 0.47607421875 0.19970703125 0.00830078125 0.0068359375
11 0.47607421875 0.27734375 0.00830078125 0.0068359375
21 0.47509765625 0.33251953125 0.00634765625 0.0185546875
21 0.47509765625 0.39453125 0.00634765625 0.0185546875
11 0.53466796875 0.19677734375 0.00830078125 0.00732421875
12 0.43017578125 0.3369140625 0.0087890625 0.0068359375
12 0.43017578125 0.3310546875 0.0087890625 0.0068359375
12 0.43017578125 0.3251953125 0.0087890625 0.0068359375
12 0.43017578125 0.40478515625 0.0087890625 0.0068359375
11 0.4296875 0.1845703125 0.00830078125 0.0068359375
12 0.43017578125 0.26806640625 0.0087890625 0.0068359375
11 0.4423828125 0.19091796875 0.00830078125 0.0068359375
12 0.5087890625 0.83935546875 0.0087890625 0.0068359375
12 0.5087890625 0.9130859375 0.0087890625 0.0068359375
12 0.5087890625 0.83349609375 0.0087890625 0.0068359375
22 0.4462890625 0.6318359375 0.00830078125 0.00390625
22 0.4462890625 0.5634765625 0.00830078125 0.00390625
22 0.35009765625 0.5634765625 0.00830078125 0.00390625
12 0.5087890625 0.7763671875 0.0087890625 0.00732421875
21 0.50732421875 0.634765625 0.00634765625 0.0185546875
21 0.50732421875 0.56591796875 0.00634765625 0.0185546875
12 0.5087890625 0.84521484375 0.0087890625 0.0068359375
22 0.35009765625 0.6318359375 0.00830078125 0.00390625
22 0.67041015625 0.564453125 0.00390625 0.00634765625
21 0.64453125 0.634765625 0.00634765625 0.0185546875
21 0.64453125 0.56591796875 0.00634765625 0.0185546875
22 0.67041015625 0.63330078125 0.00390625 0.00634765625
18 0.67041015625 0.615234375 0.00830078125 0.0126953125
18 0.67041015625 0.546875 0.00830078125 0.01220703125
22 0.541015625 0.70068359375 0.00830078125 0.00390625
22 0.541015625 0.6318359375 0.00830078125 0.00390625
22 0.541015625 0.5634765625 0.00830078125 0.00390625
12 0.21923828125 0.904296875 0.0087890625 0.0068359375
12 0.21923828125 0.84521484375 0.0087890625 0.0068359375
12 0.21923828125 0.85107421875 0.0087890625 0.0068359375
12 0.21923828125 0.85693359375 0.0087890625 0.0068359375
12 0.21923828125 0.78857421875 0.0087890625 0.0068359375
11 0.21923828125 0.69580078125 0.00830078125 0.0068359375
21 0.21826171875 0.634765625 0.00634765625 0.0185546875
21 0.21826171875 0.56591796875 0.00634765625 0.0185546875
21 0.275390625 0.90283203125 0.0068359375 0.0185546875
21 0.275390625 0.8408203125 0.0068359375 0.01806640625
11 0.2763671875 0.767578125 0.00830078125 0.0068359375
11 0.2763671875 0.69580078125 0.00830078125 0.0068359375
11 0.24755859375 0.69873046875 0.00830078125 0.0068359375
0 0.17529296875 0.87353515625 0.005859375 0.0859375
10 0.19384765625 0.56591796875 0.0166015625 0.0458984375
22 0.78662109375 0.6318359375 0.00830078125 0.00390625
22 0.78662109375 0.5634765625 0.00830078125 0.00390625
22 0.25146484375 0.6318359375 0.00830078125 0.00390625
22 0.25146484375 0.5634765625 0.00830078125 0.00390625
1 0.193359375 0.90234375 0.017578125 0.02099609375
10 0.19384765625 0.8408203125 0.0166015625 0.0458984375
10 0.19384765625 0.7724609375 0.0166015625 0.0458984375
10 0.19384765625 0.70361328125 0.0166015625 0.0458984375
10 0.19384765625 0.634765625 0.0166015625 0.0458984375
11 0.369140625 0.7734375 0.00830078125 0.0068359375
11 0.369140625 0.7021484375 0.00830078125 0.0068359375
12 0.43701171875 0.7080078125 0.0087890625 0.0068359375
21 0.3681640625 0.8408203125 0.00634765625 0.01806640625
12 0.43701171875 0.779296875 0.0087890625 0.0068359375
11 0.3408203125 0.7021484375 0.00830078125 0.0068359375
21 0.33984375 0.634765625 0.00634765625 0.0185546875
21 0.33984375 0.56591796875 0.00634765625 0.0185546875
12 0.43701171875 0.8544921875 0.0087890625 0.0068359375
11 0.38671875 0.70458984375 0.00830078125 0.0068359375
21 0.3681640625 0.90283203125 0.00634765625 0.0185546875
12 0.43701171875 0.84228515625 0.0087890625 0.0068359375
12 0.43701171875 0.9013671875 0.0087890625 0.0068359375
12 0.31396484375 0.8984375 0.0087890625 0.0068359375
12 0.31396484375 0.83935546875 0.0087890625 0.0068359375
12 0.31396484375 0.84521484375 0.0087890625 0.0068359375
12 0.31396484375 0.85107421875 0.0087890625 0.0068359375
12 0.31396484375 0.7705078125 0.0087890625 0.0068359375
11 0.31396484375 0.69580078125 0.00830078125 0.0068359375
12 0.43701171875 0.84814453125 0.0087890625 0.0068359375