15 0.5712890625 0.8486328125 0.005859375 0.0087890625
8 0.53515625 0.8564453125 0.0048828125 0.01318359375
11 0.61865234375 0.318359375 0.005859375 0.00537109375
21 0.61767578125 0.943359375 0.0048828125 0.013671875
11 0.61865234375 0.896484375 0.005859375 0.00537109375
11 0.61865234375 0.84814453125 0.005859375 0.00537109375
11 0.61865234375 0.8017578125 0.005859375 0.00537109375
11 0.61865234375 0.75341796875 0.005859375 0.00537109375
11 0.61865234375 0.705078125 0.005859375 0.00537109375
11 0.61865234375 0.65673828125 0.005859375 0.00537109375
11 0.61865234375 0.51171875 0.005859375 0.00537109375
11 0.61865234375 0.357421875 0.005859375 0.00537109375
9 0.60205078125 0.74658203125 0.0068359375 0.01220703125
9 0.60205078125 0.3505859375 0.0068359375 0.01220703125
9 0.60205078125 0.3115234375 0.0068359375 0.01220703125
11 0.59912109375 0.755859375 0.00439453125 0.00390625
11 0.59912109375 0.70751953125 0.00439453125 0.00390625
11 0.59912109375 0.6591796875 0.00439453125 0.00390625
11 0.59912109375 0.513671875 0.00439453125 0.00390625
11 0.59912109375 0.35986328125 0.00439453125 0.00390625
11 0.59912109375 0.32080078125 0.00439453125 0.00390625
9 0.60205078125 0.6982421875 0.0068359375 0.01220703125
9 0.60205078125 0.64990234375 0.0068359375 0.01220703125
9 0.60205078125 0.5048828125 0.0068359375 0.01220703125
12 0.53564453125 0.2587890625 0.00634765625 0.00537109375
11 0.53564453125 0.6982421875 0.005859375 0.00537109375
11 0.53564453125 0.64990234375 0.005859375 0.00537109375
12 0.53564453125 0.615234375 0.00634765625 0.00537109375
12 0.53564453125 0.5625 0.00634765625 0.00537109375
11 0.53564453125 0.5048828125 0.005859375 0.00537109375
12 0.53564453125 0.4609375 0.00634765625 0.00537109375
12 0.53564453125 0.39892578125 0.00634765625 0.00537109375
11 0.53564453125 0.36669921875 0.005859375 0.00537109375
11 0.53564453125 0.3115234375 0.005859375 0.00537109375
12 0.53564453125 0.2060546875 0.00634765625 0.00537109375
12 0.53564453125 0.15283203125 0.00634765625 0.00537109375
12 0.53564453125 0.1044921875 0.00634765625 0.00537109375
12 0.53564453125 0.05615234375 0.00634765625 0.00537109375
11 0.4765625 0.38330078125 0.005859375 0.00537109375
11 0.4765625 0.84814453125 0.005859375 0.00537109375
11 0.4765625 0.5947265625 0.005859375 0.00537109375
11 0.4765625 0.55322265625 0.005859375 0.00537109375
11 0.4765625 0.44091796875 0.005859375 0.00537109375
11 0.4765625 0.23828125 0.005859375 0.00537109375
11 0.4765625 0.18994140625 0.005859375 0.00537109375
11 0.4765625 0.14404296875 0.005859375 0.00537109375
11 0.4765625 0.095703125 0.005859375 0.00537109375
11 0.4765625 0.04736328125 0.005859375 0.00537109375
11 0.53564453125 0.7626953125 0.005859375 0.00537109375
11 0.53564453125 0.94482421875 0.005859375 0.00537109375
21 0.53466796875 0.89501953125 0.0048828125 0.013671875
11 0.53564453125 0.84814453125 0.005859375 0.00537109375
11 0.53564453125 0.81103515625 0.005859375 0.00537109375
11 0.68994140625 0.71435546875 0.005859375 0.00537109375
11 0.68994140625 0.94482421875 0.005859375 0.00537109375
11 0.68994140625 0.896484375 0.005859375 0.00537109375
11 0.68994140625 0.84814453125 0.005859375 0.00537109375
11 0.68994140625 0.81103515625 0.005859375 0.00537109375
11 0.68994140625 0.7626953125 0.005859375 0.00537109375
11 0.68994140625 0.66552734375 0.005859375 0.00537109375
11 0.68994140625 0.60400390625 0.005859375 0.00537109375
11 0.68994140625 0.54638671875 0.005859375 0.00537109375
11 0.68994140625 0.5205078125 0.005859375 0.00537109375
11 0.68994140625 0.44970703125 0.005859375 0.00537109375
15 0.654296875 0.8486328125 0.005859375 0.0087890625
8 0.6181640625 0.8564453125 0.0048828125 0.01318359375
11 0.68994140625 0.18994140625 0.005859375 0.00537109375
11 0.68994140625 0.3876953125 0.005859375 0.00537109375
11 0.68994140625 0.36669921875 0.005859375 0.00537109375
11 0.68994140625 0.3271484375 0.005859375 0.00537109375
11 0.68994140625 0.24755859375 0.005859375 0.00537109375
11 0.68994140625 0.13720703125 0.005859375 0.00537109375
11 0.68994140625 0.0888671875 0.005859375 0.00537109375
11 0.68994140625 0.04052734375 0.005859375 0.00537109375
21 0.755859375 0.208984375 0.0048828125 0.01416015625
21 0.755859375 0.16064453125 0.0048828125 0.01416015625
21 0.755859375 0.1123046875 0.0048828125 0.01416015625
21 0.755859375 0.06396484375 0.0048828125 0.01416015625
21 0.755859375 0.25732421875 0.0048828125 0.01416015625
21 0.755859375 0.75 0.0048828125 0.013671875
21 0.755859375 0.943359375 0.0048828125 0.013671875
21 0.755859375 0.89501953125 0.0048828125 0.013671875
21 0.755859375 0.8466796875 0.0048828125 0.013671875
21 0.755859375 0.79833984375 0.0048828125 0.013671875
21 0.755859375 0.70166015625 0.0048828125 0.013671875
21 0.755859375 0.6533203125 0.0048828125 0.01416015625
21 0.755859375 0.60498046875 0.0048828125 0.01416015625
21 0.755859375 0.556640625 0.0048828125 0.01416015625
21 0.755859375 0.50830078125 0.0048828125 0.01416015625
21 0.755859375 0.4599609375 0.0048828125 0.01416015625
21 0.755859375 0.41162109375 0.0048828125 0.01416015625
21 0.755859375 0.3544921875 0.0048828125 0.013671875
21 0.755859375 0.30615234375 0.0048828125 0.01416015625
15 0.2578125 0.8486328125 0.005859375 0.0087890625
21 0.29296875 0.30615234375 0.0048828125 0.01416015625
11 0.2939453125 0.25439453125 0.005859375 0.00537109375
11 0.2939453125 0.2060546875 0.005859375 0.00537109375
11 0.2939453125 0.15966796875 0.005859375 0.00537109375
11 0.2939453125 0.111328125 0.005859375 0.00537109375
11 0.2939453125 0.06298828125 0.005859375 0.00537109375
21 0.29296875 0.3544921875 0.0048828125 0.013671875
11 0.2939453125 0.84814453125 0.005859375 0.00537109375
21 0.29296875 0.943359375 0.0048828125 0.013671875
11 0.2939453125 0.896484375 0.005859375 0.00537109375
21 0.29296875 0.79833984375 0.0048828125 0.013671875
21 0.29296875 0.75 0.0048828125 0.013671875
21 0.29296875 0.70166015625 0.0048828125 0.013671875
21 0.29296875 0.6533203125 0.0048828125 0.01416015625
11 0.2939453125 0.61083984375 0.005859375 0.00537109375
11 0.2939453125 0.56884765625 0.005859375 0.00537109375
21 0.29296875 0.50830078125 0.0048828125 0.01416015625
11 0.2939453125 0.45654296875 0.005859375 0.00537109375
11 0.2939453125 0.39892578125 0.005859375 0.00537109375
8 0.2216796875 0.8564453125 0.0048828125 0.01318359375
11 0.33056640625 0.392578125 0.005859375 0.00537109375
11 0.33056640625 0.24755859375 0.005859375 0.00537109375
11 0.33056640625 0.19921875 0.005859375 0.00537109375
11 0.33056640625 0.15283203125 0.005859375 0.00537109375
11 0.33056640625 0.05615234375 0.005859375 0.00537109375
10 0.1904296875 0.208984375 0.0126953125 0.03466796875
10 0.1904296875 0.16064453125 0.0126953125 0.03466796875
10 0.1904296875 0.1123046875 0.0126953125 0.03466796875
10 0.1904296875 0.06396484375 0.0126953125 0.03466796875
1 0.18994140625 0.35400390625 0.01318359375 0.015625
10 0.1904296875 0.4599609375 0.0126953125 0.03466796875
10 0.1904296875 0.41162109375 0.0126953125 0.03466796875
10 0.1904296875 0.30615234375 0.0126953125 0.03466796875
10 0.1904296875 0.25732421875 0.0126953125 0.03466796875
11 0.22216796875 0.64990234375 0.005859375 0.00537109375
11 0.22216796875 0.94482421875 0.005859375 0.00537109375
21 0.22119140625 0.89501953125 0.0048828125 0.013671875
11 0.22216796875 0.84814453125 0.005859375 0.00537109375
11 0.22216796875 0.81103515625 0.005859375 0.00537109375
11 0.22216796875 0.7626953125 0.005859375 0.00537109375
11 0.22216796875 0.6982421875 0.005859375 0.00537109375
11 0.22216796875 0.615234375 0.005859375 0.00537109375
11 0.22216796875 0.56201171875 0.005859375 0.00537109375
11 0.22216796875 0.5048828125 0.005859375 0.00537109375
11 0.22216796875 0.4609375 0.005859375 0.00537109375
11 0.22216796875 0.39892578125 0.005859375 0.00537109375
11 0.22216796875 0.36669921875 0.005859375 0.00537109375
11 0.22216796875 0.3115234375 0.005859375 0.00537109375
11 0.22216796875 0.2587890625 0.005859375 0.00537109375
11 0.22216796875 0.2060546875 0.005859375 0.00537109375
11 0.22216796875 0.15283203125 0.005859375 0.00537109375
1 0.18994140625 0.701171875 0.01318359375 0.015625
1 0.18994140625 0.65283203125 0.01318359375 0.015625
1 0.18994140625 0.75 0.01318359375 0.015625
10 0.1904296875 0.60498046875 0.0126953125 0.03466796875
10 0.1904296875 0.556640625 0.0126953125 0.03466796875
10 0.1904296875 0.50830078125 0.0126953125 0.03466796875
11 0.22216796875 0.1044921875 0.005859375 0.00537109375
11 0.22216796875 0.05615234375 0.005859375 0.00537109375
11 0.33056640625 0.1044921875 0.005859375 0.00537109375
1 0.18994140625 0.79833984375 0.01318359375 0.015625
11 0.439453125 0.10009765625 0.005859375 0.00537109375
11 0.439453125 0.0517578125 0.005859375 0.00537109375
11 0.439453125 0.1484375 0.005859375 0.00537109375
11 0.439453125 0.64990234375 0.005859375 0.00537109375
21 0.4384765625 0.943359375 0.0048828125 0.013671875
11 0.439453125 0.896484375 0.005859375 0.00537109375
11 0.439453125 0.84814453125 0.005859375 0.00537109375
11 0.439453125 0.7626953125 0.005859375 0.00537109375
11 0.439453125 0.6982421875 0.005859375 0.00537109375
11 0.439453125 0.59912109375 0.005859375 0.00537109375
11 0.439453125 0.5576171875 0.005859375 0.00537109375
11 0.439453125 0.5048828125 0.005859375 0.00537109375
11 0.439453125 0.4453125 0.005859375 0.00537109375
11 0.439453125 0.3876953125 0.005859375 0.00537109375
11 0.439453125 0.36669921875 0.005859375 0.00537109375
11 0.439453125 0.3115234375 0.005859375 0.00537109375
11 0.439453125 0.2431640625 0.005859375 0.00537109375
11 0.439453125 0.19482421875 0.005859375 0.00537109375
11 0.40234375 0.84814453125 0.005859375 0.00537109375
11 0.40234375 0.60400390625 0.005859375 0.00537109375
11 0.40234375 0.56201171875 0.005859375 0.00537109375
11 0.40234375 0.44970703125 0.005859375 0.00537109375
11 0.40234375 0.392578125 0.005859375 0.00537109375
11 0.40234375 0.24755859375 0.005859375 0.00537109375
11 0.40234375 0.19921875 0.005859375 0.00537109375
11 0.33056640625 0.44970703125 0.005859375 0.00537109375
11 0.40234375 0.1044921875 0.005859375 0.00537109375
11 0.40234375 0.05615234375 0.005859375 0.00537109375
11 0.40234375 0.15283203125 0.005859375 0.00537109375
11 0.36767578125 0.3876953125 0.005859375 0.00537109375
21 0.36669921875 0.3544921875 0.0048828125 0.013671875
21 0.36669921875 0.30615234375 0.0048828125 0.01416015625
11 0.36767578125 0.2431640625 0.005859375 0.00537109375
11 0.36767578125 0.19482421875 0.005859375 0.00537109375
11 0.36767578125 0.1484375 0.005859375 0.00537109375
11 0.36767578125 0.10009765625 0.005859375 0.00537109375
11 0.36767578125 0.0517578125 0.005859375 0.00537109375
11 0.36767578125 0.4453125 0.005859375 0.00537109375
11 0.36767578125 0.94482421875 0.005859375 0.00537109375
21 0.36669921875 0.89501953125 0.0048828125 0.013671875
15 0.3671875 0.8486328125 0.005859375 0.0087890625
19 0.36767578125 0.79833984375 0.005859375 0.0029296875
21 0.36669921875 0.75 0.0048828125 0.013671875
21 0.36669921875 0.70166015625 0.0048828125 0.013671875
21 0.36669921875 0.6533203125 0.0048828125 0.01416015625
11 0.36767578125 0.59912109375 0.005859375 0.00537109375
11 0.36767578125 0.5576171875 0.005859375 0.00537109375
21 0.36669921875 0.50830078125 0.0048828125 0.01416015625
11 0.33056640625 0.84814453125 0.005859375 0.00537109375
11 0.33056640625 0.60400390625 0.005859375 0.00537109375
11 0.33056640625 0.56201171875 0.005859375 0.00537109375