11 0.61767578125 0.1328125 0.00830078125 0.00732421875
11 0.61767578125 0.2607421875 0.00830078125 0.00732421875
11 0.61767578125 0.6162109375 0.00830078125 0.0068359375
11 0.5986328125 0.138671875 0.00830078125 0.0068359375
11 0.58154296875 0.6162109375 0.00830078125 0.0068359375
11 0.5986328125 0.2666015625 0.00830078125 0.0068359375
11 0.5986328125 0.6162109375 0.00830078125 0.0068359375
11 0.58154296875 0.24560546875 0.00830078125 0.0068359375
11 0.58154296875 0.11767578125 0.00830078125 0.0068359375
11 0.6728515625 0.32470703125 0.0078125 0.0068359375
11 0.6728515625 0.07177734375 0.0078125 0.0068359375
11 0.6728515625 0.138671875 0.0078125 0.0068359375
11 0.6728515625 0.2666015625 0.0078125 0.0068359375
11 0.6728515625 0.40673828125 0.0078125 0.0068359375
11 0.6728515625 0.6162109375 0.0078125 0.0068359375
11 0.6728515625 0.6650390625 0.0078125 0.0068359375
11 0.6728515625 0.85986328125 0.0078125 0.0068359375
11 0.63671875 0.12353515625 0.00830078125 0.0068359375
11 0.63671875 0.25146484375 0.00830078125 0.0068359375
11 0.63671875 0.6162109375 0.00830078125 0.0068359375
11 0.65576171875 0.11767578125 0.00830078125 0.0068359375
11 0.65576171875 0.24560546875 0.00830078125 0.0068359375
11 0.65576171875 0.6162109375 0.00830078125 0.0068359375
11 0.54345703125 0.1328125 0.00830078125 0.00732421875
11 0.54345703125 0.2607421875 0.00830078125 0.00732421875
11 0.54345703125 0.6162109375 0.00830078125 0.0068359375
11 0.5625 0.12353515625 0.00830078125 0.0068359375
11 0.5625 0.25146484375 0.00830078125 0.0068359375
11 0.5625 0.6162109375 0.00830078125 0.0068359375
11 0.80419921875 0.6162109375 0.00830078125 0.0068359375
11 0.80419921875 0.24560546875 0.00830078125 0.0068359375
11 0.78515625 0.12353515625 0.00830078125 0.0068359375
11 0.78515625 0.25146484375 0.00830078125 0.0068359375
11 0.78515625 0.6162109375 0.00830078125 0.0068359375
11 0.80419921875 0.11767578125 0.00830078125 0.0068359375
11 0.7109375 0.6162109375 0.00830078125 0.0068359375
11 0.7109375 0.25146484375 0.00830078125 0.0068359375
11 0.7109375 0.12353515625 0.00830078125 0.0068359375
11 0.72998046875 0.11767578125 0.00830078125 0.0068359375
11 0.72998046875 0.24560546875 0.00830078125 0.0068359375
11 0.72998046875 0.6162109375 0.00830078125 0.0068359375
11 0.69189453125 0.1328125 0.00830078125 0.00732421875
11 0.69189453125 0.2607421875 0.00830078125 0.00732421875
11 0.69189453125 0.6162109375 0.00830078125 0.0068359375
11 0.76611328125 0.1328125 0.00830078125 0.00732421875
11 0.76611328125 0.2607421875 0.00830078125 0.00732421875
11 0.76611328125 0.6162109375 0.00830078125 0.0068359375
11 0.74755859375 0.318359375 0.00830078125 0.0068359375
11 0.74755859375 0.0654296875 0.00830078125 0.0068359375
11 0.74755859375 0.138671875 0.00830078125 0.0068359375
11 0.74755859375 0.2666015625 0.00830078125 0.0068359375
11 0.74755859375 0.400390625 0.00830078125 0.0068359375
11 0.74755859375 0.6162109375 0.00830078125 0.0068359375
11 0.74755859375 0.6591796875 0.00830078125 0.0068359375
11 0.74755859375 0.85400390625 0.00830078125 0.00732421875
11 0.23779296875 0.61328125 0.00830078125 0.0068359375
11 0.23779296875 0.2578125 0.00830078125 0.0068359375
11 0.23779296875 0.12939453125 0.00830078125 0.0068359375
13 0.22021484375 0.93896484375 0.01123046875 0.00732421875
12 0.21923828125 0.8662109375 0.0087890625 0.0068359375
11 0.29296875 0.61328125 0.00830078125 0.0068359375
11 0.29296875 0.263671875 0.00830078125 0.0068359375
11 0.29296875 0.1357421875 0.00830078125 0.0068359375
11 0.31201171875 0.2578125 0.00830078125 0.0068359375
11 0.31201171875 0.61328125 0.00830078125 0.0068359375
11 0.31201171875 0.12939453125 0.00830078125 0.0068359375
11 0.2568359375 0.61328125 0.00830078125 0.0068359375
11 0.2568359375 0.25146484375 0.00830078125 0.0068359375
11 0.2568359375 0.12353515625 0.00830078125 0.0068359375
13 0.22021484375 0.73779296875 0.01123046875 0.0068359375
11 0.27587890625 0.11474609375 0.00830078125 0.0068359375
11 0.27587890625 0.24267578125 0.00830078125 0.0068359375
11 0.27587890625 0.61328125 0.00830078125 0.0068359375
22 0.35791015625 0.189453125 0.00830078125 0.00390625
22 0.666015625 0.8037109375 0.00830078125 0.00390625
22 0.666015625 0.462890625 0.00830078125 0.00390625
22 0.666015625 0.189453125 0.00830078125 0.00390625
22 0.35791015625 0.8037109375 0.00830078125 0.00390625
22 0.35791015625 0.462890625 0.00830078125 0.00390625
1 0.193359375 0.25244140625 0.017578125 0.02099609375
10 0.19384765625 0.1923828125 0.0166015625 0.0458984375
10 0.19384765625 0.13134765625 0.0166015625 0.0458984375
10 0.19384765625 0.06982421875 0.0166015625 0.0458984375
0 0.16796875 0.36083984375 0.005859375 0.0849609375
12 0.21923828125 0.07470703125 0.0087890625 0.0068359375
1 0.193359375 0.92822265625 0.017578125 0.02099609375
1 0.193359375 0.8671875 0.017578125 0.02099609375
13 0.22021484375 0.744140625 0.01123046875 0.0068359375
13 0.22021484375 0.75 0.01123046875 0.00732421875
12 0.21923828125 0.66796875 0.0087890625 0.0068359375
11 0.21875 0.61328125 0.00830078125 0.0068359375
13 0.22021484375 0.5400390625 0.01123046875 0.0068359375
12 0.21923828125 0.41259765625 0.0087890625 0.00732421875
12 0.21923828125 0.33056640625 0.0087890625 0.0068359375
11 0.21875 0.263671875 0.00830078125 0.0068359375
11 0.21875 0.1357421875 0.00830078125 0.0068359375
10 0.19384765625 0.5419921875 0.0166015625 0.0458984375
10 0.19384765625 0.4658203125 0.0166015625 0.04541015625
10 0.19384765625 0.39013671875 0.0166015625 0.0458984375
10 0.19384765625 0.3291015625 0.0166015625 0.0458984375
1 0.193359375 0.6083984375 0.017578125 0.02099609375
10 0.19384765625 0.6845703125 0.0166015625 0.0458984375
10 0.19384765625 0.74560546875 0.0166015625 0.0458984375
11 0.44189453125 0.85107421875 0.00830078125 0.0068359375
11 0.42431640625 0.61328125 0.00830078125 0.0068359375
11 0.42431640625 0.24267578125 0.00830078125 0.0068359375
11 0.42431640625 0.11474609375 0.00830078125 0.0068359375
11 0.44189453125 0.65625 0.00830078125 0.00732421875
11 0.44189453125 0.61328125 0.00830078125 0.0068359375
11 0.44189453125 0.3974609375 0.00830078125 0.0068359375
11 0.44189453125 0.3154296875 0.00830078125 0.0068359375
11 0.44189453125 0.263671875 0.00830078125 0.0068359375
11 0.44189453125 0.1357421875 0.00830078125 0.0068359375
11 0.44189453125 0.0625 0.00830078125 0.00732421875
11 0.49853515625 0.61328125 0.00830078125 0.0068359375
11 0.49853515625 0.24267578125 0.00830078125 0.0068359375
11 0.49853515625 0.11474609375 0.00830078125 0.0068359375
12 0.52490234375 0.33056640625 0.0087890625 0.0068359375
13 0.52587890625 0.92724609375 0.01123046875 0.00732421875
12 0.52490234375 0.8662109375 0.0087890625 0.0068359375
13 0.52587890625 0.7412109375 0.01123046875 0.00732421875
13 0.52587890625 0.7470703125 0.01123046875 0.00732421875
12 0.52490234375 0.6591796875 0.0087890625 0.0068359375
11 0.5244140625 0.6162109375 0.00830078125 0.0068359375
13 0.52587890625 0.54345703125 0.01123046875 0.00732421875
12 0.52490234375 0.41259765625 0.0087890625 0.00732421875
11 0.5244140625 0.2666015625 0.00830078125 0.0068359375
11 0.5244140625 0.138671875 0.00830078125 0.0068359375
12 0.52490234375 0.0654296875 0.0087890625 0.0068359375
11 0.46044921875 0.61328125 0.00830078125 0.0068359375
11 0.46044921875 0.2578125 0.00830078125 0.0068359375
11 0.46044921875 0.12939453125 0.00830078125 0.0068359375
11 0.4794921875 0.61328125 0.00830078125 0.0068359375
11 0.4794921875 0.25146484375 0.00830078125 0.0068359375
11 0.4794921875 0.12353515625 0.00830078125 0.0068359375
11 0.3671875 0.4033203125 0.0078125 0.0068359375
11 0.3671875 0.32177734375 0.0078125 0.0068359375
11 0.3671875 0.263671875 0.0078125 0.0068359375
11 0.3671875 0.1357421875 0.0078125 0.0068359375
11 0.3671875 0.068359375 0.0078125 0.0068359375
11 0.3671875 0.61328125 0.0078125 0.0068359375
11 0.3671875 0.662109375 0.0078125 0.0068359375
11 0.3671875 0.85693359375 0.0078125 0.0068359375
11 0.3310546875 0.12353515625 0.00830078125 0.0068359375
11 0.3310546875 0.25146484375 0.00830078125 0.0068359375
11 0.3310546875 0.61328125 0.00830078125 0.0068359375
11 0.35009765625 0.11474609375 0.00830078125 0.0068359375
11 0.35009765625 0.24267578125 0.00830078125 0.0068359375
11 0.35009765625 0.61328125 0.00830078125 0.0068359375
11 0.38623046875 0.12939453125 0.00830078125 0.0068359375
11 0.38623046875 0.2578125 0.00830078125 0.0068359375
11 0.38623046875 0.61328125 0.00830078125 0.0068359375
11 0.4052734375 0.12353515625 0.00830078125 0.0068359375
11 0.4052734375 0.25146484375 0.00830078125 0.0068359375
11 0.4052734375 0.61328125 0.00830078125 0.0068359375