3 0.54931640625 0.17578125 0.00732421875 0.03662109375
11 0.54296875 0.67578125 0.00830078125 0.0068359375
3 0.54931640625 0.45263671875 0.00732421875 0.03662109375
3 0.54931640625 0.658203125 0.00732421875 0.03662109375
11 0.54296875 0.47021484375 0.00830078125 0.0068359375
11 0.54296875 0.1962890625 0.00830078125 0.0068359375
21 0.5966796875 0.45068359375 0.00634765625 0.0185546875
21 0.5966796875 0.15625 0.00634765625 0.01806640625
21 0.5966796875 0.54931640625 0.00634765625 0.0185546875
21 0.5966796875 0.6474609375 0.00634765625 0.0185546875
11 0.59765625 0.84912109375 0.00830078125 0.0068359375
3 0.4462890625 0.646484375 0.0068359375 0.03662109375
11 0.4697265625 0.16943359375 0.00830078125 0.00732421875
11 0.439453125 0.1845703125 0.00830078125 0.0068359375
11 0.439453125 0.4580078125 0.00830078125 0.0068359375
15 0.439453125 0.55126953125 0.0078125 0.01171875
11 0.439453125 0.66357421875 0.00830078125 0.0068359375
15 0.439453125 0.826171875 0.0078125 0.01171875
11 0.4697265625 0.443359375 0.00830078125 0.0068359375
3 0.4462890625 0.1669921875 0.0068359375 0.03662109375
3 0.4462890625 0.44091796875 0.0068359375 0.03662109375
11 0.49951171875 0.17822265625 0.00830078125 0.0068359375
11 0.49951171875 0.4521484375 0.00830078125 0.0068359375
11 0.49951171875 0.65771484375 0.00830078125 0.0068359375
3 0.50634765625 0.1611328125 0.00732421875 0.03662109375
2 0.49951171875 0.47119140625 0.0078125 0.03271484375
3 0.50634765625 0.64013671875 0.00732421875 0.03662109375
11 0.4697265625 0.64892578125 0.00830078125 0.00732421875
3 0.4765625 0.15185546875 0.0068359375 0.03662109375
2 0.4697265625 0.462890625 0.00732421875 0.03271484375
2 0.4697265625 0.66748046875 0.00732421875 0.03271484375
15 0.8017578125 0.55126953125 0.0078125 0.01171875
15 0.8017578125 0.826171875 0.0078125 0.01171875
21 0.810546875 0.54931640625 0.00634765625 0.0185546875
21 0.810546875 0.82421875 0.00634765625 0.01806640625
19 0.81884765625 0.548828125 0.00830078125 0.00390625
14 0.79248046875 0.55419921875 0.0087890625 0.01708984375
14 0.79248046875 0.8291015625 0.0087890625 0.017578125
19 0.81884765625 0.82373046875 0.00830078125 0.00390625
11 0.646484375 0.84033203125 0.00830078125 0.0068359375
11 0.646484375 0.822265625 0.00830078125 0.00732421875
11 0.65576171875 0.84619140625 0.0078125 0.0068359375
11 0.67822265625 0.85546875 0.00830078125 0.0068359375
3 0.68505859375 0.837890625 0.0068359375 0.03662109375
3 0.6044921875 0.83203125 0.0068359375 0.03662109375
11 0.6279296875 0.84326171875 0.00830078125 0.00732421875
11 0.63720703125 0.822265625 0.00830078125 0.00732421875
22 0.75244140625 0.1533203125 0.00830078125 0.00390625
22 0.75244140625 0.4482421875 0.00830078125 0.00390625
11 0.751953125 0.5625 0.00830078125 0.0068359375
22 0.75244140625 0.64453125 0.00830078125 0.00390625
11 0.751953125 0.84326171875 0.00830078125 0.00732421875
7 0.7587890625 0.54833984375 0.0068359375 0.03125
7 0.7587890625 0.8291015625 0.0068359375 0.03125
11 0.7080078125 0.861328125 0.00830078125 0.0068359375
3 0.71484375 0.84375 0.0068359375 0.03662109375
15 0.74951171875 0.826171875 0.0078125 0.01171875
3 0.263671875 0.470703125 0.00732421875 0.03662109375
3 0.263671875 0.6669921875 0.00732421875 0.03662109375
3 0.263671875 0.83203125 0.00732421875 0.03662109375
11 0.2568359375 0.22021484375 0.00830078125 0.00732421875
11 0.2568359375 0.494140625 0.00830078125 0.0068359375
11 0.2568359375 0.69970703125 0.00830078125 0.0068359375
11 0.2568359375 0.84912109375 0.00830078125 0.0068359375
3 0.263671875 0.17578125 0.00732421875 0.03662109375
3 0.2939453125 0.66455078125 0.00732421875 0.03662109375
3 0.2939453125 0.458984375 0.00732421875 0.03662109375
11 0.3037109375 0.82861328125 0.00830078125 0.0068359375
11 0.287109375 0.47900390625 0.00830078125 0.0068359375
11 0.287109375 0.205078125 0.00830078125 0.00732421875
11 0.2939453125 0.2021484375 0.00830078125 0.0068359375
11 0.2939453125 0.47607421875 0.00830078125 0.00732421875
11 0.287109375 0.6845703125 0.00830078125 0.00732421875
11 0.2939453125 0.681640625 0.00830078125 0.0068359375
11 0.287109375 0.8525390625 0.00830078125 0.0068359375
3 0.2939453125 0.17578125 0.00732421875 0.03662109375
1 0.193359375 0.15576171875 0.017578125 0.02099609375
1 0.193359375 0.25390625 0.017578125 0.02099609375
22 0.5185546875 0.74267578125 0.00830078125 0.00390625
1 0.193359375 0.4501953125 0.017578125 0.02099609375
1 0.193359375 0.548828125 0.017578125 0.02099609375
0 0.17529296875 0.7861328125 0.00634765625 0.103515625
22 0.5185546875 0.0546875 0.00830078125 0.00390625
22 0.5185546875 0.25146484375 0.00830078125 0.00390625
22 0.5185546875 0.35546875 0.00830078125 0.00390625
3 0.23388671875 0.17578125 0.0068359375 0.03662109375
3 0.23388671875 0.470703125 0.0068359375 0.03662109375
6 0.22705078125 0.5546875 0.00732421875 0.02685546875
3 0.23388671875 0.6669921875 0.0068359375 0.03662109375
3 0.23388671875 0.82275390625 0.0068359375 0.03662109375
1 0.193359375 0.7451171875 0.017578125 0.02099609375
1 0.193359375 0.82373046875 0.017578125 0.02099609375
11 0.22705078125 0.21435546875 0.00830078125 0.0068359375
11 0.22705078125 0.48779296875 0.00830078125 0.0068359375
11 0.22705078125 0.53857421875 0.00830078125 0.0068359375
11 0.22705078125 0.693359375 0.00830078125 0.0068359375
11 0.22705078125 0.84033203125 0.00830078125 0.0068359375
11 0.39306640625 0.6904296875 0.00830078125 0.0068359375
11 0.3837890625 0.85546875 0.00830078125 0.0068359375
11 0.39306640625 0.2109375 0.00830078125 0.0068359375
11 0.39306640625 0.19921875 0.00830078125 0.0068359375
11 0.39306640625 0.4853515625 0.00830078125 0.0068359375
11 0.39306640625 0.47314453125 0.00830078125 0.0068359375
11 0.39306640625 0.6787109375 0.00830078125 0.0068359375
11 0.3720703125 0.84619140625 0.00830078125 0.0068359375
11 0.41552734375 0.19921875 0.00830078125 0.0068359375
11 0.41552734375 0.47314453125 0.00830078125 0.0068359375
11 0.41552734375 0.6787109375 0.00830078125 0.0068359375
11 0.404296875 0.693359375 0.00830078125 0.0068359375
11 0.404296875 0.21435546875 0.00830078125 0.0068359375
11 0.404296875 0.48779296875 0.00830078125 0.0068359375
11 0.34228515625 0.53564453125 0.0078125 0.0068359375
11 0.34228515625 0.21435546875 0.0078125 0.0068359375
11 0.34228515625 0.48779296875 0.0078125 0.0068359375
11 0.34228515625 0.693359375 0.0078125 0.0068359375
11 0.34228515625 0.8525390625 0.0078125 0.0068359375
3 0.34912109375 0.17578125 0.0068359375 0.03662109375
3 0.34912109375 0.470703125 0.0068359375 0.03662109375
11 0.318359375 0.83740234375 0.00830078125 0.0068359375
11 0.318359375 0.82861328125 0.00830078125 0.0068359375
3 0.34912109375 0.6669921875 0.0068359375 0.03662109375
3 0.34912109375 0.8349609375 0.0068359375 0.03662109375
6 0.34228515625 0.5517578125 0.00732421875 0.02734375