14 0.5263671875 0.8349609375 0.0087890625 0.01708984375
3 0.53271484375 0.271484375 0.0068359375 0.03662109375
14 0.5263671875 0.56396484375 0.0087890625 0.01708984375
14 0.5263671875 0.06396484375 0.0087890625 0.01708984375
14 0.5263671875 0.16064453125 0.0087890625 0.017578125
11 0.52587890625 0.30419921875 0.00830078125 0.0068359375
11 0.60791015625 0.04833984375 0.00830078125 0.00732421875
11 0.60791015625 0.15966796875 0.00830078125 0.0068359375
15 0.60791015625 0.25390625 0.0078125 0.01171875
11 0.60791015625 0.47998046875 0.00830078125 0.0068359375
11 0.60791015625 0.79248046875 0.00830078125 0.0068359375
11 0.5576171875 0.31005859375 0.00830078125 0.00732421875
3 0.564453125 0.271484375 0.0068359375 0.03662109375
11 0.478515625 0.27099609375 0.00830078125 0.0068359375
6 0.43505859375 0.8203125 0.00732421875 0.02734375
11 0.48974609375 0.05126953125 0.00830078125 0.0068359375
11 0.46630859375 0.2919921875 0.00830078125 0.0068359375
11 0.5009765625 0.294921875 0.00830078125 0.0068359375
11 0.51171875 0.04541015625 0.00830078125 0.0068359375
11 0.51171875 0.15673828125 0.00830078125 0.0068359375
11 0.51171875 0.47705078125 0.00830078125 0.00732421875
11 0.51171875 0.78955078125 0.00830078125 0.00732421875
11 0.48974609375 0.16259765625 0.00830078125 0.0068359375
11 0.48974609375 0.2890625 0.00830078125 0.00732421875
11 0.48974609375 0.27099609375 0.00830078125 0.0068359375
11 0.48974609375 0.48291015625 0.00830078125 0.0068359375
11 0.48974609375 0.79541015625 0.00830078125 0.0068359375
19 0.79296875 0.25146484375 0.00830078125 0.00390625
15 0.74609375 0.25390625 0.0078125 0.01171875
21 0.767578125 0.251953125 0.00634765625 0.0185546875
14 0.72607421875 0.2568359375 0.0087890625 0.01708984375
11 0.6201171875 0.48876953125 0.00830078125 0.0068359375
11 0.6201171875 0.05712890625 0.00830078125 0.0068359375
11 0.6201171875 0.16845703125 0.00830078125 0.00732421875
11 0.6201171875 0.80126953125 0.00830078125 0.0068359375
22 0.673828125 0.05615234375 0.00830078125 0.00390625
22 0.673828125 0.15234375 0.00830078125 0.00390625
11 0.673828125 0.2919921875 0.00830078125 0.0068359375
22 0.673828125 0.55615234375 0.00830078125 0.00390625
22 0.673828125 0.82666015625 0.00830078125 0.00390625
7 0.68017578125 0.26904296875 0.00732421875 0.03125
14 0.65380859375 0.8349609375 0.0087890625 0.01708984375
14 0.65380859375 0.06396484375 0.0087890625 0.01708984375
14 0.65380859375 0.16064453125 0.0087890625 0.017578125
14 0.65380859375 0.56396484375 0.0087890625 0.01708984375
3 0.26513671875 0.271484375 0.00732421875 0.03662109375
6 0.22705078125 0.546875 0.00732421875 0.02734375
6 0.22705078125 0.8173828125 0.00732421875 0.02734375
11 0.25830078125 0.2978515625 0.00830078125 0.0068359375
11 0.3017578125 0.27734375 0.00830078125 0.0068359375
11 0.31298828125 0.06298828125 0.00830078125 0.00732421875
6 0.43505859375 0.546875 0.00732421875 0.02734375
11 0.31298828125 0.2861328125 0.00830078125 0.0068359375
11 0.31298828125 0.27734375 0.00830078125 0.0068359375
11 0.31298828125 0.49462890625 0.00830078125 0.0068359375
11 0.31298828125 0.80712890625 0.00830078125 0.0068359375
11 0.28955078125 0.04833984375 0.00830078125 0.00732421875
11 0.28955078125 0.15966796875 0.00830078125 0.0068359375
11 0.28955078125 0.30078125 0.00830078125 0.0068359375
11 0.28955078125 0.47998046875 0.00830078125 0.0068359375
11 0.28955078125 0.79248046875 0.00830078125 0.0068359375
1 0.193359375 0.15478515625 0.017578125 0.02099609375
22 0.515625 0.3515625 0.00830078125 0.00390625
22 0.515625 0.4423828125 0.00830078125 0.00390625
22 0.515625 0.65283203125 0.00830078125 0.00390625
22 0.515625 0.7490234375 0.00830078125 0.00390625
1 0.193359375 0.25146484375 0.017578125 0.02099609375
1 0.193359375 0.44482421875 0.017578125 0.02099609375
0 0.17529296875 0.79248046875 0.00634765625 0.1025390625
6 0.22705078125 0.05859375 0.00732421875 0.02734375
11 0.22705078125 0.0419921875 0.00830078125 0.00732421875
11 0.22705078125 0.15380859375 0.00830078125 0.00732421875
11 0.22705078125 0.2890625 0.00830078125 0.00732421875
11 0.22705078125 0.47412109375 0.00830078125 0.0068359375
11 0.22705078125 0.7861328125 0.00830078125 0.0068359375
6 0.22705078125 0.169921875 0.00732421875 0.02734375
3 0.23388671875 0.271484375 0.0068359375 0.03662109375
1 0.193359375 0.55859375 0.017578125 0.02099609375
11 0.31298828125 0.17431640625 0.00830078125 0.0068359375
1 0.193359375 0.75146484375 0.017578125 0.02099609375
1 0.193359375 0.8291015625 0.017578125 0.02099609375
15 0.412109375 0.06103515625 0.0078125 0.01171875
15 0.412109375 0.1572265625 0.0078125 0.01171875
15 0.412109375 0.25390625 0.0078125 0.01171875
11 0.38232421875 0.30419921875 0.00830078125 0.0068359375
11 0.43505859375 0.171875 0.00830078125 0.0068359375
11 0.43505859375 0.2978515625 0.00830078125 0.0068359375
11 0.43505859375 0.49169921875 0.00830078125 0.00732421875
11 0.43505859375 0.80419921875 0.00830078125 0.00732421875
6 0.43505859375 0.07568359375 0.00732421875 0.02734375
11 0.43505859375 0.06005859375 0.00830078125 0.0068359375
7 0.44189453125 0.1572265625 0.0068359375 0.03125
3 0.44189453125 0.271484375 0.0068359375 0.03662109375
15 0.412109375 0.56103515625 0.0078125 0.01171875
15 0.412109375 0.83154296875 0.0078125 0.01171875
3 0.3466796875 0.271484375 0.00732421875 0.03662109375
11 0.33984375 0.4677734375 0.00830078125 0.0068359375
11 0.33984375 0.0361328125 0.00830078125 0.0068359375
11 0.33984375 0.14794921875 0.00830078125 0.00732421875
11 0.33984375 0.30078125 0.00830078125 0.0068359375
11 0.33984375 0.7802734375 0.00830078125 0.0068359375
11 0.37109375 0.294921875 0.00830078125 0.0068359375