11 0.67724609375 0.35986328125 0.00830078125 0.0068359375
11 0.64794921875 0.38671875 0.0078125 0.00732421875
11 0.66162109375 0.38671875 0.00830078125 0.00732421875
11 0.560546875 0.37158203125 0.00830078125 0.0068359375
11 0.58056640625 0.375 0.0078125 0.0068359375
11 0.5400390625 0.37158203125 0.00830078125 0.0068359375
11 0.62890625 0.37158203125 0.00830078125 0.0068359375
11 0.61474609375 0.375 0.00830078125 0.0068359375
11 0.599609375 0.380859375 0.00830078125 0.0068359375
11 0.81005859375 0.37158203125 0.0078125 0.0068359375
22 0.36328125 0.1396484375 0.00830078125 0.00390625
22 0.54736328125 0.1396484375 0.00830078125 0.00390625
22 0.54736328125 0.220703125 0.00830078125 0.00390625
22 0.54736328125 0.30126953125 0.00830078125 0.00390625
11 0.7412109375 0.37158203125 0.00830078125 0.0068359375
11 0.72119140625 0.37158203125 0.00830078125 0.0068359375
11 0.69580078125 0.36865234375 0.00830078125 0.0068359375
11 0.7958984375 0.375 0.00830078125 0.0068359375
11 0.78076171875 0.380859375 0.00830078125 0.0068359375
11 0.76171875 0.375 0.00830078125 0.0068359375
11 0.333984375 0.36865234375 0.00830078125 0.0068359375
11 0.31494140625 0.35986328125 0.0078125 0.0068359375
11 0.29931640625 0.380859375 0.00830078125 0.0068359375
11 0.3994140625 0.375 0.00830078125 0.0068359375
11 0.37890625 0.37158203125 0.00830078125 0.0068359375
11 0.35888671875 0.37158203125 0.00830078125 0.0068359375
10 0.2431640625 0.22314453125 0.0166015625 0.0458984375
10 0.2431640625 0.142578125 0.0166015625 0.0458984375
22 0.728515625 0.30126953125 0.00830078125 0.00390625
22 0.728515625 0.220703125 0.00830078125 0.00390625
22 0.728515625 0.1396484375 0.00830078125 0.00390625
22 0.36328125 0.30126953125 0.00830078125 0.00390625
22 0.36328125 0.220703125 0.00830078125 0.00390625
10 0.2431640625 0.38525390625 0.0166015625 0.0458984375
11 0.28564453125 0.380859375 0.00830078125 0.0068359375
10 0.2431640625 0.30419921875 0.0166015625 0.0458984375
11 0.5146484375 0.36865234375 0.00830078125 0.0068359375
11 0.49609375 0.35986328125 0.00830078125 0.0068359375
11 0.48046875 0.3837890625 0.00830078125 0.0068359375
11 0.44775390625 0.37158203125 0.00830078125 0.0068359375
11 0.41845703125 0.380859375 0.00830078125 0.0068359375
11 0.43359375 0.375 0.0078125 0.0068359375
11 0.46630859375 0.3837890625 0.00830078125 0.0068359375
11 0.6748046875 0.865234375 0.0078125 0.0068359375
11 0.6748046875 0.79931640625 0.0078125 0.0068359375
11 0.6533203125 0.8564453125 0.00830078125 0.0068359375
11 0.6533203125 0.79931640625 0.00830078125 0.0068359375
11 0.63671875 0.8798828125 0.00830078125 0.0068359375
11 0.57080078125 0.87744140625 0.00830078125 0.0068359375
11 0.57080078125 0.79638671875 0.00830078125 0.0068359375
11 0.54931640625 0.87109375 0.00830078125 0.0068359375
11 0.54931640625 0.79638671875 0.00830078125 0.0068359375
11 0.6220703125 0.8798828125 0.00830078125 0.0068359375
11 0.6220703125 0.79931640625 0.00830078125 0.0068359375
11 0.6015625 0.8681640625 0.00830078125 0.00732421875
11 0.58642578125 0.87109375 0.00830078125 0.0068359375
11 0.58642578125 0.79638671875 0.00830078125 0.0068359375
11 0.80908203125 0.8681640625 0.00830078125 0.00732421875
11 0.7939453125 0.87109375 0.00830078125 0.0068359375
11 0.7939453125 0.79931640625 0.00830078125 0.0068359375
22 0.5078125 0.6357421875 0.00830078125 0.00390625
22 0.5078125 0.716796875 0.00830078125 0.00390625
11 0.734375 0.8681640625 0.00830078125 0.00732421875
11 0.734375 0.79931640625 0.00830078125 0.0068359375
11 0.7119140625 0.8681640625 0.00830078125 0.00732421875
11 0.7119140625 0.79931640625 0.00830078125 0.0068359375
11 0.68994140625 0.79931640625 0.00830078125 0.0068359375
11 0.7783203125 0.87744140625 0.00830078125 0.0068359375
11 0.7783203125 0.79931640625 0.00830078125 0.0068359375
11 0.7568359375 0.87109375 0.00830078125 0.0068359375
11 0.7568359375 0.79931640625 0.00830078125 0.0068359375
11 0.3193359375 0.8681640625 0.00830078125 0.00732421875
11 0.29736328125 0.8681640625 0.00830078125 0.00732421875
11 0.2705078125 0.865234375 0.00830078125 0.0068359375
11 0.24951171875 0.8564453125 0.00830078125 0.0068359375
11 0.39404296875 0.8681640625 0.00830078125 0.00732421875
11 0.37890625 0.87109375 0.00830078125 0.0068359375
11 0.36279296875 0.87744140625 0.00830078125 0.0068359375
11 0.341796875 0.87109375 0.00830078125 0.0068359375
22 0.30224609375 0.7978515625 0.00830078125 0.00390625
10 0.19287109375 0.638671875 0.0166015625 0.0458984375
22 0.71533203125 0.716796875 0.00830078125 0.00390625
22 0.71533203125 0.6357421875 0.00830078125 0.00390625
10 0.19287109375 0.7197265625 0.0166015625 0.0458984375
22 0.30224609375 0.716796875 0.00830078125 0.00390625
22 0.30224609375 0.6357421875 0.00830078125 0.00390625
11 0.2333984375 0.88623046875 0.00830078125 0.0068359375
11 0.21826171875 0.88623046875 0.00830078125 0.0068359375
10 0.19287109375 0.8818359375 0.0166015625 0.0458984375
10 0.19287109375 0.80078125 0.0166015625 0.0458984375
11 0.46728515625 0.865234375 0.00830078125 0.0068359375
11 0.482421875 0.79638671875 0.00830078125 0.0068359375
11 0.46728515625 0.79638671875 0.00830078125 0.0068359375
11 0.44580078125 0.8564453125 0.00830078125 0.0068359375
11 0.52685546875 0.8681640625 0.00830078125 0.00732421875
11 0.52685546875 0.79638671875 0.00830078125 0.0068359375
11 0.5048828125 0.8681640625 0.00830078125 0.00732421875
11 0.5048828125 0.79638671875 0.00830078125 0.0068359375
11 0.41455078125 0.87744140625 0.00830078125 0.0068359375
11 0.4296875 0.87744140625 0.00830078125 0.0068359375
11 0.41455078125 0.79638671875 0.00830078125 0.0068359375
11 0.44580078125 0.79638671875 0.00830078125 0.0068359375