11 0.529296875 0.07861328125 0.00830078125 0.0068359375
11 0.65283203125 0.060546875 0.00830078125 0.0068359375
11 0.63720703125 0.0576171875 0.00830078125 0.0068359375
11 0.62158203125 0.0546875 0.00830078125 0.0068359375
12 0.52978515625 0.205078125 0.0087890625 0.0068359375
12 0.52978515625 0.1201171875 0.0087890625 0.0068359375
12 0.52978515625 0.1259765625 0.0087890625 0.0068359375
12 0.52197265625 0.12890625 0.0087890625 0.0068359375
12 0.52978515625 0.13818359375 0.0087890625 0.0068359375
11 0.529296875 0.0634765625 0.00830078125 0.0068359375
12 0.60595703125 0.19921875 0.0087890625 0.0068359375
12 0.60595703125 0.1142578125 0.0087890625 0.0068359375
12 0.60595703125 0.1201171875 0.0087890625 0.0068359375
12 0.60595703125 0.1259765625 0.0087890625 0.0068359375
12 0.60595703125 0.1318359375 0.0087890625 0.0068359375
11 0.60595703125 0.05126953125 0.00830078125 0.0068359375
11 0.58349609375 0.060546875 0.00830078125 0.0068359375
11 0.56591796875 0.06640625 0.00830078125 0.00732421875
11 0.7998046875 0.06640625 0.00830078125 0.00732421875
11 0.7841796875 0.0693359375 0.00830078125 0.0068359375
12 0.724609375 0.1142578125 0.0087890625 0.0068359375
12 0.724609375 0.1201171875 0.0087890625 0.0068359375
12 0.71630859375 0.123046875 0.0087890625 0.0068359375
12 0.724609375 0.12890625 0.0087890625 0.0068359375
11 0.72412109375 0.072265625 0.0078125 0.0068359375
11 0.7001953125 0.0693359375 0.00830078125 0.0068359375
12 0.724609375 0.19287109375 0.0087890625 0.0068359375
11 0.6845703125 0.06640625 0.00830078125 0.00732421875
11 0.6689453125 0.0634765625 0.00830078125 0.0068359375
11 0.76806640625 0.0693359375 0.00830078125 0.0068359375
11 0.75244140625 0.0693359375 0.00830078125 0.0068359375
11 0.27783203125 0.072265625 0.0078125 0.0068359375
11 0.30810546875 0.0634765625 0.00830078125 0.0068359375
9 0.259765625 0.06103515625 0.00927734375 0.01611328125
11 0.255859375 0.072265625 0.005859375 0.00537109375
12 0.35107421875 0.1142578125 0.0087890625 0.0068359375
12 0.35107421875 0.1201171875 0.0087890625 0.0068359375
12 0.34326171875 0.123046875 0.0087890625 0.0068359375
12 0.35107421875 0.12890625 0.0087890625 0.0068359375
11 0.3505859375 0.072265625 0.00830078125 0.0068359375
9 0.33251953125 0.06103515625 0.00927734375 0.01611328125
11 0.3291015625 0.072265625 0.005859375 0.00537109375
1 0.193359375 0.1328125 0.017578125 0.02099609375
10 0.19384765625 0.0712890625 0.0166015625 0.0458984375
1 0.193359375 0.2001953125 0.017578125 0.02099609375
0 0.17529296875 0.103515625 0.005859375 0.08642578125
12 0.23828125 0.1201171875 0.0087890625 0.0068359375
12 0.23828125 0.19921875 0.0087890625 0.0068359375
12 0.23828125 0.1142578125 0.0087890625 0.0068359375
12 0.35107421875 0.19287109375 0.0087890625 0.0068359375
12 0.23828125 0.1259765625 0.0087890625 0.0068359375
12 0.23828125 0.1318359375 0.0087890625 0.0068359375
15 0.23828125 0.06103515625 0.0078125 0.01171875
9 0.4541015625 0.0478515625 0.00927734375 0.01611328125
11 0.4501953125 0.0576171875 0.005859375 0.00537109375
12 0.4658203125 0.12890625 0.0087890625 0.0068359375
11 0.46533203125 0.0634765625 0.00830078125 0.0068359375
11 0.46533203125 0.0546875 0.00830078125 0.0068359375
12 0.4658203125 0.134765625 0.0087890625 0.00732421875
12 0.4658203125 0.123046875 0.0087890625 0.0068359375
12 0.4658203125 0.1171875 0.0087890625 0.0068359375
12 0.4658203125 0.2021484375 0.0087890625 0.00732421875
11 0.380859375 0.060546875 0.00830078125 0.0068359375
11 0.49755859375 0.060546875 0.00830078125 0.0068359375
11 0.49755859375 0.05126953125 0.00830078125 0.0068359375
11 0.42333984375 0.072265625 0.00830078125 0.0068359375
9 0.4052734375 0.06103515625 0.00927734375 0.01611328125
11 0.4013671875 0.072265625 0.005859375 0.00537109375
12 0.62451171875 0.35986328125 0.0087890625 0.0068359375
11 0.62451171875 0.28857421875 0.00830078125 0.00732421875
12 0.62451171875 0.341796875 0.0087890625 0.0068359375
12 0.62451171875 0.35400390625 0.0087890625 0.0068359375
12 0.62451171875 0.34814453125 0.0087890625 0.0068359375
12 0.62451171875 0.42724609375 0.0087890625 0.0068359375
11 0.6396484375 0.28564453125 0.00830078125 0.0068359375
11 0.55078125 0.28271484375 0.00830078125 0.0068359375
11 0.53173828125 0.28271484375 0.0078125 0.0068359375
11 0.5078125 0.294921875 0.00830078125 0.00732421875
11 0.6025390625 0.28564453125 0.0078125 0.0068359375
11 0.58740234375 0.28271484375 0.00830078125 0.0068359375
11 0.568359375 0.28271484375 0.00830078125 0.0068359375
11 0.80078125 0.27392578125 0.00830078125 0.00732421875
9 0.78271484375 0.26416015625 0.00927734375 0.01611328125
11 0.779296875 0.27392578125 0.005859375 0.00537109375
11 0.76220703125 0.28271484375 0.00830078125 0.0068359375
11 0.67626953125 0.28271484375 0.00830078125 0.0068359375
21 0.68994140625 0.29052734375 0.00634765625 0.01806640625
15 0.71923828125 0.29248046875 0.0078125 0.01171875
11 0.65869140625 0.28271484375 0.00830078125 0.0068359375
11 0.7412109375 0.27685546875 0.00830078125 0.0068359375
12 0.7197265625 0.43017578125 0.0087890625 0.0068359375
12 0.7197265625 0.34521484375 0.0087890625 0.0068359375
12 0.7197265625 0.35107421875 0.0087890625 0.00732421875
12 0.7119140625 0.35400390625 0.0087890625 0.0068359375
12 0.7197265625 0.36279296875 0.0087890625 0.0068359375
11 0.30712890625 0.3037109375 0.00830078125 0.0068359375
12 0.27783203125 0.42724609375 0.0087890625 0.0068359375
12 0.27783203125 0.34521484375 0.0087890625 0.0068359375
12 0.27783203125 0.35107421875 0.0087890625 0.00732421875
12 0.27783203125 0.35986328125 0.0087890625 0.0068359375
11 0.27734375 0.3037109375 0.00830078125 0.0068359375
11 0.3388671875 0.28564453125 0.00830078125 0.0068359375
11 0.35888671875 0.28564453125 0.00830078125 0.0068359375
11 0.32373046875 0.28857421875 0.00830078125 0.00732421875
1 0.193359375 0.35791015625 0.017578125 0.02099609375
10 0.19384765625 0.30224609375 0.0166015625 0.0458984375
0 0.17529296875 0.33154296875 0.005859375 0.0810546875
12 0.23974609375 0.35400390625 0.0087890625 0.0068359375
12 0.23974609375 0.42724609375 0.0087890625 0.0068359375
12 0.23974609375 0.341796875 0.0087890625 0.0068359375
12 0.23193359375 0.34521484375 0.0087890625 0.0068359375
12 0.23974609375 0.35986328125 0.0087890625 0.0068359375
12 0.23974609375 0.30078125 0.0087890625 0.0068359375
1 0.193359375 0.42529296875 0.017578125 0.02099609375
11 0.4775390625 0.294921875 0.00830078125 0.00732421875
11 0.41015625 0.28857421875 0.00830078125 0.00732421875
11 0.39501953125 0.28564453125 0.00830078125 0.0068359375
11 0.45703125 0.28857421875 0.00830078125 0.00732421875
11 0.4404296875 0.294921875 0.00830078125 0.00732421875
11 0.42529296875 0.2919921875 0.00830078125 0.0068359375
12 0.38037109375 0.423828125 0.0087890625 0.0068359375
12 0.48681640625 0.34814453125 0.0087890625 0.0068359375
12 0.49462890625 0.34521484375 0.0087890625 0.0068359375
12 0.49462890625 0.3388671875 0.0087890625 0.0068359375
12 0.38037109375 0.3388671875 0.0087890625 0.0068359375
12 0.49462890625 0.41796875 0.0087890625 0.00732421875
12 0.38037109375 0.34521484375 0.0087890625 0.0068359375
12 0.38037109375 0.35107421875 0.0087890625 0.00732421875
12 0.38037109375 0.35693359375 0.0087890625 0.0068359375
11 0.38037109375 0.28271484375 0.00830078125 0.0068359375
11 0.494140625 0.28857421875 0.00830078125 0.00732421875
12 0.49462890625 0.35400390625 0.0087890625 0.0068359375
12 0.6689453125 0.52880859375 0.0087890625 0.0068359375
12 0.6611328125 0.53173828125 0.0087890625 0.0068359375
12 0.6611328125 0.53759765625 0.0087890625 0.0068359375
13 0.60009765625 0.57568359375 0.01123046875 0.00732421875
13 0.60009765625 0.58203125 0.01123046875 0.00732421875
12 0.59912109375 0.52587890625 0.0087890625 0.0068359375
12 0.59912109375 0.53173828125 0.0087890625 0.0068359375
12 0.59912109375 0.53759765625 0.0087890625 0.0068359375
13 0.60009765625 0.56982421875 0.01123046875 0.0068359375
8 0.5546875 0.53759765625 0.00634765625 0.017578125
11 0.55517578125 0.52587890625 0.00830078125 0.00732421875
13 0.60009765625 0.56396484375 0.01123046875 0.0068359375
13 0.60009765625 0.64892578125 0.01123046875 0.00732421875
13 0.74072265625 0.64892578125 0.01123046875 0.00732421875
13 0.74072265625 0.56396484375 0.01123046875 0.0068359375
13 0.74072265625 0.56982421875 0.01123046875 0.0068359375
13 0.74072265625 0.57568359375 0.01123046875 0.00732421875
13 0.74072265625 0.58203125 0.01123046875 0.00732421875
13 0.74951171875 0.52880859375 0.01123046875 0.0068359375
13 0.74072265625 0.53173828125 0.01123046875 0.00732421875
13 0.74072265625 0.53759765625 0.01123046875 0.0068359375
11 0.29248046875 0.5107421875 0.00830078125 0.00732421875
11 0.29248046875 0.5048828125 0.00830078125 0.0068359375
12 0.23828125 0.6494140625 0.0087890625 0.0068359375
12 0.23828125 0.56396484375 0.0087890625 0.0068359375
12 0.23828125 0.56982421875 0.0087890625 0.0068359375
12 0.3037109375 0.57275390625 0.0087890625 0.0068359375
12 0.3115234375 0.64306640625 0.0087890625 0.0068359375
12 0.3115234375 0.56396484375 0.0087890625 0.0068359375
12 0.3115234375 0.56982421875 0.0087890625 0.0068359375
12 0.23828125 0.576171875 0.0087890625 0.0068359375
12 0.3115234375 0.5791015625 0.0087890625 0.0068359375
10 0.19384765625 0.52734375 0.0166015625 0.0458984375
0 0.17529296875 0.556640625 0.005859375 0.08154296875
12 0.23828125 0.58203125 0.0087890625 0.0068359375
11 0.23828125 0.4990234375 0.00830078125 0.0068359375
1 0.193359375 0.650390625 0.017578125 0.02099609375
1 0.193359375 0.5830078125 0.017578125 0.02099609375
11 0.443359375 0.52587890625 0.00830078125 0.00732421875
11 0.443359375 0.53173828125 0.00830078125 0.0068359375
11 0.498046875 0.53173828125 0.00830078125 0.0068359375
12 0.498046875 0.65185546875 0.0087890625 0.0068359375
12 0.498046875 0.56982421875 0.0087890625 0.0068359375
12 0.498046875 0.576171875 0.0087890625 0.0068359375
12 0.498046875 0.5849609375 0.0087890625 0.0068359375
11 0.498046875 0.53759765625 0.00830078125 0.0068359375
11 0.34814453125 0.52001953125 0.00830078125 0.0068359375
11 0.4091796875 0.52001953125 0.00830078125 0.0068359375
12 0.4091796875 0.5849609375 0.0087890625 0.0068359375
12 0.4091796875 0.5791015625 0.0087890625 0.0068359375
12 0.4013671875 0.56982421875 0.0087890625 0.0068359375
12 0.4091796875 0.5673828125 0.0087890625 0.0068359375
12 0.4091796875 0.65185546875 0.0087890625 0.0068359375
8 0.408203125 0.53173828125 0.00634765625 0.017578125