11 0.630859375 0.33642578125 0.00830078125 0.0068359375
11 0.630859375 0.06201171875 0.00830078125 0.0068359375
12 0.673828125 0.068359375 0.0087890625 0.0068359375
12 0.673828125 0.1376953125 0.0087890625 0.0068359375
12 0.673828125 0.2041015625 0.0087890625 0.0068359375
12 0.673828125 0.26123046875 0.0087890625 0.0068359375
12 0.673828125 0.3798828125 0.0087890625 0.0068359375
12 0.673828125 0.39208984375 0.0087890625 0.0068359375
12 0.673828125 0.34228515625 0.0087890625 0.0068359375
12 0.556640625 0.39794921875 0.0087890625 0.0068359375
12 0.60595703125 0.140625 0.0087890625 0.0068359375
11 0.5810546875 0.34228515625 0.00830078125 0.00732421875
11 0.60595703125 0.0654296875 0.00830078125 0.00732421875
12 0.60595703125 0.1982421875 0.0087890625 0.0068359375
12 0.60595703125 0.26416015625 0.0087890625 0.0068359375
11 0.60595703125 0.3388671875 0.00830078125 0.0068359375
12 0.60595703125 0.34521484375 0.0087890625 0.0068359375
12 0.60595703125 0.37451171875 0.0087890625 0.0068359375
12 0.60595703125 0.39501953125 0.0087890625 0.00732421875
11 0.5810546875 0.068359375 0.00830078125 0.0068359375
12 0.7119140625 0.140625 0.0087890625 0.0068359375
12 0.7119140625 0.201171875 0.0087890625 0.00732421875
12 0.7119140625 0.25830078125 0.0087890625 0.0068359375
12 0.7119140625 0.34521484375 0.0087890625 0.0068359375
12 0.7119140625 0.37744140625 0.0087890625 0.0068359375
12 0.7119140625 0.38916015625 0.0087890625 0.0068359375
13 0.771484375 0.3740234375 0.01123046875 0.00732421875
13 0.771484375 0.1376953125 0.01123046875 0.0068359375
13 0.771484375 0.1982421875 0.01123046875 0.0068359375
13 0.771484375 0.2548828125 0.01123046875 0.00732421875
13 0.771484375 0.3359375 0.01123046875 0.00732421875
13 0.771484375 0.34228515625 0.01123046875 0.00732421875
13 0.771484375 0.38623046875 0.01123046875 0.0068359375
11 0.72998046875 0.0654296875 0.00830078125 0.00732421875
11 0.72998046875 0.3388671875 0.00830078125 0.0068359375
13 0.771484375 0.06201171875 0.01123046875 0.0068359375
12 0.287109375 0.39501953125 0.0087890625 0.00732421875
12 0.287109375 0.37451171875 0.0087890625 0.0068359375
11 0.25830078125 0.05029296875 0.0078125 0.00732421875
11 0.25830078125 0.32421875 0.0078125 0.0068359375
11 0.287109375 0.04736328125 0.00830078125 0.0068359375
12 0.287109375 0.134765625 0.0087890625 0.00732421875
12 0.287109375 0.1982421875 0.0087890625 0.0068359375
12 0.287109375 0.26416015625 0.0087890625 0.0068359375
11 0.287109375 0.3212890625 0.00830078125 0.0068359375
12 0.287109375 0.3388671875 0.0087890625 0.0068359375
12 0.35791015625 0.37109375 0.0087890625 0.0068359375
12 0.35791015625 0.39794921875 0.0087890625 0.0068359375
12 0.35791015625 0.3388671875 0.0087890625 0.0068359375
12 0.556640625 0.38330078125 0.0087890625 0.0068359375
11 0.31494140625 0.05029296875 0.00830078125 0.00732421875
11 0.31494140625 0.32421875 0.00830078125 0.0068359375
11 0.35791015625 0.05322265625 0.0078125 0.0068359375
12 0.35791015625 0.134765625 0.0087890625 0.00732421875
12 0.35791015625 0.1953125 0.0087890625 0.0068359375
12 0.35791015625 0.26708984375 0.0087890625 0.0068359375
11 0.35791015625 0.3271484375 0.0078125 0.00732421875
10 0.19384765625 0.0576171875 0.0166015625 0.0458984375
10 0.19384765625 0.12744140625 0.0166015625 0.0458984375
10 0.19384765625 0.19970703125 0.0166015625 0.0458984375
1 0.193359375 0.25927734375 0.017578125 0.02099609375
0 0.17529296875 0.36279296875 0.005859375 0.083984375
12 0.21923828125 0.39208984375 0.0087890625 0.0068359375
10 0.19384765625 0.33154296875 0.0166015625 0.0458984375
1 0.193359375 0.39013671875 0.017578125 0.02099609375
11 0.21875 0.05322265625 0.00830078125 0.0068359375
12 0.21923828125 0.1376953125 0.0087890625 0.0068359375
12 0.21923828125 0.2041015625 0.0087890625 0.0068359375
12 0.21923828125 0.26123046875 0.0087890625 0.0068359375
11 0.21875 0.3271484375 0.00830078125 0.00732421875
12 0.21923828125 0.34228515625 0.0087890625 0.0068359375
12 0.21923828125 0.3798828125 0.0087890625 0.0068359375
11 0.46923828125 0.05615234375 0.00830078125 0.0068359375
13 0.470703125 0.1376953125 0.01123046875 0.0068359375
13 0.470703125 0.1982421875 0.01123046875 0.0068359375
13 0.470703125 0.26123046875 0.01123046875 0.0068359375
11 0.46923828125 0.330078125 0.00830078125 0.0068359375
13 0.470703125 0.34228515625 0.01123046875 0.00732421875
13 0.470703125 0.3740234375 0.01123046875 0.00732421875
13 0.470703125 0.39208984375 0.01123046875 0.0068359375
12 0.49365234375 0.06201171875 0.0087890625 0.0068359375
12 0.49365234375 0.33642578125 0.0087890625 0.0068359375
11 0.55615234375 0.0654296875 0.00830078125 0.00732421875
12 0.556640625 0.1435546875 0.0087890625 0.0068359375
12 0.556640625 0.20703125 0.0087890625 0.0068359375
12 0.556640625 0.26708984375 0.0087890625 0.0068359375
11 0.55615234375 0.3388671875 0.00830078125 0.0068359375
12 0.556640625 0.34814453125 0.0087890625 0.0068359375
11 0.3828125 0.330078125 0.00830078125 0.0068359375
11 0.3828125 0.05615234375 0.00830078125 0.0068359375
11 0.40771484375 0.05908203125 0.00830078125 0.0068359375
12 0.40771484375 0.140625 0.0087890625 0.0068359375
12 0.40771484375 0.201171875 0.0087890625 0.00732421875
12 0.40771484375 0.26416015625 0.0087890625 0.0068359375
11 0.43212890625 0.33642578125 0.00830078125 0.0068359375
12 0.40771484375 0.34521484375 0.0087890625 0.0068359375
11 0.43212890625 0.06201171875 0.00830078125 0.0068359375
12 0.40771484375 0.39501953125 0.0087890625 0.00732421875
12 0.40771484375 0.37744140625 0.0087890625 0.0068359375
11 0.40771484375 0.3330078125 0.00830078125 0.0068359375
12 0.5546875 0.70947265625 0.0087890625 0.0068359375
11 0.6875 0.70947265625 0.00830078125 0.0068359375
11 0.6875 0.63134765625 0.00830078125 0.0068359375
11 0.6875 0.91064453125 0.00830078125 0.0068359375
11 0.6875 0.87744140625 0.00830078125 0.0068359375
13 0.5556640625 0.798828125 0.01123046875 0.00732421875
13 0.5556640625 0.7783203125 0.01123046875 0.0068359375
13 0.5556640625 0.86865234375 0.01123046875 0.0068359375
12 0.5546875 0.87744140625 0.0087890625 0.0068359375
12 0.5546875 0.91064453125 0.0087890625 0.0068359375
13 0.56396484375 0.9345703125 0.01123046875 0.0068359375
13 0.56396484375 0.91357421875 0.01123046875 0.00732421875
12 0.595703125 0.91064453125 0.0087890625 0.0068359375
13 0.64794921875 0.5419921875 0.01123046875 0.0068359375
19 0.646484375 0.60595703125 0.00830078125 0.00390625
19 0.646484375 0.69580078125 0.00830078125 0.00390625
13 0.64794921875 0.798828125 0.01123046875 0.00732421875
13 0.64794921875 0.7783203125 0.01123046875 0.0068359375
13 0.64794921875 0.86865234375 0.01123046875 0.0068359375
19 0.646484375 0.8701171875 0.0146484375 0.00439453125
19 0.646484375 0.89990234375 0.00830078125 0.00390625
13 0.64794921875 0.9345703125 0.01123046875 0.0068359375
13 0.64794921875 0.91357421875 0.01123046875 0.00732421875
12 0.595703125 0.63134765625 0.0087890625 0.0068359375
12 0.595703125 0.70947265625 0.0087890625 0.0068359375
12 0.595703125 0.87744140625 0.0087890625 0.0068359375
13 0.76123046875 0.87744140625 0.01123046875 0.0068359375
13 0.76123046875 0.70654296875 0.01123046875 0.0068359375
13 0.76123046875 0.798828125 0.01123046875 0.00732421875
13 0.76123046875 0.7783203125 0.01123046875 0.0068359375
13 0.76123046875 0.86865234375 0.01123046875 0.0068359375
13 0.76123046875 0.63134765625 0.01123046875 0.00732421875
13 0.76123046875 0.90771484375 0.01123046875 0.00732421875
13 0.76123046875 0.9345703125 0.01123046875 0.0068359375
13 0.76123046875 0.91357421875 0.01123046875 0.00732421875
11 0.71435546875 0.63134765625 0.00830078125 0.0068359375
11 0.71435546875 0.70947265625 0.00830078125 0.0068359375
11 0.71435546875 0.87744140625 0.00830078125 0.0068359375
11 0.71435546875 0.91064453125 0.00830078125 0.0068359375
13 0.76123046875 0.5419921875 0.01123046875 0.0068359375
11 0.24560546875 0.5361328125 0.00830078125 0.0068359375
11 0.24560546875 0.86279296875 0.00830078125 0.0068359375
11 0.27294921875 0.533203125 0.00830078125 0.0068359375
12 0.2734375 0.61962890625 0.0087890625 0.0068359375
12 0.2734375 0.70361328125 0.0087890625 0.00732421875
12 0.2734375 0.78125 0.0087890625 0.0068359375
11 0.27294921875 0.859375 0.00830078125 0.00732421875
12 0.2734375 0.86572265625 0.0087890625 0.0068359375
12 0.2734375 0.90478515625 0.0087890625 0.0068359375
12 0.2734375 0.91650390625 0.0087890625 0.0068359375
11 0.2998046875 0.5302734375 0.00830078125 0.0068359375
11 0.2998046875 0.8564453125 0.00830078125 0.0068359375
12 0.345703125 0.5361328125 0.0087890625 0.0068359375
12 0.345703125 0.6220703125 0.0087890625 0.0068359375
12 0.345703125 0.70068359375 0.0087890625 0.0068359375
12 0.345703125 0.7783203125 0.0087890625 0.0068359375
12 0.345703125 0.86279296875 0.0087890625 0.0068359375
12 0.345703125 0.86865234375 0.0087890625 0.0068359375
12 0.345703125 0.90185546875 0.0087890625 0.0068359375
12 0.345703125 0.91357421875 0.0087890625 0.0068359375
10 0.19384765625 0.52587890625 0.0166015625 0.0458984375
10 0.19384765625 0.60595703125 0.0166015625 0.0458984375
10 0.19384765625 0.6962890625 0.0166015625 0.0458984375
1 0.193359375 0.7763671875 0.017578125 0.02099609375
10 0.19384765625 0.85205078125 0.0166015625 0.0458984375
0 0.17529296875 0.8837890625 0.005859375 0.08447265625
12 0.21923828125 0.69482421875 0.0087890625 0.0068359375
1 0.193359375 0.91162109375 0.017578125 0.02099609375
11 0.21875 0.533203125 0.00830078125 0.0068359375
12 0.21923828125 0.62548828125 0.0087890625 0.0068359375
12 0.21923828125 0.775390625 0.0087890625 0.00732421875
11 0.21875 0.859375 0.00830078125 0.00732421875
12 0.21923828125 0.87158203125 0.0087890625 0.0068359375
12 0.21923828125 0.89599609375 0.0087890625 0.0068359375
12 0.21923828125 0.91064453125 0.0087890625 0.0068359375
11 0.517578125 0.63134765625 0.00830078125 0.0068359375
11 0.517578125 0.70654296875 0.00830078125 0.0068359375
11 0.517578125 0.87744140625 0.00830078125 0.0068359375
11 0.517578125 0.90771484375 0.00830078125 0.0068359375
13 0.5556640625 0.5419921875 0.01123046875 0.0068359375
12 0.5546875 0.63134765625 0.0087890625 0.0068359375
11 0.49072265625 0.63134765625 0.00830078125 0.0068359375
11 0.49072265625 0.70654296875 0.00830078125 0.0068359375
11 0.49072265625 0.87744140625 0.00830078125 0.0068359375
11 0.49072265625 0.90771484375 0.00830078125 0.0068359375
12 0.38671875 0.787109375 0.0087890625 0.0068359375
12 0.38671875 0.62548828125 0.0087890625 0.0068359375
12 0.38671875 0.70068359375 0.0087890625 0.0068359375
12 0.38671875 0.87158203125 0.0087890625 0.0068359375
12 0.38671875 0.90185546875 0.0087890625 0.0068359375
12 0.38671875 0.92236328125 0.0087890625 0.00732421875
11 0.40625 0.86572265625 0.00830078125 0.0068359375
13 0.451171875 0.5419921875 0.01123046875 0.0068359375
19 0.4501953125 0.60595703125 0.00830078125 0.00390625
19 0.4501953125 0.69580078125 0.00830078125 0.00390625
13 0.451171875 0.798828125 0.01123046875 0.00732421875
13 0.451171875 0.7783203125 0.01123046875 0.0068359375
13 0.451171875 0.86865234375 0.01123046875 0.0068359375
19 0.4501953125 0.8701171875 0.0146484375 0.00439453125
19 0.4501953125 0.89990234375 0.00830078125 0.00390625
13 0.451171875 0.9345703125 0.01123046875 0.0068359375
13 0.451171875 0.91357421875 0.01123046875 0.00732421875
11 0.40625 0.5390625 0.00830078125 0.0068359375