11 0.6337890625 0.11474609375 0.00830078125 0.0068359375
11 0.6337890625 0.18603515625 0.00830078125 0.0068359375
11 0.6171875 0.18603515625 0.00830078125 0.0068359375
11 0.6171875 0.1123046875 0.00830078125 0.0068359375
22 0.44775390625 0.0546875 0.00830078125 0.00390625
8 0.67626953125 0.12109375 0.00634765625 0.017578125
11 0.6767578125 0.18603515625 0.00830078125 0.0068359375
11 0.6767578125 0.10888671875 0.00830078125 0.00732421875
11 0.654296875 0.10888671875 0.00830078125 0.00732421875
11 0.654296875 0.18603515625 0.00830078125 0.0068359375
11 0.548828125 0.18603515625 0.00830078125 0.0068359375
11 0.59814453125 0.18603515625 0.00830078125 0.0068359375
11 0.59814453125 0.10888671875 0.00830078125 0.00732421875
8 0.5810546875 0.12109375 0.00634765625 0.017578125
11 0.58154296875 0.18603515625 0.00830078125 0.0068359375
11 0.58154296875 0.10888671875 0.00830078125 0.00732421875
11 0.5654296875 0.18603515625 0.00830078125 0.0068359375
11 0.80712890625 0.18603515625 0.00830078125 0.0068359375
11 0.794921875 0.18603515625 0.00830078125 0.0068359375
11 0.78271484375 0.18603515625 0.00830078125 0.0068359375
22 0.591796875 0.0546875 0.00830078125 0.00390625
22 0.591796875 0.24951171875 0.00830078125 0.00390625
22 0.44775390625 0.24951171875 0.00830078125 0.00390625
11 0.693359375 0.18603515625 0.00830078125 0.0068359375
12 0.69384765625 0.10009765625 0.0087890625 0.0068359375
11 0.7099609375 0.18603515625 0.00830078125 0.0068359375
11 0.7666015625 0.18603515625 0.00830078125 0.0068359375
11 0.7666015625 0.10009765625 0.00830078125 0.0068359375
11 0.7548828125 0.18603515625 0.00830078125 0.0068359375
11 0.74267578125 0.18603515625 0.00830078125 0.0068359375
11 0.72607421875 0.18603515625 0.00830078125 0.0068359375
11 0.31298828125 0.19189453125 0.00830078125 0.00732421875
11 0.33203125 0.19189453125 0.00830078125 0.00732421875
11 0.33203125 0.10302734375 0.00830078125 0.00732421875
11 0.31298828125 0.10009765625 0.00830078125 0.0068359375
8 0.2958984375 0.115234375 0.00634765625 0.017578125
11 0.29638671875 0.19189453125 0.00830078125 0.00732421875
11 0.29638671875 0.10009765625 0.00830078125 0.0068359375
11 0.36474609375 0.19189453125 0.00830078125 0.00732421875
11 0.36474609375 0.10302734375 0.00830078125 0.00732421875
11 0.3486328125 0.19189453125 0.00830078125 0.00732421875
11 0.3486328125 0.10009765625 0.00830078125 0.0068359375
22 0.74267578125 0.0546875 0.00830078125 0.00390625
1 0.193359375 0.18701171875 0.017578125 0.02099609375
1 0.193359375 0.1220703125 0.017578125 0.02099609375
1 0.193359375 0.05712890625 0.017578125 0.02099609375
22 0.74267578125 0.24951171875 0.00830078125 0.00390625
22 0.30322265625 0.24951171875 0.00830078125 0.00390625
22 0.30322265625 0.0546875 0.00830078125 0.00390625
11 0.27978515625 0.19189453125 0.00830078125 0.00732421875
11 0.263671875 0.19189453125 0.00830078125 0.00732421875
11 0.2470703125 0.19189453125 0.00830078125 0.00732421875
11 0.2470703125 0.11474609375 0.00830078125 0.0068359375
1 0.193359375 0.251953125 0.017578125 0.02099609375
11 0.47119140625 0.19189453125 0.00830078125 0.00732421875
11 0.47119140625 0.1181640625 0.00830078125 0.0068359375
11 0.45458984375 0.19189453125 0.00830078125 0.00732421875
11 0.43798828125 0.11474609375 0.00830078125 0.0068359375
11 0.42138671875 0.19189453125 0.00830078125 0.00732421875
11 0.5322265625 0.18603515625 0.00830078125 0.0068359375
11 0.5322265625 0.11474609375 0.00830078125 0.0068359375
11 0.43798828125 0.19189453125 0.00830078125 0.00732421875
8 0.50341796875 0.126953125 0.00634765625 0.01806640625
11 0.50390625 0.19189453125 0.00830078125 0.00732421875
11 0.50390625 0.11474609375 0.00830078125 0.0068359375
11 0.4873046875 0.19189453125 0.00830078125 0.00732421875
11 0.38916015625 0.19189453125 0.00830078125 0.00732421875
11 0.38916015625 0.10302734375 0.00830078125 0.00732421875
11 0.4052734375 0.19189453125 0.0078125 0.00732421875
11 0.4052734375 0.10595703125 0.0078125 0.0068359375
8 0.38818359375 0.115234375 0.00634765625 0.017578125
11 0.6171875 0.45361328125 0.00830078125 0.0068359375
11 0.6337890625 0.52734375 0.00830078125 0.00732421875
11 0.6171875 0.52734375 0.00830078125 0.00732421875
11 0.6337890625 0.45654296875 0.00830078125 0.0068359375
8 0.67626953125 0.46240234375 0.00634765625 0.01806640625
11 0.6767578125 0.52734375 0.00830078125 0.00732421875
11 0.6767578125 0.4501953125 0.00830078125 0.0068359375
11 0.654296875 0.52734375 0.00830078125 0.00732421875
11 0.654296875 0.4501953125 0.00830078125 0.0068359375
11 0.548828125 0.52734375 0.00830078125 0.00732421875
11 0.5654296875 0.52734375 0.00830078125 0.00732421875
11 0.59814453125 0.52734375 0.00830078125 0.00732421875
11 0.59814453125 0.4501953125 0.00830078125 0.0068359375
8 0.5810546875 0.46240234375 0.00634765625 0.01806640625
11 0.58154296875 0.52734375 0.00830078125 0.00732421875
11 0.58154296875 0.4501953125 0.00830078125 0.0068359375
11 0.80712890625 0.52734375 0.00830078125 0.00732421875
11 0.794921875 0.52734375 0.00830078125 0.00732421875
11 0.78271484375 0.52734375 0.00830078125 0.00732421875
22 0.44775390625 0.39599609375 0.00830078125 0.00390625
22 0.44775390625 0.5908203125 0.00830078125 0.00390625
22 0.591796875 0.39599609375 0.00830078125 0.00390625
22 0.591796875 0.5908203125 0.00830078125 0.00390625
11 0.7099609375 0.52734375 0.00830078125 0.00732421875
11 0.693359375 0.52734375 0.00830078125 0.00732421875
12 0.693359375 0.44140625 0.0087890625 0.0068359375
11 0.7548828125 0.52734375 0.00830078125 0.00732421875
11 0.7666015625 0.52734375 0.00830078125 0.00732421875
11 0.7666015625 0.44140625 0.00830078125 0.0068359375
11 0.74267578125 0.52734375 0.00830078125 0.00732421875
11 0.72607421875 0.52734375 0.00830078125 0.00732421875
11 0.3125 0.44140625 0.00830078125 0.0068359375
11 0.33203125 0.533203125 0.00830078125 0.0068359375
11 0.33203125 0.4443359375 0.00830078125 0.00732421875
11 0.3125 0.533203125 0.00830078125 0.0068359375
8 0.2958984375 0.45654296875 0.00634765625 0.017578125
11 0.29638671875 0.533203125 0.00830078125 0.0068359375
11 0.29638671875 0.44140625 0.00830078125 0.0068359375
11 0.36474609375 0.4443359375 0.00830078125 0.00732421875
11 0.3486328125 0.533203125 0.00830078125 0.0068359375
11 0.3486328125 0.44140625 0.00830078125 0.0068359375
1 0.193359375 0.59326171875 0.017578125 0.02099609375
1 0.193359375 0.5283203125 0.017578125 0.02099609375
1 0.193359375 0.46337890625 0.017578125 0.02099609375
1 0.193359375 0.3984375 0.017578125 0.02099609375
22 0.734375 0.5908203125 0.00830078125 0.00390625
22 0.734375 0.39599609375 0.00830078125 0.00390625
22 0.30322265625 0.5908203125 0.00830078125 0.00390625
22 0.30322265625 0.39599609375 0.00830078125 0.00390625
11 0.27978515625 0.533203125 0.00830078125 0.0068359375
11 0.263671875 0.533203125 0.00830078125 0.0068359375
21 0.26220703125 0.4638671875 0.00634765625 0.0185546875
11 0.36474609375 0.533203125 0.00830078125 0.0068359375
11 0.2470703125 0.533203125 0.00830078125 0.0068359375
15 0.2470703125 0.4658203125 0.0078125 0.01171875
11 0.470703125 0.533203125 0.0078125 0.0068359375
11 0.470703125 0.45947265625 0.0078125 0.00732421875
11 0.45458984375 0.533203125 0.00830078125 0.0068359375
11 0.43798828125 0.533203125 0.00830078125 0.0068359375
11 0.42138671875 0.533203125 0.00830078125 0.0068359375
11 0.5322265625 0.52734375 0.00830078125 0.00732421875
11 0.5322265625 0.45654296875 0.00830078125 0.0068359375
11 0.43798828125 0.45654296875 0.00830078125 0.0068359375
8 0.50341796875 0.46826171875 0.00634765625 0.01806640625
11 0.50341796875 0.533203125 0.00830078125 0.0068359375
11 0.50341796875 0.45654296875 0.00830078125 0.0068359375
11 0.4873046875 0.533203125 0.00830078125 0.0068359375
8 0.38818359375 0.45654296875 0.00634765625 0.017578125
11 0.388671875 0.533203125 0.00830078125 0.0068359375
11 0.388671875 0.4443359375 0.00830078125 0.00732421875
11 0.4052734375 0.447265625 0.00830078125 0.0068359375
11 0.4052734375 0.533203125 0.00830078125 0.0068359375
11 0.60888671875 0.86865234375 0.00830078125 0.0068359375
11 0.6259765625 0.806640625 0.00830078125 0.0068359375
11 0.6259765625 0.86865234375 0.00830078125 0.0068359375
11 0.591796875 0.86865234375 0.00830078125 0.0068359375
11 0.591796875 0.8037109375 0.00830078125 0.0068359375
11 0.6640625 0.86865234375 0.00830078125 0.0068359375
11 0.6640625 0.8037109375 0.00830078125 0.0068359375
11 0.64306640625 0.86865234375 0.00830078125 0.0068359375
11 0.64306640625 0.8095703125 0.00830078125 0.00732421875
11 0.53857421875 0.86865234375 0.00830078125 0.0068359375
15 0.53857421875 0.8076171875 0.0078125 0.01171875
11 0.5751953125 0.86865234375 0.00830078125 0.0068359375
11 0.5751953125 0.8037109375 0.00830078125 0.0068359375
11 0.55810546875 0.86865234375 0.0078125 0.0068359375
11 0.55810546875 0.8037109375 0.0078125 0.0068359375
11 0.806640625 0.86865234375 0.00830078125 0.0068359375
11 0.78955078125 0.86865234375 0.00830078125 0.0068359375
11 0.7724609375 0.86865234375 0.00830078125 0.0068359375
22 0.60009765625 0.7373046875 0.00830078125 0.00390625
22 0.60009765625 0.93212890625 0.00830078125 0.00390625
22 0.45166015625 0.93212890625 0.00830078125 0.00390625
22 0.45166015625 0.7373046875 0.00830078125 0.00390625
11 0.6875 0.86865234375 0.00830078125 0.0068359375
13 0.68896484375 0.8037109375 0.01123046875 0.00732421875
11 0.75537109375 0.86865234375 0.00830078125 0.0068359375
11 0.73828125 0.86865234375 0.00830078125 0.0068359375
11 0.7216796875 0.86865234375 0.00830078125 0.0068359375
11 0.70458984375 0.86865234375 0.00830078125 0.0068359375
11 0.31494140625 0.87451171875 0.00830078125 0.0068359375
11 0.31494140625 0.794921875 0.00830078125 0.00732421875
8 0.2978515625 0.806640625 0.00634765625 0.017578125
11 0.2978515625 0.87451171875 0.00830078125 0.0068359375
11 0.2978515625 0.794921875 0.00830078125 0.00732421875
11 0.28125 0.87451171875 0.00830078125 0.0068359375
11 0.3662109375 0.87451171875 0.00830078125 0.0068359375
11 0.3662109375 0.7890625 0.00830078125 0.0068359375
11 0.34912109375 0.87451171875 0.00830078125 0.0068359375
11 0.34912109375 0.7890625 0.00830078125 0.0068359375
11 0.33203125 0.87451171875 0.00830078125 0.0068359375
11 0.33203125 0.7919921875 0.00830078125 0.0068359375
22 0.73974609375 0.93212890625 0.00830078125 0.00390625
1 0.193359375 0.86962890625 0.017578125 0.02099609375
1 0.193359375 0.73974609375 0.017578125 0.02099609375
22 0.73974609375 0.7373046875 0.00830078125 0.00390625
22 0.3037109375 0.93212890625 0.00830078125 0.00390625
22 0.3037109375 0.7373046875 0.00830078125 0.00390625
11 0.26416015625 0.87451171875 0.00830078125 0.0068359375
21 0.26318359375 0.80517578125 0.00634765625 0.0185546875
8 0.24658203125 0.806640625 0.00634765625 0.017578125
11 0.2470703125 0.87451171875 0.00830078125 0.0068359375
11 0.2470703125 0.794921875 0.00830078125 0.00732421875
1 0.193359375 0.9345703125 0.017578125 0.02099609375
11 0.4580078125 0.87451171875 0.00830078125 0.0068359375
11 0.44091796875 0.87451171875 0.00830078125 0.0068359375
11 0.44091796875 0.8037109375 0.00830078125 0.0068359375
11 0.423828125 0.87451171875 0.00830078125 0.0068359375
11 0.423828125 0.80078125 0.00830078125 0.0068359375
11 0.5087890625 0.87451171875 0.00830078125 0.0068359375
11 0.49169921875 0.87451171875 0.00830078125 0.0068359375
11 0.47509765625 0.87451171875 0.00830078125 0.0068359375
11 0.47509765625 0.80078125 0.00830078125 0.0068359375
11 0.390625 0.7890625 0.00830078125 0.0068359375
11 0.390625 0.87451171875 0.00830078125 0.0068359375
11 0.4072265625 0.87451171875 0.00830078125 0.0068359375
11 0.4072265625 0.80078125 0.00830078125 0.0068359375