11 0.6103515625 0.27197265625 0.00830078125 0.00732421875
11 0.6103515625 0.19140625 0.00830078125 0.0068359375
11 0.68701171875 0.26611328125 0.00830078125 0.0068359375
11 0.68701171875 0.185546875 0.00830078125 0.00732421875
13 0.6884765625 0.04150390625 0.01123046875 0.00732421875
11 0.64794921875 0.27490234375 0.00830078125 0.0068359375
11 0.64794921875 0.19482421875 0.00830078125 0.0068359375
11 0.68701171875 0.3642578125 0.00830078125 0.0068359375
11 0.57275390625 0.26904296875 0.00830078125 0.0068359375
11 0.57275390625 0.1884765625 0.00830078125 0.0068359375
11 0.7333984375 0.361328125 0.00830078125 0.0068359375
11 0.80078125 0.3642578125 0.00830078125 0.0068359375
11 0.7548828125 0.3671875 0.00830078125 0.0068359375
11 0.7548828125 0.2626953125 0.00830078125 0.0068359375
11 0.7548828125 0.1826171875 0.00830078125 0.0068359375
1 0.193359375 0.427734375 0.017578125 0.02099609375
1 0.193359375 0.3681640625 0.017578125 0.02099609375
1 0.193359375 0.30908203125 0.017578125 0.02099609375
10 0.19384765625 0.24951171875 0.0166015625 0.0458984375
10 0.19384765625 0.1904296875 0.0166015625 0.0458984375
11 0.27587890625 0.373046875 0.00830078125 0.00732421875
11 0.23828125 0.3701171875 0.00830078125 0.0068359375
12 0.23828125 0.1767578125 0.0087890625 0.0068359375
13 0.23974609375 0.06201171875 0.01123046875 0.0068359375
0 0.17529296875 0.0888671875 0.005859375 0.083984375
1 0.193359375 0.11669921875 0.017578125 0.02099609375
10 0.19384765625 0.0576171875 0.0166015625 0.0458984375
22 0.67041015625 0.42529296875 0.00830078125 0.00390625
22 0.67041015625 0.306640625 0.00830078125 0.00390625
22 0.67041015625 0.1083984375 0.00830078125 0.00390625
22 0.3701171875 0.42529296875 0.00830078125 0.00390625
22 0.3701171875 0.306640625 0.00830078125 0.00390625
22 0.3701171875 0.24658203125 0.00830078125 0.00390625
22 0.3701171875 0.1083984375 0.00830078125 0.00390625
11 0.50390625 0.1796875 0.00830078125 0.00732421875
11 0.45751953125 0.3671875 0.00830078125 0.0068359375
11 0.45751953125 0.1826171875 0.00830078125 0.0068359375
11 0.43603515625 0.1767578125 0.00830078125 0.0068359375
12 0.53515625 0.361328125 0.0087890625 0.0068359375
11 0.53515625 0.26611328125 0.00830078125 0.0068359375
11 0.53515625 0.185546875 0.00830078125 0.00732421875
13 0.53662109375 0.06201171875 0.01123046875 0.0068359375
11 0.3896484375 0.3701171875 0.00830078125 0.0068359375
13 0.39111328125 0.04150390625 0.01123046875 0.00732421875
11 0.3896484375 0.1796875 0.00830078125 0.00732421875
11 0.35107421875 0.37890625 0.00830078125 0.0068359375
11 0.3134765625 0.3759765625 0.00830078125 0.0068359375
19 0.63427734375 0.87890625 0.00830078125 0.00390625
19 0.63427734375 0.93798828125 0.00830078125 0.00390625
11 0.52587890625 0.5458984375 0.00830078125 0.0068359375
19 0.63427734375 0.759765625 0.00830078125 0.00390625
19 0.63427734375 0.70068359375 0.00830078125 0.00390625
11 0.63427734375 0.6025390625 0.00830078125 0.0068359375
11 0.63427734375 0.6201171875 0.00830078125 0.00732421875
11 0.63427734375 0.56396484375 0.00830078125 0.00732421875
11 0.63427734375 0.56982421875 0.00830078125 0.0068359375
11 0.5771484375 0.6962890625 0.00830078125 0.0068359375
11 0.5771484375 0.94580078125 0.00830078125 0.0068359375
11 0.5771484375 0.88623046875 0.00830078125 0.0068359375
11 0.5771484375 0.7763671875 0.00830078125 0.0068359375
21 0.576171875 0.61572265625 0.00634765625 0.01806640625
11 0.5771484375 0.54296875 0.00830078125 0.00732421875
11 0.52587890625 0.7734375 0.00830078125 0.0068359375
11 0.52587890625 0.693359375 0.00830078125 0.0068359375
11 0.7734375 0.56103515625 0.00830078125 0.0068359375
11 0.69189453125 0.56396484375 0.00830078125 0.00732421875
11 0.69189453125 0.57275390625 0.00830078125 0.0068359375
11 0.69189453125 0.6171875 0.00830078125 0.0068359375
11 0.7490234375 0.55810546875 0.00830078125 0.0068359375
11 0.7734375 0.56689453125 0.00830078125 0.0068359375
11 0.7490234375 0.599609375 0.00830078125 0.00732421875
11 0.7490234375 0.6171875 0.00830078125 0.0068359375
11 0.7490234375 0.56689453125 0.00830078125 0.0068359375
11 0.69189453125 0.6025390625 0.00830078125 0.0068359375
11 0.23828125 0.939453125 0.00830078125 0.0068359375
11 0.23828125 0.88037109375 0.00830078125 0.0068359375
12 0.23828125 0.7705078125 0.0087890625 0.00732421875
12 0.23828125 0.6904296875 0.0087890625 0.0068359375
12 0.23828125 0.57275390625 0.0087890625 0.0068359375
11 0.31982421875 0.94580078125 0.00830078125 0.0068359375
11 0.31982421875 0.88623046875 0.00830078125 0.0068359375
11 0.27880859375 0.94287109375 0.00830078125 0.0068359375
11 0.27880859375 0.88330078125 0.00830078125 0.00732421875
1 0.193359375 0.93798828125 0.017578125 0.02099609375
22 0.6826171875 0.81640625 0.00830078125 0.00390625
22 0.39111328125 0.81640625 0.00830078125 0.00390625
22 0.39111328125 0.619140625 0.00830078125 0.00390625
0 0.17529296875 0.599609375 0.005859375 0.08447265625
1 0.193359375 0.87841796875 0.017578125 0.02099609375
1 0.193359375 0.81884765625 0.017578125 0.02099609375
10 0.19384765625 0.76025390625 0.0166015625 0.0458984375
10 0.19384765625 0.70068359375 0.0166015625 0.0458984375
1 0.193359375 0.62744140625 0.017578125 0.02099609375
10 0.19384765625 0.568359375 0.0166015625 0.0458984375
11 0.48583984375 0.94873046875 0.00830078125 0.0068359375
11 0.48583984375 0.88916015625 0.00830078125 0.0068359375
11 0.48583984375 0.767578125 0.00830078125 0.0068359375
11 0.48583984375 0.6875 0.00830078125 0.0068359375
11 0.48583984375 0.56689453125 0.00830078125 0.0068359375
11 0.44482421875 0.7646484375 0.00830078125 0.0068359375
11 0.44482421875 0.68408203125 0.00830078125 0.0068359375
11 0.36083984375 0.94873046875 0.00830078125 0.0068359375
11 0.36083984375 0.88916015625 0.00830078125 0.0068359375
12 0.36083984375 0.55224609375 0.0087890625 0.0068359375
11 0.40234375 0.939453125 0.00830078125 0.0068359375
11 0.40234375 0.88037109375 0.00830078125 0.0068359375
11 0.40234375 0.6904296875 0.00830078125 0.0068359375
11 0.40234375 0.7705078125 0.00830078125 0.00732421875