15 0.662109375 0.0859375 0.00634765625 0.01171875
11 0.6630859375 0.10009765625 0.00830078125 0.0068359375
9 0.6982421875 0.11083984375 0.00439453125 0.01318359375
11 0.69384765625 0.12109375 0.005859375 0.00537109375
9 0.68701171875 0.06787109375 0.005859375 0.0185546875
11 0.68115234375 0.07666015625 0.00830078125 0.0068359375
11 0.68115234375 0.09130859375 0.00830078125 0.0068359375
11 0.68115234375 0.10595703125 0.00830078125 0.0068359375
11 0.5966796875 0.07666015625 0.00830078125 0.0068359375
11 0.5966796875 0.08251953125 0.00830078125 0.0068359375
15 0.578125 0.0859375 0.00634765625 0.01171875
11 0.5791015625 0.09716796875 0.00830078125 0.0068359375
8 0.6357421875 0.11328125 0.00732421875 0.01708984375
15 0.634765625 0.0859375 0.0068359375 0.01171875
11 0.6357421875 0.10302734375 0.0078125 0.0068359375
11 0.6162109375 0.07666015625 0.00830078125 0.0068359375
11 0.6162109375 0.08251953125 0.00830078125 0.0068359375
9 0.8115234375 0.07958984375 0.005859375 0.0185546875
11 0.80517578125 0.08837890625 0.00830078125 0.0068359375
11 0.80517578125 0.10302734375 0.00830078125 0.0068359375
15 0.78466796875 0.0859375 0.00634765625 0.01171875
11 0.78564453125 0.1181640625 0.0078125 0.0068359375
11 0.74755859375 0.10302734375 0.00830078125 0.0068359375
9 0.73388671875 0.06787109375 0.005859375 0.0185546875
11 0.72802734375 0.07666015625 0.00830078125 0.0068359375
11 0.72802734375 0.09130859375 0.00830078125 0.0068359375
11 0.72802734375 0.10595703125 0.00830078125 0.0068359375
15 0.70751953125 0.0859375 0.00634765625 0.01171875
9 0.771484375 0.07373046875 0.005859375 0.0185546875
11 0.765625 0.08251953125 0.00830078125 0.0068359375
11 0.765625 0.08837890625 0.00830078125 0.0068359375
11 0.765625 0.09716796875 0.00830078125 0.0068359375
11 0.765625 0.10888671875 0.00830078125 0.0068359375
11 0.70849609375 0.1181640625 0.0078125 0.0068359375
15 0.74658203125 0.0859375 0.00634765625 0.01171875
15 0.39697265625 0.0859375 0.00634765625 0.01171875
11 0.39794921875 0.10302734375 0.0078125 0.0068359375
11 0.37841796875 0.08251953125 0.00830078125 0.0068359375
11 0.37841796875 0.08837890625 0.00830078125 0.0068359375
11 0.37841796875 0.09716796875 0.00830078125 0.0068359375
11 0.35888671875 0.08251953125 0.0078125 0.0068359375
11 0.35888671875 0.08837890625 0.0078125 0.0068359375
11 0.35888671875 0.09716796875 0.0078125 0.0068359375
15 0.41552734375 0.0859375 0.00634765625 0.01171875
11 0.4345703125 0.07666015625 0.00830078125 0.0068359375
11 0.4345703125 0.08251953125 0.00830078125 0.0068359375
15 0.55908203125 0.0859375 0.00634765625 0.01171875
11 0.4169921875 0.09716796875 0.0078125 0.0068359375
8 0.39794921875 0.11328125 0.00732421875 0.01708984375
8 0.314453125 0.126953125 0.00732421875 0.01708984375
10 0.2431640625 0.09619140625 0.015625 0.0439453125
15 0.3134765625 0.0859375 0.00634765625 0.01171875
11 0.314453125 0.1181640625 0.00830078125 0.0068359375
15 0.34033203125 0.0859375 0.00634765625 0.01171875
11 0.34130859375 0.10888671875 0.00830078125 0.0068359375
11 0.5205078125 0.08837890625 0.00830078125 0.0068359375
11 0.5205078125 0.09423828125 0.00830078125 0.0068359375
11 0.56005859375 0.09423828125 0.00830078125 0.0068359375
11 0.54150390625 0.07373046875 0.0078125 0.0068359375
11 0.54150390625 0.07958984375 0.0078125 0.0068359375
11 0.54150390625 0.08837890625 0.0078125 0.0068359375
8 0.4736328125 0.1181640625 0.0068359375 0.01708984375
15 0.47265625 0.0859375 0.00634765625 0.01171875
11 0.4736328125 0.10888671875 0.00830078125 0.0068359375
11 0.4541015625 0.07666015625 0.0078125 0.0068359375
11 0.4541015625 0.08251953125 0.0078125 0.0068359375
15 0.5 0.0859375 0.00634765625 0.01171875
11 0.5009765625 0.10009765625 0.0078125 0.0068359375
15 0.638671875 0.16845703125 0.0068359375 0.01171875
11 0.6396484375 0.1826171875 0.00830078125 0.0068359375
11 0.66259765625 0.1708984375 0.00830078125 0.0068359375
11 0.66259765625 0.1767578125 0.00830078125 0.0068359375
11 0.5390625 0.1796875 0.00830078125 0.0068359375
15 0.5380859375 0.16845703125 0.00634765625 0.01171875
8 0.5166015625 0.1953125 0.00732421875 0.01708984375
11 0.583984375 0.15869140625 0.00830078125 0.0068359375
8 0.60693359375 0.20068359375 0.00732421875 0.01708984375
15 0.6064453125 0.16845703125 0.00634765625 0.01171875
11 0.607421875 0.19140625 0.0078125 0.0068359375
11 0.583984375 0.1650390625 0.00830078125 0.0068359375
11 0.560546875 0.15869140625 0.00830078125 0.0068359375
11 0.560546875 0.1650390625 0.00830078125 0.0068359375
11 0.80029296875 0.185546875 0.00830078125 0.0068359375
8 0.80029296875 0.1953125 0.00732421875 0.01708984375
15 0.79931640625 0.16845703125 0.00634765625 0.01171875
11 0.77734375 0.15869140625 0.00830078125 0.0068359375
11 0.77734375 0.1650390625 0.00830078125 0.0068359375
15 0.708984375 0.16845703125 0.00634765625 0.01171875
11 0.7099609375 0.1767578125 0.00830078125 0.0068359375
11 0.6875 0.15625 0.00830078125 0.0068359375
11 0.6875 0.16162109375 0.00830078125 0.0068359375
11 0.6875 0.1708984375 0.00830078125 0.0068359375
11 0.75390625 0.15869140625 0.00830078125 0.0068359375
11 0.75390625 0.1650390625 0.00830078125 0.0068359375
15 0.7314453125 0.16845703125 0.00634765625 0.01171875
11 0.732421875 0.1796875 0.0078125 0.0068359375
9 0.3310546875 0.1533203125 0.005859375 0.0185546875
11 0.32470703125 0.16162109375 0.00830078125 0.0068359375
11 0.32470703125 0.1708984375 0.00830078125 0.0068359375
11 0.32470703125 0.1767578125 0.00830078125 0.0068359375
15 0.29736328125 0.16845703125 0.00634765625 0.01171875
11 0.29833984375 0.197265625 0.00830078125 0.0068359375
11 0.37060546875 0.15869140625 0.0078125 0.0068359375
11 0.37060546875 0.16748046875 0.0078125 0.0068359375
11 0.37060546875 0.173828125 0.0078125 0.0068359375
15 0.34814453125 0.16845703125 0.00634765625 0.01171875
11 0.34912109375 0.2001953125 0.00830078125 0.0068359375
11 0.24072265625 0.197265625 0.005859375 0.00537109375
8 0.2392578125 0.20751953125 0.00927734375 0.015625
10 0.19287109375 0.1787109375 0.015625 0.0439453125
9 0.28076171875 0.1591796875 0.005859375 0.0185546875
11 0.2744140625 0.16748046875 0.00830078125 0.0068359375
11 0.2744140625 0.1796875 0.00830078125 0.0068359375
15 0.51611328125 0.16845703125 0.00634765625 0.01171875
15 0.251953125 0.16845703125 0.00634765625 0.01171875
11 0.2529296875 0.1943359375 0.00830078125 0.0068359375
15 0.44775390625 0.16845703125 0.00634765625 0.01171875
11 0.44873046875 0.19140625 0.0078125 0.0068359375
11 0.51708984375 0.185546875 0.00830078125 0.0068359375
11 0.49365234375 0.1650390625 0.00830078125 0.0068359375
11 0.49365234375 0.1708984375 0.00830078125 0.0068359375
11 0.49365234375 0.1796875 0.00830078125 0.0068359375
11 0.47021484375 0.1650390625 0.00830078125 0.0068359375
11 0.47021484375 0.1708984375 0.00830078125 0.0068359375
11 0.47021484375 0.1796875 0.00830078125 0.0068359375
8 0.4169921875 0.20947265625 0.00732421875 0.01708984375
15 0.416015625 0.16845703125 0.00634765625 0.01171875
11 0.4169921875 0.2001953125 0.00830078125 0.0068359375
11 0.3935546875 0.15869140625 0.00830078125 0.0068359375
11 0.3935546875 0.16748046875 0.00830078125 0.0068359375
11 0.3935546875 0.173828125 0.00830078125 0.0068359375
15 0.7060546875 0.29248046875 0.00634765625 0.01123046875
11 0.70703125 0.2626953125 0.0078125 0.0068359375
11 0.685546875 0.24462890625 0.00830078125 0.0068359375
11 0.685546875 0.25048828125 0.00830078125 0.0068359375
11 0.66357421875 0.24462890625 0.00830078125 0.0068359375
11 0.66357421875 0.25048828125 0.00830078125 0.0068359375
21 0.57958984375 0.267578125 0.0068359375 0.017578125
11 0.55859375 0.22998046875 0.0078125 0.0068359375
11 0.55859375 0.23876953125 0.0078125 0.0068359375
11 0.55859375 0.24462890625 0.0078125 0.0068359375
11 0.58056640625 0.24462890625 0.0078125 0.0068359375
15 0.53759765625 0.2392578125 0.0068359375 0.01171875
11 0.53857421875 0.271484375 0.0078125 0.0068359375
11 0.64306640625 0.23291015625 0.00830078125 0.0068359375
15 0.64208984375 0.2451171875 0.00634765625 0.01123046875
11 0.64306640625 0.25927734375 0.00830078125 0.0068359375
9 0.607421875 0.23974609375 0.005859375 0.0185546875
11 0.60107421875 0.25048828125 0.0078125 0.0068359375
11 0.58056640625 0.22998046875 0.0078125 0.0068359375
11 0.58056640625 0.23876953125 0.0078125 0.0068359375
9 0.80615234375 0.23974609375 0.005859375 0.0185546875
11 0.7998046875 0.25048828125 0.00830078125 0.0068359375
11 0.77880859375 0.25048828125 0.00830078125 0.0068359375
11 0.771484375 0.25341796875 0.0078125 0.0068359375
21 0.77734375 0.267578125 0.0068359375 0.017578125
11 0.75341796875 0.25048828125 0.0078125 0.0068359375
11 0.74609375 0.25341796875 0.00830078125 0.0068359375
9 0.71337890625 0.22705078125 0.005859375 0.0185546875
11 0.72998046875 0.26513671875 0.00830078125 0.0068359375
8 0.70703125 0.271484375 0.00732421875 0.01708984375
11 0.70703125 0.23583984375 0.0078125 0.0068359375
11 0.72998046875 0.23876953125 0.00830078125 0.0068359375
15 0.72900390625 0.29248046875 0.00634765625 0.01123046875
9 0.3291015625 0.22119140625 0.005859375 0.0185546875
11 0.3232421875 0.22998046875 0.00830078125 0.0068359375
11 0.3232421875 0.24462890625 0.00830078125 0.0068359375
11 0.3232421875 0.25341796875 0.00830078125 0.0068359375
15 0.30029296875 0.2392578125 0.00634765625 0.01171875
11 0.30126953125 0.271484375 0.0078125 0.0068359375
9 0.52197265625 0.22412109375 0.005859375 0.0185546875
11 0.365234375 0.23583984375 0.00830078125 0.0068359375
11 0.365234375 0.24169921875 0.00830078125 0.0068359375
11 0.365234375 0.25048828125 0.00830078125 0.0068359375
11 0.365234375 0.2626953125 0.00830078125 0.0068359375
15 0.34423828125 0.2392578125 0.00634765625 0.01171875
11 0.34521484375 0.25634765625 0.00830078125 0.0068359375
15 0.24951171875 0.2392578125 0.00634765625 0.01171875
11 0.25048828125 0.25341796875 0.00830078125 0.0068359375
10 0.19287109375 0.25 0.015625 0.0439453125
9 0.2900390625 0.26416015625 0.00439453125 0.01318359375
11 0.2861328125 0.2744140625 0.005859375 0.00537109375
9 0.27685546875 0.22119140625 0.005859375 0.0185546875
11 0.27099609375 0.22998046875 0.0078125 0.0068359375
11 0.27099609375 0.24462890625 0.0078125 0.0068359375
11 0.27099609375 0.25927734375 0.0078125 0.0068359375
11 0.44775390625 0.26513671875 0.00830078125 0.0068359375
15 0.44677734375 0.2392578125 0.0068359375 0.01171875
11 0.4677734375 0.25048828125 0.0078125 0.0068359375
11 0.51611328125 0.23291015625 0.00830078125 0.0068359375
11 0.51611328125 0.24169921875 0.00830078125 0.0068359375
11 0.51611328125 0.24755859375 0.00830078125 0.0068359375
15 0.48974609375 0.2392578125 0.00634765625 0.01171875
11 0.49072265625 0.2685546875 0.0078125 0.0068359375
9 0.47412109375 0.22998046875 0.005859375 0.0185546875
11 0.4677734375 0.23876953125 0.0078125 0.0068359375
11 0.40966796875 0.24169921875 0.00830078125 0.0068359375
11 0.40966796875 0.25634765625 0.00830078125 0.0068359375
8 0.4345703125 0.2783203125 0.00927734375 0.015625
15 0.38720703125 0.2392578125 0.00634765625 0.01171875
11 0.38818359375 0.271484375 0.00830078125 0.0068359375
9 0.37158203125 0.22705078125 0.005859375 0.0185546875
11 0.435546875 0.2685546875 0.005859375 0.00537109375
9 0.416015625 0.23291015625 0.005859375 0.01806640625
11 0.623046875 0.34375 0.00830078125 0.0068359375
11 0.623046875 0.337890625 0.00830078125 0.0068359375
12 0.60791015625 0.38525390625 0.0087890625 0.0068359375
15 0.60693359375 0.412109375 0.00634765625 0.01171875
11 0.607421875 0.33154296875 0.00830078125 0.0068359375
8 0.6552734375 0.3681640625 0.00732421875 0.01708984375
11 0.68017578125 0.35546875 0.00830078125 0.0068359375
15 0.67919921875 0.33544921875 0.00634765625 0.01171875
11 0.6552734375 0.3583984375 0.0078125 0.0068359375
21 0.638671875 0.32177734375 0.0068359375 0.017578125
11 0.6396484375 0.337890625 0.0078125 0.0068359375
11 0.6396484375 0.34375 0.0078125 0.0068359375
12 0.541015625 0.3759765625 0.0087890625 0.0068359375
15 0.53955078125 0.4033203125 0.00634765625 0.01123046875
11 0.54052734375 0.33447265625 0.00830078125 0.0068359375
11 0.5576171875 0.349609375 0.0078125 0.0068359375
11 0.5751953125 0.32275390625 0.00830078125 0.0068359375
15 0.5908203125 0.3916015625 0.00634765625 0.01171875
11 0.591796875 0.32861328125 0.00830078125 0.0068359375
11 0.5751953125 0.33447265625 0.00830078125 0.0068359375
11 0.5751953125 0.349609375 0.00830078125 0.0068359375
11 0.5576171875 0.32861328125 0.0078125 0.0068359375
11 0.5576171875 0.33447265625 0.0078125 0.0068359375
15 0.787109375 0.33544921875 0.00634765625 0.01171875
11 0.80517578125 0.3583984375 0.0078125 0.0068359375
11 0.80517578125 0.3583984375 0.0078125 0.0068359375
11 0.80517578125 0.34375 0.0078125 0.0068359375
11 0.7705078125 0.3642578125 0.00830078125 0.0068359375
11 0.7705078125 0.3525390625 0.00830078125 0.0068359375
11 0.7705078125 0.34375 0.00830078125 0.0068359375
11 0.7705078125 0.337890625 0.00830078125 0.0068359375
9 0.7763671875 0.3291015625 0.005859375 0.0185546875
11 0.7880859375 0.373046875 0.0078125 0.0068359375
9 0.81103515625 0.3349609375 0.005859375 0.01806640625
9 0.70166015625 0.3232421875 0.005859375 0.0185546875
11 0.70654296875 0.3759765625 0.005859375 0.00537109375
9 0.7099609375 0.3642578125 0.00732421875 0.0166015625
11 0.72021484375 0.373046875 0.00830078125 0.0068359375
15 0.71923828125 0.33544921875 0.00634765625 0.01171875
11 0.69580078125 0.361328125 0.0078125 0.0068359375
11 0.69580078125 0.3466796875 0.0078125 0.0068359375
11 0.69580078125 0.33154296875 0.0078125 0.0068359375
9 0.7431640625 0.3232421875 0.005859375 0.0185546875
11 0.7548828125 0.3583984375 0.0078125 0.0068359375
15 0.75390625 0.33544921875 0.00634765625 0.01171875
11 0.7373046875 0.33154296875 0.00830078125 0.0068359375
11 0.7373046875 0.3466796875 0.00830078125 0.0068359375
11 0.7373046875 0.35546875 0.00830078125 0.0068359375
11 0.32373046875 0.3671875 0.00830078125 0.0068359375
11 0.32373046875 0.3525390625 0.00830078125 0.0068359375
11 0.306640625 0.3701171875 0.0078125 0.0068359375
11 0.306640625 0.35546875 0.0078125 0.0068359375
11 0.306640625 0.34375 0.0078125 0.0068359375
11 0.35791015625 0.3525390625 0.0078125 0.0068359375
11 0.3740234375 0.3525390625 0.00830078125 0.0068359375
9 0.38037109375 0.341796875 0.005859375 0.0185546875
11 0.32373046875 0.34033203125 0.00830078125 0.0068359375
8 0.32373046875 0.37646484375 0.00732421875 0.01708984375
11 0.3408203125 0.3525390625 0.00830078125 0.0068359375
11 0.25048828125 0.361328125 0.00830078125 0.0068359375
11 0.25048828125 0.33447265625 0.00830078125 0.0068359375
10 0.19287109375 0.3515625 0.015625 0.0439453125
11 0.28466796875 0.3525390625 0.00830078125 0.0068359375
11 0.28466796875 0.3671875 0.00830078125 0.0068359375
11 0.28466796875 0.34033203125 0.00830078125 0.0068359375
11 0.267578125 0.337890625 0.00830078125 0.0068359375
11 0.267578125 0.3642578125 0.00830078125 0.0068359375
11 0.267578125 0.3525390625 0.00830078125 0.0068359375
12 0.466796875 0.3642578125 0.00927734375 0.0068359375
9 0.45458984375 0.3291015625 0.005859375 0.0185546875
15 0.46533203125 0.3916015625 0.00634765625 0.01171875
11 0.466796875 0.33154296875 0.00927734375 0.0068359375
15 0.5146484375 0.35888671875 0.0068359375 0.01123046875
11 0.515625 0.34375 0.00830078125 0.0068359375
9 0.521484375 0.3349609375 0.005859375 0.01806640625
11 0.4814453125 0.3583984375 0.00830078125 0.0068359375
11 0.4814453125 0.3525390625 0.00830078125 0.0068359375
11 0.49853515625 0.3583984375 0.00830078125 0.0068359375
11 0.49853515625 0.3525390625 0.00830078125 0.0068359375
11 0.41455078125 0.3583984375 0.0078125 0.0068359375
15 0.3984375 0.35888671875 0.0068359375 0.01123046875
15 0.44775390625 0.400390625 0.00634765625 0.01171875
11 0.3994140625 0.34375 0.00830078125 0.0068359375
12 0.3994140625 0.38525390625 0.0087890625 0.0068359375
11 0.431640625 0.3525390625 0.00830078125 0.0068359375
11 0.431640625 0.3583984375 0.00830078125 0.0068359375
11 0.44873046875 0.337890625 0.00830078125 0.0068359375
11 0.41455078125 0.3525390625 0.0078125 0.0068359375
15 0.60986328125 0.45068359375 0.00634765625 0.01123046875
11 0.61083984375 0.482421875 0.00830078125 0.0068359375
11 0.61083984375 0.48828125 0.00830078125 0.0068359375
9 0.58203125 0.44140625 0.005859375 0.01806640625
11 0.576171875 0.44970703125 0.00830078125 0.0068359375
11 0.576171875 0.46484375 0.00830078125 0.0068359375
11 0.64306640625 0.470703125 0.00830078125 0.0068359375
11 0.64306640625 0.4560546875 0.00830078125 0.0068359375
9 0.6494140625 0.447265625 0.005859375 0.01806640625
11 0.4853515625 0.46728515625 0.00830078125 0.0068359375
9 0.49169921875 0.45654296875 0.005859375 0.01806640625
11 0.54345703125 0.4912109375 0.00830078125 0.0068359375
11 0.54345703125 0.4765625 0.00830078125 0.0068359375
15 0.54248046875 0.45068359375 0.00634765625 0.01123046875
11 0.77783203125 0.45849609375 0.00927734375 0.0068359375
11 0.77783203125 0.45263671875 0.00927734375 0.0068359375
8 0.77734375 0.47119140625 0.00732421875 0.01708984375
11 0.67822265625 0.4794921875 0.0078125 0.0068359375
15 0.6767578125 0.45068359375 0.00634765625 0.01123046875
11 0.71044921875 0.4736328125 0.00830078125 0.0068359375
11 0.71044921875 0.45849609375 0.00830078125 0.0068359375
11 0.67822265625 0.5 0.0078125 0.0068359375
9 0.71630859375 0.4501953125 0.005859375 0.0185546875
21 0.744140625 0.490234375 0.0068359375 0.017578125
15 0.744140625 0.45654296875 0.0068359375 0.01171875
10 0.19287109375 0.466796875 0.015625 0.0439453125
11 0.28271484375 0.46484375 0.0078125 0.0068359375
11 0.28271484375 0.44970703125 0.0078125 0.0068359375
9 0.2890625 0.44140625 0.005859375 0.01806640625
11 0.31787109375 0.48828125 0.00830078125 0.0068359375
11 0.31787109375 0.482421875 0.00830078125 0.0068359375
15 0.31689453125 0.45068359375 0.00634765625 0.01123046875
11 0.25048828125 0.4912109375 0.00830078125 0.0068359375
11 0.25048828125 0.4765625 0.00830078125 0.0068359375
15 0.24951171875 0.45068359375 0.00634765625 0.01123046875
11 0.451171875 0.4736328125 0.0078125 0.0068359375
11 0.4169921875 0.4736328125 0.00830078125 0.0068359375
11 0.4169921875 0.45849609375 0.00830078125 0.0068359375
21 0.4501953125 0.490234375 0.0068359375 0.017578125
11 0.451171875 0.45849609375 0.0078125 0.0068359375
9 0.35595703125 0.447265625 0.005859375 0.01806640625
11 0.35009765625 0.470703125 0.00830078125 0.0068359375
11 0.35009765625 0.4560546875 0.00830078125 0.0068359375
11 0.384765625 0.5 0.00830078125 0.0068359375
11 0.384765625 0.4794921875 0.00830078125 0.0068359375
15 0.3837890625 0.45068359375 0.00634765625 0.01123046875