11 0.63916015625 0.1142578125 0.0068359375 0.005859375
11 0.6220703125 0.0966796875 0.0068359375 0.005859375
11 0.6220703125 0.05029296875 0.0068359375 0.005859375
11 0.67822265625 0.1015625 0.0068359375 0.005859375
11 0.69677734375 0.09912109375 0.0068359375 0.00634765625
11 0.69677734375 0.05029296875 0.0068359375 0.005859375
11 0.658203125 0.10693359375 0.0068359375 0.005859375
11 0.658203125 0.052734375 0.0068359375 0.005859375
11 0.57275390625 0.1015625 0.0068359375 0.005859375
11 0.57275390625 0.04296875 0.0068359375 0.005859375
11 0.5625 0.04296875 0.0068359375 0.005859375
11 0.609375 0.09912109375 0.0068359375 0.00634765625
11 0.609375 0.05029296875 0.0068359375 0.005859375
11 0.59765625 0.09423828125 0.0068359375 0.005859375
11 0.59765625 0.04541015625 0.0068359375 0.005859375
11 0.5849609375 0.0478515625 0.0068359375 0.00634765625
11 0.8115234375 0.0478515625 0.0068359375 0.00634765625
11 0.79638671875 0.10693359375 0.0068359375 0.005859375
11 0.79638671875 0.04541015625 0.0068359375 0.005859375
11 0.74072265625 0.0966796875 0.0068359375 0.005859375
11 0.74072265625 0.052734375 0.0068359375 0.005859375
11 0.73046875 0.052734375 0.0068359375 0.005859375
11 0.71484375 0.10693359375 0.0068359375 0.005859375
11 0.71484375 0.05029296875 0.0068359375 0.005859375
11 0.7783203125 0.09423828125 0.0068359375 0.005859375
11 0.7783203125 0.04541015625 0.0068359375 0.005859375
11 0.75830078125 0.10693359375 0.0068359375 0.005859375
11 0.37548828125 0.10693359375 0.0068359375 0.005859375
11 0.37548828125 0.05029296875 0.0068359375 0.005859375
11 0.357421875 0.09912109375 0.0068359375 0.00634765625
11 0.357421875 0.05029296875 0.0068359375 0.005859375
11 0.33837890625 0.1015625 0.0068359375 0.005859375
11 0.4013671875 0.1015625 0.0068359375 0.005859375
11 0.4013671875 0.052734375 0.0068359375 0.005859375
11 0.39111328125 0.052734375 0.0068359375 0.005859375
1 0.19140625 0.1025390625 0.0146484375 0.01806640625
11 0.232421875 0.0966796875 0.0068359375 0.005859375
11 0.232421875 0.052734375 0.0068359375 0.005859375
11 0.31884765625 0.10693359375 0.0068359375 0.005859375
11 0.31884765625 0.052734375 0.0068359375 0.005859375
11 0.27490234375 0.1142578125 0.0068359375 0.005859375
11 0.27490234375 0.05029296875 0.0068359375 0.005859375
11 0.49169921875 0.0966796875 0.0068359375 0.005859375
11 0.49169921875 0.0478515625 0.0068359375 0.00634765625
11 0.546875 0.10693359375 0.0068359375 0.005859375
11 0.546875 0.0400390625 0.0068359375 0.005859375
11 0.52880859375 0.09912109375 0.0068359375 0.00634765625
11 0.52880859375 0.0400390625 0.0068359375 0.005859375
11 0.5087890625 0.10693359375 0.0068359375 0.005859375
11 0.45654296875 0.04541015625 0.0068359375 0.005859375
11 0.43896484375 0.04541015625 0.0068359375 0.005859375
11 0.43896484375 0.09423828125 0.0068359375 0.005859375
11 0.45654296875 0.10693359375 0.0068359375 0.005859375
11 0.4189453125 0.10693359375 0.0068359375 0.005859375
11 0.47216796875 0.0478515625 0.0068359375 0.00634765625
14 0.53955078125 0.21923828125 0.00732421875 0.0146484375
11 0.53955078125 0.16064453125 0.0068359375 0.005859375
11 0.5166015625 0.16064453125 0.0068359375 0.005859375
11 0.4345703125 0.17822265625 0.0068359375 0.005859375
11 0.587890625 0.22119140625 0.0068359375 0.005859375
11 0.5546875 0.2236328125 0.0068359375 0.005859375
11 0.5693359375 0.22119140625 0.0068359375 0.005859375
11 0.5693359375 0.16064453125 0.0068359375 0.005859375
11 0.4541015625 0.236328125 0.0068359375 0.005859375
11 0.4541015625 0.17578125 0.0068359375 0.005859375
9 0.44580078125 0.166015625 0.00439453125 0.0107421875
11 0.44189453125 0.17333984375 0.0048828125 0.00439453125
11 0.49267578125 0.228515625 0.0068359375 0.00634765625
11 0.49267578125 0.17822265625 0.0068359375 0.005859375
12 0.6708984375 0.228515625 0.00732421875 0.00634765625
12 0.6708984375 0.16064453125 0.00732421875 0.005859375
11 0.6337890625 0.158203125 0.0068359375 0.005859375
12 0.6025390625 0.21875 0.00732421875 0.005859375
11 0.6025390625 0.16064453125 0.0068359375 0.005859375
19 0.7109375 0.21435546875 0.00732421875 0.00341796875
19 0.7109375 0.1669921875 0.00732421875 0.00341796875
11 0.298828125 0.2236328125 0.0068359375 0.005859375
11 0.298828125 0.16845703125 0.0068359375 0.00634765625
11 0.2890625 0.16845703125 0.0068359375 0.00634765625
11 0.27587890625 0.228515625 0.0068359375 0.00634765625
11 0.27587890625 0.16552734375 0.0068359375 0.005859375
11 0.32080078125 0.158203125 0.0068359375 0.005859375
11 0.310546875 0.15576171875 0.0068359375 0.00634765625
11 0.232421875 0.21875 0.0068359375 0.005859375
11 0.232421875 0.17333984375 0.0068359375 0.005859375
1 0.19140625 0.224609375 0.0146484375 0.01806640625
11 0.26220703125 0.22119140625 0.0068359375 0.005859375
11 0.26220703125 0.16552734375 0.0068359375 0.005859375
11 0.32080078125 0.22119140625 0.0068359375 0.005859375
11 0.24609375 0.228515625 0.0068359375 0.00634765625
11 0.36767578125 0.22119140625 0.0068359375 0.005859375
11 0.36767578125 0.16552734375 0.0068359375 0.005859375
11 0.35693359375 0.16845703125 0.0068359375 0.00634765625
11 0.41552734375 0.17333984375 0.0068359375 0.005859375
11 0.3876953125 0.21875 0.0068359375 0.005859375
11 0.3876953125 0.1708984375 0.0068359375 0.005859375
11 0.37744140625 0.1708984375 0.0068359375 0.005859375
11 0.42529296875 0.17578125 0.0068359375 0.005859375
11 0.33642578125 0.22607421875 0.0068359375 0.005859375
11 0.33642578125 0.1630859375 0.0068359375 0.005859375
11 0.34716796875 0.2236328125 0.0068359375 0.005859375
11 0.34716796875 0.16064453125 0.0068359375 0.005859375
11 0.6455078125 0.2900390625 0.0068359375 0.005859375
11 0.599609375 0.31787109375 0.0068359375 0.005859375
11 0.599609375 0.36328125 0.0068359375 0.005859375
11 0.6455078125 0.34521484375 0.0068359375 0.005859375
11 0.69775390625 0.29296875 0.0068359375 0.005859375
11 0.69775390625 0.34814453125 0.0068359375 0.00634765625
21 0.53759765625 0.33642578125 0.00537109375 0.015625
11 0.5380859375 0.3076171875 0.0068359375 0.005859375
11 0.56884765625 0.31298828125 0.0068359375 0.005859375
12 0.7646484375 0.3505859375 0.00732421875 0.005859375
12 0.7646484375 0.29541015625 0.00732421875 0.005859375
9 0.7548828125 0.33935546875 0.00439453125 0.0107421875
11 0.7373046875 0.2900390625 0.0068359375 0.005859375
11 0.75146484375 0.29248046875 0.0048828125 0.00439453125
11 0.75146484375 0.34814453125 0.0048828125 0.00439453125
9 0.7548828125 0.28564453125 0.00439453125 0.0107421875
11 0.2841796875 0.28515625 0.0068359375 0.00634765625
11 0.2841796875 0.34521484375 0.0068359375 0.005859375
11 0.4990234375 0.30029296875 0.0068359375 0.005859375
11 0.310546875 0.27734375 0.0068359375 0.005859375
11 0.29638671875 0.28271484375 0.0068359375 0.005859375
1 0.19140625 0.34619140625 0.0146484375 0.01806640625
11 0.244140625 0.3505859375 0.0068359375 0.005859375
11 0.310546875 0.34033203125 0.0068359375 0.005859375
11 0.244140625 0.28271484375 0.0068359375 0.005859375
11 0.4072265625 0.28271484375 0.0068359375 0.005859375
11 0.4072265625 0.34521484375 0.0068359375 0.005859375
21 0.4677734375 0.33642578125 0.00537109375 0.015625
11 0.46875 0.29541015625 0.0068359375 0.005859375
11 0.43798828125 0.2900390625 0.0068359375 0.005859375
11 0.36279296875 0.2802734375 0.0068359375 0.005859375
11 0.36279296875 0.3427734375 0.0068359375 0.00634765625
11 0.619140625 0.412109375 0.0068359375 0.005859375
11 0.619140625 0.45458984375 0.0068359375 0.005859375
12 0.63330078125 0.41455078125 0.00732421875 0.005859375
11 0.63330078125 0.45703125 0.0068359375 0.005859375
9 0.61376953125 0.40234375 0.00439453125 0.0107421875
11 0.52734375 0.45458984375 0.0048828125 0.00439453125
11 0.60986328125 0.40966796875 0.0048828125 0.00439453125
12 0.673828125 0.47509765625 0.00732421875 0.005859375
12 0.673828125 0.4697265625 0.00732421875 0.005859375
11 0.67333984375 0.41943359375 0.0068359375 0.005859375
11 0.65966796875 0.4697265625 0.0068359375 0.005859375
11 0.64404296875 0.4619140625 0.0068359375 0.00634765625
11 0.55419921875 0.45458984375 0.0068359375 0.005859375
12 0.5615234375 0.4248046875 0.00732421875 0.005859375
12 0.54345703125 0.45703125 0.00732421875 0.005859375
9 0.53125 0.40478515625 0.00439453125 0.0107421875
9 0.53125 0.44775390625 0.00439453125 0.0107421875
12 0.54345703125 0.41455078125 0.00732421875 0.005859375
11 0.55419921875 0.412109375 0.0068359375 0.005859375
11 0.5908203125 0.4091796875 0.0068359375 0.005859375
11 0.5908203125 0.4521484375 0.0068359375 0.005859375
11 0.60302734375 0.412109375 0.0068359375 0.005859375
11 0.60302734375 0.45458984375 0.0068359375 0.005859375
11 0.568359375 0.41455078125 0.0068359375 0.005859375
11 0.568359375 0.45703125 0.0068359375 0.005859375
11 0.58154296875 0.412109375 0.0068359375 0.005859375
11 0.58154296875 0.45458984375 0.0068359375 0.005859375
11 0.80615234375 0.4091796875 0.0068359375 0.005859375
11 0.80615234375 0.46484375 0.0068359375 0.005859375
11 0.81298828125 0.40966796875 0.0048828125 0.00439453125
9 0.81591796875 0.4013671875 0.0078125 0.013671875
11 0.82373046875 0.412109375 0.0068359375 0.005859375
11 0.78466796875 0.41943359375 0.0068359375 0.005859375
11 0.82373046875 0.4619140625 0.0068359375 0.00634765625
11 0.79296875 0.4169921875 0.0068359375 0.00634765625
11 0.79296875 0.47216796875 0.0068359375 0.005859375
11 0.8369140625 0.41455078125 0.0068359375 0.005859375
11 0.71533203125 0.40185546875 0.0068359375 0.005859375
11 0.72509765625 0.396484375 0.0068359375 0.005859375
11 0.68896484375 0.4091796875 0.0068359375 0.005859375
11 0.68115234375 0.41455078125 0.0068359375 0.005859375
11 0.703125 0.40673828125 0.0068359375 0.005859375
11 0.7578125 0.40673828125 0.0068359375 0.005859375
11 0.765625 0.4091796875 0.0068359375 0.005859375
11 0.77685546875 0.41455078125 0.0068359375 0.005859375
11 0.734375 0.396484375 0.0068359375 0.005859375
12 0.73486328125 0.4697265625 0.00732421875 0.005859375
12 0.73486328125 0.47509765625 0.00732421875 0.005859375
11 0.744140625 0.40185546875 0.0068359375 0.005859375
8 0.33740234375 0.4248046875 0.00537109375 0.01513671875
11 0.3203125 0.41455078125 0.0068359375 0.005859375
11 0.3203125 0.47998046875 0.0068359375 0.00634765625
11 0.337890625 0.41455078125 0.0068359375 0.005859375
11 0.337890625 0.47509765625 0.0068359375 0.005859375
11 0.361328125 0.412109375 0.0068359375 0.005859375
11 0.361328125 0.46728515625 0.0068359375 0.005859375
11 0.369140625 0.4091796875 0.0068359375 0.005859375
11 0.24072265625 0.47216796875 0.0068359375 0.005859375
15 0.345703125 0.41259765625 0.0068359375 0.009765625
11 0.345703125 0.47998046875 0.0068359375 0.00634765625
11 0.24072265625 0.421875 0.0068359375 0.005859375
11 0.52734375 0.412109375 0.0048828125 0.00439453125
11 0.353515625 0.4169921875 0.0068359375 0.00634765625
11 0.353515625 0.47216796875 0.0068359375 0.005859375
11 0.275390625 0.412109375 0.0068359375 0.005859375
11 0.275390625 0.46728515625 0.0068359375 0.005859375
8 0.27490234375 0.42236328125 0.00537109375 0.01513671875
11 0.2568359375 0.4169921875 0.0068359375 0.00634765625
11 0.2646484375 0.412109375 0.0068359375 0.005859375
11 0.2646484375 0.47216796875 0.0068359375 0.005859375
15 0.25634765625 0.46044921875 0.0068359375 0.009765625
11 0.3046875 0.41943359375 0.0068359375 0.005859375
11 0.3125 0.41943359375 0.0068359375 0.005859375
15 0.3125 0.46044921875 0.00634765625 0.009765625
15 0.283203125 0.41259765625 0.00634765625 0.009765625
11 0.283203125 0.47216796875 0.0068359375 0.005859375
11 0.369140625 0.46484375 0.0068359375 0.005859375
11 0.296875 0.4248046875 0.0068359375 0.005859375
11 0.296875 0.47998046875 0.0068359375 0.00634765625
11 0.2490234375 0.4169921875 0.0068359375 0.00634765625
12 0.5078125 0.41455078125 0.00732421875 0.005859375
12 0.5078125 0.45703125 0.00732421875 0.005859375
12 0.46875 0.4248046875 0.00732421875 0.005859375
1 0.19140625 0.46826171875 0.0146484375 0.017578125
12 0.525390625 0.4248046875 0.00732421875 0.005859375
11 0.5185546875 0.412109375 0.0068359375 0.005859375
11 0.5185546875 0.45458984375 0.0068359375 0.005859375
11 0.3955078125 0.404296875 0.0068359375 0.00634765625
11 0.3955078125 0.46728515625 0.0068359375 0.005859375
11 0.23291015625 0.47509765625 0.0068359375 0.005859375
12 0.427734375 0.47998046875 0.00732421875 0.00634765625
11 0.38330078125 0.40673828125 0.0068359375 0.005859375
11 0.38330078125 0.4697265625 0.0068359375 0.005859375
11 0.41015625 0.41455078125 0.0048828125 0.00439453125
9 0.4140625 0.40771484375 0.00439453125 0.0107421875
11 0.419921875 0.4169921875 0.0068359375 0.00634765625
11 0.419921875 0.47998046875 0.0068359375 0.00634765625
12 0.427734375 0.41943359375 0.00732421875 0.005859375
11 0.23291015625 0.41943359375 0.0068359375 0.005859375
11 0.4033203125 0.4169921875 0.0068359375 0.00634765625
11 0.4033203125 0.47216796875 0.0068359375 0.005859375
11 0.62646484375 0.58642578125 0.0068359375 0.005859375
11 0.53076171875 0.59130859375 0.0068359375 0.005859375
11 0.6171875 0.53125 0.0068359375 0.00634765625
11 0.6171875 0.58642578125 0.0068359375 0.005859375
11 0.6650390625 0.53369140625 0.0068359375 0.005859375
11 0.65576171875 0.53125 0.0068359375 0.00634765625
11 0.65576171875 0.58642578125 0.0068359375 0.005859375
11 0.63623046875 0.53369140625 0.0068359375 0.005859375
11 0.63623046875 0.5888671875 0.0068359375 0.005859375
11 0.6650390625 0.5888671875 0.0068359375 0.005859375
11 0.646484375 0.52880859375 0.0068359375 0.005859375
11 0.646484375 0.583984375 0.0068359375 0.005859375
11 0.55322265625 0.58642578125 0.0068359375 0.005859375
11 0.55322265625 0.53125 0.0068359375 0.00634765625
11 0.5400390625 0.53125 0.0068359375 0.00634765625
11 0.5400390625 0.5888671875 0.0068359375 0.005859375
11 0.5947265625 0.53369140625 0.0068359375 0.005859375
11 0.5947265625 0.59130859375 0.0068359375 0.005859375
11 0.58544921875 0.5361328125 0.0068359375 0.00634765625
11 0.60400390625 0.53125 0.0068359375 0.00634765625
11 0.60400390625 0.5888671875 0.0068359375 0.005859375
12 0.572265625 0.52880859375 0.00732421875 0.005859375
11 0.5625 0.53125 0.0068359375 0.00634765625
11 0.5625 0.58642578125 0.0068359375 0.005859375
11 0.57177734375 0.58642578125 0.0068359375 0.005859375
11 0.796875 0.52099609375 0.0068359375 0.005859375
11 0.787109375 0.53125 0.0068359375 0.00634765625
11 0.796875 0.58642578125 0.0068359375 0.005859375
11 0.80615234375 0.5263671875 0.0068359375 0.005859375
11 0.7490234375 0.58642578125 0.0068359375 0.005859375
11 0.763671875 0.52099609375 0.0068359375 0.005859375
11 0.763671875 0.583984375 0.0068359375 0.005859375
11 0.7734375 0.5263671875 0.0068359375 0.005859375
11 0.814453125 0.53125 0.0068359375 0.00634765625
11 0.6875 0.5390625 0.0068359375 0.005859375
11 0.6875 0.59423828125 0.0068359375 0.00634765625
11 0.69775390625 0.52880859375 0.0068359375 0.005859375
11 0.69775390625 0.5966796875 0.0068359375 0.005859375
11 0.67822265625 0.5361328125 0.0068359375 0.00634765625
11 0.67822265625 0.59130859375 0.0068359375 0.005859375
21 0.73876953125 0.53271484375 0.00537109375 0.015625
11 0.73974609375 0.5888671875 0.0068359375 0.005859375
11 0.70654296875 0.5966796875 0.0068359375 0.005859375
11 0.7158203125 0.54638671875 0.0068359375 0.005859375
11 0.7158203125 0.59423828125 0.0068359375 0.00634765625
11 0.72509765625 0.59130859375 0.0068359375 0.005859375
11 0.38330078125 0.5263671875 0.0068359375 0.005859375
11 0.38330078125 0.58154296875 0.0068359375 0.00634765625
12 0.36669921875 0.52880859375 0.00732421875 0.005859375
12 0.36669921875 0.583984375 0.00732421875 0.005859375
12 0.39404296875 0.52880859375 0.00732421875 0.005859375
12 0.39404296875 0.583984375 0.00732421875 0.005859375
11 0.53076171875 0.53369140625 0.0068359375 0.005859375
11 0.4111328125 0.5263671875 0.0068359375 0.005859375
11 0.4111328125 0.58154296875 0.0068359375 0.00634765625
12 0.388671875 0.5390625 0.00732421875 0.005859375
9 0.22802734375 0.52783203125 0.0078125 0.013671875
11 0.2353515625 0.5390625 0.0068359375 0.005859375
11 0.2353515625 0.6015625 0.0068359375 0.005859375
11 0.2490234375 0.54150390625 0.0068359375 0.005859375
11 0.2568359375 0.5439453125 0.0068359375 0.005859375
11 0.2568359375 0.59423828125 0.0068359375 0.00634765625
1 0.19140625 0.58984375 0.0146484375 0.01806640625
11 0.22509765625 0.5361328125 0.0048828125 0.00439453125
12 0.3203125 0.5390625 0.00732421875 0.005859375
11 0.265625 0.5615234375 0.0068359375 0.00634765625
11 0.265625 0.61181640625 0.0068359375 0.00634765625
21 0.28076171875 0.53271484375 0.00537109375 0.015625
21 0.28076171875 0.580078125 0.00537109375 0.015625
11 0.46533203125 0.58154296875 0.0068359375 0.00634765625
11 0.5 0.53125 0.0068359375 0.00634765625
11 0.46533203125 0.5263671875 0.0068359375 0.005859375
12 0.4658203125 0.5390625 0.00732421875 0.005859375
11 0.4921875 0.52880859375 0.0068359375 0.005859375
11 0.4921875 0.583984375 0.0068359375 0.005859375
12 0.47509765625 0.5263671875 0.00732421875 0.005859375
12 0.47509765625 0.58154296875 0.00732421875 0.00634765625
9 0.42333984375 0.51953125 0.00439453125 0.01025390625
11 0.521484375 0.5361328125 0.0068359375 0.00634765625
11 0.41943359375 0.52587890625 0.0048828125 0.00439453125
11 0.41943359375 0.58154296875 0.0048828125 0.00439453125
9 0.42333984375 0.57470703125 0.00439453125 0.0107421875
11 0.4560546875 0.57861328125 0.0068359375 0.005859375
11 0.42919921875 0.52880859375 0.0068359375 0.005859375
12 0.41748046875 0.5390625 0.00732421875 0.005859375
11 0.4423828125 0.52099609375 0.0068359375 0.005859375
11 0.4423828125 0.576171875 0.0068359375 0.005859375
11 0.5078125 0.58642578125 0.0068359375 0.005859375
12 0.50830078125 0.52880859375 0.00732421875 0.005859375
11 0.4560546875 0.5234375 0.0068359375 0.005859375
11 0.42919921875 0.583984375 0.0068359375 0.005859375
11 0.6357421875 0.7109375 0.0068359375 0.005859375
11 0.650390625 0.658203125 0.0068359375 0.005859375
11 0.650390625 0.71337890625 0.0068359375 0.00634765625
11 0.6357421875 0.6552734375 0.0068359375 0.005859375
11 0.67919921875 0.66064453125 0.0068359375 0.005859375
11 0.67919921875 0.7158203125 0.0068359375 0.005859375
11 0.69384765625 0.66064453125 0.0068359375 0.005859375
11 0.69384765625 0.7158203125 0.0068359375 0.005859375
11 0.6650390625 0.658203125 0.0068359375 0.005859375
11 0.6650390625 0.71337890625 0.0068359375 0.00634765625
11 0.572265625 0.650390625 0.0068359375 0.00634765625
11 0.572265625 0.70556640625 0.0068359375 0.005859375
11 0.5869140625 0.65283203125 0.0068359375 0.005859375
11 0.5869140625 0.70849609375 0.0068359375 0.005859375
11 0.5576171875 0.650390625 0.0068359375 0.00634765625
11 0.5576171875 0.70556640625 0.0068359375 0.005859375
11 0.6162109375 0.6552734375 0.0068359375 0.005859375
11 0.6162109375 0.7109375 0.0068359375 0.005859375
11 0.6015625 0.65283203125 0.0068359375 0.005859375
11 0.6015625 0.70849609375 0.0068359375 0.005859375
11 0.77978515625 0.658203125 0.0068359375 0.005859375
11 0.7919921875 0.66064453125 0.0068359375 0.005859375
11 0.80419921875 0.6630859375 0.0068359375 0.005859375
11 0.80419921875 0.70849609375 0.0068359375 0.005859375
11 0.72900390625 0.66064453125 0.0068359375 0.005859375
11 0.72900390625 0.7158203125 0.0068359375 0.005859375
11 0.70849609375 0.71826171875 0.0068359375 0.005859375
11 0.70849609375 0.6630859375 0.0068359375 0.005859375
11 0.75634765625 0.65283203125 0.0048828125 0.00439453125
9 0.759765625 0.64453125 0.0078125 0.013671875
11 0.767578125 0.6552734375 0.0068359375 0.005859375
11 0.767578125 0.7109375 0.0068359375 0.005859375
11 0.74365234375 0.658203125 0.0068359375 0.005859375
11 0.74365234375 0.71337890625 0.0068359375 0.00634765625
11 0.34716796875 0.66064453125 0.0068359375 0.005859375
11 0.33251953125 0.658203125 0.0068359375 0.005859375
11 0.3134765625 0.6552734375 0.0068359375 0.005859375
11 0.33251953125 0.71826171875 0.0068359375 0.005859375
11 0.3759765625 0.65283203125 0.0068359375 0.005859375
11 0.38916015625 0.64794921875 0.0068359375 0.005859375
11 0.40283203125 0.642578125 0.0068359375 0.005859375
11 0.40283203125 0.70849609375 0.0068359375 0.005859375
11 0.3623046875 0.66064453125 0.0068359375 0.005859375
11 0.3623046875 0.70556640625 0.0068359375 0.005859375
11 0.232421875 0.642578125 0.0068359375 0.005859375
11 0.232421875 0.7109375 0.0068359375 0.005859375
11 0.24365234375 0.64794921875 0.0068359375 0.005859375
1 0.19140625 0.71142578125 0.0146484375 0.01806640625
11 0.2841796875 0.650390625 0.0068359375 0.00634765625
11 0.298828125 0.65283203125 0.0068359375 0.005859375
21 0.2978515625 0.7021484375 0.00537109375 0.015625
11 0.25732421875 0.65283203125 0.0068359375 0.005859375
11 0.26953125 0.650390625 0.0068359375 0.00634765625
11 0.26953125 0.71337890625 0.0068359375 0.00634765625
11 0.494140625 0.64013671875 0.0068359375 0.005859375
11 0.494140625 0.69580078125 0.0068359375 0.005859375
11 0.5087890625 0.642578125 0.0068359375 0.005859375
11 0.5087890625 0.6982421875 0.0068359375 0.005859375
11 0.478515625 0.650390625 0.0068359375 0.00634765625
11 0.46630859375 0.65283203125 0.0068359375 0.005859375
11 0.478515625 0.71337890625 0.0068359375 0.00634765625
11 0.54296875 0.64794921875 0.0068359375 0.005859375
11 0.54296875 0.703125 0.0068359375 0.005859375
11 0.5234375 0.6455078125 0.0068359375 0.005859375
11 0.5234375 0.70068359375 0.0068359375 0.00634765625
11 0.44140625 0.642578125 0.0068359375 0.005859375
11 0.44140625 0.7109375 0.0068359375 0.005859375
11 0.4248046875 0.65283203125 0.0068359375 0.005859375
11 0.41357421875 0.64794921875 0.0068359375 0.005859375
11 0.45263671875 0.64794921875 0.0068359375 0.005859375
11 0.72412109375 0.76708984375 0.0068359375 0.005859375
11 0.72412109375 0.822265625 0.0068359375 0.005859375
11 0.69091796875 0.81982421875 0.0068359375 0.005859375
11 0.69091796875 0.7646484375 0.0068359375 0.005859375
11 0.66357421875 0.81982421875 0.0068359375 0.005859375
11 0.66357421875 0.7646484375 0.0068359375 0.005859375
11 0.57568359375 0.82763671875 0.0068359375 0.005859375
11 0.57568359375 0.76708984375 0.0068359375 0.005859375
11 0.5625 0.82470703125 0.0068359375 0.005859375
11 0.5625 0.7646484375 0.0068359375 0.005859375
22 0.4248046875 0.82666015625 0.0068359375 0.00341796875
11 0.6357421875 0.7724609375 0.0068359375 0.005859375
11 0.6357421875 0.83251953125 0.0068359375 0.00634765625
11 0.6025390625 0.830078125 0.0068359375 0.005859375
11 0.6025390625 0.76953125 0.0068359375 0.00634765625
11 0.79638671875 0.82470703125 0.0068359375 0.005859375
11 0.79638671875 0.76953125 0.0068359375 0.00634765625
11 0.76904296875 0.82470703125 0.0068359375 0.005859375
11 0.76904296875 0.76953125 0.0068359375 0.00634765625
9 0.76171875 0.8154296875 0.00439453125 0.01025390625
9 0.76171875 0.76025390625 0.00439453125 0.0107421875
11 0.7578125 0.822265625 0.0048828125 0.00439453125
11 0.7578125 0.76708984375 0.0048828125 0.00439453125
11 0.748046875 0.81982421875 0.0068359375 0.005859375
11 0.748046875 0.7646484375 0.0068359375 0.005859375
12 0.35693359375 0.78515625 0.00732421875 0.005859375
11 0.3974609375 0.77734375 0.0068359375 0.005859375
11 0.232421875 0.78759765625 0.0068359375 0.00634765625
1 0.19140625 0.83349609375 0.0146484375 0.017578125
11 0.232421875 0.84765625 0.0068359375 0.005859375
22 0.30224609375 0.82666015625 0.00732421875 0.00341796875
12 0.2607421875 0.84033203125 0.00732421875 0.005859375
12 0.2607421875 0.7900390625 0.00732421875 0.005859375
11 0.5380859375 0.82763671875 0.0068359375 0.005859375
11 0.5380859375 0.76708984375 0.0068359375 0.005859375
12 0.498046875 0.8349609375 0.00732421875 0.005859375
12 0.498046875 0.77490234375 0.00732421875 0.005859375
12 0.4296875 0.84033203125 0.00732421875 0.005859375
11 0.470703125 0.83251953125 0.0068359375 0.00634765625
11 0.470703125 0.7724609375 0.0068359375 0.005859375
12 0.4296875 0.77978515625 0.00732421875 0.005859375
9 0.421875 0.7705078125 0.00439453125 0.01025390625
11 0.41845703125 0.77734375 0.0048828125 0.00439453125
21 0.6328125 0.94580078125 0.00537109375 0.015625
11 0.6337890625 0.88916015625 0.0068359375 0.00634765625
11 0.6552734375 0.8916015625 0.0068359375 0.005859375
11 0.6123046875 0.88623046875 0.0068359375 0.005859375
11 0.50244140625 0.90185546875 0.0068359375 0.00634765625
11 0.6826171875 0.97216796875 0.0068359375 0.005859375
11 0.6826171875 0.89404296875 0.0068359375 0.005859375
11 0.54150390625 0.96435546875 0.0068359375 0.00634765625
11 0.54150390625 0.896484375 0.0068359375 0.005859375
11 0.51806640625 0.90673828125 0.0068359375 0.005859375
11 0.58984375 0.96728515625 0.0068359375 0.005859375
11 0.58984375 0.904296875 0.0068359375 0.005859375
11 0.57275390625 0.90673828125 0.0068359375 0.005859375
11 0.55712890625 0.90185546875 0.0068359375 0.00634765625
11 0.80615234375 0.90673828125 0.0068359375 0.005859375
11 0.79052734375 0.90185546875 0.0068359375 0.00634765625
11 0.72509765625 0.95947265625 0.0068359375 0.005859375
11 0.72509765625 0.896484375 0.0068359375 0.005859375
11 0.70361328125 0.896484375 0.0068359375 0.005859375
11 0.7744140625 0.9619140625 0.0068359375 0.005859375
11 0.7744140625 0.896484375 0.0068359375 0.005859375
11 0.75634765625 0.90673828125 0.0068359375 0.005859375
11 0.74072265625 0.90185546875 0.0068359375 0.00634765625
11 0.30859375 0.95166015625 0.0068359375 0.00634765625
11 0.30859375 0.896484375 0.0068359375 0.005859375
11 0.27978515625 0.95166015625 0.0068359375 0.00634765625
11 0.27978515625 0.896484375 0.0068359375 0.005859375
9 0.27197265625 0.9423828125 0.00439453125 0.0107421875
9 0.27197265625 0.88720703125 0.00439453125 0.0107421875
11 0.34326171875 0.95458984375 0.0068359375 0.005859375
11 0.34326171875 0.89892578125 0.0068359375 0.005859375
1 0.19140625 0.95556640625 0.0146484375 0.01806640625
11 0.232421875 0.94921875 0.0068359375 0.005859375
11 0.232421875 0.89404296875 0.0068359375 0.005859375
11 0.2685546875 0.94921875 0.0048828125 0.00439453125
11 0.2685546875 0.89404296875 0.0048828125 0.00439453125
11 0.25830078125 0.94677734375 0.0068359375 0.00634765625
11 0.25830078125 0.8916015625 0.0068359375 0.005859375
11 0.43701171875 0.95947265625 0.0068359375 0.005859375
11 0.43701171875 0.896484375 0.0068359375 0.005859375
12 0.39599609375 0.95703125 0.00732421875 0.005859375
12 0.39599609375 0.90185546875 0.00732421875 0.005859375
11 0.48681640625 0.9619140625 0.0068359375 0.005859375
11 0.48681640625 0.896484375 0.0068359375 0.005859375
11 0.46875 0.90673828125 0.0068359375 0.005859375
11 0.45263671875 0.90185546875 0.0068359375 0.00634765625
11 0.38427734375 0.95458984375 0.0048828125 0.00439453125
11 0.38427734375 0.89892578125 0.0048828125 0.00439453125
11 0.37451171875 0.896484375 0.0068359375 0.005859375
9 0.38818359375 0.94677734375 0.00439453125 0.0107421875
11 0.37451171875 0.95166015625 0.0068359375 0.00634765625
9 0.38818359375 0.892578125 0.00439453125 0.0107421875
12 0.36083984375 0.91162109375 0.00732421875 0.005859375