12 0.61865234375 0.185546875 0.0087890625 0.0068359375
11 0.58349609375 0.3046875 0.00830078125 0.00732421875
11 0.6181640625 0.29833984375 0.00830078125 0.00732421875
12 0.69189453125 0.13671875 0.0087890625 0.0068359375
12 0.69189453125 0.0712890625 0.0087890625 0.0068359375
11 0.67529296875 0.2451171875 0.005859375 0.0048828125
11 0.67529296875 0.07421875 0.005859375 0.00537109375
11 0.650390625 0.3046875 0.00830078125 0.00732421875
12 0.55078125 0.36669921875 0.0087890625 0.0068359375
12 0.55078125 0.42626953125 0.0087890625 0.0068359375
15 0.55029296875 0.31103515625 0.0078125 0.01171875
12 0.55078125 0.2421875 0.0087890625 0.0068359375
12 0.55078125 0.16796875 0.0087890625 0.0068359375
12 0.55078125 0.11572265625 0.0087890625 0.0068359375
12 0.55078125 0.13671875 0.0087890625 0.0068359375
12 0.55078125 0.0712890625 0.0087890625 0.0068359375
11 0.79736328125 0.30126953125 0.00830078125 0.0068359375
12 0.69189453125 0.42626953125 0.0087890625 0.0068359375
12 0.69189453125 0.36669921875 0.0087890625 0.0068359375
15 0.69140625 0.31103515625 0.0078125 0.01171875
12 0.69189453125 0.2421875 0.0087890625 0.0068359375
12 0.69189453125 0.1708984375 0.0087890625 0.00732421875
11 0.765625 0.29541015625 0.00830078125 0.0068359375
12 0.765625 0.185546875 0.0087890625 0.0068359375
11 0.7451171875 0.29833984375 0.00830078125 0.00732421875
12 0.69189453125 0.11572265625 0.0087890625 0.0068359375
11 0.724609375 0.30126953125 0.00830078125 0.0068359375
12 0.2529296875 0.11572265625 0.0087890625 0.0068359375
12 0.2529296875 0.42626953125 0.0087890625 0.0068359375
12 0.2529296875 0.36669921875 0.0087890625 0.0068359375
15 0.25244140625 0.31103515625 0.0078125 0.01171875
12 0.2529296875 0.2421875 0.0087890625 0.0068359375
12 0.2529296875 0.1650390625 0.0087890625 0.0068359375
12 0.2529296875 0.13671875 0.0087890625 0.0068359375
12 0.2529296875 0.0712890625 0.0087890625 0.0068359375
12 0.3203125 0.1826171875 0.0087890625 0.0068359375
11 0.28564453125 0.30126953125 0.00830078125 0.0068359375
1 0.193359375 0.11669921875 0.017578125 0.02099609375
10 0.19384765625 0.0576171875 0.0166015625 0.0458984375
0 0.17529296875 0.0888671875 0.005859375 0.083984375
1 0.193359375 0.3681640625 0.017578125 0.02099609375
11 0.236328125 0.2451171875 0.005859375 0.0048828125
11 0.236328125 0.07421875 0.005859375 0.00537109375
1 0.193359375 0.42724609375 0.017578125 0.02099609375
1 0.193359375 0.30859375 0.017578125 0.02099609375
10 0.19384765625 0.24951171875 0.0166015625 0.0458984375
10 0.19384765625 0.1904296875 0.0166015625 0.0458984375
11 0.44677734375 0.29541015625 0.00830078125 0.0068359375
11 0.4267578125 0.29833984375 0.00830078125 0.00732421875
11 0.5341796875 0.2451171875 0.005859375 0.0048828125
11 0.5341796875 0.07421875 0.005859375 0.00537109375
11 0.4990234375 0.29833984375 0.00830078125 0.00732421875
11 0.46728515625 0.29248046875 0.00830078125 0.0068359375
12 0.4677734375 0.1826171875 0.0087890625 0.0068359375
11 0.376953125 0.2451171875 0.005859375 0.0048828125
11 0.376953125 0.07421875 0.005859375 0.00537109375
11 0.35205078125 0.30126953125 0.0078125 0.0068359375
11 0.3203125 0.29541015625 0.00830078125 0.0068359375
12 0.39404296875 0.0712890625 0.0087890625 0.0068359375
12 0.39404296875 0.42626953125 0.0087890625 0.0068359375
12 0.39404296875 0.36669921875 0.0087890625 0.0068359375
15 0.3935546875 0.31103515625 0.0078125 0.01171875
12 0.39404296875 0.13671875 0.0087890625 0.0068359375
12 0.39404296875 0.2421875 0.0087890625 0.0068359375
12 0.39404296875 0.11572265625 0.0087890625 0.0068359375
12 0.39404296875 0.16796875 0.0087890625 0.0068359375
11 0.60986328125 0.81201171875 0.00830078125 0.0068359375
12 0.54248046875 0.58154296875 0.0087890625 0.0068359375
11 0.52001953125 0.75537109375 0.005859375 0.0048828125
11 0.52001953125 0.58447265625 0.005859375 0.00537109375
12 0.54248046875 0.87744140625 0.0087890625 0.0068359375
12 0.54248046875 0.93701171875 0.0087890625 0.0068359375
15 0.5419921875 0.82177734375 0.0078125 0.01171875
12 0.54248046875 0.75244140625 0.0087890625 0.0068359375
12 0.54248046875 0.68408203125 0.0087890625 0.0068359375
12 0.54248046875 0.6259765625 0.0087890625 0.0068359375
12 0.54248046875 0.64697265625 0.0087890625 0.0068359375
11 0.68994140625 0.80615234375 0.00830078125 0.0068359375
12 0.68994140625 0.6962890625 0.0087890625 0.00732421875
11 0.65234375 0.80908203125 0.00830078125 0.00732421875
11 0.75634765625 0.81201171875 0.0078125 0.0068359375
1 0.193359375 0.87841796875 0.017578125 0.02099609375
1 0.193359375 0.93798828125 0.017578125 0.02099609375
1 0.193359375 0.81884765625 0.017578125 0.02099609375
10 0.19384765625 0.759765625 0.0166015625 0.0458984375
11 0.46728515625 0.80908203125 0.00830078125 0.00732421875
11 0.236328125 0.75537109375 0.005859375 0.0048828125
11 0.236328125 0.58447265625 0.005859375 0.00537109375
0 0.17529296875 0.59912109375 0.005859375 0.08447265625
10 0.19384765625 0.70068359375 0.0166015625 0.0458984375
1 0.193359375 0.62744140625 0.017578125 0.02099609375
10 0.19384765625 0.568359375 0.0166015625 0.0458984375
11 0.32568359375 0.80908203125 0.00830078125 0.00732421875
12 0.4013671875 0.69921875 0.0087890625 0.0068359375
11 0.40087890625 0.80322265625 0.00830078125 0.0068359375
11 0.36328125 0.80615234375 0.00830078125 0.0068359375
12 0.2587890625 0.75244140625 0.0087890625 0.0068359375
12 0.2587890625 0.93701171875 0.0087890625 0.0068359375
12 0.2587890625 0.87744140625 0.0087890625 0.0068359375
15 0.25830078125 0.82177734375 0.0078125 0.01171875
12 0.2587890625 0.68115234375 0.0087890625 0.00732421875
12 0.2587890625 0.6259765625 0.0087890625 0.0068359375
12 0.2587890625 0.64697265625 0.0087890625 0.0068359375
12 0.2587890625 0.58154296875 0.0087890625 0.0068359375