11 0.64794921875 0.05712890625 0.00830078125 0.0068359375
11 0.67333984375 0.0751953125 0.00830078125 0.0068359375
12 0.673828125 0.083984375 0.0087890625 0.0068359375
11 0.67333984375 0.13525390625 0.00830078125 0.0068359375
12 0.673828125 0.20947265625 0.0087890625 0.0068359375
11 0.67333984375 0.2626953125 0.00830078125 0.0068359375
11 0.67333984375 0.34033203125 0.00830078125 0.0068359375
11 0.67333984375 0.42041015625 0.00830078125 0.0068359375
21 0.6298828125 0.4130859375 0.0068359375 0.0185546875
11 0.61279296875 0.0634765625 0.00830078125 0.0068359375
11 0.63134765625 0.05712890625 0.00830078125 0.0068359375
11 0.63134765625 0.21533203125 0.00830078125 0.00732421875
21 0.6298828125 0.3447265625 0.0068359375 0.0185546875
11 0.54150390625 0.078125 0.0078125 0.0068359375
12 0.595703125 0.0927734375 0.0087890625 0.0068359375
11 0.5771484375 0.072265625 0.00830078125 0.00732421875
11 0.595703125 0.0634765625 0.00830078125 0.0068359375
11 0.595703125 0.42333984375 0.00830078125 0.00732421875
11 0.56005859375 0.072265625 0.00830078125 0.00732421875
12 0.560546875 0.12353515625 0.0087890625 0.0068359375
12 0.560546875 0.259765625 0.0087890625 0.0068359375
12 0.560546875 0.34033203125 0.0087890625 0.0068359375
21 0.55908203125 0.4130859375 0.00634765625 0.0185546875
11 0.80517578125 0.04833984375 0.00830078125 0.0068359375
11 0.80517578125 0.14111328125 0.00830078125 0.0068359375
11 0.80517578125 0.2626953125 0.00830078125 0.0068359375
11 0.80517578125 0.34619140625 0.00830078125 0.0068359375
11 0.80517578125 0.42041015625 0.00830078125 0.0068359375
11 0.79150390625 0.14697265625 0.00830078125 0.0068359375
11 0.79150390625 0.271484375 0.00830078125 0.0068359375
11 0.79150390625 0.35205078125 0.00830078125 0.00732421875
11 0.72900390625 0.05419921875 0.00830078125 0.0068359375
11 0.744140625 0.0693359375 0.00830078125 0.0068359375
12 0.74462890625 0.09619140625 0.0087890625 0.0068359375
11 0.744140625 0.13525390625 0.00830078125 0.0068359375
11 0.744140625 0.20947265625 0.00830078125 0.0068359375
11 0.744140625 0.2509765625 0.00830078125 0.00732421875
11 0.744140625 0.34033203125 0.00830078125 0.0068359375
11 0.744140625 0.42626953125 0.00830078125 0.0068359375
11 0.71044921875 0.3310546875 0.00830078125 0.0068359375
11 0.69189453125 0.0693359375 0.00830078125 0.0068359375
11 0.71044921875 0.0634765625 0.00830078125 0.0068359375
11 0.71044921875 0.1259765625 0.00830078125 0.0068359375
11 0.71044921875 0.2568359375 0.00830078125 0.0068359375
21 0.70947265625 0.4130859375 0.00634765625 0.0185546875
11 0.77978515625 0.34619140625 0.00830078125 0.0068359375
11 0.77978515625 0.05419921875 0.00830078125 0.0068359375
11 0.77978515625 0.14111328125 0.00830078125 0.0068359375
11 0.77978515625 0.21533203125 0.00830078125 0.00732421875
11 0.77978515625 0.2626953125 0.00830078125 0.0068359375
11 0.77978515625 0.42626953125 0.00830078125 0.0068359375
11 0.76220703125 0.0634765625 0.00830078125 0.0068359375
11 0.76220703125 0.42919921875 0.00830078125 0.0068359375
11 0.28173828125 0.072265625 0.00830078125 0.00732421875
11 0.28173828125 0.13818359375 0.00830078125 0.0068359375
11 0.28173828125 0.2451171875 0.00830078125 0.0068359375
11 0.24951171875 0.14990234375 0.00830078125 0.0068359375
11 0.24951171875 0.259765625 0.00830078125 0.0068359375
11 0.24951171875 0.35498046875 0.00830078125 0.0068359375
11 0.28173828125 0.3427734375 0.00830078125 0.0068359375
11 0.263671875 0.072265625 0.00830078125 0.00732421875
11 0.263671875 0.14404296875 0.00830078125 0.00732421875
11 0.263671875 0.20361328125 0.00830078125 0.0068359375
11 0.263671875 0.2509765625 0.00830078125 0.00732421875
11 0.263671875 0.34912109375 0.00830078125 0.0068359375
11 0.263671875 0.42333984375 0.00830078125 0.00732421875
11 0.2978515625 0.0634765625 0.00830078125 0.0068359375
12 0.2978515625 0.0927734375 0.0087890625 0.0068359375
12 0.2978515625 0.14404296875 0.0087890625 0.00732421875
12 0.2978515625 0.20947265625 0.0087890625 0.0068359375
12 0.2978515625 0.2509765625 0.0087890625 0.00732421875
12 0.2978515625 0.34912109375 0.0087890625 0.0068359375
11 0.2978515625 0.41455078125 0.00830078125 0.0068359375
10 0.19384765625 0.2763671875 0.0166015625 0.0458984375
10 0.19384765625 0.3447265625 0.0166015625 0.0458984375
1 0.193359375 0.41259765625 0.017578125 0.02099609375
1 0.193359375 0.20751953125 0.017578125 0.02099609375
11 0.21875 0.078125 0.00830078125 0.0068359375
12 0.21923828125 0.083984375 0.0087890625 0.0068359375
11 0.21875 0.15576171875 0.00830078125 0.0068359375
11 0.21875 0.197265625 0.00830078125 0.0068359375
11 0.21875 0.265625 0.00830078125 0.00732421875
11 0.21875 0.36083984375 0.00830078125 0.0068359375
11 0.21875 0.41455078125 0.00830078125 0.0068359375
10 0.19384765625 0.06787109375 0.0166015625 0.0458984375
10 0.19384765625 0.1396484375 0.0166015625 0.0458984375
11 0.23583984375 0.078125 0.00830078125 0.0068359375
11 0.23583984375 0.15576171875 0.00830078125 0.0068359375
11 0.23583984375 0.265625 0.00830078125 0.00732421875
11 0.23583984375 0.36083984375 0.00830078125 0.0068359375
11 0.44677734375 0.0693359375 0.00830078125 0.0068359375
12 0.44677734375 0.10205078125 0.0087890625 0.0068359375
12 0.44677734375 0.1259765625 0.0087890625 0.0068359375
11 0.44677734375 0.21533203125 0.00830078125 0.00732421875
12 0.44677734375 0.26904296875 0.0087890625 0.0068359375
12 0.44677734375 0.35205078125 0.0087890625 0.0068359375
11 0.44677734375 0.42041015625 0.00830078125 0.0068359375
21 0.41015625 0.4130859375 0.00634765625 0.0185546875
11 0.392578125 0.0810546875 0.00830078125 0.0068359375
11 0.4111328125 0.0751953125 0.00830078125 0.0068359375
11 0.42822265625 0.0751953125 0.00830078125 0.0068359375
11 0.52490234375 0.078125 0.0078125 0.0068359375
11 0.4990234375 0.060546875 0.00830078125 0.0068359375
12 0.52490234375 0.083984375 0.0087890625 0.0068359375
11 0.52490234375 0.123046875 0.0078125 0.00732421875
12 0.52490234375 0.20947265625 0.0087890625 0.0068359375
11 0.52490234375 0.265625 0.0078125 0.00732421875
11 0.52490234375 0.34912109375 0.0078125 0.0068359375
11 0.52490234375 0.41455078125 0.0078125 0.0068359375
11 0.4638671875 0.0693359375 0.00830078125 0.0068359375
11 0.48193359375 0.060546875 0.00830078125 0.0068359375
11 0.48193359375 0.20654296875 0.00830078125 0.0068359375
21 0.48095703125 0.4130859375 0.00634765625 0.0185546875
11 0.37548828125 0.0810546875 0.00830078125 0.0068359375
12 0.3759765625 0.09033203125 0.0087890625 0.0068359375
12 0.3759765625 0.1259765625 0.0087890625 0.0068359375
12 0.3759765625 0.20654296875 0.0087890625 0.0068359375
12 0.3759765625 0.26904296875 0.0087890625 0.0068359375
12 0.3759765625 0.35205078125 0.0087890625 0.0068359375
11 0.37548828125 0.41162109375 0.00830078125 0.0068359375
11 0.3154296875 0.0634765625 0.00830078125 0.0068359375
11 0.3154296875 0.40869140625 0.00830078125 0.00732421875
11 0.33349609375 0.05712890625 0.00830078125 0.0068359375
21 0.33203125 0.4130859375 0.00634765625 0.0185546875
11 0.35009765625 0.05712890625 0.00830078125 0.0068359375
13 0.60205078125 0.86865234375 0.01123046875 0.0068359375
13 0.60205078125 0.86279296875 0.01123046875 0.0068359375
13 0.60205078125 0.85400390625 0.01123046875 0.0068359375
13 0.60205078125 0.84814453125 0.01123046875 0.0068359375
13 0.60205078125 0.92822265625 0.01123046875 0.00732421875
13 0.60205078125 0.875 0.01123046875 0.0068359375
11 0.537109375 0.65185546875 0.00830078125 0.0068359375
12 0.6005859375 0.77978515625 0.0087890625 0.0068359375
13 0.60205078125 0.72314453125 0.01123046875 0.00732421875
11 0.537109375 0.56884765625 0.00830078125 0.0068359375
13 0.60205078125 0.64892578125 0.01123046875 0.00732421875
13 0.60205078125 0.57470703125 0.01123046875 0.0068359375
13 0.60205078125 0.58056640625 0.01123046875 0.00732421875
13 0.60205078125 0.58984375 0.01123046875 0.0068359375
13 0.60205078125 0.595703125 0.01123046875 0.0068359375
13 0.60205078125 0.6015625 0.01123046875 0.00732421875
11 0.537109375 0.93701171875 0.00830078125 0.00732421875
11 0.55126953125 0.65771484375 0.00830078125 0.00732421875
11 0.55126953125 0.78271484375 0.00830078125 0.0068359375
11 0.55126953125 0.86279296875 0.00830078125 0.0068359375
11 0.537109375 0.85693359375 0.00830078125 0.0068359375
11 0.56787109375 0.93115234375 0.00830078125 0.0068359375
11 0.537109375 0.77392578125 0.00830078125 0.0068359375
11 0.537109375 0.72607421875 0.00830078125 0.0068359375
11 0.56787109375 0.5625 0.00830078125 0.0068359375
11 0.56787109375 0.65185546875 0.00830078125 0.0068359375
11 0.56787109375 0.77392578125 0.00830078125 0.0068359375
11 0.56787109375 0.85693359375 0.00830078125 0.0068359375
19 0.765625 0.787109375 0.00830078125 0.00390625
13 0.71533203125 0.72314453125 0.01123046875 0.00732421875
13 0.71533203125 0.6015625 0.01123046875 0.00732421875
13 0.71533203125 0.595703125 0.01123046875 0.0068359375
13 0.71533203125 0.58984375 0.01123046875 0.0068359375
13 0.71533203125 0.58056640625 0.01123046875 0.00732421875
13 0.71533203125 0.57470703125 0.01123046875 0.0068359375
13 0.71533203125 0.64892578125 0.01123046875 0.00732421875
12 0.71435546875 0.77978515625 0.0087890625 0.0068359375
13 0.71533203125 0.875 0.01123046875 0.0068359375
13 0.71533203125 0.86865234375 0.01123046875 0.0068359375
13 0.71533203125 0.86279296875 0.01123046875 0.0068359375
13 0.71533203125 0.85400390625 0.01123046875 0.0068359375
13 0.71533203125 0.84814453125 0.01123046875 0.0068359375
13 0.71533203125 0.92822265625 0.01123046875 0.00732421875
19 0.65234375 0.787109375 0.00830078125 0.00390625
11 0.28076171875 0.58056640625 0.00830078125 0.0068359375
11 0.26025390625 0.57470703125 0.00830078125 0.0068359375
11 0.30419921875 0.57470703125 0.00830078125 0.0068359375
12 0.3046875 0.6103515625 0.0087890625 0.0068359375
12 0.3046875 0.7646484375 0.0087890625 0.00732421875
12 0.3046875 0.85400390625 0.0087890625 0.0068359375
12 0.3046875 0.841796875 0.0087890625 0.0068359375
11 0.23974609375 0.56884765625 0.00830078125 0.0068359375
11 0.345703125 0.58984375 0.00830078125 0.0068359375
11 0.3662109375 0.595703125 0.00830078125 0.0068359375
11 0.39990234375 0.58984375 0.0078125 0.0068359375
12 0.400390625 0.5986328125 0.0087890625 0.0068359375
11 0.39990234375 0.64599609375 0.0078125 0.0068359375
12 0.400390625 0.72021484375 0.0087890625 0.0068359375
11 0.3251953125 0.58056640625 0.00830078125 0.0068359375
1 0.193359375 0.71826171875 0.017578125 0.02099609375
10 0.19384765625 0.58251953125 0.0166015625 0.0458984375
10 0.19384765625 0.650390625 0.0166015625 0.0458984375
10 0.19384765625 0.787109375 0.0166015625 0.0458984375
10 0.19384765625 0.85546875 0.0166015625 0.0458984375
22 0.75732421875 0.59716796875 0.00830078125 0.00390625
13 0.22021484375 0.92822265625 0.01123046875 0.00732421875
12 0.21923828125 0.85400390625 0.0087890625 0.0068359375
1 0.193359375 0.92333984375 0.017578125 0.02099609375
11 0.21875 0.56005859375 0.00830078125 0.0068359375
12 0.21923828125 0.6015625 0.0087890625 0.0068359375
13 0.22021484375 0.64892578125 0.01123046875 0.00732421875
13 0.22021484375 0.72314453125 0.01123046875 0.00732421875
12 0.21923828125 0.77978515625 0.0087890625 0.0068359375
11 0.470703125 0.56884765625 0.00830078125 0.0068359375
11 0.4912109375 0.58349609375 0.00830078125 0.0068359375
12 0.49169921875 0.6103515625 0.0087890625 0.0068359375
11 0.4912109375 0.64599609375 0.00830078125 0.0068359375
11 0.4912109375 0.72021484375 0.00830078125 0.0068359375
11 0.39990234375 0.77392578125 0.0078125 0.0068359375
11 0.447265625 0.63720703125 0.00830078125 0.0068359375
11 0.447265625 0.767578125 0.00830078125 0.0068359375
11 0.447265625 0.841796875 0.00830078125 0.0068359375
21 0.4462890625 0.923828125 0.00634765625 0.01806640625
11 0.4912109375 0.76171875 0.00830078125 0.0068359375
11 0.51416015625 0.57763671875 0.00830078125 0.0068359375
11 0.51416015625 0.9404296875 0.00830078125 0.0068359375
11 0.4912109375 0.85107421875 0.00830078125 0.00732421875
11 0.4912109375 0.93701171875 0.00830078125 0.00732421875
11 0.447265625 0.57763671875 0.00830078125 0.0068359375
11 0.39990234375 0.85107421875 0.0078125 0.00732421875
11 0.39990234375 0.93115234375 0.0078125 0.0068359375
11 0.423828125 0.58349609375 0.00830078125 0.0068359375