11 0.58203125 0.0849609375 0.00830078125 0.0068359375
11 0.5966796875 0.0908203125 0.00830078125 0.00732421875
11 0.61474609375 0.0849609375 0.00830078125 0.0068359375
11 0.56689453125 0.0791015625 0.00830078125 0.0068359375
11 0.56689453125 0.1689453125 0.00830078125 0.0068359375
11 0.56689453125 0.154296875 0.00830078125 0.0068359375
11 0.56689453125 0.14208984375 0.00830078125 0.0068359375
11 0.56689453125 0.12744140625 0.00830078125 0.0068359375
11 0.68017578125 0.0849609375 0.0078125 0.0068359375
11 0.6328125 0.16015625 0.00830078125 0.00732421875
11 0.6328125 0.14794921875 0.00830078125 0.0068359375
11 0.6328125 0.13330078125 0.00830078125 0.0068359375
11 0.6328125 0.07568359375 0.00830078125 0.00732421875
11 0.6474609375 0.0849609375 0.00830078125 0.0068359375
11 0.662109375 0.0908203125 0.00830078125 0.00732421875
11 0.318359375 0.087890625 0.00830078125 0.0068359375
11 0.33349609375 0.09375 0.00830078125 0.0068359375
11 0.3037109375 0.08154296875 0.00830078125 0.0068359375
10 0.244140625 0.09814453125 0.0166015625 0.0458984375
11 0.3037109375 0.171875 0.00830078125 0.0068359375
11 0.3037109375 0.16015625 0.00830078125 0.00732421875
11 0.3037109375 0.14501953125 0.00830078125 0.0068359375
11 0.3037109375 0.1298828125 0.00830078125 0.0068359375
1 0.24365234375 0.1494140625 0.017578125 0.02099609375
11 0.3984375 0.09375 0.00830078125 0.0068359375
11 0.3837890625 0.087890625 0.00830078125 0.0068359375
11 0.35107421875 0.087890625 0.00830078125 0.0068359375
11 0.41650390625 0.087890625 0.00830078125 0.0068359375
11 0.36865234375 0.1298828125 0.00830078125 0.0068359375
11 0.36865234375 0.14501953125 0.00830078125 0.0068359375
11 0.36865234375 0.16015625 0.00830078125 0.00732421875
11 0.36865234375 0.171875 0.00830078125 0.0068359375
11 0.36865234375 0.08154296875 0.00830078125 0.0068359375
11 0.6103515625 0.2080078125 0.00830078125 0.0068359375
11 0.6103515625 0.2861328125 0.00830078125 0.00732421875
11 0.6103515625 0.2744140625 0.00830078125 0.0068359375
11 0.6103515625 0.25927734375 0.00830078125 0.0068359375
11 0.6103515625 0.24462890625 0.00830078125 0.00732421875
11 0.3515625 0.1962890625 0.00830078125 0.00732421875
11 0.373046875 0.2021484375 0.00830078125 0.00732421875
11 0.3974609375 0.1962890625 0.00830078125 0.00732421875
21 0.66259765625 0.20068359375 0.00634765625 0.0185546875
21 0.66259765625 0.251953125 0.00634765625 0.01806640625
11 0.23828125 0.25927734375 0.00830078125 0.0068359375
11 0.23828125 0.24462890625 0.00830078125 0.00732421875
11 0.23828125 0.2744140625 0.00830078125 0.0068359375
11 0.259765625 0.1962890625 0.00830078125 0.00732421875
10 0.19384765625 0.212890625 0.0166015625 0.0458984375
1 0.193359375 0.26318359375 0.017578125 0.02099609375
11 0.23828125 0.18701171875 0.00830078125 0.0068359375
11 0.23828125 0.2861328125 0.00830078125 0.00732421875
11 0.330078125 0.18701171875 0.00830078125 0.0068359375
11 0.330078125 0.2861328125 0.00830078125 0.00732421875
11 0.330078125 0.2744140625 0.00830078125 0.0068359375
11 0.330078125 0.25927734375 0.00830078125 0.0068359375
11 0.330078125 0.24462890625 0.00830078125 0.00732421875
11 0.28125 0.2021484375 0.00830078125 0.00732421875
11 0.3056640625 0.1962890625 0.00830078125 0.00732421875
11 0.57373046875 0.3994140625 0.00830078125 0.00732421875
11 0.5556640625 0.3876953125 0.00830078125 0.0068359375
11 0.59423828125 0.384765625 0.00830078125 0.00732421875
11 0.53515625 0.3994140625 0.00830078125 0.00732421875
11 0.61181640625 0.3994140625 0.00830078125 0.00732421875
11 0.6328125 0.3876953125 0.00830078125 0.0068359375
11 0.65087890625 0.3994140625 0.00830078125 0.00732421875
19 0.23828125 0.31396484375 0.00830078125 0.00390625
11 0.23828125 0.3994140625 0.00830078125 0.00732421875
11 0.23828125 0.3876953125 0.00830078125 0.0068359375
11 0.23828125 0.37255859375 0.00830078125 0.0068359375
11 0.23828125 0.35791015625 0.00830078125 0.0068359375
11 0.27783203125 0.3994140625 0.00830078125 0.00732421875
10 0.19384765625 0.326171875 0.0166015625 0.0458984375
1 0.193359375 0.376953125 0.017578125 0.02099609375
11 0.33740234375 0.3876953125 0.00830078125 0.0068359375
19 0.51708984375 0.31396484375 0.00830078125 0.00390625
11 0.51708984375 0.384765625 0.00830078125 0.00732421875
11 0.31640625 0.3935546875 0.00830078125 0.0068359375
11 0.29736328125 0.396484375 0.00830078125 0.0068359375
11 0.5498046875 0.509765625 0.00830078125 0.0068359375
11 0.5693359375 0.5009765625 0.00830078125 0.0068359375
11 0.5888671875 0.4951171875 0.00830078125 0.0068359375
11 0.607421875 0.4921875 0.00830078125 0.0068359375
11 0.6435546875 0.486328125 0.00830078125 0.0068359375
11 0.62548828125 0.4892578125 0.00830078125 0.00732421875
11 0.6630859375 0.47998046875 0.00830078125 0.0068359375
19 0.23828125 0.42724609375 0.00830078125 0.00390625
11 0.23828125 0.50390625 0.00830078125 0.00732421875
11 0.2548828125 0.509765625 0.00830078125 0.0068359375
11 0.2744140625 0.5009765625 0.00830078125 0.0068359375
10 0.19384765625 0.439453125 0.0166015625 0.0458984375
1 0.193359375 0.490234375 0.017578125 0.02099609375
11 0.36474609375 0.5009765625 0.00830078125 0.0068359375
11 0.3271484375 0.509765625 0.00830078125 0.0068359375
11 0.34521484375 0.5068359375 0.00830078125 0.0068359375
11 0.533203125 0.50390625 0.00830078125 0.00732421875
19 0.533203125 0.42724609375 0.00830078125 0.00390625
11 0.291015625 0.51611328125 0.00830078125 0.0068359375
11 0.30908203125 0.51318359375 0.00830078125 0.0068359375
11 0.55029296875 0.6142578125 0.00830078125 0.0068359375
11 0.60498046875 0.61767578125 0.00830078125 0.0068359375
11 0.56982421875 0.60546875 0.00830078125 0.0068359375
11 0.58642578125 0.62060546875 0.00830078125 0.0068359375
11 0.64111328125 0.611328125 0.0078125 0.0068359375
11 0.623046875 0.6142578125 0.00830078125 0.0068359375
11 0.6611328125 0.60546875 0.00830078125 0.0068359375
19 0.2373046875 0.54052734375 0.00830078125 0.00390625
11 0.2373046875 0.6025390625 0.00830078125 0.0068359375
11 0.25390625 0.61767578125 0.00830078125 0.0068359375
11 0.27392578125 0.60546875 0.00830078125 0.0068359375
10 0.19287109375 0.552734375 0.0166015625 0.0458984375
11 0.36328125 0.61767578125 0.00830078125 0.0068359375
11 0.32666015625 0.61767578125 0.00830078125 0.0068359375
11 0.3466796875 0.60546875 0.00830078125 0.0068359375
11 0.533203125 0.6083984375 0.00830078125 0.00732421875
19 0.533203125 0.54052734375 0.00830078125 0.00390625
11 0.29052734375 0.61767578125 0.00830078125 0.0068359375
11 0.31005859375 0.6025390625 0.00830078125 0.0068359375
11 0.55322265625 0.7041015625 0.00830078125 0.0068359375
11 0.609375 0.7041015625 0.00830078125 0.0068359375
11 0.5712890625 0.70703125 0.00830078125 0.00732421875
11 0.58935546875 0.7099609375 0.00830078125 0.0068359375
11 0.6455078125 0.7099609375 0.00830078125 0.0068359375
11 0.62744140625 0.70703125 0.00830078125 0.00732421875
11 0.66357421875 0.712890625 0.00830078125 0.00732421875
19 0.2373046875 0.654296875 0.00830078125 0.00390625
11 0.2373046875 0.72216796875 0.00830078125 0.0068359375
11 0.25390625 0.72802734375 0.00830078125 0.00732421875
11 0.2734375 0.71875 0.00830078125 0.0068359375
10 0.19287109375 0.666015625 0.0166015625 0.0458984375
11 0.36767578125 0.6982421875 0.00830078125 0.0068359375
11 0.32958984375 0.70703125 0.00830078125 0.00732421875
11 0.34765625 0.7041015625 0.00830078125 0.0068359375
11 0.53515625 0.701171875 0.00830078125 0.0068359375
19 0.53515625 0.654296875 0.00830078125 0.00390625
11 0.29296875 0.712890625 0.00830078125 0.00732421875
11 0.3115234375 0.7099609375 0.0078125 0.0068359375
11 0.63818359375 0.82666015625 0.00830078125 0.0068359375
11 0.6513671875 0.82958984375 0.00830078125 0.0068359375
11 0.625 0.8232421875 0.00830078125 0.0068359375
11 0.5361328125 0.83544921875 0.00830078125 0.0068359375
11 0.54931640625 0.83837890625 0.00830078125 0.0068359375
11 0.5224609375 0.83251953125 0.0078125 0.00732421875
11 0.611328125 0.8203125 0.00830078125 0.0068359375
21 0.6103515625 0.767578125 0.00634765625 0.0185546875
5 0.712890625 0.78564453125 0.00732421875 0.0205078125
11 0.67822265625 0.82958984375 0.00830078125 0.0068359375
11 0.6650390625 0.83251953125 0.00830078125 0.00732421875
15 0.66455078125 0.77001953125 0.0078125 0.01171875
11 0.7060546875 0.8203125 0.00830078125 0.0068359375
11 0.7060546875 0.7958984375 0.00830078125 0.0068359375
11 0.69189453125 0.82666015625 0.00830078125 0.0068359375
14 0.69189453125 0.77294921875 0.0087890625 0.01708984375
11 0.29248046875 0.8232421875 0.00830078125 0.0068359375
11 0.3056640625 0.82666015625 0.00830078125 0.0068359375
11 0.31884765625 0.82958984375 0.00830078125 0.0068359375
11 0.33203125 0.83251953125 0.00830078125 0.00732421875
11 0.2373046875 0.8203125 0.00830078125 0.0068359375
19 0.2373046875 0.767578125 0.00830078125 0.00390625
11 0.2509765625 0.8232421875 0.00830078125 0.0068359375
11 0.26416015625 0.82666015625 0.00830078125 0.0068359375
11 0.27734375 0.82958984375 0.00830078125 0.0068359375
11 0.482421875 0.83251953125 0.00830078125 0.00732421875
11 0.46923828125 0.82958984375 0.00830078125 0.0068359375
11 0.49560546875 0.83544921875 0.00830078125 0.0068359375
11 0.50927734375 0.82958984375 0.00830078125 0.0068359375
10 0.19287109375 0.77978515625 0.0166015625 0.0458984375
19 0.4560546875 0.767578125 0.00830078125 0.00390625
11 0.45556640625 0.82666015625 0.0078125 0.0068359375
11 0.67333984375 0.94287109375 0.00830078125 0.0068359375
14 0.50927734375 0.88623046875 0.0087890625 0.01708984375
11 0.69921875 0.93994140625 0.00830078125 0.0068359375
14 0.69921875 0.88623046875 0.0087890625 0.01708984375
11 0.68505859375 0.94873046875 0.00830078125 0.0068359375
11 0.68505859375 0.91845703125 0.00830078125 0.00732421875
11 0.52197265625 0.91845703125 0.00830078125 0.00732421875
5 0.52880859375 0.90478515625 0.0068359375 0.0205078125
11 0.52197265625 0.94873046875 0.00830078125 0.0068359375
14 0.5380859375 0.88623046875 0.0087890625 0.01708984375
11 0.5087890625 0.95166015625 0.00830078125 0.00732421875
11 0.5517578125 0.9091796875 0.00830078125 0.0068359375
5 0.55859375 0.89892578125 0.0068359375 0.02099609375
11 0.5517578125 0.93994140625 0.00830078125 0.0068359375
11 0.67333984375 0.90673828125 0.00830078125 0.0068359375
11 0.53759765625 0.94580078125 0.00830078125 0.0068359375
5 0.77783203125 0.89599609375 0.00732421875 0.02099609375
11 0.771484375 0.9189453125 0.00830078125 0.0068359375
11 0.771484375 0.90673828125 0.00830078125 0.0068359375
11 0.728515625 0.93115234375 0.00830078125 0.00732421875
14 0.72900390625 0.88623046875 0.0087890625 0.01708984375
5 0.7197265625 0.89599609375 0.0068359375 0.02099609375
11 0.71337890625 0.93408203125 0.00830078125 0.0068359375
11 0.71337890625 0.90673828125 0.00830078125 0.0068359375
11 0.7568359375 0.9248046875 0.00830078125 0.0068359375
14 0.75732421875 0.88623046875 0.0087890625 0.01708984375
5 0.74853515625 0.89892578125 0.0068359375 0.02099609375
11 0.74169921875 0.927734375 0.00830078125 0.0068359375
11 0.74169921875 0.9091796875 0.00830078125 0.0068359375
11 0.27734375 0.95166015625 0.00830078125 0.00732421875
14 0.29296875 0.88623046875 0.0087890625 0.01708984375
5 0.2841796875 0.89892578125 0.00732421875 0.02099609375
11 0.29248046875 0.93701171875 0.00830078125 0.0068359375
11 0.27734375 0.9091796875 0.00830078125 0.0068359375
11 0.2646484375 0.93994140625 0.00830078125 0.0068359375
11 0.30517578125 0.95166015625 0.00830078125 0.00732421875
11 0.3203125 0.93994140625 0.00830078125 0.0068359375
14 0.32080078125 0.88623046875 0.0087890625 0.01708984375
5 0.31201171875 0.89892578125 0.00732421875 0.02099609375
14 0.2646484375 0.88623046875 0.0087890625 0.01708984375
11 0.30517578125 0.9091796875 0.00830078125 0.0068359375
11 0.23828125 0.9091796875 0.00830078125 0.0068359375
1 0.193359375 0.94970703125 0.017578125 0.02099609375
11 0.23828125 0.93701171875 0.00830078125 0.0068359375
10 0.19384765625 0.89306640625 0.0166015625 0.0458984375
11 0.2509765625 0.9091796875 0.00830078125 0.0068359375
11 0.2509765625 0.95166015625 0.00830078125 0.00732421875
11 0.466796875 0.94873046875 0.0078125 0.0068359375
11 0.466796875 0.91259765625 0.0078125 0.0068359375
11 0.49365234375 0.9033203125 0.00830078125 0.00732421875
5 0.50048828125 0.89306640625 0.0068359375 0.02099609375
11 0.49365234375 0.95458984375 0.00830078125 0.0068359375
11 0.48095703125 0.93994140625 0.00830078125 0.0068359375
14 0.48095703125 0.88623046875 0.0087890625 0.01708984375
11 0.33349609375 0.95166015625 0.00830078125 0.00732421875
5 0.33984375 0.89892578125 0.00732421875 0.02099609375
11 0.33349609375 0.9091796875 0.00830078125 0.0068359375
11 0.455078125 0.90673828125 0.00830078125 0.0068359375
11 0.455078125 0.94287109375 0.00830078125 0.0068359375