11 0.66259765625 0.0869140625 0.00830078125 0.0068359375
11 0.7021484375 0.0810546875 0.00830078125 0.0068359375
11 0.6513671875 0.04833984375 0.005859375 0.00537109375
11 0.5546875 0.05419921875 0.00830078125 0.0068359375
11 0.7021484375 0.0869140625 0.00830078125 0.0068359375
11 0.7021484375 0.095703125 0.00830078125 0.0068359375
11 0.68212890625 0.1611328125 0.00830078125 0.0068359375
11 0.66259765625 0.06591796875 0.00830078125 0.0068359375
11 0.66259765625 0.15234375 0.00830078125 0.0068359375
11 0.66259765625 0.1728515625 0.00830078125 0.00732421875
11 0.60205078125 0.05419921875 0.00830078125 0.0068359375
11 0.58642578125 0.05419921875 0.0078125 0.0068359375
11 0.5703125 0.05126953125 0.00830078125 0.0068359375
11 0.634765625 0.05126953125 0.005859375 0.00537109375
11 0.619140625 0.05419921875 0.005859375 0.00537109375
11 0.80126953125 0.1611328125 0.00830078125 0.0068359375
22 0.5146484375 0.13623046875 0.00830078125 0.00390625
11 0.78125 0.15234375 0.00830078125 0.0068359375
11 0.74169921875 0.078125 0.00830078125 0.00732421875
11 0.74169921875 0.0869140625 0.00830078125 0.0068359375
11 0.74169921875 0.0927734375 0.00830078125 0.00732421875
11 0.72216796875 0.1611328125 0.00830078125 0.0068359375
11 0.74169921875 0.072265625 0.00830078125 0.0068359375
11 0.7021484375 0.15234375 0.00830078125 0.0068359375
11 0.7021484375 0.1728515625 0.00830078125 0.00732421875
11 0.78125 0.1728515625 0.00830078125 0.00732421875
21 0.7802734375 0.07958984375 0.00634765625 0.01806640625
11 0.76171875 0.1611328125 0.00830078125 0.0068359375
11 0.7021484375 0.0751953125 0.00830078125 0.0068359375
11 0.74169921875 0.15234375 0.00830078125 0.0068359375
11 0.74169921875 0.1728515625 0.00830078125 0.00732421875
11 0.32763671875 0.06591796875 0.00830078125 0.0068359375
11 0.31298828125 0.05419921875 0.00830078125 0.0068359375
11 0.29736328125 0.05419921875 0.00830078125 0.0068359375
11 0.28173828125 0.05126953125 0.00830078125 0.0068359375
11 0.3916015625 0.05419921875 0.00830078125 0.0068359375
11 0.3759765625 0.05126953125 0.00830078125 0.0068359375
11 0.3603515625 0.05419921875 0.00830078125 0.0068359375
11 0.3447265625 0.05419921875 0.00830078125 0.0068359375
1 0.193359375 0.138671875 0.017578125 0.02099609375
10 0.19384765625 0.07958984375 0.0166015625 0.0458984375
22 0.31787109375 0.13623046875 0.00830078125 0.00390625
0 0.17529296875 0.11083984375 0.005859375 0.083984375
11 0.25048828125 0.05419921875 0.00830078125 0.0068359375
11 0.26611328125 0.05419921875 0.00830078125 0.0068359375
11 0.236328125 0.04541015625 0.00830078125 0.0068359375
11 0.4921875 0.05419921875 0.00830078125 0.0068359375
11 0.4765625 0.05126953125 0.0078125 0.0068359375
11 0.46044921875 0.05419921875 0.00830078125 0.0068359375
11 0.44482421875 0.05419921875 0.00830078125 0.0068359375
11 0.5390625 0.05419921875 0.00830078125 0.0068359375
11 0.52197265625 0.06591796875 0.00830078125 0.0068359375
11 0.5078125 0.05419921875 0.00830078125 0.0068359375
11 0.4306640625 0.04541015625 0.00830078125 0.0068359375
11 0.40771484375 0.05419921875 0.00830078125 0.0068359375
11 0.64892578125 0.35107421875 0.00830078125 0.0068359375
11 0.64892578125 0.37158203125 0.00830078125 0.00732421875
21 0.64794921875 0.2783203125 0.00634765625 0.01806640625
11 0.61669921875 0.35986328125 0.00830078125 0.0068359375
11 0.505859375 0.35107421875 0.00830078125 0.0068359375
11 0.52783203125 0.35986328125 0.00830078125 0.0068359375
11 0.55029296875 0.37158203125 0.00830078125 0.00732421875
11 0.55029296875 0.2705078125 0.00830078125 0.0068359375
11 0.55029296875 0.2763671875 0.00830078125 0.00732421875
11 0.55029296875 0.28564453125 0.00830078125 0.0068359375
11 0.55029296875 0.29150390625 0.00830078125 0.0068359375
11 0.55029296875 0.35107421875 0.00830078125 0.0068359375
11 0.572265625 0.35986328125 0.0078125 0.0068359375
11 0.59423828125 0.35107421875 0.00830078125 0.0068359375
11 0.59423828125 0.37158203125 0.00830078125 0.00732421875
21 0.59326171875 0.2783203125 0.00634765625 0.01806640625
11 0.8037109375 0.35986328125 0.00830078125 0.0068359375
11 0.78173828125 0.35107421875 0.00830078125 0.0068359375
11 0.78173828125 0.37158203125 0.00830078125 0.00732421875
21 0.78076171875 0.2783203125 0.00634765625 0.01806640625
11 0.759765625 0.35986328125 0.00830078125 0.0068359375
11 0.693359375 0.37158203125 0.00830078125 0.00732421875
11 0.693359375 0.35107421875 0.00830078125 0.0068359375
11 0.71533203125 0.35986328125 0.00830078125 0.0068359375
11 0.693359375 0.2734375 0.00830078125 0.0068359375
11 0.693359375 0.279296875 0.00830078125 0.0068359375
11 0.693359375 0.28564453125 0.00830078125 0.0068359375
11 0.693359375 0.29443359375 0.00830078125 0.0068359375
11 0.7373046875 0.37158203125 0.00830078125 0.00732421875
11 0.7373046875 0.35107421875 0.00830078125 0.0068359375
11 0.67138671875 0.35986328125 0.00830078125 0.0068359375
11 0.7373046875 0.2763671875 0.00830078125 0.00732421875
11 0.74462890625 0.2822265625 0.00830078125 0.0068359375
11 0.7373046875 0.28564453125 0.00830078125 0.0068359375
11 0.7373046875 0.29736328125 0.00830078125 0.00732421875
11 0.32421875 0.28564453125 0.00830078125 0.0068359375
11 0.32421875 0.29736328125 0.00830078125 0.00732421875
11 0.302734375 0.35986328125 0.00830078125 0.0068359375
11 0.33154296875 0.2822265625 0.00830078125 0.0068359375
11 0.2802734375 0.35107421875 0.00830078125 0.0068359375
11 0.2802734375 0.37158203125 0.00830078125 0.00732421875
11 0.2802734375 0.2734375 0.00830078125 0.0068359375
11 0.2802734375 0.279296875 0.00830078125 0.0068359375
11 0.36865234375 0.37158203125 0.0078125 0.00732421875
21 0.36767578125 0.2783203125 0.00634765625 0.01806640625
11 0.505859375 0.37158203125 0.00830078125 0.00732421875
11 0.3466796875 0.35986328125 0.00830078125 0.0068359375
11 0.2802734375 0.28564453125 0.00830078125 0.0068359375
11 0.32421875 0.35107421875 0.00830078125 0.0068359375
11 0.32421875 0.37158203125 0.00830078125 0.00732421875
11 0.32421875 0.2763671875 0.00830078125 0.00732421875
1 0.193359375 0.3369140625 0.017578125 0.02099609375
10 0.19384765625 0.2783203125 0.0166015625 0.0458984375
0 0.17529296875 0.30908203125 0.005859375 0.083984375
11 0.2802734375 0.29443359375 0.00830078125 0.0068359375
11 0.25830078125 0.35986328125 0.00830078125 0.0068359375
11 0.236328125 0.35107421875 0.00830078125 0.0068359375
11 0.236328125 0.37158203125 0.00830078125 0.00732421875
21 0.23486328125 0.2783203125 0.00634765625 0.01806640625
11 0.4619140625 0.24365234375 0.00830078125 0.0068359375
11 0.4619140625 0.2646484375 0.00830078125 0.0068359375
11 0.44970703125 0.24658203125 0.005859375 0.00537109375
11 0.4619140625 0.37158203125 0.00830078125 0.00732421875
11 0.43212890625 0.25 0.005859375 0.0048828125
11 0.505859375 0.2734375 0.00830078125 0.0068359375
11 0.505859375 0.279296875 0.00830078125 0.0068359375
11 0.505859375 0.28564453125 0.00830078125 0.0068359375
11 0.505859375 0.29443359375 0.00830078125 0.0068359375
11 0.48388671875 0.35986328125 0.00830078125 0.0068359375
11 0.4619140625 0.35107421875 0.00830078125 0.0068359375
11 0.390625 0.35986328125 0.00830078125 0.0068359375
11 0.416015625 0.2529296875 0.005859375 0.00537109375
11 0.36865234375 0.35107421875 0.0078125 0.0068359375
11 0.61279296875 0.55810546875 0.00830078125 0.0068359375
11 0.5908203125 0.54931640625 0.00830078125 0.0068359375
11 0.5908203125 0.5703125 0.00830078125 0.0068359375
11 0.5908203125 0.47216796875 0.00830078125 0.0068359375
11 0.5908203125 0.47802734375 0.00830078125 0.0068359375
11 0.5908203125 0.48388671875 0.00830078125 0.0068359375
11 0.5908203125 0.4931640625 0.00830078125 0.0068359375
11 0.6455078125 0.54931640625 0.00830078125 0.0068359375
11 0.6455078125 0.5703125 0.00830078125 0.0068359375
12 0.64599609375 0.47802734375 0.0087890625 0.0068359375
12 0.64599609375 0.48388671875 0.0087890625 0.0068359375
12 0.64599609375 0.490234375 0.0087890625 0.0068359375
12 0.64599609375 0.4990234375 0.0087890625 0.0068359375
11 0.52490234375 0.55810546875 0.00830078125 0.0068359375
11 0.546875 0.48681640625 0.00830078125 0.0068359375
11 0.5029296875 0.54931640625 0.00830078125 0.0068359375
11 0.5029296875 0.5703125 0.00830078125 0.0068359375
11 0.56884765625 0.55810546875 0.00830078125 0.0068359375
11 0.546875 0.54931640625 0.00830078125 0.0068359375
11 0.546875 0.5703125 0.00830078125 0.0068359375
11 0.546875 0.4658203125 0.00830078125 0.0068359375
11 0.546875 0.47216796875 0.00830078125 0.0068359375
11 0.546875 0.48095703125 0.00830078125 0.00732421875
11 0.79931640625 0.55810546875 0.00830078125 0.0068359375
11 0.77734375 0.54931640625 0.00830078125 0.0068359375
11 0.77734375 0.5703125 0.00830078125 0.0068359375
11 0.75537109375 0.55810546875 0.00830078125 0.0068359375
11 0.689453125 0.54931640625 0.00830078125 0.0068359375
11 0.689453125 0.5703125 0.00830078125 0.0068359375
11 0.66748046875 0.55810546875 0.00830078125 0.0068359375
11 0.7333984375 0.54931640625 0.00830078125 0.0068359375
11 0.7333984375 0.5703125 0.00830078125 0.0068359375
12 0.7333984375 0.47509765625 0.0087890625 0.0068359375
12 0.7333984375 0.48095703125 0.0087890625 0.00732421875
12 0.7333984375 0.48681640625 0.0087890625 0.0068359375
12 0.7333984375 0.49609375 0.0087890625 0.00732421875
11 0.71142578125 0.55810546875 0.00830078125 0.0068359375
11 0.294921875 0.55810546875 0.00830078125 0.0068359375
11 0.31689453125 0.4931640625 0.00830078125 0.0068359375
11 0.27294921875 0.54931640625 0.00830078125 0.0068359375
11 0.27294921875 0.5703125 0.00830078125 0.0068359375
11 0.27294921875 0.4423828125 0.00830078125 0.0068359375
11 0.27294921875 0.46337890625 0.00830078125 0.0068359375
11 0.3388671875 0.55810546875 0.00830078125 0.0068359375
11 0.31689453125 0.54931640625 0.00830078125 0.0068359375
11 0.31689453125 0.5703125 0.00830078125 0.0068359375
11 0.31689453125 0.47216796875 0.00830078125 0.0068359375
11 0.31689453125 0.47802734375 0.00830078125 0.0068359375
11 0.31689453125 0.48388671875 0.00830078125 0.0068359375
1 0.193359375 0.53564453125 0.017578125 0.02099609375
10 0.19384765625 0.4765625 0.0166015625 0.0458984375
0 0.17529296875 0.5078125 0.005859375 0.083984375
11 0.26123046875 0.4453125 0.005859375 0.00537109375
11 0.48095703125 0.55810546875 0.00830078125 0.0068359375
11 0.24365234375 0.4482421875 0.005859375 0.0048828125
11 0.2275390625 0.451171875 0.005859375 0.00537109375
11 0.45947265625 0.54931640625 0.00830078125 0.0068359375
11 0.45947265625 0.5703125 0.00830078125 0.0068359375
12 0.45947265625 0.47509765625 0.0087890625 0.0068359375
12 0.46728515625 0.48095703125 0.0087890625 0.00732421875
12 0.45947265625 0.48388671875 0.0087890625 0.0068359375
12 0.45947265625 0.49609375 0.0087890625 0.00732421875
11 0.4267578125 0.55810546875 0.00830078125 0.0068359375
11 0.3828125 0.55810546875 0.00830078125 0.0068359375
11 0.36083984375 0.54931640625 0.00830078125 0.0068359375
11 0.36083984375 0.5703125 0.00830078125 0.0068359375
11 0.36083984375 0.47216796875 0.00830078125 0.0068359375
11 0.36083984375 0.47802734375 0.00830078125 0.0068359375
11 0.36083984375 0.48388671875 0.00830078125 0.0068359375
11 0.36083984375 0.4931640625 0.00830078125 0.0068359375
11 0.40478515625 0.54931640625 0.00830078125 0.0068359375
11 0.40478515625 0.490234375 0.00830078125 0.0068359375
11 0.40478515625 0.48388671875 0.00830078125 0.0068359375
11 0.40478515625 0.5703125 0.00830078125 0.0068359375
11 0.40478515625 0.47509765625 0.00830078125 0.0068359375
11 0.40478515625 0.46923828125 0.00830078125 0.0068359375
11 0.638671875 0.748046875 0.00830078125 0.0068359375
11 0.638671875 0.76904296875 0.00830078125 0.0068359375
11 0.60400390625 0.7001953125 0.00830078125 0.0068359375
21 0.6376953125 0.67529296875 0.0068359375 0.0185546875
11 0.62109375 0.7568359375 0.00830078125 0.0068359375
11 0.60400390625 0.6943359375 0.00830078125 0.00732421875
11 0.60400390625 0.76904296875 0.00830078125 0.0068359375
11 0.60400390625 0.748046875 0.00830078125 0.0068359375
21 0.533203125 0.67529296875 0.00634765625 0.0185546875
11 0.68212890625 0.748046875 0.00830078125 0.0068359375
11 0.68212890625 0.76904296875 0.00830078125 0.0068359375
21 0.68115234375 0.67529296875 0.0068359375 0.0185546875
11 0.65576171875 0.7568359375 0.00830078125 0.0068359375
11 0.5517578125 0.7568359375 0.00830078125 0.0068359375
11 0.53466796875 0.748046875 0.00830078125 0.0068359375
11 0.53466796875 0.76904296875 0.00830078125 0.0068359375
11 0.5869140625 0.7568359375 0.00830078125 0.0068359375
11 0.5693359375 0.748046875 0.00830078125 0.0068359375
11 0.5693359375 0.76904296875 0.00830078125 0.0068359375
11 0.5693359375 0.69140625 0.00830078125 0.0068359375
11 0.5693359375 0.697265625 0.00830078125 0.0068359375
21 0.78515625 0.67529296875 0.00634765625 0.0185546875
11 0.8037109375 0.7568359375 0.00830078125 0.0068359375
11 0.7861328125 0.748046875 0.00830078125 0.0068359375
11 0.7861328125 0.76904296875 0.00830078125 0.0068359375
11 0.76904296875 0.7568359375 0.0078125 0.0068359375
11 0.716796875 0.697265625 0.00830078125 0.0068359375
11 0.69970703125 0.7568359375 0.00830078125 0.0068359375
11 0.716796875 0.69140625 0.00830078125 0.0068359375
11 0.734375 0.7568359375 0.00830078125 0.0068359375
11 0.75146484375 0.748046875 0.00830078125 0.0068359375
11 0.75146484375 0.76904296875 0.00830078125 0.0068359375
11 0.75146484375 0.6884765625 0.00830078125 0.0068359375
11 0.75146484375 0.6943359375 0.00830078125 0.00732421875
11 0.716796875 0.748046875 0.00830078125 0.0068359375
11 0.716796875 0.76904296875 0.00830078125 0.0068359375
11 0.3056640625 0.748046875 0.00830078125 0.0068359375
11 0.3056640625 0.76904296875 0.00830078125 0.0068359375
11 0.2880859375 0.7568359375 0.00830078125 0.0068359375
11 0.38671875 0.748046875 0.00830078125 0.0068359375
11 0.38671875 0.76904296875 0.00830078125 0.0068359375
21 0.3857421875 0.67529296875 0.00634765625 0.0185546875
11 0.357421875 0.7568359375 0.00830078125 0.0068359375
11 0.34033203125 0.748046875 0.00830078125 0.0068359375
11 0.34033203125 0.76904296875 0.00830078125 0.0068359375
11 0.32275390625 0.7568359375 0.00830078125 0.0068359375
11 0.236328125 0.685546875 0.00830078125 0.0068359375
11 0.236328125 0.6943359375 0.00830078125 0.00732421875
1 0.193359375 0.73388671875 0.017578125 0.02099609375
11 0.236328125 0.6796875 0.00830078125 0.00732421875
10 0.19384765625 0.67529296875 0.0166015625 0.0458984375
0 0.17529296875 0.7060546875 0.005859375 0.083984375
11 0.27099609375 0.748046875 0.00830078125 0.0068359375
11 0.27099609375 0.76904296875 0.00830078125 0.0068359375
12 0.27099609375 0.67041015625 0.0087890625 0.0068359375
12 0.27099609375 0.6767578125 0.0087890625 0.0068359375
12 0.27099609375 0.6826171875 0.0087890625 0.0068359375
12 0.27099609375 0.69140625 0.0087890625 0.0068359375
11 0.25341796875 0.7568359375 0.00830078125 0.0068359375
11 0.236328125 0.748046875 0.00830078125 0.0068359375
11 0.236328125 0.76904296875 0.00830078125 0.0068359375
11 0.236328125 0.673828125 0.00830078125 0.0068359375
11 0.4912109375 0.76904296875 0.0078125 0.0068359375
11 0.43896484375 0.7568359375 0.00830078125 0.0068359375
11 0.4912109375 0.748046875 0.0078125 0.0068359375
11 0.42138671875 0.748046875 0.00830078125 0.0068359375
11 0.42138671875 0.76904296875 0.00830078125 0.0068359375
11 0.4736328125 0.7568359375 0.00830078125 0.0068359375
11 0.45654296875 0.748046875 0.00830078125 0.0068359375
11 0.45654296875 0.76904296875 0.00830078125 0.0068359375
11 0.45654296875 0.6884765625 0.00830078125 0.0068359375
11 0.45654296875 0.6943359375 0.00830078125 0.00732421875
21 0.48974609375 0.67529296875 0.00634765625 0.0185546875
11 0.42138671875 0.69140625 0.00830078125 0.0068359375
11 0.50830078125 0.7568359375 0.00830078125 0.0068359375
11 0.42138671875 0.697265625 0.00830078125 0.0068359375
11 0.404296875 0.7568359375 0.00830078125 0.0068359375
11 0.64892578125 0.9462890625 0.00830078125 0.0068359375
11 0.64892578125 0.96728515625 0.00830078125 0.0068359375
21 0.64794921875 0.8740234375 0.00634765625 0.0185546875
11 0.67138671875 0.95556640625 0.00830078125 0.0068359375
11 0.61669921875 0.95556640625 0.00830078125 0.0068359375
11 0.55029296875 0.9462890625 0.00830078125 0.0068359375
11 0.55029296875 0.96728515625 0.00830078125 0.0068359375
11 0.55029296875 0.8662109375 0.00830078125 0.0068359375
11 0.55029296875 0.8720703125 0.00830078125 0.0068359375
11 0.55029296875 0.88134765625 0.00830078125 0.0068359375
11 0.55029296875 0.88720703125 0.00830078125 0.0068359375
11 0.52783203125 0.95556640625 0.00830078125 0.0068359375
11 0.59423828125 0.9462890625 0.00830078125 0.0068359375
11 0.59423828125 0.96728515625 0.00830078125 0.0068359375
21 0.59326171875 0.8740234375 0.00634765625 0.0185546875
11 0.572265625 0.95556640625 0.0078125 0.0068359375
11 0.8037109375 0.95556640625 0.00830078125 0.0068359375
11 0.78173828125 0.9462890625 0.00830078125 0.0068359375
11 0.78173828125 0.96728515625 0.00830078125 0.0068359375
21 0.78076171875 0.8740234375 0.00634765625 0.0185546875
11 0.693359375 0.9462890625 0.00830078125 0.0068359375
11 0.71533203125 0.95556640625 0.00830078125 0.0068359375
11 0.693359375 0.96728515625 0.00830078125 0.0068359375
11 0.693359375 0.869140625 0.00830078125 0.0068359375
11 0.693359375 0.875 0.00830078125 0.0068359375
11 0.693359375 0.88134765625 0.00830078125 0.0068359375
11 0.693359375 0.89013671875 0.00830078125 0.0068359375
11 0.7373046875 0.9462890625 0.00830078125 0.0068359375
11 0.759765625 0.95556640625 0.00830078125 0.0068359375
11 0.7373046875 0.96728515625 0.00830078125 0.0068359375
11 0.7373046875 0.8720703125 0.00830078125 0.0068359375
11 0.74462890625 0.8779296875 0.00830078125 0.00732421875
11 0.7373046875 0.88134765625 0.00830078125 0.0068359375
11 0.7373046875 0.89306640625 0.00830078125 0.00732421875
11 0.32421875 0.96728515625 0.00830078125 0.0068359375
11 0.32421875 0.89306640625 0.00830078125 0.00732421875
11 0.32421875 0.89892578125 0.00830078125 0.00732421875
11 0.302734375 0.95556640625 0.00830078125 0.0068359375
11 0.32421875 0.9462890625 0.00830078125 0.0068359375
11 0.2802734375 0.9462890625 0.00830078125 0.0068359375
11 0.2802734375 0.96728515625 0.00830078125 0.0068359375
11 0.2802734375 0.89013671875 0.00830078125 0.0068359375
11 0.3466796875 0.95556640625 0.00830078125 0.0068359375
11 0.36865234375 0.9462890625 0.0078125 0.0068359375
11 0.36865234375 0.96728515625 0.0078125 0.0068359375
21 0.36767578125 0.8740234375 0.00634765625 0.0185546875
11 0.2802734375 0.89599609375 0.00830078125 0.0068359375
1 0.193359375 0.9326171875 0.017578125 0.02099609375
10 0.19384765625 0.8740234375 0.0166015625 0.0458984375
0 0.17529296875 0.90478515625 0.005859375 0.08447265625
11 0.25830078125 0.95556640625 0.00830078125 0.0068359375
11 0.236328125 0.9462890625 0.00830078125 0.0068359375
11 0.236328125 0.96728515625 0.00830078125 0.0068359375
21 0.23486328125 0.8740234375 0.00634765625 0.0185546875
11 0.4619140625 0.9462890625 0.00830078125 0.0068359375
11 0.4619140625 0.96728515625 0.00830078125 0.0068359375
11 0.4619140625 0.83935546875 0.00830078125 0.0068359375
11 0.4619140625 0.8603515625 0.00830078125 0.0068359375
11 0.44970703125 0.84228515625 0.005859375 0.00537109375
11 0.43212890625 0.84521484375 0.005859375 0.0048828125
11 0.505859375 0.9462890625 0.00830078125 0.0068359375
11 0.505859375 0.96728515625 0.00830078125 0.0068359375
11 0.505859375 0.869140625 0.00830078125 0.0068359375
11 0.505859375 0.875 0.00830078125 0.0068359375
11 0.505859375 0.88134765625 0.00830078125 0.0068359375
11 0.505859375 0.89013671875 0.00830078125 0.0068359375
11 0.48388671875 0.95556640625 0.00830078125 0.0068359375
11 0.416015625 0.84814453125 0.005859375 0.00537109375
11 0.390625 0.95556640625 0.00830078125 0.0068359375