11 0.68359375 0.17822265625 0.00830078125 0.0068359375
11 0.68359375 0.19921875 0.00830078125 0.0068359375
11 0.68359375 0.10546875 0.00830078125 0.00732421875
11 0.6962890625 0.1083984375 0.00830078125 0.0068359375
11 0.6181640625 0.16650390625 0.00830078125 0.0068359375
11 0.6181640625 0.12939453125 0.00830078125 0.0068359375
11 0.60693359375 0.12353515625 0.00830078125 0.0068359375
11 0.66552734375 0.1025390625 0.00830078125 0.0068359375
11 0.6513671875 0.1875 0.00830078125 0.0068359375
11 0.6513671875 0.1142578125 0.00830078125 0.0068359375
11 0.6328125 0.111328125 0.00830078125 0.0068359375
22 0.7138671875 0.0546875 0.00830078125 0.00390625
22 0.7138671875 0.23828125 0.00830078125 0.00390625
22 0.6298828125 0.23828125 0.00830078125 0.00390625
22 0.49365234375 0.17724609375 0.00830078125 0.00390625
22 0.3994140625 0.0546875 0.00830078125 0.00390625
22 0.3994140625 0.1162109375 0.00830078125 0.00390625
22 0.3994140625 0.23828125 0.00830078125 0.00390625
22 0.49365234375 0.0546875 0.00830078125 0.00390625
11 0.8046875 0.12939453125 0.0078125 0.0068359375
22 0.49365234375 0.23828125 0.00830078125 0.00390625
22 0.556640625 0.0546875 0.00830078125 0.00390625
22 0.556640625 0.17724609375 0.00830078125 0.00390625
22 0.556640625 0.23828125 0.00830078125 0.00390625
22 0.6298828125 0.0546875 0.00830078125 0.00390625
11 0.76806640625 0.10546875 0.00830078125 0.00732421875
11 0.740234375 0.111328125 0.00830078125 0.0068359375
11 0.7275390625 0.1142578125 0.00830078125 0.0068359375
11 0.708984375 0.111328125 0.00830078125 0.0068359375
11 0.8046875 0.13525390625 0.0078125 0.0068359375
11 0.7861328125 0.1259765625 0.00830078125 0.0068359375
11 0.7861328125 0.13232421875 0.00830078125 0.0068359375
11 0.31787109375 0.17529296875 0.00830078125 0.00732421875
11 0.30810546875 0.16943359375 0.00830078125 0.0068359375
11 0.2958984375 0.17822265625 0.00830078125 0.0068359375
11 0.2861328125 0.17236328125 0.00830078125 0.0068359375
11 0.2763671875 0.16650390625 0.00830078125 0.0068359375
11 0.39892578125 0.17822265625 0.00830078125 0.0068359375
11 0.39892578125 0.19921875 0.00830078125 0.0068359375
11 0.33642578125 0.18115234375 0.00830078125 0.0068359375
22 0.78662109375 0.17724609375 0.00830078125 0.00390625
1 0.193359375 0.1796875 0.017578125 0.02099609375
10 0.19384765625 0.11865234375 0.0166015625 0.0458984375
10 0.19384765625 0.0576171875 0.0166015625 0.0458984375
22 0.78662109375 0.23828125 0.00830078125 0.00390625
22 0.78662109375 0.0546875 0.00830078125 0.00390625
22 0.28466796875 0.1162109375 0.00830078125 0.00390625
22 0.28466796875 0.0546875 0.00830078125 0.00390625
0 0.173828125 0.15087890625 0.009765625 0.208984375
11 0.263671875 0.17236328125 0.00830078125 0.0068359375
11 0.25439453125 0.16650390625 0.00830078125 0.0068359375
11 0.24462890625 0.26025390625 0.00830078125 0.0068359375
11 0.24462890625 0.15771484375 0.00830078125 0.0068359375
1 0.193359375 0.24072265625 0.017578125 0.02099609375
11 0.53662109375 0.099609375 0.00830078125 0.0068359375
11 0.513671875 0.1142578125 0.00830078125 0.0068359375
11 0.513671875 0.1201171875 0.00830078125 0.00732421875
11 0.595703125 0.16943359375 0.00830078125 0.0068359375
11 0.595703125 0.1171875 0.00830078125 0.0068359375
11 0.57177734375 0.1201171875 0.00830078125 0.00732421875
11 0.57177734375 0.1259765625 0.00830078125 0.0068359375
11 0.5537109375 0.1171875 0.00830078125 0.0068359375
11 0.5537109375 0.12353515625 0.00830078125 0.0068359375
11 0.4951171875 0.111328125 0.00830078125 0.0068359375
11 0.478515625 0.099609375 0.00830078125 0.0068359375
11 0.4951171875 0.1171875 0.00830078125 0.0068359375
11 0.677734375 0.47900390625 0.00830078125 0.0068359375
11 0.693359375 0.466796875 0.00830078125 0.0068359375
11 0.677734375 0.51904296875 0.00830078125 0.0068359375
11 0.6640625 0.47607421875 0.00830078125 0.00732421875
11 0.59619140625 0.47900390625 0.00830078125 0.0068359375
15 0.576171875 0.52587890625 0.0078125 0.01171875
11 0.57666015625 0.4521484375 0.00830078125 0.0068359375
11 0.6484375 0.51611328125 0.00830078125 0.00732421875
11 0.6484375 0.48486328125 0.00830078125 0.0068359375
11 0.61669921875 0.51318359375 0.00830078125 0.0068359375
11 0.61669921875 0.48193359375 0.00830078125 0.0068359375
11 0.59619140625 0.51025390625 0.00830078125 0.0068359375
11 0.80078125 0.466796875 0.00830078125 0.0068359375
11 0.78662109375 0.47021484375 0.00830078125 0.0068359375
22 0.357421875 0.3984375 0.00830078125 0.00390625
22 0.357421875 0.58154296875 0.00830078125 0.00390625
22 0.455078125 0.3984375 0.00830078125 0.00390625
22 0.455078125 0.58154296875 0.00830078125 0.00390625
22 0.53271484375 0.3984375 0.00830078125 0.00390625
22 0.53271484375 0.5205078125 0.00830078125 0.00390625
22 0.53271484375 0.58154296875 0.00830078125 0.00390625
22 0.6005859375 0.3984375 0.00830078125 0.00390625
22 0.6005859375 0.58154296875 0.00830078125 0.00390625
22 0.68408203125 0.3984375 0.00830078125 0.00390625
22 0.68408203125 0.58154296875 0.00830078125 0.00390625
11 0.74462890625 0.4609375 0.00830078125 0.00732421875
11 0.74462890625 0.51318359375 0.00830078125 0.0068359375
11 0.72314453125 0.4580078125 0.0078125 0.0068359375
11 0.70751953125 0.52197265625 0.00830078125 0.0068359375
11 0.70751953125 0.47021484375 0.00830078125 0.0068359375
11 0.77294921875 0.5341796875 0.00830078125 0.0068359375
11 0.77294921875 0.466796875 0.00830078125 0.0068359375
11 0.7587890625 0.4638671875 0.00830078125 0.0068359375
8 0.744140625 0.52490234375 0.00634765625 0.01806640625
11 0.33544921875 0.47265625 0.00830078125 0.0068359375
11 0.38427734375 0.51904296875 0.00830078125 0.0068359375
11 0.365234375 0.4638671875 0.00830078125 0.0068359375
11 0.349609375 0.51611328125 0.00830078125 0.00732421875
11 0.349609375 0.47607421875 0.00830078125 0.00732421875
10 0.19384765625 0.4013671875 0.0166015625 0.0458984375
10 0.19384765625 0.46240234375 0.0166015625 0.04541015625
22 0.77685546875 0.58154296875 0.00830078125 0.00390625
1 0.193359375 0.52294921875 0.017578125 0.02099609375
1 0.193359375 0.583984375 0.017578125 0.02099609375
22 0.77685546875 0.3984375 0.00830078125 0.00390625
22 0.2646484375 0.58154296875 0.00830078125 0.00390625
22 0.2646484375 0.5205078125 0.00830078125 0.00390625
22 0.2646484375 0.3984375 0.00830078125 0.00390625
0 0.173828125 0.49462890625 0.009765625 0.208984375
11 0.26416015625 0.48193359375 0.00830078125 0.0068359375
11 0.3203125 0.51318359375 0.00830078125 0.0068359375
11 0.3203125 0.48193359375 0.00830078125 0.0068359375
11 0.28466796875 0.47900390625 0.00830078125 0.0068359375
11 0.28466796875 0.48486328125 0.00830078125 0.0068359375
11 0.26416015625 0.47607421875 0.00830078125 0.00732421875
11 0.38427734375 0.466796875 0.00830078125 0.0068359375
11 0.2451171875 0.44921875 0.00830078125 0.0068359375
11 0.46826171875 0.466796875 0.00830078125 0.0068359375
11 0.44921875 0.53076171875 0.0078125 0.00732421875
11 0.44921875 0.4638671875 0.0078125 0.0068359375
11 0.43505859375 0.4609375 0.00830078125 0.00732421875
11 0.50830078125 0.4521484375 0.00830078125 0.0068359375
11 0.482421875 0.4638671875 0.00830078125 0.0068359375
11 0.5478515625 0.47607421875 0.00830078125 0.00732421875
11 0.52734375 0.47900390625 0.00830078125 0.0068359375
11 0.4208984375 0.51025390625 0.00830078125 0.0068359375
11 0.4208984375 0.4580078125 0.00830078125 0.0068359375
11 0.5478515625 0.48193359375 0.00830078125 0.0068359375
11 0.39990234375 0.455078125 0.00830078125 0.0068359375
11 0.52734375 0.47265625 0.00830078125 0.0068359375
8 0.42041015625 0.52197265625 0.00634765625 0.017578125
11 0.61376953125 0.8193359375 0.00830078125 0.0068359375
11 0.599609375 0.85986328125 0.00830078125 0.0068359375
11 0.599609375 0.8076171875 0.00830078125 0.0068359375
11 0.58349609375 0.8193359375 0.00830078125 0.0068359375
11 0.63720703125 0.8564453125 0.00830078125 0.0068359375
11 0.63720703125 0.8046875 0.00830078125 0.0068359375
11 0.5390625 0.7255859375 0.00830078125 0.00732421875
11 0.515625 0.8193359375 0.00830078125 0.0068359375
11 0.5390625 0.8017578125 0.00830078125 0.00732421875
15 0.5390625 0.86962890625 0.0078125 0.01171875
8 0.53857421875 0.73779296875 0.00634765625 0.017578125
21 0.568359375 0.7451171875 0.00634765625 0.0185546875
11 0.5693359375 0.8046875 0.00830078125 0.0068359375
11 0.5693359375 0.8564453125 0.00830078125 0.0068359375
11 0.55322265625 0.8193359375 0.00830078125 0.0068359375
11 0.80859375 0.8076171875 0.00830078125 0.0068359375
11 0.80859375 0.8017578125 0.00830078125 0.00732421875
11 0.7783203125 0.798828125 0.00830078125 0.0068359375
11 0.76318359375 0.798828125 0.00830078125 0.0068359375
11 0.76318359375 0.79248046875 0.00830078125 0.0068359375
11 0.7783203125 0.8046875 0.00830078125 0.0068359375
11 0.79345703125 0.8017578125 0.00830078125 0.00732421875
11 0.79345703125 0.79541015625 0.00830078125 0.00732421875
22 0.6748046875 0.7421875 0.00830078125 0.00390625
22 0.578125 0.92529296875 0.00830078125 0.00390625
22 0.6748046875 0.92529296875 0.00830078125 0.00390625
22 0.4794921875 0.92529296875 0.00830078125 0.00390625
22 0.38134765625 0.92529296875 0.00830078125 0.00390625
11 0.6982421875 0.798828125 0.00830078125 0.0068359375
11 0.68115234375 0.8076171875 0.00830078125 0.0068359375
11 0.71142578125 0.8046875 0.00830078125 0.0068359375
11 0.65087890625 0.810546875 0.00830078125 0.0068359375
11 0.66748046875 0.8017578125 0.00830078125 0.00732421875
11 0.748046875 0.8017578125 0.00830078125 0.00732421875
11 0.748046875 0.79541015625 0.00830078125 0.00732421875
11 0.73291015625 0.78955078125 0.00830078125 0.0068359375
11 0.73291015625 0.79541015625 0.00830078125 0.00732421875
11 0.31884765625 0.8193359375 0.00830078125 0.0068359375
11 0.3427734375 0.7255859375 0.00830078125 0.00732421875
11 0.3427734375 0.8017578125 0.00830078125 0.00732421875
15 0.3427734375 0.86962890625 0.0078125 0.01171875
8 0.34228515625 0.73779296875 0.00634765625 0.017578125
11 0.28857421875 0.8193359375 0.00830078125 0.0068359375
11 0.30517578125 0.728515625 0.00830078125 0.0068359375
11 0.30517578125 0.8046875 0.00830078125 0.0068359375
11 0.3564453125 0.8193359375 0.0078125 0.0068359375
10 0.19384765625 0.7451171875 0.0166015625 0.0458984375
10 0.19384765625 0.80615234375 0.0166015625 0.0458984375
1 0.193359375 0.86669921875 0.017578125 0.02099609375
1 0.193359375 0.927734375 0.017578125 0.02099609375
0 0.173828125 0.837890625 0.009765625 0.208984375
22 0.27880859375 0.8642578125 0.00830078125 0.00390625
22 0.27880859375 0.92529296875 0.00830078125 0.00390625
22 0.77099609375 0.7421875 0.00830078125 0.00390625
22 0.77099609375 0.8642578125 0.00830078125 0.00390625
22 0.77099609375 0.92529296875 0.00830078125 0.00390625
11 0.25830078125 0.8193359375 0.00830078125 0.0068359375
11 0.27490234375 0.7314453125 0.00830078125 0.0068359375
11 0.27490234375 0.8017578125 0.00830078125 0.00732421875
11 0.24462890625 0.7373046875 0.00830078125 0.0068359375
11 0.24462890625 0.8046875 0.00830078125 0.0068359375
11 0.45458984375 0.8193359375 0.00830078125 0.0068359375
8 0.44091796875 0.86865234375 0.00634765625 0.01806640625
11 0.501953125 0.8046875 0.00830078125 0.0068359375
11 0.48486328125 0.8193359375 0.00830078125 0.0068359375
11 0.501953125 0.728515625 0.00830078125 0.0068359375
11 0.4716796875 0.7314453125 0.00830078125 0.0068359375
11 0.4716796875 0.8017578125 0.00830078125 0.00732421875
21 0.470703125 0.8671875 0.00634765625 0.01806640625
11 0.4033203125 0.8076171875 0.00830078125 0.0068359375
11 0.4033203125 0.85986328125 0.00830078125 0.0068359375
21 0.3720703125 0.7451171875 0.00634765625 0.0185546875
11 0.44140625 0.8564453125 0.00830078125 0.0068359375
11 0.44140625 0.8046875 0.00830078125 0.0068359375
11 0.373046875 0.8046875 0.00830078125 0.0068359375
11 0.373046875 0.8564453125 0.00830078125 0.0068359375
15 0.44091796875 0.7470703125 0.0078125 0.01171875
11 0.38671875 0.8193359375 0.0078125 0.0068359375
11 0.4169921875 0.8193359375 0.00830078125 0.0068359375