13 0.62353515625 0.26416015625 0.01123046875 0.00732421875
12 0.70751953125 0.263671875 0.0087890625 0.0068359375
22 0.50927734375 0.0546875 0.00830078125 0.00390625
22 0.49560546875 0.44091796875 0.00830078125 0.00390625
22 0.49560546875 0.34423828125 0.00830078125 0.00390625
11 0.49560546875 0.2578125 0.00830078125 0.00732421875
11 0.478515625 0.251953125 0.00830078125 0.0068359375
22 0.49560546875 0.537109375 0.00830078125 0.00390625
11 0.56591796875 0.27294921875 0.00830078125 0.00732421875
12 0.5205078125 0.25830078125 0.0087890625 0.0068359375
22 0.50927734375 0.82666015625 0.00830078125 0.00390625
22 0.6484375 0.0546875 0.00830078125 0.00390625
22 0.6484375 0.1513671875 0.00830078125 0.00390625
22 0.6484375 0.34423828125 0.00830078125 0.00390625
22 0.6484375 0.44091796875 0.00830078125 0.00390625
22 0.6484375 0.537109375 0.00830078125 0.00390625
22 0.6484375 0.6337890625 0.00830078125 0.00390625
22 0.6484375 0.72998046875 0.00830078125 0.00390625
22 0.6484375 0.82666015625 0.00830078125 0.00390625
22 0.50927734375 0.6337890625 0.00830078125 0.00390625
22 0.50927734375 0.1513671875 0.00830078125 0.00390625
22 0.75439453125 0.24755859375 0.00830078125 0.00390625
22 0.50927734375 0.72998046875 0.00830078125 0.00390625
13 0.22021484375 0.36328125 0.01123046875 0.0068359375
13 0.22021484375 0.16748046875 0.01123046875 0.0068359375
13 0.22021484375 0.27294921875 0.01123046875 0.00732421875
13 0.22021484375 0.462890625 0.01123046875 0.0068359375
13 0.22021484375 0.5595703125 0.01123046875 0.00732421875
11 0.21875 0.64990234375 0.00830078125 0.0068359375
1 0.193359375 0.8291015625 0.017578125 0.02099609375
1 0.193359375 0.732421875 0.017578125 0.02099609375
10 0.19384765625 0.63671875 0.0166015625 0.0458984375
1 0.193359375 0.53955078125 0.017578125 0.02099609375
21 0.45751953125 0.5400390625 0.00634765625 0.0185546875
11 0.2490234375 0.65283203125 0.00830078125 0.0068359375
22 0.30908203125 0.82666015625 0.00830078125 0.00390625
22 0.30908203125 0.72998046875 0.00830078125 0.00390625
22 0.30908203125 0.0546875 0.00830078125 0.00390625
1 0.193359375 0.44287109375 0.017578125 0.02099609375
10 0.19384765625 0.25048828125 0.0166015625 0.0458984375
10 0.19384765625 0.154296875 0.0166015625 0.0458984375
10 0.19384765625 0.0576171875 0.0166015625 0.0458984375
22 0.75390625 0.82666015625 0.00830078125 0.00390625
22 0.75390625 0.72998046875 0.00830078125 0.00390625
22 0.75390625 0.6337890625 0.00830078125 0.00390625
22 0.75390625 0.537109375 0.00830078125 0.00390625
22 0.75390625 0.44091796875 0.00830078125 0.00390625
22 0.75390625 0.34423828125 0.00830078125 0.00390625
22 0.75390625 0.1513671875 0.00830078125 0.00390625
22 0.75390625 0.0546875 0.00830078125 0.00390625
11 0.42822265625 0.55908203125 0.00830078125 0.0068359375
11 0.42822265625 0.462890625 0.00830078125 0.0068359375
11 0.42822265625 0.36328125 0.00830078125 0.0068359375
21 0.45751953125 0.443359375 0.00634765625 0.0185546875
21 0.45751953125 0.34716796875 0.00634765625 0.0185546875
11 0.458984375 0.2578125 0.00830078125 0.00732421875
11 0.42822265625 0.2548828125 0.00830078125 0.0068359375
12 0.31591796875 0.65283203125 0.0087890625 0.0068359375
9 0.35693359375 0.2607421875 0.0068359375 0.017578125
11 0.35009765625 0.27294921875 0.00830078125 0.00732421875
19 0.35009765625 0.15380859375 0.00830078125 0.00390625
11 0.29052734375 0.65283203125 0.00830078125 0.0068359375
11 0.27392578125 0.64404296875 0.00830078125 0.0068359375
21 0.38916015625 0.25048828125 0.00634765625 0.0185546875
11 0.3720703125 0.6650390625 0.0078125 0.0068359375
15 0.3720703125 0.2529296875 0.0078125 0.01171875