11 0.623046875 0.19482421875 0.0078125 0.0068359375
11 0.623046875 0.283203125 0.0078125 0.0068359375
11 0.6044921875 0.19775390625 0.0078125 0.0068359375
11 0.677734375 0.19775390625 0.0078125 0.0068359375
11 0.6044921875 0.09423828125 0.0078125 0.0068359375
11 0.6044921875 0.0888671875 0.0078125 0.0068359375
11 0.6044921875 0.08349609375 0.0078125 0.0068359375
11 0.6044921875 0.07470703125 0.0078125 0.0068359375
11 0.6044921875 0.1552734375 0.0078125 0.0068359375
11 0.6044921875 0.1494140625 0.0078125 0.0068359375
11 0.6044921875 0.14404296875 0.0078125 0.0068359375
11 0.6044921875 0.1357421875 0.0078125 0.0068359375
11 0.6044921875 0.21728515625 0.0078125 0.0068359375
11 0.6044921875 0.2861328125 0.0078125 0.0068359375
11 0.65966796875 0.283203125 0.0078125 0.0068359375
11 0.65966796875 0.19482421875 0.0078125 0.0068359375
11 0.677734375 0.09423828125 0.0078125 0.0068359375
11 0.677734375 0.0888671875 0.0078125 0.0068359375
11 0.677734375 0.08349609375 0.0078125 0.0068359375
11 0.677734375 0.07470703125 0.0078125 0.0068359375
11 0.677734375 0.15771484375 0.0078125 0.0068359375
11 0.677734375 0.14404296875 0.0078125 0.0068359375
11 0.677734375 0.13818359375 0.0078125 0.0068359375
11 0.677734375 0.21728515625 0.0078125 0.0068359375
11 0.677734375 0.2060546875 0.0078125 0.0068359375
11 0.64111328125 0.091796875 0.0078125 0.0068359375
11 0.64111328125 0.072265625 0.0078125 0.0068359375
11 0.64111328125 0.21728515625 0.0078125 0.0068359375
11 0.64111328125 0.19775390625 0.0078125 0.0068359375
11 0.64111328125 0.2861328125 0.0078125 0.0068359375
11 0.53173828125 0.21728515625 0.0078125 0.0068359375
11 0.53173828125 0.2060546875 0.0078125 0.0068359375
11 0.53173828125 0.19775390625 0.0078125 0.0068359375
11 0.53173828125 0.30029296875 0.0078125 0.0068359375
11 0.53173828125 0.29443359375 0.0078125 0.0068359375
11 0.53173828125 0.2861328125 0.0078125 0.0068359375
11 0.58642578125 0.19482421875 0.0078125 0.0068359375
11 0.58642578125 0.283203125 0.0078125 0.0068359375
11 0.55029296875 0.19482421875 0.0078125 0.0068359375
11 0.55029296875 0.283203125 0.0078125 0.0068359375
11 0.568359375 0.091796875 0.0078125 0.0068359375
11 0.568359375 0.072265625 0.0078125 0.0068359375
11 0.568359375 0.21728515625 0.0078125 0.0068359375
11 0.568359375 0.19775390625 0.0078125 0.0068359375
11 0.568359375 0.2861328125 0.0078125 0.0068359375
11 0.78662109375 0.2861328125 0.0078125 0.0068359375
11 0.80517578125 0.19482421875 0.0078125 0.0068359375
11 0.80517578125 0.283203125 0.0078125 0.0068359375
11 0.7685546875 0.19482421875 0.0078125 0.0068359375
11 0.7685546875 0.283203125 0.0078125 0.0068359375
11 0.78662109375 0.091796875 0.0078125 0.0068359375
11 0.78662109375 0.072265625 0.0078125 0.0068359375
11 0.78662109375 0.21728515625 0.0078125 0.0068359375
11 0.78662109375 0.19775390625 0.0078125 0.0068359375
11 0.7138671875 0.091796875 0.0078125 0.0068359375
11 0.69580078125 0.283203125 0.0078125 0.0068359375
11 0.7138671875 0.072265625 0.0078125 0.0068359375
11 0.7138671875 0.21728515625 0.0078125 0.0068359375
11 0.7138671875 0.19775390625 0.0078125 0.0068359375
11 0.7138671875 0.2861328125 0.0078125 0.0068359375
11 0.677734375 0.30029296875 0.0078125 0.0068359375
11 0.677734375 0.29443359375 0.0078125 0.0068359375
11 0.677734375 0.2861328125 0.0078125 0.0068359375
11 0.69580078125 0.19482421875 0.0078125 0.0068359375
11 0.75048828125 0.07470703125 0.0078125 0.0068359375
11 0.75048828125 0.16357421875 0.0078125 0.0068359375
11 0.75048828125 0.15771484375 0.0078125 0.0068359375
11 0.75048828125 0.1494140625 0.0078125 0.0068359375
11 0.75048828125 0.14404296875 0.0078125 0.0068359375
11 0.75048828125 0.21728515625 0.0078125 0.0068359375
11 0.75048828125 0.19775390625 0.0078125 0.0068359375
11 0.75048828125 0.2861328125 0.0078125 0.0068359375
11 0.75048828125 0.08349609375 0.0078125 0.0068359375
11 0.732421875 0.19482421875 0.0078125 0.0068359375
11 0.732421875 0.283203125 0.0078125 0.0068359375
11 0.75048828125 0.09423828125 0.0078125 0.0068359375
11 0.75048828125 0.0888671875 0.0078125 0.0068359375
11 0.30517578125 0.09423828125 0.0078125 0.0068359375
11 0.30517578125 0.07470703125 0.0078125 0.0068359375
11 0.30517578125 0.1357421875 0.0078125 0.0068359375
11 0.30517578125 0.12451171875 0.0078125 0.0068359375
11 0.30517578125 0.1162109375 0.0078125 0.0068359375
11 0.30517578125 0.21728515625 0.0078125 0.0068359375
11 0.30517578125 0.19775390625 0.0078125 0.0068359375
11 0.30517578125 0.2861328125 0.0078125 0.0068359375
11 0.26904296875 0.2861328125 0.0078125 0.0068359375
11 0.287109375 0.19482421875 0.0078125 0.0068359375
11 0.287109375 0.283203125 0.0078125 0.0068359375
11 0.341796875 0.091796875 0.0078125 0.0068359375
11 0.341796875 0.072265625 0.0078125 0.0068359375
11 0.341796875 0.21728515625 0.0078125 0.0068359375
11 0.341796875 0.19775390625 0.0078125 0.0068359375
11 0.341796875 0.2861328125 0.0078125 0.0068359375
11 0.53173828125 0.1298828125 0.0078125 0.0068359375
11 0.35986328125 0.19482421875 0.0078125 0.0068359375
11 0.32373046875 0.19482421875 0.0078125 0.0068359375
11 0.26904296875 0.19775390625 0.0078125 0.0068359375
11 0.32373046875 0.283203125 0.0078125 0.0068359375
10 0.19287109375 0.22998046875 0.015625 0.04296875
10 0.19287109375 0.298828125 0.015625 0.04296875
13 0.23388671875 0.07470703125 0.01025390625 0.0068359375
13 0.23388671875 0.0693359375 0.01025390625 0.0068359375
13 0.23388671875 0.06396484375 0.01025390625 0.0068359375
13 0.23388671875 0.05517578125 0.01025390625 0.0068359375
15 0.232421875 0.07568359375 0.00732421875 0.01123046875
11 0.232421875 0.16943359375 0.0078125 0.0068359375
11 0.232421875 0.15771484375 0.0078125 0.0068359375
11 0.232421875 0.21728515625 0.0078125 0.0068359375
0 0.17578125 0.10400390625 0.00634765625 0.0927734375
0 0.17578125 0.265625 0.00634765625 0.0927734375
11 0.232421875 0.2060546875 0.0078125 0.0068359375
10 0.19287109375 0.06787109375 0.015625 0.04296875
1 0.1923828125 0.13671875 0.0166015625 0.02001953125
11 0.25048828125 0.19482421875 0.0078125 0.0068359375
11 0.25048828125 0.283203125 0.0078125 0.0068359375
11 0.26904296875 0.091796875 0.0078125 0.0068359375
11 0.26904296875 0.072265625 0.0078125 0.0068359375
11 0.26904296875 0.21728515625 0.0078125 0.0068359375
11 0.232421875 0.19775390625 0.0078125 0.0068359375
11 0.232421875 0.30029296875 0.0078125 0.0068359375
11 0.232421875 0.29443359375 0.0078125 0.0068359375
11 0.232421875 0.2861328125 0.0078125 0.0068359375
11 0.46923828125 0.19482421875 0.0078125 0.0068359375
11 0.46923828125 0.283203125 0.0078125 0.0068359375
11 0.451171875 0.07470703125 0.0078125 0.0068359375
11 0.35986328125 0.283203125 0.0078125 0.0068359375
11 0.451171875 0.09423828125 0.0078125 0.0068359375
11 0.451171875 0.14404296875 0.0078125 0.0068359375
11 0.451171875 0.13818359375 0.0078125 0.0068359375
11 0.451171875 0.12451171875 0.0078125 0.0068359375
11 0.451171875 0.21728515625 0.0078125 0.0068359375
11 0.451171875 0.19775390625 0.0078125 0.0068359375
11 0.451171875 0.2861328125 0.0078125 0.0068359375
11 0.505859375 0.19482421875 0.0078125 0.0068359375
11 0.505859375 0.283203125 0.0078125 0.0068359375
13 0.533203125 0.07470703125 0.01025390625 0.0068359375
13 0.533203125 0.0693359375 0.01025390625 0.0068359375
13 0.533203125 0.06396484375 0.01025390625 0.0068359375
13 0.533203125 0.05517578125 0.01025390625 0.0068359375
15 0.53173828125 0.07568359375 0.00732421875 0.01123046875
11 0.53173828125 0.1494140625 0.0078125 0.0068359375
11 0.53173828125 0.14404296875 0.0078125 0.0068359375
11 0.53173828125 0.13818359375 0.0078125 0.0068359375
11 0.48779296875 0.091796875 0.0078125 0.0068359375
11 0.48779296875 0.072265625 0.0078125 0.0068359375
11 0.48779296875 0.21728515625 0.0078125 0.0068359375
11 0.48779296875 0.19775390625 0.0078125 0.0068359375
11 0.48779296875 0.2861328125 0.0078125 0.0068359375
11 0.37841796875 0.2861328125 0.0078125 0.0068359375
11 0.4326171875 0.283203125 0.0078125 0.0068359375
11 0.396484375 0.19482421875 0.0078125 0.0068359375
11 0.396484375 0.283203125 0.0078125 0.0068359375
11 0.37841796875 0.07470703125 0.0078125 0.0068359375
11 0.37841796875 0.09423828125 0.0078125 0.0068359375
11 0.37841796875 0.13818359375 0.0078125 0.0068359375
11 0.37841796875 0.12451171875 0.0078125 0.0068359375
11 0.37841796875 0.11865234375 0.0078125 0.0068359375
11 0.37841796875 0.21728515625 0.0078125 0.0068359375
11 0.37841796875 0.2060546875 0.0078125 0.0068359375
11 0.37841796875 0.19775390625 0.0078125 0.0068359375
11 0.37841796875 0.30029296875 0.0078125 0.0068359375
11 0.37841796875 0.29443359375 0.0078125 0.0068359375
11 0.41455078125 0.091796875 0.0078125 0.0068359375
11 0.41455078125 0.21728515625 0.0078125 0.0068359375
11 0.41455078125 0.19775390625 0.0078125 0.0068359375
11 0.41455078125 0.2861328125 0.0078125 0.0068359375
11 0.41455078125 0.072265625 0.0078125 0.0068359375
11 0.4326171875 0.19482421875 0.0078125 0.0068359375
11 0.65380859375 0.83544921875 0.0078125 0.0068359375
13 0.56494140625 0.673828125 0.01025390625 0.0068359375
13 0.56494140625 0.693359375 0.01025390625 0.0068359375
13 0.56494140625 0.59912109375 0.01025390625 0.0068359375
13 0.56494140625 0.61865234375 0.01025390625 0.0068359375
11 0.65380859375 0.85498046875 0.0078125 0.0068359375
11 0.65380859375 0.7607421875 0.0078125 0.0068359375
11 0.65380859375 0.7802734375 0.0078125 0.0068359375
11 0.65380859375 0.673828125 0.0078125 0.0068359375
11 0.65380859375 0.693359375 0.0078125 0.0068359375
11 0.65380859375 0.59912109375 0.0078125 0.0068359375
11 0.65380859375 0.61865234375 0.0078125 0.0068359375
13 0.56494140625 0.7802734375 0.01025390625 0.0068359375
13 0.56494140625 0.83544921875 0.01025390625 0.0068359375
13 0.56494140625 0.85498046875 0.01025390625 0.0068359375
13 0.56494140625 0.7607421875 0.01025390625 0.0068359375
11 0.5419921875 0.7666015625 0.005859375 0.0048828125
11 0.5419921875 0.6796875 0.005859375 0.0048828125
11 0.5419921875 0.60498046875 0.005859375 0.0048828125
11 0.5419921875 0.84130859375 0.005859375 0.0048828125
11 0.5517578125 0.83837890625 0.00537109375 0.0048828125
11 0.5517578125 0.763671875 0.00537109375 0.0048828125
11 0.5517578125 0.6767578125 0.00537109375 0.0048828125
11 0.5517578125 0.60205078125 0.00537109375 0.0048828125
19 0.75244140625 0.8115234375 0.0078125 0.00390625
19 0.75244140625 0.74267578125 0.0078125 0.00390625
19 0.75244140625 0.64990234375 0.0078125 0.00390625
19 0.75244140625 0.5810546875 0.0078125 0.00390625
21 0.703125 0.81201171875 0.00634765625 0.01708984375
21 0.703125 0.74267578125 0.00634765625 0.017578125
21 0.703125 0.64990234375 0.00634765625 0.017578125
21 0.703125 0.5810546875 0.00634765625 0.017578125
11 0.29736328125 0.57421875 0.0078125 0.0068359375
11 0.29736328125 0.830078125 0.0078125 0.0068359375
11 0.29736328125 0.83837890625 0.0078125 0.0068359375
11 0.29736328125 0.84375 0.0078125 0.0068359375
11 0.29736328125 0.849609375 0.0078125 0.0068359375
11 0.29736328125 0.7216796875 0.0078125 0.0068359375
11 0.29736328125 0.72998046875 0.0078125 0.0068359375
11 0.29736328125 0.73583984375 0.0078125 0.0068359375
11 0.29736328125 0.7412109375 0.0078125 0.0068359375
11 0.29736328125 0.673828125 0.0078125 0.0068359375
11 0.29736328125 0.68212890625 0.0078125 0.0068359375
11 0.29736328125 0.68798828125 0.0078125 0.0068359375
11 0.29736328125 0.693359375 0.0078125 0.0068359375
11 0.29736328125 0.57958984375 0.0078125 0.0068359375
11 0.29736328125 0.587890625 0.0078125 0.0068359375
11 0.29736328125 0.59375 0.0078125 0.0068359375
11 0.34765625 0.57958984375 0.00732421875 0.0068359375
11 0.34765625 0.830078125 0.00732421875 0.0068359375
11 0.34765625 0.84375 0.00732421875 0.0068359375
11 0.34765625 0.849609375 0.00732421875 0.0068359375
11 0.34765625 0.7216796875 0.00732421875 0.0068359375
11 0.34765625 0.72998046875 0.00732421875 0.0068359375
11 0.34765625 0.73583984375 0.00732421875 0.0068359375
11 0.34765625 0.7412109375 0.00732421875 0.0068359375
11 0.34765625 0.673828125 0.00732421875 0.0068359375
11 0.34765625 0.68212890625 0.00732421875 0.0068359375
11 0.34765625 0.68798828125 0.00732421875 0.0068359375
11 0.34765625 0.693359375 0.00732421875 0.0068359375
11 0.34765625 0.57421875 0.00732421875 0.0068359375
11 0.34765625 0.587890625 0.00732421875 0.0068359375
11 0.34765625 0.59375 0.00732421875 0.0068359375
10 0.19287109375 0.75390625 0.015625 0.04296875
1 0.1923828125 0.66064453125 0.0166015625 0.02001953125
10 0.19287109375 0.59228515625 0.015625 0.04296875
0 0.17578125 0.78955078125 0.00634765625 0.0927734375
0 0.17578125 0.6279296875 0.00634765625 0.0927734375
12 0.23291015625 0.693359375 0.00830078125 0.0068359375
12 0.23291015625 0.810546875 0.00830078125 0.0068359375
12 0.23291015625 0.81884765625 0.00830078125 0.0068359375
12 0.23291015625 0.82421875 0.00830078125 0.0068359375
12 0.23291015625 0.7216796875 0.00830078125 0.0068359375
12 0.23291015625 0.72998046875 0.00830078125 0.0068359375
12 0.23291015625 0.7412109375 0.00830078125 0.0068359375
12 0.23291015625 0.673828125 0.00830078125 0.0068359375
12 0.23291015625 0.68212890625 0.00830078125 0.0068359375
12 0.23291015625 0.68798828125 0.00830078125 0.0068359375
11 0.34765625 0.83837890625 0.00732421875 0.0068359375
12 0.23291015625 0.59912109375 0.00830078125 0.0068359375
12 0.23291015625 0.607421875 0.00830078125 0.0068359375
12 0.23291015625 0.61328125 0.00830078125 0.0068359375
12 0.23291015625 0.61865234375 0.00830078125 0.0068359375
10 0.19287109375 0.82275390625 0.015625 0.04296875
12 0.47314453125 0.57958984375 0.00830078125 0.0068359375
12 0.47314453125 0.830078125 0.00830078125 0.0068359375
12 0.47314453125 0.83837890625 0.00830078125 0.0068359375
12 0.47314453125 0.84423828125 0.00830078125 0.0068359375
12 0.47314453125 0.849609375 0.00830078125 0.0068359375
12 0.47314453125 0.7216796875 0.00830078125 0.0068359375
12 0.47314453125 0.72998046875 0.00830078125 0.0068359375
12 0.47314453125 0.73583984375 0.00830078125 0.0068359375
12 0.47314453125 0.7412109375 0.00830078125 0.0068359375
12 0.47314453125 0.673828125 0.00830078125 0.0068359375
12 0.47314453125 0.68212890625 0.00830078125 0.0068359375
12 0.47314453125 0.68798828125 0.00830078125 0.0068359375
12 0.47314453125 0.693359375 0.00830078125 0.0068359375
12 0.47314453125 0.57421875 0.00830078125 0.0068359375
12 0.47314453125 0.587890625 0.00830078125 0.0068359375
12 0.47314453125 0.59375 0.00830078125 0.0068359375
11 0.53173828125 0.68212890625 0.00537109375 0.0048828125
11 0.53173828125 0.84375 0.00537109375 0.0048828125
11 0.53173828125 0.76904296875 0.00537109375 0.0048828125
11 0.53173828125 0.607421875 0.00537109375 0.0048828125
12 0.408203125 0.587890625 0.00830078125 0.0068359375
12 0.408203125 0.830078125 0.00830078125 0.0068359375
12 0.408203125 0.83837890625 0.00830078125 0.0068359375
12 0.408203125 0.84423828125 0.00830078125 0.0068359375
12 0.408203125 0.7216796875 0.00830078125 0.0068359375
12 0.408203125 0.72998046875 0.00830078125 0.0068359375
12 0.408203125 0.73583984375 0.00830078125 0.0068359375
12 0.408203125 0.7412109375 0.00830078125 0.0068359375
12 0.408203125 0.673828125 0.00830078125 0.0068359375
12 0.408203125 0.68212890625 0.00830078125 0.0068359375
12 0.408203125 0.68798828125 0.00830078125 0.0068359375
12 0.408203125 0.693359375 0.00830078125 0.0068359375
12 0.408203125 0.57421875 0.00830078125 0.0068359375
12 0.408203125 0.57958984375 0.00830078125 0.0068359375
12 0.408203125 0.849609375 0.00830078125 0.0068359375
12 0.408203125 0.59375 0.00830078125 0.0068359375