19 0.6298828125 0.18017578125 0.00830078125 0.00390625
11 0.62939453125 0.14990234375 0.00830078125 0.0068359375
21 0.62841796875 0.05859375 0.00634765625 0.0185546875
11 0.54345703125 0.1201171875 0.00830078125 0.0068359375
11 0.6064453125 0.12890625 0.00830078125 0.0068359375
11 0.54345703125 0.1728515625 0.00830078125 0.0068359375
11 0.54345703125 0.05126953125 0.00830078125 0.0068359375
21 0.65234375 0.12158203125 0.00634765625 0.0185546875
11 0.6533203125 0.0419921875 0.00830078125 0.00732421875
11 0.58203125 0.123046875 0.00830078125 0.00732421875
12 0.58251953125 0.04541015625 0.0087890625 0.0068359375
12 0.58251953125 0.1728515625 0.0087890625 0.0068359375
11 0.5595703125 0.169921875 0.00830078125 0.0068359375
11 0.5595703125 0.04833984375 0.00830078125 0.00732421875
11 0.8076171875 0.0390625 0.00830078125 0.0068359375
11 0.7900390625 0.05419921875 0.00830078125 0.0068359375
11 0.77392578125 0.05712890625 0.00830078125 0.0068359375
11 0.75927734375 0.0390625 0.00830078125 0.0068359375
22 0.40234375 0.17724609375 0.00830078125 0.00390625
11 0.69189453125 0.0361328125 0.00830078125 0.0068359375
11 0.66943359375 0.0390625 0.00830078125 0.0068359375
11 0.7431640625 0.0361328125 0.00830078125 0.0068359375
11 0.7255859375 0.05126953125 0.00830078125 0.0068359375
11 0.70654296875 0.05419921875 0.00830078125 0.0068359375
11 0.32080078125 0.05712890625 0.00830078125 0.0068359375
11 0.32080078125 0.12890625 0.00830078125 0.0068359375
11 0.3369140625 0.06005859375 0.00830078125 0.0068359375
11 0.3046875 0.05419921875 0.00830078125 0.0068359375
11 0.359375 0.1376953125 0.00830078125 0.00732421875
10 0.19384765625 0.12158203125 0.0166015625 0.0458984375
11 0.359375 0.06298828125 0.00830078125 0.00732421875
10 0.19384765625 0.05859375 0.0166015625 0.0458984375
11 0.25634765625 0.123046875 0.00830078125 0.00732421875
11 0.25634765625 0.04541015625 0.00830078125 0.0068359375
11 0.23193359375 0.123046875 0.00830078125 0.00732421875
11 0.23193359375 0.04541015625 0.00830078125 0.0068359375
11 0.28857421875 0.1259765625 0.00830078125 0.0068359375
11 0.28857421875 0.05126953125 0.00830078125 0.0068359375
11 0.2724609375 0.04833984375 0.00830078125 0.00732421875
1 0.193359375 0.1796875 0.017578125 0.02099609375
0 0.17529296875 0.15234375 0.005859375 0.083984375
11 0.51708984375 0.1318359375 0.00830078125 0.0068359375
11 0.4912109375 0.1376953125 0.00830078125 0.00732421875
12 0.466796875 0.169921875 0.0087890625 0.0068359375
22 0.28076171875 0.17724609375 0.00830078125 0.00390625
22 0.75048828125 0.11865234375 0.00830078125 0.00390625
11 0.38623046875 0.1201171875 0.0078125 0.0068359375
12 0.38671875 0.04833984375 0.0087890625 0.00732421875
22 0.75048828125 0.17724609375 0.00830078125 0.00390625
12 0.466796875 0.04833984375 0.0087890625 0.00732421875
11 0.46630859375 0.140625 0.00830078125 0.0068359375
11 0.43359375 0.1376953125 0.00830078125 0.00732421875
11 0.43359375 0.05419921875 0.00830078125 0.0068359375
11 0.41015625 0.1259765625 0.00830078125 0.0068359375
11 0.705078125 0.39208984375 0.00830078125 0.0068359375
11 0.69287109375 0.39453125 0.00830078125 0.0068359375
11 0.6171875 0.28125 0.00830078125 0.0068359375
11 0.63330078125 0.28759765625 0.00830078125 0.0068359375
11 0.59814453125 0.29345703125 0.00830078125 0.00732421875
11 0.58056640625 0.29638671875 0.00830078125 0.0068359375
12 0.67529296875 0.4296875 0.0087890625 0.0068359375
12 0.67529296875 0.4384765625 0.0087890625 0.0068359375
11 0.6748046875 0.39453125 0.00830078125 0.0068359375
11 0.6748046875 0.29931640625 0.00830078125 0.0068359375
11 0.64990234375 0.29345703125 0.00830078125 0.00732421875
11 0.564453125 0.2900390625 0.00830078125 0.0068359375
11 0.80615234375 0.30224609375 0.00830078125 0.0068359375
22 0.44482421875 0.37255859375 0.00830078125 0.00390625
22 0.44482421875 0.43115234375 0.00830078125 0.00390625
22 0.5908203125 0.37255859375 0.00830078125 0.00390625
22 0.5908203125 0.43115234375 0.00830078125 0.00390625
11 0.73583984375 0.2900390625 0.00830078125 0.0068359375
11 0.73583984375 0.39208984375 0.00830078125 0.0068359375
11 0.75341796875 0.29345703125 0.0078125 0.00732421875
11 0.7177734375 0.388671875 0.00830078125 0.00732421875
11 0.78857421875 0.4267578125 0.00830078125 0.00732421875
11 0.78857421875 0.44140625 0.00830078125 0.00732421875
11 0.78857421875 0.39794921875 0.00830078125 0.0068359375
11 0.78857421875 0.29931640625 0.00830078125 0.0068359375
11 0.7177734375 0.28759765625 0.00830078125 0.0068359375
11 0.77099609375 0.29638671875 0.00830078125 0.0068359375
11 0.75341796875 0.39453125 0.0078125 0.0068359375
11 0.3388671875 0.31396484375 0.00830078125 0.0068359375
11 0.31982421875 0.31982421875 0.00830078125 0.0068359375
11 0.3037109375 0.29931640625 0.00830078125 0.0068359375
11 0.2861328125 0.29638671875 0.0078125 0.0068359375
11 0.38232421875 0.30224609375 0.00830078125 0.0068359375
11 0.35791015625 0.29931640625 0.00830078125 0.0068359375
22 0.2919921875 0.37255859375 0.00830078125 0.00390625
10 0.19384765625 0.37548828125 0.0166015625 0.0458984375
22 0.2919921875 0.43115234375 0.00830078125 0.00390625
0 0.17529296875 0.40625 0.005859375 0.083984375
11 0.26708984375 0.31103515625 0.00830078125 0.0068359375
11 0.248046875 0.3173828125 0.00830078125 0.0068359375
11 0.23193359375 0.29638671875 0.00830078125 0.0068359375
1 0.193359375 0.43359375 0.017578125 0.02099609375
11 0.529296875 0.2900390625 0.0078125 0.0068359375
11 0.50439453125 0.29345703125 0.00830078125 0.00732421875
11 0.48828125 0.28759765625 0.00830078125 0.0068359375
11 0.47216796875 0.28125 0.00830078125 0.0068359375
11 0.54833984375 0.28125 0.00830078125 0.0068359375
11 0.43408203125 0.30224609375 0.00830078125 0.0068359375
11 0.41748046875 0.29638671875 0.00830078125 0.0068359375
11 0.4013671875 0.2900390625 0.00830078125 0.0068359375
11 0.453125 0.29345703125 0.00830078125 0.00732421875
11 0.63330078125 0.56201171875 0.00830078125 0.0068359375
11 0.63330078125 0.6162109375 0.00830078125 0.0068359375
11 0.6181640625 0.6279296875 0.00830078125 0.0068359375
11 0.65869140625 0.56494140625 0.00830078125 0.0068359375
11 0.65869140625 0.630859375 0.00830078125 0.0068359375
19 0.65869140625 0.68798828125 0.00830078125 0.00390625
11 0.64501953125 0.568359375 0.00830078125 0.0068359375
11 0.64501953125 0.6279296875 0.00830078125 0.0068359375
11 0.5595703125 0.568359375 0.00830078125 0.0068359375
11 0.544921875 0.63671875 0.00830078125 0.0068359375
11 0.5595703125 0.6279296875 0.00830078125 0.0068359375
12 0.5517578125 0.69287109375 0.0087890625 0.00732421875
12 0.5595703125 0.689453125 0.0087890625 0.0068359375
12 0.5595703125 0.677734375 0.0087890625 0.0068359375
11 0.52978515625 0.5771484375 0.00830078125 0.0068359375
11 0.52978515625 0.64306640625 0.00830078125 0.0068359375
11 0.60498046875 0.6279296875 0.00830078125 0.0068359375
12 0.60498046875 0.69580078125 0.0087890625 0.0068359375
12 0.60498046875 0.689453125 0.0087890625 0.0068359375
11 0.60498046875 0.55615234375 0.00830078125 0.0068359375
11 0.57958984375 0.6279296875 0.0078125 0.0068359375
11 0.57958984375 0.55615234375 0.0078125 0.0068359375
11 0.8076171875 0.630859375 0.00830078125 0.0068359375
11 0.79248046875 0.64306640625 0.00830078125 0.0068359375
11 0.8076171875 0.5859375 0.00830078125 0.0068359375
9 0.81396484375 0.57373046875 0.0068359375 0.017578125
11 0.76708984375 0.5859375 0.00830078125 0.0068359375
11 0.76708984375 0.630859375 0.00830078125 0.0068359375
11 0.779296875 0.64599609375 0.0078125 0.0068359375
11 0.712890625 0.5830078125 0.00830078125 0.0068359375
11 0.712890625 0.6279296875 0.00830078125 0.0068359375
21 0.6767578125 0.56640625 0.00634765625 0.0185546875
11 0.677734375 0.63671875 0.00830078125 0.0068359375
11 0.6923828125 0.630859375 0.00830078125 0.0068359375
11 0.73828125 0.6396484375 0.00830078125 0.0068359375
11 0.75341796875 0.5830078125 0.0078125 0.0068359375
11 0.75341796875 0.6279296875 0.0078125 0.0068359375
9 0.759765625 0.57080078125 0.0068359375 0.017578125
11 0.72509765625 0.64306640625 0.00830078125 0.0068359375
11 0.33349609375 0.5712890625 0.00830078125 0.0068359375
11 0.31298828125 0.5771484375 0.00830078125 0.0068359375
11 0.31298828125 0.63671875 0.00830078125 0.0068359375
12 0.3134765625 0.70166015625 0.0087890625 0.0068359375
12 0.3134765625 0.69580078125 0.0087890625 0.0068359375
12 0.3134765625 0.6806640625 0.0087890625 0.0068359375
11 0.33349609375 0.630859375 0.00830078125 0.0068359375
12 0.36083984375 0.6806640625 0.0087890625 0.0068359375
12 0.36083984375 0.69580078125 0.0087890625 0.0068359375
11 0.3798828125 0.55615234375 0.00830078125 0.0068359375
11 0.3798828125 0.630859375 0.00830078125 0.0068359375
11 0.3466796875 0.6279296875 0.00830078125 0.0068359375
11 0.3603515625 0.56494140625 0.00830078125 0.0068359375
11 0.3603515625 0.625 0.00830078125 0.0068359375
10 0.19384765625 0.62939453125 0.0166015625 0.0458984375
1 0.193359375 0.68798828125 0.017578125 0.02099609375
11 0.23193359375 0.55322265625 0.00830078125 0.0068359375
11 0.23193359375 0.677734375 0.00830078125 0.0068359375
0 0.17529296875 0.66064453125 0.005859375 0.083984375
22 0.25830078125 0.626953125 0.00830078125 0.00390625
22 0.76123046875 0.685546875 0.00830078125 0.00390625
11 0.26806640625 0.689453125 0.00830078125 0.0068359375
21 0.26708984375 0.56640625 0.00634765625 0.0185546875
11 0.28662109375 0.5771484375 0.00830078125 0.0068359375
11 0.28662109375 0.69287109375 0.00830078125 0.00732421875
11 0.29345703125 0.689453125 0.00830078125 0.0068359375
11 0.24951171875 0.68359375 0.00830078125 0.0068359375
11 0.24951171875 0.56494140625 0.00830078125 0.0068359375
11 0.46484375 0.568359375 0.00830078125 0.0068359375
11 0.478515625 0.5712890625 0.00830078125 0.0068359375
11 0.478515625 0.630859375 0.00830078125 0.0068359375
21 0.47705078125 0.6884765625 0.00634765625 0.01806640625
11 0.43798828125 0.63671875 0.00830078125 0.0068359375
11 0.451171875 0.56494140625 0.00830078125 0.0068359375
11 0.451171875 0.6396484375 0.00830078125 0.0068359375
12 0.5126953125 0.68359375 0.0087890625 0.0068359375
11 0.4931640625 0.56494140625 0.00830078125 0.0068359375
11 0.5126953125 0.56201171875 0.00830078125 0.0068359375
11 0.5126953125 0.6279296875 0.00830078125 0.0068359375
12 0.5126953125 0.69287109375 0.0087890625 0.00732421875
11 0.43798828125 0.56201171875 0.00830078125 0.0068359375
12 0.4052734375 0.68359375 0.0087890625 0.0068359375
11 0.4052734375 0.55615234375 0.00830078125 0.0068359375
11 0.4052734375 0.630859375 0.00830078125 0.0068359375
12 0.4052734375 0.69287109375 0.0087890625 0.00732421875
11 0.42431640625 0.55908203125 0.00830078125 0.00732421875
11 0.42431640625 0.6337890625 0.00830078125 0.00732421875
11 0.623046875 0.8642578125 0.00830078125 0.00732421875
11 0.623046875 0.8193359375 0.00830078125 0.00732421875
11 0.6025390625 0.8671875 0.0078125 0.0068359375
11 0.6455078125 0.8671875 0.00830078125 0.0068359375
11 0.6455078125 0.822265625 0.00830078125 0.0068359375
11 0.5244140625 0.88818359375 0.00830078125 0.0068359375
11 0.5244140625 0.8134765625 0.00830078125 0.0068359375
11 0.54052734375 0.8818359375 0.00830078125 0.0068359375
11 0.5078125 0.89697265625 0.00830078125 0.0068359375
11 0.5888671875 0.86083984375 0.00830078125 0.0068359375
11 0.5888671875 0.828125 0.00830078125 0.0068359375
11 0.57275390625 0.8671875 0.00830078125 0.0068359375
11 0.55615234375 0.8759765625 0.00830078125 0.0068359375
11 0.55615234375 0.80712890625 0.00830078125 0.0068359375
11 0.80859375 0.8671875 0.00830078125 0.0068359375
11 0.7939453125 0.8701171875 0.00830078125 0.0068359375
11 0.7939453125 0.83984375 0.00830078125 0.00732421875
11 0.7744140625 0.8193359375 0.00830078125 0.00732421875
22 0.4169921875 0.939453125 0.00830078125 0.00390625
22 0.54736328125 0.939453125 0.00830078125 0.00390625
22 0.66552734375 0.939453125 0.00830078125 0.00390625
11 0.72900390625 0.828125 0.00830078125 0.0068359375
11 0.69921875 0.8642578125 0.00830078125 0.00732421875
11 0.69921875 0.8310546875 0.00830078125 0.0068359375
12 0.72900390625 0.8671875 0.0087890625 0.0068359375
11 0.6767578125 0.86083984375 0.00830078125 0.0068359375
11 0.6767578125 0.828125 0.00830078125 0.0068359375
11 0.66015625 0.8701171875 0.00830078125 0.0068359375
11 0.751953125 0.822265625 0.00830078125 0.0068359375
11 0.29296875 0.890625 0.00830078125 0.0068359375
11 0.306640625 0.91162109375 0.00830078125 0.0068359375
11 0.29296875 0.83984375 0.00830078125 0.00732421875
9 0.283203125 0.8310546875 0.0068359375 0.017578125
11 0.27685546875 0.88818359375 0.00830078125 0.0068359375
11 0.27685546875 0.8427734375 0.00830078125 0.0068359375
11 0.36279296875 0.89404296875 0.00830078125 0.0068359375
11 0.36279296875 0.822265625 0.00830078125 0.0068359375
9 0.345703125 0.828125 0.0068359375 0.017578125
11 0.33935546875 0.890625 0.00830078125 0.0068359375
11 0.33935546875 0.83984375 0.00830078125 0.00732421875
11 0.32275390625 0.90576171875 0.00830078125 0.0068359375
1 0.193359375 0.94189453125 0.017578125 0.02099609375
10 0.19384765625 0.88330078125 0.0166015625 0.0458984375
22 0.76904296875 0.939453125 0.00830078125 0.00390625
22 0.2822265625 0.939453125 0.00830078125 0.00390625
0 0.17529296875 0.91455078125 0.005859375 0.083984375
11 0.26025390625 0.89990234375 0.00830078125 0.00732421875
11 0.2451171875 0.90283203125 0.00830078125 0.0068359375
11 0.23193359375 0.88818359375 0.00830078125 0.0068359375
11 0.23193359375 0.8427734375 0.00830078125 0.0068359375
11 0.45654296875 0.8701171875 0.00830078125 0.0068359375
11 0.4404296875 0.87890625 0.00830078125 0.00732421875
11 0.423828125 0.884765625 0.00830078125 0.00732421875
11 0.423828125 0.8251953125 0.00830078125 0.00732421875
11 0.4912109375 0.828125 0.00830078125 0.0068359375
11 0.4912109375 0.90283203125 0.00830078125 0.0068359375
8 0.4697265625 0.8310546875 0.00634765625 0.017578125
11 0.47021484375 0.884765625 0.00830078125 0.00732421875
11 0.47021484375 0.8193359375 0.00830078125 0.00732421875
11 0.3955078125 0.873046875 0.00830078125 0.0068359375
11 0.37890625 0.87890625 0.00830078125 0.00732421875
11 0.40869140625 0.8193359375 0.00830078125 0.00732421875
11 0.40869140625 0.88818359375 0.00830078125 0.0068359375
8 0.408203125 0.8310546875 0.00634765625 0.017578125