11 0.66552734375 0.12255859375 0.00830078125 0.0068359375
11 0.66552734375 0.193359375 0.00830078125 0.00732421875
11 0.6474609375 0.1904296875 0.00830078125 0.0068359375
11 0.6474609375 0.11962890625 0.00830078125 0.0068359375
11 0.57080078125 0.05517578125 0.00830078125 0.0068359375
11 0.57080078125 0.06396484375 0.00830078125 0.0068359375
11 0.57080078125 0.07568359375 0.00830078125 0.00732421875
11 0.552734375 0.12255859375 0.00830078125 0.0068359375
11 0.57080078125 0.04931640625 0.00830078125 0.0068359375
11 0.53466796875 0.1962890625 0.00830078125 0.0068359375
11 0.53466796875 0.12548828125 0.00830078125 0.0068359375
11 0.619140625 0.1875 0.00830078125 0.0068359375
11 0.619140625 0.11669921875 0.00830078125 0.00732421875
11 0.619140625 0.05224609375 0.00830078125 0.0068359375
11 0.619140625 0.05810546875 0.00830078125 0.0068359375
11 0.619140625 0.06689453125 0.00830078125 0.0068359375
11 0.619140625 0.07275390625 0.00830078125 0.0068359375
11 0.619140625 0.0791015625 0.00830078125 0.0068359375
11 0.619140625 0.087890625 0.00830078125 0.0068359375
11 0.619140625 0.2578125 0.00830078125 0.0068359375
11 0.57080078125 0.2548828125 0.00830078125 0.0068359375
11 0.57080078125 0.193359375 0.00830078125 0.00732421875
11 0.57080078125 0.11962890625 0.00830078125 0.0068359375
11 0.7822265625 0.0791015625 0.00830078125 0.0068359375
11 0.7822265625 0.2578125 0.00830078125 0.0068359375
11 0.7822265625 0.04931640625 0.00830078125 0.0068359375
11 0.7822265625 0.05810546875 0.00830078125 0.0068359375
11 0.7822265625 0.06396484375 0.00830078125 0.0068359375
11 0.7822265625 0.06982421875 0.00830078125 0.0068359375
11 0.7822265625 0.0908203125 0.00830078125 0.0068359375
11 0.68359375 0.04931640625 0.00830078125 0.0068359375
11 0.68359375 0.2607421875 0.00830078125 0.0068359375
11 0.68359375 0.1962890625 0.00830078125 0.0068359375
11 0.68359375 0.12548828125 0.00830078125 0.0068359375
11 0.68359375 0.05517578125 0.00830078125 0.0068359375
11 0.68359375 0.06103515625 0.00830078125 0.00732421875
11 0.68359375 0.06982421875 0.00830078125 0.0068359375
11 0.68359375 0.07568359375 0.00830078125 0.00732421875
11 0.68359375 0.087890625 0.00830078125 0.0068359375
11 0.7421875 0.263671875 0.00830078125 0.00732421875
12 0.74267578125 0.1875 0.0087890625 0.0068359375
12 0.74267578125 0.12255859375 0.0087890625 0.0068359375
11 0.7421875 0.05224609375 0.00830078125 0.0068359375
11 0.7421875 0.05810546875 0.00830078125 0.0068359375
11 0.7421875 0.06396484375 0.00830078125 0.0068359375
11 0.7421875 0.07275390625 0.00830078125 0.0068359375
11 0.7421875 0.0849609375 0.00830078125 0.0068359375
11 0.7138671875 0.1904296875 0.00830078125 0.0068359375
11 0.7138671875 0.11962890625 0.00830078125 0.0068359375
11 0.26416015625 0.11083984375 0.00830078125 0.0068359375
11 0.2822265625 0.107421875 0.00830078125 0.0068359375
11 0.2822265625 0.04931640625 0.00830078125 0.0068359375
11 0.2822265625 0.05810546875 0.00830078125 0.0068359375
11 0.2822265625 0.06396484375 0.00830078125 0.0068359375
11 0.2822265625 0.06982421875 0.00830078125 0.0068359375
11 0.2822265625 0.0791015625 0.00830078125 0.0068359375
11 0.2822265625 0.0908203125 0.00830078125 0.0068359375
11 0.24609375 0.11376953125 0.00830078125 0.0068359375
11 0.33935546875 0.06982421875 0.00830078125 0.0068359375
11 0.33935546875 0.251953125 0.00830078125 0.0068359375
12 0.33935546875 0.107421875 0.0087890625 0.0068359375
11 0.33935546875 0.04931640625 0.00830078125 0.0068359375
11 0.33935546875 0.05810546875 0.00830078125 0.0068359375
11 0.33935546875 0.06396484375 0.00830078125 0.0068359375
11 0.33935546875 0.0791015625 0.00830078125 0.0068359375
11 0.33935546875 0.0908203125 0.00830078125 0.0068359375
11 0.3125 0.1015625 0.0078125 0.00732421875
10 0.19384765625 0.18896484375 0.0166015625 0.0458984375
10 0.19384765625 0.1240234375 0.0166015625 0.0458984375
10 0.19384765625 0.0595703125 0.0166015625 0.0458984375
11 0.21923828125 0.05810546875 0.00830078125 0.0068359375
12 0.21923828125 0.2578125 0.0087890625 0.0068359375
12 0.21923828125 0.19921875 0.0087890625 0.0068359375
11 0.21923828125 0.107421875 0.00830078125 0.0068359375
11 0.21923828125 0.04931640625 0.00830078125 0.0068359375
11 0.21923828125 0.06396484375 0.00830078125 0.0068359375
11 0.21923828125 0.06982421875 0.00830078125 0.0068359375
11 0.21923828125 0.0791015625 0.00830078125 0.0068359375
11 0.21923828125 0.0908203125 0.00830078125 0.0068359375
1 0.193359375 0.2529296875 0.017578125 0.02099609375
11 0.46533203125 0.2021484375 0.00830078125 0.0068359375
11 0.46533203125 0.12841796875 0.00830078125 0.0068359375
11 0.46533203125 0.05224609375 0.00830078125 0.0068359375
11 0.46533203125 0.05810546875 0.00830078125 0.0068359375
11 0.46533203125 0.06396484375 0.00830078125 0.0068359375
11 0.46533203125 0.07275390625 0.00830078125 0.0068359375
11 0.46533203125 0.0849609375 0.00830078125 0.0068359375
11 0.5048828125 0.06103515625 0.00830078125 0.00732421875
11 0.5048828125 0.251953125 0.00830078125 0.0068359375
11 0.5048828125 0.2021484375 0.00830078125 0.0068359375
11 0.5048828125 0.13134765625 0.00830078125 0.00732421875
11 0.5048828125 0.05224609375 0.00830078125 0.0068359375
11 0.5048828125 0.06689453125 0.00830078125 0.0068359375
11 0.5048828125 0.07275390625 0.00830078125 0.0068359375
11 0.5048828125 0.08154296875 0.00830078125 0.0068359375
11 0.5048828125 0.09375 0.00830078125 0.0068359375
11 0.42724609375 0.05224609375 0.00830078125 0.0068359375
11 0.42724609375 0.06103515625 0.00830078125 0.00732421875
11 0.42724609375 0.06689453125 0.00830078125 0.0068359375
11 0.42724609375 0.07275390625 0.00830078125 0.0068359375
11 0.42724609375 0.08154296875 0.00830078125 0.0068359375
11 0.42724609375 0.09375 0.00830078125 0.0068359375
11 0.3779296875 0.2578125 0.0078125 0.0068359375
11 0.3779296875 0.2021484375 0.0078125 0.0068359375
11 0.3779296875 0.05224609375 0.0078125 0.0068359375
11 0.3779296875 0.05810546875 0.0078125 0.0068359375
11 0.3779296875 0.06396484375 0.0078125 0.0068359375
11 0.3779296875 0.07275390625 0.0078125 0.0068359375
11 0.3779296875 0.0849609375 0.0078125 0.0068359375
12 0.42724609375 0.251953125 0.0087890625 0.0068359375
11 0.42724609375 0.1962890625 0.00830078125 0.0068359375
11 0.42724609375 0.12548828125 0.00830078125 0.0068359375
11 0.49560546875 0.50439453125 0.00830078125 0.0068359375
11 0.54541015625 0.49853515625 0.00830078125 0.00732421875
11 0.58837890625 0.4169921875 0.00830078125 0.0068359375
11 0.5205078125 0.50146484375 0.00830078125 0.0068359375
11 0.62890625 0.49853515625 0.00830078125 0.00732421875
11 0.58837890625 0.42626953125 0.00830078125 0.0068359375
11 0.58837890625 0.49267578125 0.00830078125 0.0068359375
11 0.58837890625 0.39013671875 0.00830078125 0.0068359375
11 0.58837890625 0.396484375 0.00830078125 0.0068359375
11 0.58837890625 0.4052734375 0.00830078125 0.0068359375
11 0.58837890625 0.4111328125 0.00830078125 0.0068359375
12 0.49609375 0.59033203125 0.0087890625 0.0068359375
11 0.76318359375 0.49560546875 0.00830078125 0.0068359375
11 0.76318359375 0.38720703125 0.00830078125 0.00732421875
11 0.76318359375 0.396484375 0.00830078125 0.0068359375
11 0.76318359375 0.40234375 0.00830078125 0.00732421875
11 0.6796875 0.4169921875 0.00830078125 0.0068359375
12 0.6796875 0.5869140625 0.0087890625 0.0068359375
11 0.6796875 0.48974609375 0.00830078125 0.0068359375
11 0.6796875 0.38720703125 0.00830078125 0.00732421875
11 0.6796875 0.396484375 0.00830078125 0.0068359375
11 0.6796875 0.40234375 0.00830078125 0.00732421875
11 0.6796875 0.408203125 0.00830078125 0.0068359375
11 0.6796875 0.42919921875 0.00830078125 0.0068359375
11 0.65478515625 0.49267578125 0.00830078125 0.0068359375
11 0.76318359375 0.408203125 0.00830078125 0.0068359375
11 0.76318359375 0.4169921875 0.00830078125 0.0068359375
11 0.76318359375 0.42919921875 0.00830078125 0.0068359375
11 0.72119140625 0.49267578125 0.00830078125 0.0068359375
11 0.21923828125 0.58984375 0.00830078125 0.00732421875
12 0.21923828125 0.525390625 0.0087890625 0.0068359375
12 0.21923828125 0.4609375 0.0087890625 0.0068359375
11 0.21923828125 0.39013671875 0.00830078125 0.0068359375
11 0.21923828125 0.396484375 0.00830078125 0.0068359375
11 0.21923828125 0.40234375 0.00830078125 0.00732421875
11 0.21923828125 0.4111328125 0.00830078125 0.0068359375
11 0.21923828125 0.4228515625 0.00830078125 0.00732421875
11 0.27783203125 0.39013671875 0.00830078125 0.0068359375
13 0.4970703125 0.4609375 0.01123046875 0.0068359375
11 0.27783203125 0.59619140625 0.00830078125 0.00732421875
11 0.27783203125 0.396484375 0.00830078125 0.0068359375
11 0.27783203125 0.4052734375 0.00830078125 0.0068359375
11 0.27783203125 0.4111328125 0.00830078125 0.0068359375
11 0.27783203125 0.4169921875 0.00830078125 0.0068359375
11 0.27783203125 0.42626953125 0.00830078125 0.0068359375
10 0.19384765625 0.39794921875 0.0166015625 0.0458984375
1 0.193359375 0.59130859375 0.017578125 0.02099609375
10 0.19384765625 0.52685546875 0.0166015625 0.0458984375
10 0.19384765625 0.46240234375 0.0166015625 0.0458984375
11 0.435546875 0.466796875 0.00830078125 0.0068359375
11 0.435546875 0.51025390625 0.00830078125 0.0068359375
11 0.49560546875 0.39013671875 0.00830078125 0.0068359375
11 0.49560546875 0.396484375 0.00830078125 0.0068359375
11 0.49560546875 0.40234375 0.00830078125 0.00732421875
11 0.49560546875 0.4111328125 0.00830078125 0.0068359375
11 0.49560546875 0.4228515625 0.00830078125 0.00732421875
11 0.46044921875 0.5078125 0.00830078125 0.0068359375
11 0.46044921875 0.4638671875 0.00830078125 0.00732421875
12 0.3369140625 0.5927734375 0.0087890625 0.0068359375
21 0.33544921875 0.52685546875 0.00634765625 0.0185546875
21 0.33544921875 0.46240234375 0.00634765625 0.0185546875
12 0.3369140625 0.38720703125 0.0087890625 0.00732421875
12 0.3369140625 0.39306640625 0.0087890625 0.0068359375
12 0.3369140625 0.3994140625 0.0087890625 0.0068359375
12 0.3369140625 0.408203125 0.0087890625 0.0068359375
12 0.3369140625 0.4140625 0.0087890625 0.0068359375
12 0.3369140625 0.42626953125 0.0087890625 0.0068359375
11 0.3935546875 0.4697265625 0.00830078125 0.0068359375
11 0.3935546875 0.513671875 0.00830078125 0.0068359375
11 0.60400390625 0.84326171875 0.00830078125 0.0068359375
11 0.60400390625 0.8037109375 0.00830078125 0.0068359375
11 0.58447265625 0.84619140625 0.0078125 0.00732421875
11 0.6484375 0.74951171875 0.00830078125 0.00732421875
11 0.58447265625 0.76416015625 0.0078125 0.00732421875
11 0.58447265625 0.75244140625 0.0078125 0.0068359375
11 0.58447265625 0.74658203125 0.0078125 0.0068359375
11 0.58447265625 0.7373046875 0.0078125 0.0068359375
11 0.58447265625 0.7314453125 0.0078125 0.0068359375
11 0.58447265625 0.7255859375 0.0078125 0.0068359375
11 0.58447265625 0.806640625 0.0078125 0.0068359375
11 0.58447265625 0.9375 0.0078125 0.00732421875
11 0.6484375 0.76416015625 0.00830078125 0.00732421875
11 0.6484375 0.75537109375 0.00830078125 0.0068359375
11 0.5068359375 0.76708984375 0.00830078125 0.0068359375
11 0.62255859375 0.75537109375 0.00830078125 0.0068359375
11 0.62255859375 0.76416015625 0.00830078125 0.00732421875
11 0.62255859375 0.74951171875 0.00830078125 0.00732421875
11 0.62255859375 0.74365234375 0.00830078125 0.0068359375
11 0.62255859375 0.734375 0.00830078125 0.0068359375
11 0.62255859375 0.728515625 0.00830078125 0.00732421875
12 0.623046875 0.8125 0.0087890625 0.0068359375
12 0.623046875 0.84912109375 0.0087890625 0.0068359375
12 0.623046875 0.94091796875 0.0087890625 0.0068359375
11 0.53955078125 0.76123046875 0.00830078125 0.0068359375
11 0.53955078125 0.74951171875 0.00830078125 0.00732421875
11 0.53955078125 0.740234375 0.00830078125 0.0068359375
11 0.53955078125 0.734375 0.00830078125 0.0068359375
11 0.53955078125 0.728515625 0.00830078125 0.00732421875
11 0.53955078125 0.7978515625 0.00830078125 0.00732421875
11 0.53955078125 0.83447265625 0.00830078125 0.0068359375
11 0.53955078125 0.9345703125 0.00830078125 0.0068359375
11 0.5068359375 0.75537109375 0.00830078125 0.0068359375
11 0.5068359375 0.74658203125 0.00830078125 0.0068359375
11 0.5068359375 0.740234375 0.00830078125 0.0068359375
11 0.5068359375 0.734375 0.00830078125 0.0068359375
11 0.5068359375 0.7255859375 0.00830078125 0.0068359375
11 0.5068359375 0.78857421875 0.00830078125 0.0068359375
11 0.5068359375 0.861328125 0.00830078125 0.00732421875
11 0.55859375 0.8037109375 0.00830078125 0.0068359375
11 0.55859375 0.83740234375 0.00830078125 0.0068359375
11 0.57080078125 0.84326171875 0.00830078125 0.0068359375
11 0.77685546875 0.84326171875 0.00830078125 0.0068359375
11 0.79638671875 0.75244140625 0.00830078125 0.0068359375
11 0.79638671875 0.740234375 0.00830078125 0.0068359375
11 0.79638671875 0.7314453125 0.00830078125 0.0068359375
11 0.79638671875 0.7255859375 0.00830078125 0.0068359375
11 0.79638671875 0.84619140625 0.00830078125 0.00732421875
11 0.75537109375 0.76708984375 0.00830078125 0.0068359375
11 0.75537109375 0.75537109375 0.00830078125 0.0068359375
11 0.75537109375 0.74658203125 0.00830078125 0.0068359375
11 0.75537109375 0.740234375 0.00830078125 0.0068359375
11 0.75537109375 0.734375 0.00830078125 0.0068359375
11 0.75537109375 0.7255859375 0.00830078125 0.0068359375
12 0.75537109375 0.794921875 0.0087890625 0.0068359375
11 0.75537109375 0.84912109375 0.00830078125 0.0068359375
12 0.75537109375 0.931640625 0.0087890625 0.0068359375
11 0.68310546875 0.74365234375 0.00830078125 0.0068359375
11 0.6484375 0.734375 0.00830078125 0.0068359375
11 0.6484375 0.728515625 0.00830078125 0.00732421875
11 0.68310546875 0.77001953125 0.00830078125 0.0068359375
11 0.68310546875 0.75830078125 0.00830078125 0.0068359375
11 0.68310546875 0.74951171875 0.00830078125 0.00732421875
11 0.68310546875 0.7373046875 0.00830078125 0.0068359375
11 0.68310546875 0.728515625 0.00830078125 0.00732421875
12 0.68359375 0.7978515625 0.0087890625 0.00732421875
11 0.68310546875 0.84326171875 0.00830078125 0.0068359375
12 0.68359375 0.9345703125 0.0087890625 0.0068359375
11 0.7294921875 0.84033203125 0.00830078125 0.00732421875
11 0.7431640625 0.84326171875 0.00830078125 0.0068359375
11 0.6484375 0.74365234375 0.00830078125 0.0068359375
11 0.7099609375 0.77001953125 0.00830078125 0.0068359375
11 0.7099609375 0.75830078125 0.00830078125 0.0068359375
11 0.7099609375 0.74951171875 0.00830078125 0.00732421875
11 0.7099609375 0.74365234375 0.00830078125 0.0068359375
11 0.7099609375 0.7373046875 0.00830078125 0.0068359375
11 0.7099609375 0.728515625 0.00830078125 0.00732421875
11 0.7099609375 0.83740234375 0.00830078125 0.0068359375
11 0.29248046875 0.94091796875 0.00830078125 0.0068359375
11 0.29248046875 0.76416015625 0.00830078125 0.00732421875
11 0.29248046875 0.75537109375 0.00830078125 0.0068359375
11 0.29248046875 0.74951171875 0.00830078125 0.00732421875
11 0.29248046875 0.74365234375 0.00830078125 0.0068359375
11 0.29248046875 0.734375 0.00830078125 0.0068359375
11 0.29248046875 0.728515625 0.00830078125 0.00732421875
11 0.29248046875 0.83740234375 0.00830078125 0.0068359375
11 0.26611328125 0.74951171875 0.00830078125 0.00732421875
11 0.26611328125 0.740234375 0.00830078125 0.0068359375
11 0.26611328125 0.734375 0.00830078125 0.0068359375
11 0.26611328125 0.728515625 0.00830078125 0.00732421875
12 0.2666015625 0.7978515625 0.0087890625 0.00732421875
11 0.26611328125 0.84326171875 0.00830078125 0.0068359375
11 0.26611328125 0.9345703125 0.00830078125 0.0068359375
11 0.33935546875 0.7255859375 0.00830078125 0.0068359375
11 0.33935546875 0.794921875 0.00830078125 0.0068359375
11 0.33935546875 0.84619140625 0.00830078125 0.00732421875
11 0.33935546875 0.9375 0.00830078125 0.00732421875
11 0.33935546875 0.7314453125 0.00830078125 0.0068359375
11 0.3193359375 0.84326171875 0.00830078125 0.0068359375
11 0.3056640625 0.84033203125 0.00830078125 0.00732421875
11 0.26611328125 0.76123046875 0.00830078125 0.0068359375
11 0.33935546875 0.76416015625 0.00830078125 0.00732421875
11 0.33935546875 0.75244140625 0.00830078125 0.0068359375
11 0.33935546875 0.74658203125 0.00830078125 0.0068359375
11 0.33935546875 0.7373046875 0.00830078125 0.0068359375
10 0.19384765625 0.87158203125 0.0166015625 0.0458984375
1 0.193359375 0.935546875 0.017578125 0.02099609375
10 0.19384765625 0.80517578125 0.0166015625 0.0458984375
11 0.21923828125 0.76416015625 0.00830078125 0.00732421875
11 0.21923828125 0.75244140625 0.00830078125 0.0068359375
11 0.21923828125 0.74658203125 0.00830078125 0.0068359375
11 0.21923828125 0.7373046875 0.00830078125 0.0068359375
11 0.21923828125 0.7314453125 0.00830078125 0.0068359375
11 0.21923828125 0.7255859375 0.00830078125 0.0068359375
10 0.19384765625 0.73583984375 0.0166015625 0.0458984375
11 0.23095703125 0.806640625 0.00830078125 0.0068359375
11 0.24609375 0.80078125 0.00830078125 0.0068359375
11 0.24609375 0.84033203125 0.00830078125 0.00732421875
11 0.21923828125 0.80078125 0.00830078125 0.0068359375
11 0.21923828125 0.83740234375 0.00830078125 0.0068359375
11 0.21923828125 0.931640625 0.00830078125 0.00732421875
11 0.42041015625 0.8583984375 0.00830078125 0.0068359375
11 0.42041015625 0.77685546875 0.00830078125 0.00732421875
11 0.43408203125 0.861328125 0.00830078125 0.00732421875
11 0.40673828125 0.861328125 0.00830078125 0.00732421875
11 0.42041015625 0.76416015625 0.00830078125 0.00732421875
11 0.42041015625 0.75537109375 0.00830078125 0.0068359375
11 0.42041015625 0.74951171875 0.00830078125 0.00732421875
11 0.42041015625 0.74365234375 0.00830078125 0.0068359375
11 0.42041015625 0.734375 0.00830078125 0.0068359375
11 0.42041015625 0.728515625 0.00830078125 0.00732421875
11 0.46728515625 0.7255859375 0.00830078125 0.0068359375
11 0.46728515625 0.76708984375 0.00830078125 0.0068359375
11 0.46728515625 0.75537109375 0.00830078125 0.0068359375
11 0.46728515625 0.74658203125 0.00830078125 0.0068359375
11 0.46728515625 0.740234375 0.00830078125 0.0068359375
11 0.46728515625 0.734375 0.00830078125 0.0068359375
11 0.46728515625 0.78857421875 0.00830078125 0.0068359375
11 0.46728515625 0.85546875 0.00830078125 0.0068359375
12 0.4677734375 0.931640625 0.0087890625 0.0068359375
11 0.44775390625 0.78271484375 0.00830078125 0.0068359375
11 0.44775390625 0.8642578125 0.00830078125 0.0068359375
11 0.37158203125 0.7919921875 0.00830078125 0.0068359375
11 0.37158203125 0.76416015625 0.00830078125 0.00732421875
11 0.37158203125 0.75537109375 0.00830078125 0.0068359375
11 0.37158203125 0.74951171875 0.00830078125 0.00732421875
11 0.37158203125 0.74365234375 0.00830078125 0.0068359375
11 0.37158203125 0.734375 0.00830078125 0.0068359375
11 0.37158203125 0.728515625 0.00830078125 0.00732421875
11 0.37158203125 0.8701171875 0.00830078125 0.0068359375
12 0.3720703125 0.9345703125 0.0087890625 0.0068359375
11 0.39306640625 0.78271484375 0.00830078125 0.0068359375
11 0.48779296875 0.8583984375 0.00830078125 0.0068359375
11 0.39306640625 0.8642578125 0.00830078125 0.0068359375
11 0.48779296875 0.78271484375 0.00830078125 0.0068359375