11 0.65185546875 0.11474609375 0.00830078125 0.00732421875
11 0.66552734375 0.12060546875 0.00830078125 0.0068359375
11 0.66552734375 0.1943359375 0.00830078125 0.0068359375
11 0.71142578125 0.12060546875 0.00830078125 0.0068359375
11 0.71142578125 0.18212890625 0.00830078125 0.0068359375
11 0.68212890625 0.111328125 0.0078125 0.0068359375
11 0.69677734375 0.11474609375 0.00830078125 0.00732421875
11 0.69677734375 0.185546875 0.00830078125 0.00732421875
11 0.5849609375 0.111328125 0.00830078125 0.0068359375
11 0.60009765625 0.11474609375 0.00830078125 0.00732421875
11 0.60009765625 0.18212890625 0.00830078125 0.0068359375
11 0.55322265625 0.11474609375 0.00830078125 0.00732421875
11 0.568359375 0.11767578125 0.00830078125 0.0068359375
11 0.568359375 0.1884765625 0.00830078125 0.0068359375
11 0.63671875 0.1796875 0.00830078125 0.0068359375
12 0.63671875 0.27099609375 0.0087890625 0.0068359375
11 0.63671875 0.111328125 0.00830078125 0.0068359375
11 0.615234375 0.11767578125 0.00830078125 0.0068359375
11 0.615234375 0.1796875 0.00830078125 0.0068359375
12 0.63671875 0.064453125 0.0087890625 0.00732421875
11 0.80859375 0.1796875 0.00830078125 0.0068359375
12 0.7333984375 0.064453125 0.0087890625 0.00732421875
11 0.73291015625 0.111328125 0.00830078125 0.0068359375
11 0.73291015625 0.1796875 0.00830078125 0.0068359375
12 0.7333984375 0.27099609375 0.0087890625 0.0068359375
11 0.7783203125 0.111328125 0.00830078125 0.0068359375
11 0.79345703125 0.11474609375 0.00830078125 0.00732421875
11 0.79345703125 0.185546875 0.00830078125 0.00732421875
11 0.80859375 0.12060546875 0.00830078125 0.0068359375
11 0.748046875 0.11474609375 0.00830078125 0.00732421875
11 0.76171875 0.12060546875 0.00830078125 0.0068359375
11 0.76171875 0.1943359375 0.00830078125 0.0068359375
12 0.34033203125 0.0439453125 0.0087890625 0.0068359375
11 0.34033203125 0.10888671875 0.00830078125 0.0068359375
11 0.34033203125 0.17333984375 0.00830078125 0.0068359375
12 0.34033203125 0.26513671875 0.0087890625 0.0068359375
11 0.31884765625 0.11474609375 0.00830078125 0.00732421875
11 0.31884765625 0.17626953125 0.00830078125 0.0068359375
11 0.37060546875 0.1884765625 0.00830078125 0.0068359375
11 0.35546875 0.111328125 0.00830078125 0.0068359375
11 0.37060546875 0.11474609375 0.00830078125 0.00732421875
11 0.3037109375 0.1796875 0.0078125 0.0068359375
1 0.193359375 0.189453125 0.017578125 0.02099609375
1 0.193359375 0.25439453125 0.017578125 0.02099609375
12 0.2421875 0.0439453125 0.0087890625 0.0068359375
11 0.24169921875 0.10888671875 0.00830078125 0.0068359375
11 0.24169921875 0.17333984375 0.00830078125 0.0068359375
12 0.2421875 0.26513671875 0.0087890625 0.0068359375
1 0.193359375 0.06005859375 0.017578125 0.02099609375
1 0.193359375 0.12451171875 0.017578125 0.02099609375
11 0.27197265625 0.11474609375 0.00830078125 0.00732421875
11 0.27197265625 0.1884765625 0.00830078125 0.0068359375
11 0.28857421875 0.10888671875 0.00830078125 0.0068359375
11 0.3037109375 0.111328125 0.0078125 0.0068359375
11 0.2568359375 0.111328125 0.00830078125 0.0068359375
11 0.486328125 0.111328125 0.00830078125 0.0068359375
11 0.50146484375 0.11474609375 0.00830078125 0.00732421875
11 0.50146484375 0.18212890625 0.00830078125 0.0068359375
11 0.38671875 0.10888671875 0.00830078125 0.0068359375
11 0.45458984375 0.11474609375 0.00830078125 0.00732421875
11 0.4697265625 0.11767578125 0.00830078125 0.0068359375
11 0.4697265625 0.1884765625 0.00830078125 0.0068359375
12 0.53857421875 0.27392578125 0.0087890625 0.0068359375
11 0.5166015625 0.11767578125 0.00830078125 0.0068359375
11 0.5166015625 0.1796875 0.00830078125 0.0068359375
12 0.53857421875 0.046875 0.0087890625 0.0068359375
11 0.5380859375 0.111328125 0.00830078125 0.0068359375
11 0.5380859375 0.17626953125 0.00830078125 0.0068359375
12 0.43994140625 0.046875 0.0087890625 0.0068359375
11 0.439453125 0.111328125 0.00830078125 0.0068359375
11 0.439453125 0.17626953125 0.00830078125 0.0068359375
12 0.43994140625 0.27392578125 0.0087890625 0.0068359375
11 0.40185546875 0.111328125 0.00830078125 0.0068359375
11 0.40185546875 0.1796875 0.00830078125 0.0068359375
11 0.41796875 0.11474609375 0.00830078125 0.00732421875
11 0.41796875 0.17333984375 0.00830078125 0.0068359375
11 0.6787109375 0.47900390625 0.00830078125 0.0068359375
11 0.69384765625 0.48193359375 0.00830078125 0.0068359375
11 0.69384765625 0.53759765625 0.00830078125 0.0068359375
11 0.66259765625 0.54345703125 0.00830078125 0.0068359375
11 0.64794921875 0.48193359375 0.00830078125 0.0068359375
11 0.70849609375 0.53466796875 0.00830078125 0.0068359375
11 0.66259765625 0.48486328125 0.00830078125 0.0068359375
11 0.70849609375 0.48486328125 0.00830078125 0.0068359375
11 0.54931640625 0.47265625 0.00830078125 0.0068359375
11 0.56396484375 0.47607421875 0.00830078125 0.00732421875
11 0.56396484375 0.54052734375 0.00830078125 0.00732421875
11 0.580078125 0.47021484375 0.00830078125 0.0068359375
12 0.63330078125 0.3994140625 0.0087890625 0.0068359375
11 0.6328125 0.47900390625 0.00830078125 0.0068359375
11 0.6328125 0.52880859375 0.00830078125 0.0068359375
12 0.63330078125 0.6025390625 0.0087890625 0.0068359375
11 0.59521484375 0.47265625 0.00830078125 0.0068359375
11 0.59521484375 0.53173828125 0.00830078125 0.0068359375
11 0.61083984375 0.47607421875 0.00830078125 0.00732421875
11 0.61083984375 0.52587890625 0.00830078125 0.00732421875
11 0.806640625 0.48779296875 0.00830078125 0.0068359375
11 0.806640625 0.53173828125 0.00830078125 0.0068359375
12 0.732421875 0.39599609375 0.0087890625 0.0068359375
11 0.732421875 0.48193359375 0.00830078125 0.0068359375
11 0.732421875 0.53173828125 0.00830078125 0.0068359375
12 0.732421875 0.6083984375 0.0087890625 0.0068359375
11 0.77685546875 0.48486328125 0.00830078125 0.0068359375
11 0.7919921875 0.48193359375 0.00830078125 0.0068359375
11 0.7919921875 0.53759765625 0.00830078125 0.0068359375
11 0.7470703125 0.48486328125 0.00830078125 0.0068359375
11 0.76220703125 0.48779296875 0.00830078125 0.0068359375
11 0.76220703125 0.54345703125 0.00830078125 0.0068359375
12 0.33935546875 0.39306640625 0.0087890625 0.0068359375
11 0.3388671875 0.4638671875 0.00830078125 0.0068359375
11 0.3388671875 0.52294921875 0.00830078125 0.0068359375
12 0.33935546875 0.62060546875 0.0087890625 0.0068359375
11 0.3173828125 0.4638671875 0.00830078125 0.0068359375
11 0.3173828125 0.52587890625 0.00830078125 0.00732421875
11 0.353515625 0.466796875 0.00830078125 0.0068359375
11 0.36865234375 0.4638671875 0.00830078125 0.0068359375
11 0.302734375 0.52880859375 0.00830078125 0.0068359375
1 0.193359375 0.52978515625 0.017578125 0.02099609375
1 0.193359375 0.5947265625 0.017578125 0.02099609375
12 0.2421875 0.39306640625 0.0087890625 0.0068359375
11 0.24169921875 0.4580078125 0.00830078125 0.0068359375
11 0.24169921875 0.52294921875 0.00830078125 0.0068359375
12 0.2421875 0.62060546875 0.0087890625 0.0068359375
1 0.193359375 0.400390625 0.017578125 0.02099609375
1 0.193359375 0.46484375 0.017578125 0.02099609375
11 0.271484375 0.4638671875 0.00830078125 0.0068359375
11 0.271484375 0.53466796875 0.00830078125 0.0068359375
11 0.2880859375 0.4580078125 0.00830078125 0.0068359375
11 0.302734375 0.4609375 0.00830078125 0.0068359375
11 0.36865234375 0.53466796875 0.00830078125 0.0068359375
11 0.25634765625 0.4609375 0.00830078125 0.0068359375
11 0.48095703125 0.47021484375 0.00830078125 0.0068359375
11 0.49609375 0.47265625 0.00830078125 0.0068359375
11 0.49609375 0.53466796875 0.00830078125 0.0068359375
11 0.44970703125 0.47265625 0.00830078125 0.0068359375
11 0.46484375 0.47607421875 0.00830078125 0.00732421875
11 0.46484375 0.54052734375 0.00830078125 0.00732421875
12 0.53466796875 0.59375 0.0087890625 0.0068359375
11 0.5341796875 0.52880859375 0.00830078125 0.0068359375
11 0.5107421875 0.47607421875 0.00830078125 0.00732421875
11 0.5107421875 0.53173828125 0.00830078125 0.0068359375
12 0.53466796875 0.4111328125 0.0087890625 0.0068359375
11 0.5341796875 0.47021484375 0.00830078125 0.0068359375
11 0.4130859375 0.52587890625 0.00830078125 0.00732421875
12 0.435546875 0.4111328125 0.0087890625 0.0068359375
11 0.43505859375 0.52880859375 0.00830078125 0.0068359375
12 0.435546875 0.59375 0.0087890625 0.0068359375
11 0.38330078125 0.4638671875 0.00830078125 0.0068359375
11 0.39794921875 0.466796875 0.00830078125 0.0068359375
11 0.39794921875 0.52880859375 0.00830078125 0.0068359375
11 0.43505859375 0.47021484375 0.00830078125 0.0068359375
11 0.4130859375 0.47021484375 0.00830078125 0.0068359375
11 0.6455078125 0.724609375 0.00830078125 0.00732421875
11 0.6455078125 0.78955078125 0.00830078125 0.0068359375
11 0.6455078125 0.84228515625 0.00830078125 0.0068359375
11 0.626953125 0.7861328125 0.00830078125 0.0068359375
11 0.68408203125 0.7216796875 0.00830078125 0.0068359375
11 0.68408203125 0.7861328125 0.00830078125 0.0068359375
11 0.68408203125 0.84521484375 0.00830078125 0.0068359375
11 0.66552734375 0.78369140625 0.00830078125 0.0068359375
11 0.57763671875 0.85693359375 0.00830078125 0.0068359375
11 0.57763671875 0.810546875 0.00830078125 0.0068359375
11 0.55908203125 0.8603515625 0.00830078125 0.0068359375
11 0.55908203125 0.80712890625 0.00830078125 0.0068359375
11 0.54052734375 0.80419921875 0.00830078125 0.0068359375
12 0.60888671875 0.9609375 0.0087890625 0.0068359375
11 0.60888671875 0.8544921875 0.00830078125 0.0068359375
11 0.60888671875 0.78369140625 0.00830078125 0.0068359375
21 0.607421875 0.7412109375 0.00634765625 0.0185546875
11 0.80517578125 0.79248046875 0.00830078125 0.0068359375
22 0.52587890625 0.73828125 0.00830078125 0.00390625
12 0.72900390625 0.9130859375 0.0087890625 0.0068359375
12 0.72900390625 0.83935546875 0.0087890625 0.0068359375
11 0.728515625 0.78955078125 0.00830078125 0.0068359375
12 0.72900390625 0.71533203125 0.0087890625 0.0068359375
11 0.7021484375 0.78955078125 0.00830078125 0.0068359375
11 0.7021484375 0.71875 0.00830078125 0.0068359375
11 0.75634765625 0.80419921875 0.00830078125 0.0068359375
11 0.787109375 0.79541015625 0.00830078125 0.00732421875
11 0.31689453125 0.828125 0.00830078125 0.0068359375
11 0.31689453125 0.88134765625 0.00830078125 0.0068359375
11 0.2783203125 0.8310546875 0.00830078125 0.00732421875
11 0.2783203125 0.8837890625 0.00830078125 0.0068359375
11 0.33544921875 0.8310546875 0.00830078125 0.00732421875
11 0.29833984375 0.8251953125 0.00830078125 0.0068359375
11 0.33544921875 0.8779296875 0.00830078125 0.0068359375
12 0.3642578125 0.7333984375 0.0087890625 0.0068359375
11 0.36376953125 0.8251953125 0.00830078125 0.0068359375
11 0.36376953125 0.875 0.00830078125 0.0068359375
12 0.3642578125 0.93994140625 0.0087890625 0.0068359375
1 0.193359375 0.74072265625 0.017578125 0.02099609375
1 0.193359375 0.80517578125 0.017578125 0.02099609375
1 0.193359375 0.8701171875 0.017578125 0.02099609375
1 0.193359375 0.93505859375 0.017578125 0.02099609375
11 0.26025390625 0.828125 0.00830078125 0.0068359375
12 0.2421875 0.93994140625 0.0087890625 0.0068359375
11 0.24169921875 0.875 0.00830078125 0.0068359375
11 0.24169921875 0.8251953125 0.00830078125 0.0068359375
12 0.2421875 0.7333984375 0.0087890625 0.0068359375
11 0.48388671875 0.80419921875 0.00830078125 0.0068359375
11 0.48388671875 0.8544921875 0.00830078125 0.0068359375
12 0.484375 0.9609375 0.0087890625 0.0068359375
11 0.45751953125 0.8310546875 0.00830078125 0.00732421875
11 0.45751953125 0.85693359375 0.00830078125 0.0068359375
11 0.50244140625 0.80712890625 0.00830078125 0.0068359375
11 0.52099609375 0.810546875 0.00830078125 0.0068359375
11 0.52099609375 0.86328125 0.00830078125 0.0068359375
11 0.38232421875 0.828125 0.00830078125 0.0068359375
11 0.40087890625 0.8310546875 0.00830078125 0.00732421875
11 0.40087890625 0.86328125 0.00830078125 0.0068359375
11 0.43896484375 0.8603515625 0.00830078125 0.0068359375
11 0.43896484375 0.828125 0.00830078125 0.0068359375
11 0.42041015625 0.8251953125 0.00830078125 0.0068359375