11 0.66455078125 0.48193359375 0.00830078125 0.0068359375
11 0.51416015625 0.69775390625 0.00830078125 0.0068359375
11 0.572265625 0.70361328125 0.00830078125 0.0068359375
21 0.5888671875 0.58544921875 0.00634765625 0.0185546875
11 0.59033203125 0.7099609375 0.00830078125 0.0068359375
11 0.53271484375 0.70361328125 0.00830078125 0.0068359375
12 0.55419921875 0.46728515625 0.0087890625 0.0068359375
11 0.5537109375 0.578125 0.00830078125 0.00732421875
11 0.5537109375 0.68896484375 0.00830078125 0.0068359375
13 0.64697265625 0.13720703125 0.01123046875 0.00732421875
13 0.64697265625 0.1640625 0.01123046875 0.00732421875
13 0.64697265625 0.15234375 0.01123046875 0.00732421875
13 0.64697265625 0.14306640625 0.01123046875 0.00732421875
13 0.64697265625 0.13134765625 0.01123046875 0.0068359375
13 0.64697265625 0.12255859375 0.01123046875 0.00732421875
11 0.6455078125 0.26318359375 0.00830078125 0.0068359375
13 0.64697265625 0.3798828125 0.01123046875 0.00732421875
11 0.6455078125 0.48193359375 0.00830078125 0.0068359375
11 0.6455078125 0.5927734375 0.00830078125 0.00732421875
15 0.611328125 0.36572265625 0.0078125 0.01171875
15 0.611328125 0.2548828125 0.0078125 0.01171875
11 0.6455078125 0.70654296875 0.00830078125 0.00732421875
11 0.611328125 0.70361328125 0.00830078125 0.0068359375
11 0.76171875 0.712890625 0.00830078125 0.0068359375
11 0.78271484375 0.69775390625 0.00830078125 0.0068359375
11 0.80126953125 0.712890625 0.00830078125 0.0068359375
22 0.5302734375 0.77880859375 0.00830078125 0.00390625
11 0.6884765625 0.69775390625 0.00830078125 0.0068359375
11 0.6884765625 0.5869140625 0.00830078125 0.0068359375
11 0.66455078125 0.712890625 0.00830078125 0.0068359375
11 0.6884765625 0.26318359375 0.00830078125 0.0068359375
11 0.6884765625 0.47607421875 0.00830078125 0.0068359375
9 0.74609375 0.25390625 0.0068359375 0.017578125
11 0.7392578125 0.69189453125 0.00830078125 0.00732421875
11 0.76171875 0.26904296875 0.00830078125 0.0068359375
11 0.71875 0.26318359375 0.00830078125 0.0068359375
11 0.71875 0.712890625 0.00830078125 0.0068359375
11 0.66455078125 0.5927734375 0.00830078125 0.00732421875
11 0.7392578125 0.26611328125 0.00830078125 0.0068359375
12 0.73974609375 0.47021484375 0.0087890625 0.0068359375
12 0.73974609375 0.5810546875 0.0087890625 0.0068359375
11 0.25830078125 0.69775390625 0.00830078125 0.0068359375
11 0.2373046875 0.712890625 0.00830078125 0.0068359375
11 0.27685546875 0.70361328125 0.00830078125 0.0068359375
11 0.333984375 0.248046875 0.00830078125 0.0068359375
11 0.333984375 0.70361328125 0.00830078125 0.0068359375
11 0.2978515625 0.25439453125 0.00830078125 0.0068359375
11 0.2978515625 0.37109375 0.00830078125 0.00732421875
12 0.2978515625 0.48193359375 0.0087890625 0.0068359375
11 0.2978515625 0.5927734375 0.00830078125 0.00732421875
11 0.2978515625 0.69189453125 0.00830078125 0.00732421875
22 0.31787109375 0.77880859375 0.00830078125 0.00390625
22 0.7236328125 0.77880859375 0.00830078125 0.00390625
10 0.19384765625 0.14208984375 0.0166015625 0.0458984375
10 0.19384765625 0.2529296875 0.0166015625 0.0458984375
10 0.19384765625 0.36376953125 0.0166015625 0.0458984375
0 0.17529296875 0.74072265625 0.0068359375 0.11083984375
13 0.22021484375 0.12841796875 0.01123046875 0.00732421875
13 0.22021484375 0.17041015625 0.01123046875 0.00732421875
13 0.22021484375 0.158203125 0.01123046875 0.00732421875
13 0.22021484375 0.1494140625 0.01123046875 0.00732421875
13 0.22021484375 0.14306640625 0.01123046875 0.00732421875
13 0.22021484375 0.13720703125 0.01123046875 0.00732421875
12 0.21923828125 0.248046875 0.0087890625 0.0068359375
12 0.21923828125 0.365234375 0.0087890625 0.0068359375
12 0.21923828125 0.48779296875 0.0087890625 0.0068359375
12 0.21923828125 0.59912109375 0.0087890625 0.00732421875
11 0.21875 0.70361328125 0.00830078125 0.0068359375
1 0.193359375 0.47412109375 0.017578125 0.02099609375
1 0.193359375 0.5849609375 0.017578125 0.02099609375
11 0.333984375 0.365234375 0.00830078125 0.0068359375
10 0.19384765625 0.6962890625 0.0166015625 0.0458984375
1 0.193359375 0.78125 0.017578125 0.02099609375
9 0.45556640625 0.2509765625 0.0068359375 0.017578125
9 0.45556640625 0.3681640625 0.0068359375 0.017578125
11 0.4931640625 0.7099609375 0.00830078125 0.0068359375
11 0.44921875 0.3798828125 0.00830078125 0.0068359375
12 0.44921875 0.47314453125 0.0087890625 0.0068359375
12 0.44921875 0.583984375 0.0087890625 0.0068359375
11 0.44921875 0.68896484375 0.00830078125 0.0068359375
12 0.49365234375 0.26611328125 0.0087890625 0.0068359375
12 0.49365234375 0.38623046875 0.0087890625 0.0068359375
11 0.44921875 0.26318359375 0.00830078125 0.0068359375
11 0.36865234375 0.25439453125 0.00830078125 0.0068359375
11 0.36865234375 0.37109375 0.00830078125 0.00732421875
21 0.36767578125 0.58544921875 0.00634765625 0.0185546875
11 0.36865234375 0.68310546875 0.00830078125 0.0068359375
11 0.40380859375 0.26025390625 0.00830078125 0.0068359375
13 0.45068359375 0.17626953125 0.01123046875 0.0068359375
13 0.45068359375 0.1640625 0.01123046875 0.00732421875
13 0.45068359375 0.1552734375 0.01123046875 0.0068359375
13 0.45068359375 0.1494140625 0.01123046875 0.00732421875
13 0.45068359375 0.14306640625 0.01123046875 0.00732421875
13 0.45068359375 0.13427734375 0.01123046875 0.00732421875
11 0.40380859375 0.3798828125 0.00830078125 0.0068359375
11 0.40380859375 0.70361328125 0.00830078125 0.0068359375