11 0.63525390625 0.060546875 0.00830078125 0.00732421875
12 0.6357421875 0.15087890625 0.0087890625 0.0068359375
12 0.6357421875 0.13916015625 0.0087890625 0.0068359375
12 0.6357421875 0.220703125 0.0087890625 0.00732421875
12 0.6357421875 0.20556640625 0.0087890625 0.0068359375
11 0.63525390625 0.25732421875 0.00830078125 0.0068359375
11 0.66845703125 0.06640625 0.00830078125 0.00732421875
12 0.6689453125 0.15087890625 0.0087890625 0.0068359375
12 0.6689453125 0.13916015625 0.0087890625 0.0068359375
12 0.6689453125 0.220703125 0.0087890625 0.00732421875
12 0.6689453125 0.20556640625 0.0087890625 0.0068359375
21 0.66748046875 0.27685546875 0.00634765625 0.0185546875
11 0.6494140625 0.2783203125 0.00830078125 0.00732421875
11 0.6572265625 0.0634765625 0.00830078125 0.0068359375
8 0.65625 0.0751953125 0.00634765625 0.017578125
12 0.5693359375 0.220703125 0.0087890625 0.00732421875
11 0.5693359375 0.2783203125 0.00830078125 0.00732421875
12 0.5693359375 0.20556640625 0.0087890625 0.0068359375
11 0.58203125 0.298828125 0.00830078125 0.00732421875
11 0.5693359375 0.03955078125 0.00830078125 0.0068359375
11 0.6171875 0.0546875 0.00830078125 0.0068359375
11 0.58935546875 0.04248046875 0.00830078125 0.0068359375
8 0.5888671875 0.0634765625 0.00634765625 0.01806640625
8 0.61669921875 0.06640625 0.00634765625 0.017578125
11 0.60107421875 0.04541015625 0.00830078125 0.00732421875
12 0.6015625 0.15087890625 0.0087890625 0.0068359375
12 0.6015625 0.13916015625 0.0087890625 0.0068359375
12 0.5693359375 0.13916015625 0.0087890625 0.0068359375
12 0.6015625 0.220703125 0.0087890625 0.00732421875
12 0.5693359375 0.15087890625 0.0087890625 0.0068359375
12 0.6015625 0.20556640625 0.0087890625 0.0068359375
19 0.60107421875 0.2763671875 0.00830078125 0.00390625
11 0.7958984375 0.25732421875 0.00830078125 0.0068359375
11 0.8037109375 0.07568359375 0.00830078125 0.0068359375
11 0.81298828125 0.072265625 0.00830078125 0.0068359375
12 0.78076171875 0.20556640625 0.0087890625 0.0068359375
11 0.78076171875 0.072265625 0.00830078125 0.0068359375
12 0.78076171875 0.14208984375 0.0087890625 0.0068359375
11 0.78076171875 0.25732421875 0.00830078125 0.0068359375
11 0.73779296875 0.25732421875 0.0078125 0.0068359375
11 0.71533203125 0.26611328125 0.00830078125 0.0068359375
11 0.73779296875 0.072265625 0.0078125 0.0068359375
12 0.73828125 0.14208984375 0.0087890625 0.0068359375
12 0.73828125 0.20556640625 0.0087890625 0.0068359375
11 0.68212890625 0.287109375 0.00830078125 0.0068359375
11 0.69287109375 0.2783203125 0.00830078125 0.00732421875
11 0.7041015625 0.07568359375 0.00830078125 0.0068359375
11 0.7041015625 0.2724609375 0.00830078125 0.0068359375
9 0.71044921875 0.0634765625 0.0068359375 0.017578125
11 0.75341796875 0.072265625 0.00830078125 0.0068359375
11 0.75341796875 0.25732421875 0.00830078125 0.0068359375
11 0.76904296875 0.072265625 0.00830078125 0.0068359375
11 0.76904296875 0.25732421875 0.00830078125 0.0068359375
11 0.33837890625 0.08447265625 0.00830078125 0.0068359375
11 0.34814453125 0.08154296875 0.00830078125 0.00732421875
11 0.34814453125 0.26904296875 0.00830078125 0.0068359375
11 0.357421875 0.07861328125 0.00830078125 0.0068359375
11 0.3193359375 0.09033203125 0.00830078125 0.0068359375
11 0.3291015625 0.08740234375 0.00830078125 0.0068359375
11 0.38623046875 0.0693359375 0.00830078125 0.0068359375
11 0.38623046875 0.28125 0.00830078125 0.0068359375
11 0.39599609375 0.06640625 0.00830078125 0.00732421875
11 0.4052734375 0.0634765625 0.00830078125 0.0068359375
11 0.4052734375 0.287109375 0.00830078125 0.0068359375
11 0.3671875 0.07568359375 0.00830078125 0.0068359375
11 0.3671875 0.27490234375 0.00830078125 0.0068359375
11 0.37646484375 0.072265625 0.00830078125 0.0068359375
1 0.193359375 0.2763671875 0.017578125 0.02099609375
11 0.23828125 0.07861328125 0.00830078125 0.0068359375
11 0.25244140625 0.08447265625 0.00830078125 0.0068359375
11 0.26611328125 0.09033203125 0.00830078125 0.0068359375
22 0.25830078125 0.1318359375 0.00830078125 0.00390625
22 0.25830078125 0.2041015625 0.00830078125 0.00390625
22 0.25830078125 0.27392578125 0.00830078125 0.00390625
10 0.19384765625 0.0712890625 0.0166015625 0.0458984375
10 0.19384765625 0.134765625 0.0166015625 0.0458984375
11 0.28466796875 0.09619140625 0.00830078125 0.00732421875
11 0.30810546875 0.09326171875 0.00830078125 0.0068359375
12 0.30810546875 0.15966796875 0.0087890625 0.00732421875
12 0.30810546875 0.220703125 0.0087890625 0.00732421875
11 0.30810546875 0.26611328125 0.00830078125 0.0068359375
11 0.49072265625 0.2783203125 0.00830078125 0.00732421875
12 0.47265625 0.04541015625 0.0087890625 0.00732421875
12 0.47265625 0.15087890625 0.0087890625 0.0068359375
12 0.47265625 0.13916015625 0.0087890625 0.0068359375
12 0.47265625 0.220703125 0.0087890625 0.00732421875
12 0.47265625 0.20556640625 0.0087890625 0.0068359375
11 0.47265625 0.298828125 0.00830078125 0.00732421875
11 0.52001953125 0.06640625 0.00830078125 0.00732421875
11 0.53125 0.060546875 0.00830078125 0.00732421875
11 0.5419921875 0.0546875 0.00830078125 0.0068359375
11 0.55322265625 0.04541015625 0.00830078125 0.00732421875
21 0.50537109375 0.0712890625 0.00634765625 0.0185546875
12 0.5068359375 0.15087890625 0.0087890625 0.0068359375
12 0.5068359375 0.13916015625 0.0087890625 0.0068359375
12 0.5068359375 0.220703125 0.0087890625 0.00732421875
12 0.5068359375 0.20556640625 0.0087890625 0.0068359375
19 0.50634765625 0.2763671875 0.00830078125 0.00390625
11 0.42431640625 0.20263671875 0.00830078125 0.0068359375
11 0.42431640625 0.2900390625 0.00830078125 0.0068359375
11 0.42431640625 0.220703125 0.00830078125 0.00732421875
11 0.4150390625 0.060546875 0.00830078125 0.00732421875
11 0.42431640625 0.0576171875 0.00830078125 0.0068359375
11 0.42431640625 0.15966796875 0.00830078125 0.00732421875
11 0.42431640625 0.138671875 0.00830078125 0.00732421875
11 0.45703125 0.048828125 0.00830078125 0.0068359375
11 0.4453125 0.2958984375 0.00830078125 0.0068359375
11 0.4453125 0.05126953125 0.00830078125 0.0068359375
11 0.43408203125 0.0546875 0.00830078125 0.0068359375
11 0.68994140625 0.40283203125 0.00830078125 0.0068359375
11 0.68994140625 0.484375 0.00830078125 0.00732421875
11 0.68994140625 0.478515625 0.00830078125 0.0068359375
11 0.68994140625 0.5419921875 0.00830078125 0.0068359375
11 0.68994140625 0.59423828125 0.00830078125 0.0068359375
11 0.6669921875 0.60009765625 0.00830078125 0.0068359375
11 0.64453125 0.615234375 0.00830078125 0.0068359375
11 0.65576171875 0.40283203125 0.00830078125 0.0068359375
11 0.65576171875 0.6064453125 0.00830078125 0.0068359375
11 0.7021484375 0.59716796875 0.00830078125 0.00732421875
11 0.720703125 0.40576171875 0.00830078125 0.0068359375
11 0.720703125 0.60302734375 0.00830078125 0.0068359375
11 0.57666015625 0.39990234375 0.00830078125 0.0068359375
11 0.5888671875 0.40283203125 0.00830078125 0.0068359375
11 0.5888671875 0.626953125 0.00830078125 0.00732421875
11 0.599609375 0.41162109375 0.00830078125 0.00732421875
11 0.6328125 0.4326171875 0.00830078125 0.0068359375
11 0.6220703125 0.423828125 0.00830078125 0.0068359375
11 0.6328125 0.62109375 0.00830078125 0.0068359375
11 0.611328125 0.41796875 0.00830078125 0.0068359375
12 0.61181640625 0.4873046875 0.0087890625 0.0068359375
12 0.61181640625 0.4814453125 0.0087890625 0.0068359375
12 0.61181640625 0.5419921875 0.0087890625 0.0068359375
21 0.6103515625 0.61083984375 0.00634765625 0.0185546875
11 0.8017578125 0.40283203125 0.00830078125 0.0068359375
11 0.8017578125 0.49609375 0.00830078125 0.0068359375
11 0.8017578125 0.544921875 0.00830078125 0.0068359375
11 0.8017578125 0.6240234375 0.00830078125 0.0068359375
11 0.7900390625 0.41162109375 0.00830078125 0.00732421875
11 0.81298828125 0.39697265625 0.00830078125 0.0068359375
9 0.74609375 0.53271484375 0.0068359375 0.017578125
21 0.7529296875 0.41357421875 0.00634765625 0.01806640625
11 0.75439453125 0.49609375 0.00830078125 0.0068359375
11 0.75439453125 0.544921875 0.00830078125 0.0068359375
11 0.75439453125 0.615234375 0.00830078125 0.0068359375
11 0.7392578125 0.49609375 0.00830078125 0.0068359375
11 0.7392578125 0.544921875 0.00830078125 0.0068359375
11 0.7392578125 0.609375 0.00830078125 0.0068359375
9 0.74609375 0.48388671875 0.0068359375 0.017578125
11 0.77880859375 0.41796875 0.00830078125 0.0068359375
11 0.77880859375 0.49609375 0.00830078125 0.0068359375
11 0.77880859375 0.5419921875 0.00830078125 0.0068359375
11 0.77880859375 0.62109375 0.00830078125 0.0068359375
11 0.7666015625 0.49609375 0.00830078125 0.0068359375
11 0.7666015625 0.544921875 0.00830078125 0.0068359375
11 0.7666015625 0.6181640625 0.00830078125 0.0068359375
11 0.310546875 0.41162109375 0.00830078125 0.00732421875
11 0.32177734375 0.40283203125 0.00830078125 0.0068359375
11 0.33740234375 0.39697265625 0.00830078125 0.0068359375
12 0.337890625 0.4873046875 0.0087890625 0.0068359375
12 0.337890625 0.4814453125 0.0087890625 0.0068359375
12 0.337890625 0.5419921875 0.0087890625 0.0068359375
11 0.33740234375 0.6064453125 0.00830078125 0.0068359375
11 0.375 0.40283203125 0.00830078125 0.0068359375
12 0.375 0.4873046875 0.0087890625 0.0068359375
12 0.375 0.4814453125 0.0087890625 0.0068359375
12 0.375 0.5419921875 0.0087890625 0.0068359375
21 0.3740234375 0.61083984375 0.00634765625 0.0185546875
11 0.353515625 0.626953125 0.00830078125 0.00732421875
11 0.36279296875 0.39990234375 0.00830078125 0.0068359375
8 0.36181640625 0.41162109375 0.00634765625 0.017578125
12 0.2412109375 0.41162109375 0.0087890625 0.00732421875
12 0.2412109375 0.484375 0.0087890625 0.0068359375
12 0.2412109375 0.478515625 0.0087890625 0.0068359375
12 0.2412109375 0.53564453125 0.0087890625 0.0068359375
11 0.24072265625 0.59423828125 0.00830078125 0.0068359375
1 0.193359375 0.6103515625 0.017578125 0.02099609375
10 0.19384765625 0.4130859375 0.0166015625 0.0458984375
10 0.19384765625 0.4765625 0.0166015625 0.0458984375
11 0.287109375 0.423828125 0.00830078125 0.0068359375
11 0.287109375 0.4873046875 0.00830078125 0.0068359375
11 0.287109375 0.4814453125 0.00830078125 0.0068359375
11 0.287109375 0.5419921875 0.00830078125 0.0068359375
11 0.298828125 0.41796875 0.00830078125 0.0068359375
11 0.25537109375 0.615234375 0.00830078125 0.0068359375
21 0.27099609375 0.41357421875 0.00634765625 0.01806640625
19 0.2724609375 0.6103515625 0.00830078125 0.00390625
11 0.50732421875 0.423828125 0.00830078125 0.0068359375
11 0.4736328125 0.59716796875 0.00830078125 0.00732421875
11 0.46533203125 0.40576171875 0.00830078125 0.0068359375
8 0.47314453125 0.609375 0.00634765625 0.017578125
21 0.4912109375 0.41357421875 0.00634765625 0.01806640625
12 0.49267578125 0.484375 0.0087890625 0.0068359375
12 0.49267578125 0.478515625 0.0087890625 0.0068359375
12 0.49267578125 0.5419921875 0.0087890625 0.0068359375
11 0.4921875 0.60302734375 0.0078125 0.0068359375
11 0.55810546875 0.39697265625 0.00830078125 0.0068359375
12 0.55859375 0.4873046875 0.0087890625 0.0068359375
12 0.55859375 0.4814453125 0.0087890625 0.0068359375
12 0.55859375 0.5419921875 0.0087890625 0.0068359375
11 0.55810546875 0.6064453125 0.00830078125 0.0068359375
11 0.5185546875 0.41796875 0.00830078125 0.0068359375
11 0.5302734375 0.41162109375 0.00830078125 0.00732421875
11 0.5302734375 0.615234375 0.00830078125 0.0068359375
9 0.537109375 0.60302734375 0.0068359375 0.017578125
11 0.5419921875 0.40283203125 0.00830078125 0.0068359375
11 0.42431640625 0.60009765625 0.00830078125 0.0068359375
11 0.44677734375 0.40283203125 0.00830078125 0.0068359375
12 0.447265625 0.484375 0.0087890625 0.0068359375
12 0.447265625 0.478515625 0.0087890625 0.0068359375
11 0.44677734375 0.59423828125 0.00830078125 0.0068359375
11 0.39013671875 0.62109375 0.00830078125 0.0068359375
11 0.4013671875 0.615234375 0.00830078125 0.0068359375
12 0.447265625 0.5419921875 0.0087890625 0.0068359375
11 0.41259765625 0.41162109375 0.00830078125 0.00732421875
11 0.41259765625 0.6064453125 0.00830078125 0.0068359375
8 0.412109375 0.423828125 0.00634765625 0.017578125
11 0.6513671875 0.8701171875 0.00830078125 0.0068359375
11 0.6513671875 0.92138671875 0.00830078125 0.0068359375
11 0.66943359375 0.7490234375 0.00830078125 0.0068359375
19 0.66943359375 0.810546875 0.00830078125 0.00390625
11 0.66943359375 0.86669921875 0.00830078125 0.0068359375
11 0.66943359375 0.91845703125 0.00830078125 0.00732421875
11 0.626953125 0.8818359375 0.0078125 0.00732421875
11 0.626953125 0.93603515625 0.0078125 0.0068359375
11 0.63916015625 0.751953125 0.00830078125 0.0068359375
11 0.63916015625 0.8759765625 0.00830078125 0.00732421875
11 0.63916015625 0.92724609375 0.00830078125 0.0068359375
11 0.68310546875 0.8701171875 0.00830078125 0.0068359375
11 0.68310546875 0.92138671875 0.00830078125 0.0068359375
11 0.572265625 0.72802734375 0.00830078125 0.0068359375
11 0.5791015625 0.8271484375 0.00830078125 0.0068359375
11 0.5791015625 0.87890625 0.00830078125 0.0068359375
11 0.546875 0.884765625 0.00830078125 0.0068359375
11 0.55810546875 0.72509765625 0.00830078125 0.00732421875
11 0.55810546875 0.830078125 0.00830078125 0.0068359375
11 0.55810546875 0.8818359375 0.00830078125 0.00732421875
11 0.546875 0.83349609375 0.00830078125 0.0068359375
11 0.61474609375 0.74609375 0.00830078125 0.00732421875
21 0.61376953125 0.81103515625 0.00634765625 0.0185546875
11 0.61474609375 0.890625 0.00830078125 0.0068359375
11 0.61474609375 0.9423828125 0.00830078125 0.0068359375
11 0.58984375 0.73095703125 0.00830078125 0.0068359375
11 0.58984375 0.82421875 0.00830078125 0.0068359375
11 0.58984375 0.8759765625 0.00830078125 0.00732421875
21 0.5888671875 0.93798828125 0.00634765625 0.0185546875
11 0.6025390625 0.73974609375 0.00830078125 0.00732421875
11 0.81201171875 0.72802734375 0.00830078125 0.0068359375
11 0.81201171875 0.79736328125 0.00830078125 0.0068359375
11 0.7734375 0.73974609375 0.00830078125 0.00732421875
11 0.7734375 0.8125 0.00830078125 0.0068359375
11 0.79296875 0.73388671875 0.00830078125 0.0068359375
11 0.79296875 0.80322265625 0.00830078125 0.00732421875
11 0.79296875 0.884765625 0.00830078125 0.0068359375
11 0.79296875 0.939453125 0.00830078125 0.00732421875
22 0.43994140625 0.93505859375 0.00830078125 0.00390625
11 0.72216796875 0.73974609375 0.00830078125 0.00732421875
11 0.71484375 0.92724609375 0.00830078125 0.0068359375
11 0.71484375 0.8759765625 0.00830078125 0.00732421875
11 0.7333984375 0.73681640625 0.00830078125 0.0068359375
21 0.732421875 0.81103515625 0.00634765625 0.0185546875
11 0.7333984375 0.87890625 0.00830078125 0.0068359375
11 0.7333984375 0.93017578125 0.00830078125 0.0068359375
11 0.70068359375 0.7431640625 0.00830078125 0.0068359375
11 0.70068359375 0.87255859375 0.00830078125 0.0068359375
11 0.70068359375 0.92431640625 0.00830078125 0.0068359375
11 0.76123046875 0.7490234375 0.00830078125 0.0068359375
11 0.76123046875 0.818359375 0.00830078125 0.00732421875
11 0.76123046875 0.87890625 0.00830078125 0.0068359375
11 0.76123046875 0.93017578125 0.00830078125 0.0068359375
11 0.68994140625 0.74609375 0.00830078125 0.00732421875
11 0.74853515625 0.87255859375 0.00830078125 0.0068359375
11 0.74853515625 0.92431640625 0.00830078125 0.0068359375
11 0.33642578125 0.8212890625 0.00830078125 0.0068359375
11 0.33642578125 0.8759765625 0.00830078125 0.00732421875
11 0.3486328125 0.7578125 0.00830078125 0.0068359375
11 0.3486328125 0.8154296875 0.00830078125 0.0068359375
11 0.3486328125 0.86669921875 0.00830078125 0.0068359375
11 0.32421875 0.830078125 0.00830078125 0.0068359375
11 0.3115234375 0.74609375 0.00830078125 0.00732421875
11 0.32421875 0.751953125 0.00830078125 0.0068359375
11 0.32421875 0.8818359375 0.00830078125 0.00732421875
11 0.36083984375 0.80908203125 0.00830078125 0.0068359375
11 0.36083984375 0.86083984375 0.00830078125 0.00732421875
11 0.38427734375 0.7548828125 0.00830078125 0.0068359375
11 0.38427734375 0.806640625 0.00830078125 0.0068359375
11 0.38427734375 0.85791015625 0.00830078125 0.0068359375
11 0.23828125 0.72509765625 0.00830078125 0.00732421875
11 0.23828125 0.830078125 0.00830078125 0.0068359375
11 0.23828125 0.8818359375 0.00830078125 0.00732421875
11 0.23828125 0.9541015625 0.00830078125 0.00732421875
10 0.19384765625 0.74755859375 0.0166015625 0.0458984375
11 0.25244140625 0.72802734375 0.00830078125 0.0068359375
10 0.19384765625 0.81103515625 0.0166015625 0.0458984375
1 0.193359375 0.9375 0.017578125 0.02099609375
21 0.2978515625 0.8623046875 0.00634765625 0.01806640625
11 0.28515625 0.73388671875 0.00830078125 0.0068359375
11 0.29931640625 0.73681640625 0.00830078125 0.0068359375
21 0.2978515625 0.81103515625 0.00634765625 0.0185546875
19 0.29931640625 0.9375 0.00830078125 0.00390625
11 0.26611328125 0.73095703125 0.00830078125 0.0068359375
21 0.26513671875 0.81103515625 0.00634765625 0.0185546875
21 0.26513671875 0.8623046875 0.00634765625 0.01806640625
11 0.26611328125 0.93359375 0.00830078125 0.0068359375
11 0.5 0.83935546875 0.00830078125 0.00732421875
11 0.5 0.73974609375 0.00830078125 0.00732421875
11 0.5 0.884765625 0.00830078125 0.0068359375
8 0.49951171875 0.751953125 0.00634765625 0.017578125
11 0.4619140625 0.8271484375 0.00830078125 0.0068359375
11 0.4619140625 0.87890625 0.00830078125 0.0068359375
15 0.48095703125 0.74951171875 0.0078125 0.01171875
11 0.48095703125 0.83349609375 0.00830078125 0.0068359375
11 0.48095703125 0.884765625 0.00830078125 0.0068359375
11 0.53857421875 0.72216796875 0.00830078125 0.0068359375
11 0.52197265625 0.71923828125 0.00830078125 0.0068359375
11 0.52197265625 0.83642578125 0.00830078125 0.0068359375
11 0.52197265625 0.8876953125 0.00830078125 0.0068359375
19 0.52197265625 0.9375 0.00830078125 0.00390625
11 0.43115234375 0.8154296875 0.00830078125 0.0068359375
11 0.43115234375 0.86669921875 0.00830078125 0.0068359375
11 0.3984375 0.80908203125 0.00830078125 0.0068359375
11 0.3984375 0.86083984375 0.00830078125 0.00732421875
11 0.40576171875 0.751953125 0.0078125 0.0068359375
11 0.4169921875 0.7490234375 0.00830078125 0.0068359375
11 0.4169921875 0.8125 0.00830078125 0.0068359375
11 0.4169921875 0.86376953125 0.00830078125 0.0068359375
11 0.44970703125 0.7431640625 0.00830078125 0.0068359375
11 0.44970703125 0.818359375 0.00830078125 0.00732421875
11 0.44970703125 0.8701171875 0.00830078125 0.0068359375
11 0.4384765625 0.74609375 0.00830078125 0.00732421875