11 0.568359375 0.04931640625 0.00537109375 0.0048828125
11 0.568359375 0.1552734375 0.00537109375 0.0048828125
11 0.568359375 0.201171875 0.00537109375 0.00439453125
11 0.55029296875 0.28759765625 0.00537109375 0.00439453125
11 0.55029296875 0.34716796875 0.00537109375 0.00439453125
11 0.55029296875 0.3935546875 0.00537109375 0.00439453125
11 0.568359375 0.09521484375 0.00537109375 0.00439453125
11 0.57470703125 0.05126953125 0.00537109375 0.00439453125
11 0.57470703125 0.09716796875 0.00537109375 0.00439453125
11 0.57470703125 0.1572265625 0.00537109375 0.00439453125
11 0.55029296875 0.412109375 0.00537109375 0.00439453125
11 0.55029296875 0.04541015625 0.00537109375 0.0048828125
11 0.55029296875 0.197265625 0.00537109375 0.00439453125
11 0.55029296875 0.2412109375 0.00537109375 0.00439453125
11 0.55029296875 0.09130859375 0.00537109375 0.00439453125
11 0.556640625 0.04736328125 0.00537109375 0.00439453125
11 0.55029296875 0.1513671875 0.00537109375 0.00439453125
11 0.556640625 0.09326171875 0.00537109375 0.0048828125
11 0.556640625 0.1533203125 0.00537109375 0.00439453125
11 0.556640625 0.19921875 0.00537109375 0.0048828125
13 0.626953125 0.05322265625 0.00732421875 0.0048828125
13 0.626953125 0.09912109375 0.00732421875 0.00439453125
12 0.6064453125 0.27392578125 0.005859375 0.00439453125
19 0.60595703125 0.0537109375 0.00537109375 0.00244140625
19 0.60595703125 0.10009765625 0.00537109375 0.00244140625
19 0.60595703125 0.14599609375 0.00537109375 0.00244140625
19 0.60595703125 0.1923828125 0.00537109375 0.00244140625
12 0.6064453125 0.2275390625 0.005859375 0.0048828125
13 0.626953125 0.1591796875 0.00732421875 0.0048828125
12 0.6064453125 0.31982421875 0.005859375 0.00439453125
12 0.6064453125 0.3662109375 0.005859375 0.00439453125
13 0.626953125 0.205078125 0.00732421875 0.00439453125
13 0.626953125 0.2275390625 0.00732421875 0.0048828125
13 0.626953125 0.27392578125 0.00732421875 0.00439453125
13 0.626953125 0.31982421875 0.00732421875 0.0048828125
13 0.626953125 0.3662109375 0.00732421875 0.00439453125
13 0.626953125 0.44384765625 0.00732421875 0.0048828125
19 0.591796875 0.23828125 0.00537109375 0.00244140625
19 0.591796875 0.28466796875 0.00537109375 0.00244140625
19 0.591796875 0.33056640625 0.00537109375 0.00244140625
19 0.591796875 0.37646484375 0.00537109375 0.00244140625
13 0.5927734375 0.404296875 0.00732421875 0.00439453125
12 0.591796875 0.205078125 0.005859375 0.00439453125
12 0.591796875 0.05322265625 0.005859375 0.00439453125
12 0.591796875 0.09912109375 0.005859375 0.00439453125
12 0.591796875 0.1591796875 0.005859375 0.00439453125
11 0.57470703125 0.203125 0.00537109375 0.0048828125
11 0.5087890625 0.14501953125 0.00537109375 0.00439453125
11 0.5087890625 0.19140625 0.00537109375 0.00439453125
11 0.5087890625 0.2294921875 0.00537109375 0.00439453125
11 0.5087890625 0.27587890625 0.00537109375 0.00439453125
11 0.5087890625 0.33544921875 0.00537109375 0.00439453125
11 0.5087890625 0.3818359375 0.00537109375 0.0048828125
11 0.5087890625 0.42578125 0.00537109375 0.0048828125
11 0.5087890625 0.08544921875 0.00537109375 0.00439453125
11 0.5087890625 0.0390625 0.00537109375 0.00439453125
11 0.51611328125 0.04296875 0.00537109375 0.00439453125
11 0.51611328125 0.08935546875 0.00537109375 0.00439453125
11 0.51611328125 0.1494140625 0.00537109375 0.00439453125
11 0.51611328125 0.1953125 0.00537109375 0.00439453125
11 0.51611328125 0.2314453125 0.00537109375 0.00439453125
11 0.51611328125 0.27783203125 0.00537109375 0.00439453125
11 0.51611328125 0.33740234375 0.00537109375 0.00439453125
11 0.51611328125 0.3837890625 0.00537109375 0.00439453125
11 0.494140625 0.27197265625 0.0048828125 0.0048828125
11 0.494140625 0.33154296875 0.0048828125 0.00439453125
11 0.494140625 0.3779296875 0.0048828125 0.00439453125
11 0.494140625 0.419921875 0.0048828125 0.00439453125
11 0.494140625 0.2255859375 0.0048828125 0.00439453125
11 0.494140625 0.037109375 0.0048828125 0.00439453125
11 0.494140625 0.08349609375 0.0048828125 0.0048828125
11 0.494140625 0.1435546875 0.0048828125 0.00439453125
11 0.494140625 0.189453125 0.0048828125 0.0048828125
11 0.50146484375 0.04150390625 0.00537109375 0.00439453125
11 0.50146484375 0.08740234375 0.00537109375 0.00439453125
11 0.50146484375 0.1474609375 0.00537109375 0.00439453125
11 0.50146484375 0.193359375 0.00537109375 0.00439453125
11 0.50146484375 0.2275390625 0.00537109375 0.0048828125
11 0.50146484375 0.27392578125 0.00537109375 0.00439453125
11 0.50146484375 0.33349609375 0.00537109375 0.0048828125
11 0.50146484375 0.3798828125 0.00537109375 0.00439453125
11 0.53564453125 0.3896484375 0.00537109375 0.00439453125
11 0.53564453125 0.04296875 0.00537109375 0.00439453125
11 0.53564453125 0.08935546875 0.00537109375 0.00439453125
11 0.53564453125 0.1494140625 0.00537109375 0.00439453125
11 0.53564453125 0.1953125 0.00537109375 0.00439453125
11 0.53564453125 0.2373046875 0.00537109375 0.0048828125
11 0.53564453125 0.28369140625 0.00537109375 0.00439453125
11 0.53564453125 0.34375 0.00537109375 0.0048828125
11 0.53564453125 0.419921875 0.00537109375 0.00439453125
11 0.54296875 0.1533203125 0.00537109375 0.00439453125
11 0.54296875 0.04736328125 0.00537109375 0.00439453125
11 0.54296875 0.09326171875 0.00537109375 0.0048828125
11 0.54296875 0.19921875 0.00537109375 0.0048828125
11 0.54296875 0.2392578125 0.00537109375 0.00439453125
11 0.54296875 0.28564453125 0.00537109375 0.0048828125
11 0.54296875 0.345703125 0.00537109375 0.00439453125
11 0.54296875 0.3916015625 0.00537109375 0.0048828125
11 0.5234375 0.04150390625 0.00537109375 0.00439453125
11 0.5234375 0.08740234375 0.00537109375 0.00439453125
11 0.5234375 0.1474609375 0.00537109375 0.00439453125
11 0.5234375 0.193359375 0.00537109375 0.00439453125
11 0.5234375 0.2333984375 0.00537109375 0.00439453125
11 0.5234375 0.27978515625 0.00537109375 0.00439453125
11 0.5234375 0.33984375 0.00537109375 0.00439453125
11 0.5234375 0.3857421875 0.00537109375 0.00439453125
11 0.5234375 0.416015625 0.00537109375 0.0048828125
11 0.529296875 0.28173828125 0.00537109375 0.00439453125
11 0.529296875 0.04541015625 0.00537109375 0.0048828125
11 0.529296875 0.09130859375 0.00537109375 0.00439453125
11 0.529296875 0.1513671875 0.00537109375 0.00439453125
11 0.529296875 0.197265625 0.00537109375 0.00439453125
11 0.529296875 0.2353515625 0.00537109375 0.00439453125
11 0.529296875 0.34130859375 0.00537109375 0.00439453125
11 0.529296875 0.3876953125 0.00537109375 0.00439453125
13 0.79736328125 0.28759765625 0.00732421875 0.00439453125
13 0.79736328125 0.04931640625 0.00732421875 0.0048828125
13 0.79736328125 0.09521484375 0.00732421875 0.00439453125
13 0.79736328125 0.14111328125 0.00732421875 0.0048828125
13 0.79736328125 0.1875 0.00732421875 0.00439453125
13 0.79736328125 0.24169921875 0.00732421875 0.0048828125
13 0.79736328125 0.33349609375 0.00732421875 0.0048828125
13 0.79736328125 0.3798828125 0.00732421875 0.00439453125
13 0.79736328125 0.43359375 0.00732421875 0.0048828125
13 0.7431640625 0.24169921875 0.00732421875 0.0048828125
13 0.7431640625 0.28759765625 0.00732421875 0.00439453125
13 0.7431640625 0.33349609375 0.00732421875 0.0048828125
13 0.7431640625 0.3798828125 0.00732421875 0.00439453125
13 0.7431640625 0.43359375 0.00732421875 0.0048828125
13 0.77001953125 0.28759765625 0.00732421875 0.00439453125
13 0.77001953125 0.04736328125 0.00732421875 0.00439453125
13 0.77001953125 0.09326171875 0.00732421875 0.0048828125
13 0.77001953125 0.13916015625 0.00732421875 0.00439453125
13 0.77001953125 0.185546875 0.00732421875 0.0048828125
13 0.77001953125 0.24169921875 0.00732421875 0.0048828125
13 0.77001953125 0.33349609375 0.00732421875 0.0048828125
13 0.77001953125 0.3798828125 0.00732421875 0.00439453125
13 0.77001953125 0.43359375 0.00732421875 0.0048828125
13 0.7431640625 0.19140625 0.00732421875 0.00439453125
12 0.6748046875 0.2275390625 0.005859375 0.0048828125
12 0.6748046875 0.27392578125 0.005859375 0.00439453125
12 0.6748046875 0.31982421875 0.005859375 0.00439453125
12 0.6748046875 0.3662109375 0.005859375 0.00439453125
12 0.6748046875 0.443359375 0.005859375 0.00439453125
12 0.6748046875 0.205078125 0.005859375 0.00439453125
12 0.6748046875 0.05322265625 0.005859375 0.00439453125
12 0.6748046875 0.09912109375 0.005859375 0.00439453125
12 0.6748046875 0.1591796875 0.005859375 0.00439453125
13 0.65234375 0.205078125 0.00732421875 0.00439453125
13 0.65234375 0.05322265625 0.00732421875 0.0048828125
13 0.65234375 0.09912109375 0.00732421875 0.00439453125
13 0.65234375 0.1591796875 0.00732421875 0.0048828125
13 0.65234375 0.2275390625 0.00732421875 0.0048828125
13 0.65234375 0.27392578125 0.00732421875 0.00439453125
13 0.65234375 0.31982421875 0.00732421875 0.0048828125
13 0.65234375 0.3662109375 0.00732421875 0.00439453125
13 0.65234375 0.404296875 0.00732421875 0.00439453125
12 0.72216796875 0.05322265625 0.005859375 0.00439453125
12 0.72216796875 0.09912109375 0.005859375 0.00439453125
12 0.72216796875 0.1591796875 0.005859375 0.00439453125
12 0.72216796875 0.205078125 0.005859375 0.00439453125
13 0.7431640625 0.05322265625 0.00732421875 0.0048828125
13 0.7431640625 0.09912109375 0.00732421875 0.00439453125
13 0.7431640625 0.1455078125 0.00732421875 0.0048828125
12 0.72216796875 0.2275390625 0.005859375 0.0048828125
12 0.72216796875 0.27392578125 0.005859375 0.00439453125
12 0.72216796875 0.31982421875 0.005859375 0.00439453125
12 0.72216796875 0.3662109375 0.005859375 0.00439453125
12 0.72216796875 0.404296875 0.005859375 0.00439453125
12 0.689453125 0.205078125 0.005859375 0.00439453125
12 0.689453125 0.05322265625 0.005859375 0.00439453125
12 0.689453125 0.09912109375 0.005859375 0.00439453125
12 0.689453125 0.1591796875 0.005859375 0.00439453125
12 0.689453125 0.2275390625 0.005859375 0.0048828125
12 0.689453125 0.27392578125 0.005859375 0.00439453125
12 0.689453125 0.31982421875 0.005859375 0.00439453125
12 0.689453125 0.3662109375 0.005859375 0.00439453125
12 0.689453125 0.404296875 0.005859375 0.00439453125
12 0.7080078125 0.205078125 0.005859375 0.00439453125
12 0.7080078125 0.05322265625 0.005859375 0.00439453125
12 0.7080078125 0.09912109375 0.005859375 0.00439453125
12 0.7080078125 0.1591796875 0.005859375 0.00439453125
12 0.7080078125 0.2275390625 0.005859375 0.0048828125
12 0.7080078125 0.27392578125 0.005859375 0.00439453125
12 0.7080078125 0.31982421875 0.005859375 0.00439453125
12 0.7080078125 0.3662109375 0.005859375 0.00439453125
12 0.7080078125 0.443359375 0.005859375 0.00439453125
11 0.34814453125 0.1376953125 0.00537109375 0.00439453125
11 0.34814453125 0.03125 0.00537109375 0.00439453125
11 0.34814453125 0.07763671875 0.00537109375 0.00439453125
11 0.34814453125 0.18359375 0.00537109375 0.00439453125
11 0.34814453125 0.2158203125 0.00537109375 0.00439453125
11 0.34814453125 0.26220703125 0.00537109375 0.0048828125
11 0.34814453125 0.32177734375 0.00537109375 0.00439453125
11 0.34814453125 0.3681640625 0.00537109375 0.0048828125
11 0.35546875 0.185546875 0.00537109375 0.00439453125
11 0.35546875 0.033203125 0.00537109375 0.00439453125
11 0.35546875 0.07958984375 0.00537109375 0.00439453125
11 0.35546875 0.13916015625 0.00537109375 0.00439453125
11 0.35546875 0.2177734375 0.00537109375 0.00439453125
11 0.35546875 0.26416015625 0.00537109375 0.00439453125
11 0.35546875 0.32373046875 0.00537109375 0.00439453125
11 0.35546875 0.3701171875 0.00537109375 0.00439453125
11 0.35546875 0.419921875 0.00537109375 0.00439453125
11 0.3408203125 0.029296875 0.00537109375 0.00439453125
11 0.3408203125 0.07568359375 0.00537109375 0.00439453125
11 0.3408203125 0.13525390625 0.00537109375 0.00439453125
11 0.3408203125 0.181640625 0.00537109375 0.00439453125
11 0.3408203125 0.2138671875 0.00537109375 0.0048828125
11 0.3408203125 0.26025390625 0.00537109375 0.00439453125
11 0.3408203125 0.31982421875 0.00537109375 0.0048828125
11 0.3408203125 0.3662109375 0.00537109375 0.00439453125
11 0.3408203125 0.423828125 0.00537109375 0.00439453125
11 0.376953125 0.3759765625 0.00537109375 0.00439453125
11 0.376953125 0.0390625 0.00537109375 0.00439453125
11 0.376953125 0.08544921875 0.00537109375 0.00439453125
11 0.376953125 0.14501953125 0.00537109375 0.00439453125
11 0.376953125 0.19140625 0.00537109375 0.00439453125
11 0.376953125 0.2236328125 0.00537109375 0.0048828125
11 0.376953125 0.27001953125 0.00537109375 0.00439453125
11 0.376953125 0.32958984375 0.00537109375 0.00439453125
11 0.38427734375 0.421875 0.00537109375 0.00439453125
11 0.38427734375 0.04150390625 0.00537109375 0.00439453125
11 0.38427734375 0.08740234375 0.00537109375 0.00439453125
11 0.38427734375 0.1474609375 0.00537109375 0.00439453125
11 0.38427734375 0.193359375 0.00537109375 0.00439453125
11 0.38427734375 0.2255859375 0.00537109375 0.00439453125
11 0.38427734375 0.27197265625 0.00537109375 0.0048828125
11 0.38427734375 0.33154296875 0.00537109375 0.00439453125
11 0.38427734375 0.3779296875 0.00537109375 0.00439453125
11 0.36279296875 0.03515625 0.00537109375 0.0048828125
11 0.36279296875 0.08154296875 0.00537109375 0.00439453125
11 0.36279296875 0.14111328125 0.00537109375 0.0048828125
11 0.36279296875 0.1875 0.00537109375 0.00439453125
11 0.36279296875 0.2197265625 0.00537109375 0.00439453125
11 0.36279296875 0.26611328125 0.00537109375 0.00439453125
11 0.36279296875 0.32568359375 0.00537109375 0.00439453125
11 0.36279296875 0.3720703125 0.00537109375 0.00439453125
11 0.3701171875 0.037109375 0.00537109375 0.00439453125
11 0.3701171875 0.08349609375 0.00537109375 0.0048828125
11 0.3701171875 0.1435546875 0.00537109375 0.00439453125
11 0.3701171875 0.189453125 0.00537109375 0.0048828125
11 0.3701171875 0.2216796875 0.00537109375 0.00439453125
11 0.3701171875 0.26806640625 0.00537109375 0.00439453125
11 0.3701171875 0.32763671875 0.00537109375 0.00439453125
11 0.3701171875 0.3740234375 0.00537109375 0.00439453125
11 0.3701171875 0.42578125 0.00537109375 0.0048828125
11 0.26123046875 0.09521484375 0.00537109375 0.00439453125
11 0.26123046875 0.14501953125 0.00537109375 0.00439453125
11 0.26123046875 0.1953125 0.00537109375 0.00439453125
11 0.26123046875 0.27587890625 0.00537109375 0.00439453125
11 0.26123046875 0.32958984375 0.00537109375 0.00439453125
11 0.26123046875 0.3798828125 0.00537109375 0.00439453125
11 0.25048828125 0.09521484375 0.00537109375 0.00439453125
11 0.25048828125 0.14501953125 0.00537109375 0.00439453125
11 0.25048828125 0.1953125 0.00537109375 0.00439453125
11 0.25048828125 0.27587890625 0.00537109375 0.00439453125
11 0.25048828125 0.32958984375 0.00537109375 0.00439453125
11 0.25048828125 0.3798828125 0.00537109375 0.00439453125
11 0.27197265625 0.1953125 0.00537109375 0.00439453125
11 0.27197265625 0.27587890625 0.00537109375 0.00439453125
11 0.27197265625 0.32958984375 0.00537109375 0.00439453125
11 0.27197265625 0.3798828125 0.00537109375 0.00439453125
11 0.27197265625 0.14501953125 0.00537109375 0.00439453125
11 0.27197265625 0.09521484375 0.00537109375 0.00439453125
1 0.18896484375 0.10009765625 0.01171875 0.013671875
1 0.18896484375 0.14599609375 0.01171875 0.013671875
1 0.18896484375 0.19189453125 0.01171875 0.013671875
1 0.18896484375 0.23828125 0.01171875 0.013671875
1 0.18896484375 0.2841796875 0.01171875 0.013671875
1 0.18896484375 0.33056640625 0.01171875 0.013671875
22 0.25341796875 0.05224609375 0.00537109375 0.00244140625
22 0.25341796875 0.23681640625 0.00537109375 0.00244140625
1 0.18896484375 0.0537109375 0.01171875 0.013671875
11 0.2392578125 0.32958984375 0.00537109375 0.00439453125
11 0.2392578125 0.3798828125 0.00537109375 0.00439453125
13 0.240234375 0.412109375 0.00732421875 0.0048828125
1 0.18896484375 0.37646484375 0.01171875 0.013671875
1 0.18896484375 0.4228515625 0.01171875 0.013671875
11 0.2392578125 0.09521484375 0.00537109375 0.00439453125
11 0.2392578125 0.14501953125 0.00537109375 0.00439453125
11 0.2392578125 0.1953125 0.00537109375 0.00439453125
11 0.2392578125 0.27587890625 0.00537109375 0.00439453125
11 0.31201171875 0.2275390625 0.00537109375 0.0048828125
11 0.31201171875 0.04296875 0.00537109375 0.00439453125
11 0.31201171875 0.09521484375 0.00537109375 0.00439453125
11 0.31201171875 0.14501953125 0.00537109375 0.00439453125
11 0.31201171875 0.1953125 0.00537109375 0.00439453125
11 0.31201171875 0.27587890625 0.00537109375 0.00439453125
11 0.31201171875 0.32958984375 0.00537109375 0.00439453125
11 0.31201171875 0.3798828125 0.00537109375 0.00439453125
11 0.32275390625 0.09521484375 0.00537109375 0.00439453125
11 0.32275390625 0.14501953125 0.00537109375 0.00439453125
11 0.32275390625 0.1953125 0.00537109375 0.00439453125
11 0.32275390625 0.2275390625 0.00537109375 0.0048828125
11 0.32275390625 0.27587890625 0.00537109375 0.00439453125
11 0.32275390625 0.32958984375 0.00537109375 0.00439453125
11 0.32275390625 0.3798828125 0.00537109375 0.00439453125
11 0.32275390625 0.04296875 0.00537109375 0.00439453125
11 0.30126953125 0.3798828125 0.00537109375 0.00439453125
13 0.291015625 0.412109375 0.00732421875 0.0048828125
11 0.2900390625 0.04296875 0.00537109375 0.00439453125
11 0.2900390625 0.09521484375 0.00537109375 0.00439453125
11 0.2900390625 0.14501953125 0.00537109375 0.00439453125
11 0.2900390625 0.1953125 0.00537109375 0.00439453125
11 0.2900390625 0.2275390625 0.00537109375 0.0048828125
11 0.2900390625 0.27587890625 0.00537109375 0.00439453125
11 0.2900390625 0.32958984375 0.00537109375 0.00439453125
11 0.2900390625 0.3798828125 0.00537109375 0.00439453125
11 0.30126953125 0.04296875 0.00537109375 0.00439453125
11 0.30126953125 0.09521484375 0.00537109375 0.00439453125
11 0.30126953125 0.14501953125 0.00537109375 0.00439453125
11 0.30126953125 0.1953125 0.00537109375 0.00439453125
11 0.30126953125 0.2275390625 0.00537109375 0.0048828125
11 0.30126953125 0.27587890625 0.00537109375 0.00439453125
11 0.30126953125 0.32958984375 0.00537109375 0.00439453125
11 0.4580078125 0.03515625 0.00537109375 0.0048828125
11 0.4580078125 0.08154296875 0.00537109375 0.00439453125
11 0.4580078125 0.14111328125 0.00537109375 0.0048828125
11 0.4580078125 0.1875 0.00537109375 0.00439453125
11 0.4580078125 0.2158203125 0.00537109375 0.00439453125
11 0.4580078125 0.26220703125 0.00537109375 0.0048828125
11 0.4580078125 0.32177734375 0.00537109375 0.00439453125
11 0.4580078125 0.3681640625 0.00537109375 0.0048828125
11 0.43798828125 0.05712890625 0.00537109375 0.00439453125
11 0.43798828125 0.10302734375 0.00537109375 0.00439453125
11 0.43798828125 0.1630859375 0.00537109375 0.00439453125
11 0.43798828125 0.208984375 0.00537109375 0.00439453125
11 0.43798828125 0.2412109375 0.00537109375 0.00439453125
11 0.43798828125 0.28759765625 0.00537109375 0.00439453125
11 0.43798828125 0.34716796875 0.00537109375 0.00439453125
11 0.43798828125 0.3935546875 0.00537109375 0.00439453125
11 0.43798828125 0.42578125 0.00537109375 0.0048828125
11 0.45068359375 0.26025390625 0.00537109375 0.00439453125
11 0.45068359375 0.31982421875 0.00537109375 0.0048828125
11 0.45068359375 0.3662109375 0.00537109375 0.00439453125
11 0.45068359375 0.43359375 0.00537109375 0.00439453125
11 0.45068359375 0.2138671875 0.00537109375 0.0048828125
11 0.45068359375 0.029296875 0.00537109375 0.00439453125
11 0.45068359375 0.07568359375 0.00537109375 0.00439453125
11 0.45068359375 0.13525390625 0.00537109375 0.00439453125
11 0.45068359375 0.181640625 0.00537109375 0.00439453125
11 0.47998046875 0.4296875 0.00537109375 0.0048828125
11 0.47998046875 0.03515625 0.00537109375 0.0048828125
11 0.47998046875 0.08154296875 0.00537109375 0.00439453125
11 0.47998046875 0.14111328125 0.00537109375 0.0048828125
11 0.47998046875 0.1875 0.00537109375 0.00439453125
11 0.47998046875 0.2216796875 0.00537109375 0.00439453125
11 0.47998046875 0.26806640625 0.00537109375 0.00439453125
11 0.47998046875 0.32763671875 0.00537109375 0.00439453125
11 0.47998046875 0.3740234375 0.00537109375 0.00439453125
11 0.48681640625 0.2236328125 0.00537109375 0.0048828125
11 0.48681640625 0.27001953125 0.00537109375 0.00439453125
11 0.48681640625 0.32958984375 0.00537109375 0.00439453125
11 0.48681640625 0.3759765625 0.00537109375 0.00439453125
11 0.48681640625 0.19140625 0.00537109375 0.00439453125
11 0.48681640625 0.0390625 0.00537109375 0.00439453125
11 0.48681640625 0.08544921875 0.00537109375 0.00439453125
11 0.48681640625 0.14501953125 0.00537109375 0.00439453125
11 0.46533203125 0.033203125 0.00537109375 0.00439453125
11 0.46533203125 0.07958984375 0.00537109375 0.00439453125
11 0.46533203125 0.13916015625 0.00537109375 0.00439453125
11 0.46533203125 0.185546875 0.00537109375 0.00439453125
11 0.46533203125 0.2177734375 0.00537109375 0.00439453125
11 0.46533203125 0.26416015625 0.00537109375 0.00439453125
11 0.46533203125 0.32373046875 0.00537109375 0.00439453125
11 0.46533203125 0.3701171875 0.00537109375 0.00439453125
11 0.46533203125 0.427734375 0.00537109375 0.00439453125
11 0.47265625 0.3720703125 0.00537109375 0.00439453125
11 0.47265625 0.037109375 0.00537109375 0.00439453125
11 0.47265625 0.08349609375 0.00537109375 0.0048828125
11 0.47265625 0.1435546875 0.00537109375 0.00439453125
11 0.47265625 0.189453125 0.00537109375 0.0048828125
11 0.47265625 0.2197265625 0.00537109375 0.00439453125
11 0.47265625 0.26611328125 0.00537109375 0.00439453125
11 0.47265625 0.32568359375 0.00537109375 0.00439453125
11 0.404296875 0.09326171875 0.00537109375 0.0048828125
11 0.404296875 0.1533203125 0.00537109375 0.00439453125
11 0.404296875 0.19921875 0.00537109375 0.0048828125
11 0.404296875 0.2314453125 0.00537109375 0.00439453125
11 0.404296875 0.27783203125 0.00537109375 0.00439453125
11 0.404296875 0.33740234375 0.00537109375 0.00439453125
11 0.404296875 0.3837890625 0.00537109375 0.00439453125
11 0.404296875 0.04736328125 0.00537109375 0.00439453125
11 0.41064453125 0.1552734375 0.00537109375 0.0048828125
11 0.41064453125 0.201171875 0.00537109375 0.00439453125
11 0.41064453125 0.2333984375 0.00537109375 0.00439453125
11 0.41064453125 0.27978515625 0.00537109375 0.00439453125
11 0.41064453125 0.33984375 0.00537109375 0.00439453125
11 0.41064453125 0.3857421875 0.00537109375 0.00439453125
11 0.41064453125 0.421875 0.00537109375 0.00439453125
11 0.41064453125 0.09521484375 0.00537109375 0.00439453125
11 0.41064453125 0.04931640625 0.00537109375 0.0048828125
11 0.3916015625 0.2275390625 0.00537109375 0.0048828125
11 0.3916015625 0.27392578125 0.00537109375 0.00439453125
11 0.3916015625 0.33349609375 0.00537109375 0.0048828125
11 0.3916015625 0.3798828125 0.00537109375 0.00439453125
11 0.3916015625 0.1953125 0.00537109375 0.00439453125
11 0.3916015625 0.04296875 0.00537109375 0.00439453125
11 0.3916015625 0.08935546875 0.00537109375 0.00439453125
11 0.3916015625 0.1494140625 0.00537109375 0.00439453125
11 0.39794921875 0.27587890625 0.00537109375 0.00439453125
11 0.39794921875 0.33544921875 0.00537109375 0.00439453125
11 0.39794921875 0.3818359375 0.00537109375 0.0048828125
11 0.39794921875 0.427734375 0.00537109375 0.00439453125
11 0.39794921875 0.2294921875 0.00537109375 0.00439453125
11 0.39794921875 0.04541015625 0.00537109375 0.0048828125
11 0.39794921875 0.09130859375 0.00537109375 0.00439453125
11 0.39794921875 0.1513671875 0.00537109375 0.00439453125
11 0.39794921875 0.197265625 0.00537109375 0.00439453125
11 0.42333984375 0.205078125 0.00537109375 0.00439453125
11 0.42333984375 0.05322265625 0.00537109375 0.00439453125
11 0.42333984375 0.09912109375 0.00537109375 0.00439453125
11 0.42333984375 0.1591796875 0.00537109375 0.00439453125
11 0.42333984375 0.2373046875 0.00537109375 0.0048828125
11 0.42333984375 0.28369140625 0.00537109375 0.00439453125
11 0.42333984375 0.34375 0.00537109375 0.0048828125
11 0.42333984375 0.3896484375 0.00537109375 0.00439453125
11 0.42333984375 0.4296875 0.00537109375 0.0048828125
11 0.4306640625 0.05517578125 0.00537109375 0.00439453125
11 0.4306640625 0.10107421875 0.00537109375 0.00439453125
11 0.4306640625 0.1611328125 0.00537109375 0.00439453125
11 0.4306640625 0.20703125 0.00537109375 0.00439453125
11 0.4306640625 0.2392578125 0.00537109375 0.00439453125
11 0.4306640625 0.28564453125 0.00537109375 0.0048828125
11 0.4306640625 0.345703125 0.00537109375 0.00439453125
11 0.4306640625 0.3916015625 0.00537109375 0.0048828125
11 0.4169921875 0.28173828125 0.00537109375 0.00439453125
11 0.4169921875 0.09716796875 0.00537109375 0.00439453125
11 0.4169921875 0.05126953125 0.00537109375 0.00439453125
11 0.4169921875 0.1572265625 0.00537109375 0.00439453125
11 0.4169921875 0.203125 0.00537109375 0.0048828125
11 0.4169921875 0.2353515625 0.00537109375 0.00439453125
11 0.4169921875 0.34130859375 0.00537109375 0.00439453125
11 0.4169921875 0.3876953125 0.00537109375 0.00439453125