11 0.56103515625 0.13134765625 0.00830078125 0.00732421875
11 0.689453125 0.13134765625 0.00830078125 0.00732421875
11 0.689453125 0.197265625 0.00830078125 0.0068359375
11 0.689453125 0.25439453125 0.00830078125 0.0068359375
11 0.67431640625 0.13427734375 0.00830078125 0.0068359375
11 0.67431640625 0.2001953125 0.00830078125 0.00732421875
11 0.67431640625 0.25732421875 0.00830078125 0.0068359375
11 0.576171875 0.25732421875 0.00830078125 0.0068359375
12 0.59375 0.11962890625 0.0087890625 0.0068359375
12 0.59375 0.18505859375 0.0087890625 0.0068359375
12 0.59375 0.24267578125 0.0087890625 0.0068359375
11 0.56103515625 0.197265625 0.00830078125 0.0068359375
11 0.56103515625 0.25439453125 0.00830078125 0.0068359375
11 0.576171875 0.13427734375 0.00830078125 0.0068359375
11 0.576171875 0.2001953125 0.00830078125 0.00732421875
15 0.6513671875 0.1201171875 0.0078125 0.01171875
15 0.6513671875 0.18603515625 0.0078125 0.01171875
15 0.6513671875 0.251953125 0.0078125 0.01171875
12 0.65185546875 0.3203125 0.0087890625 0.0068359375
12 0.65185546875 0.38671875 0.0087890625 0.0068359375
12 0.65185546875 0.47314453125 0.0087890625 0.0068359375
11 0.61279296875 0.38671875 0.0078125 0.0068359375
11 0.61279296875 0.3203125 0.0078125 0.0068359375
11 0.61279296875 0.47314453125 0.0078125 0.0068359375
11 0.728515625 0.197265625 0.00830078125 0.0068359375
11 0.728515625 0.25439453125 0.00830078125 0.0068359375
11 0.728515625 0.13134765625 0.00830078125 0.00732421875
11 0.74365234375 0.13427734375 0.00830078125 0.0068359375
11 0.74365234375 0.2001953125 0.00830078125 0.00732421875
11 0.74365234375 0.25732421875 0.00830078125 0.0068359375
11 0.705078125 0.12841796875 0.00830078125 0.0068359375
11 0.705078125 0.1943359375 0.00830078125 0.0068359375
11 0.705078125 0.25146484375 0.00830078125 0.0068359375
11 0.791015625 0.1943359375 0.00830078125 0.0068359375
11 0.791015625 0.1220703125 0.00830078125 0.0068359375
11 0.791015625 0.2451171875 0.00830078125 0.0068359375
11 0.791015625 0.2998046875 0.00830078125 0.0068359375
11 0.791015625 0.38671875 0.00830078125 0.0068359375
11 0.791015625 0.47314453125 0.00830078125 0.0068359375
11 0.76025390625 0.1220703125 0.00830078125 0.0068359375
11 0.76025390625 0.1884765625 0.00830078125 0.0068359375
11 0.76025390625 0.2451171875 0.00830078125 0.0068359375
11 0.36083984375 0.25146484375 0.00830078125 0.0068359375
11 0.36083984375 0.12841796875 0.00830078125 0.0068359375
11 0.36083984375 0.1943359375 0.00830078125 0.0068359375
11 0.34521484375 0.13134765625 0.00830078125 0.00732421875
11 0.34521484375 0.197265625 0.00830078125 0.0068359375
11 0.34521484375 0.25439453125 0.00830078125 0.0068359375
11 0.3994140625 0.13427734375 0.0078125 0.0068359375
11 0.3994140625 0.2001953125 0.0078125 0.00732421875
11 0.3994140625 0.25732421875 0.0078125 0.0068359375
12 0.41650390625 0.1220703125 0.0087890625 0.0068359375
12 0.41650390625 0.1884765625 0.0087890625 0.0068359375
12 0.41650390625 0.2451171875 0.0087890625 0.0068359375
11 0.3837890625 0.13134765625 0.00830078125 0.00732421875
11 0.3837890625 0.197265625 0.00830078125 0.0068359375
11 0.3837890625 0.25439453125 0.00830078125 0.0068359375
19 0.30712890625 0.3818359375 0.00830078125 0.00390625
15 0.306640625 0.251953125 0.0078125 0.01171875
10 0.244140625 0.25 0.0166015625 0.0458984375
19 0.30712890625 0.31591796875 0.00830078125 0.00390625
1 0.24365234375 0.31591796875 0.017578125 0.02099609375
10 0.244140625 0.18408203125 0.0166015625 0.0458984375
1 0.24365234375 0.3818359375 0.017578125 0.02099609375
19 0.30712890625 0.44775390625 0.00830078125 0.00390625
1 0.24365234375 0.44775390625 0.017578125 0.02099609375
15 0.306640625 0.1201171875 0.0078125 0.01171875
10 0.244140625 0.11767578125 0.0166015625 0.0458984375
15 0.306640625 0.18603515625 0.0078125 0.01171875
11 0.330078125 0.13427734375 0.00830078125 0.0068359375
11 0.330078125 0.2001953125 0.00830078125 0.00732421875
11 0.330078125 0.25732421875 0.00830078125 0.0068359375
11 0.5068359375 0.13427734375 0.00830078125 0.0068359375
11 0.5068359375 0.2001953125 0.00830078125 0.00732421875
11 0.5068359375 0.25732421875 0.00830078125 0.0068359375
21 0.4150390625 0.31591796875 0.00634765625 0.0185546875
11 0.53759765625 0.12841796875 0.00830078125 0.0068359375
11 0.53759765625 0.1943359375 0.00830078125 0.0068359375
11 0.53759765625 0.25146484375 0.00830078125 0.0068359375
11 0.52197265625 0.13134765625 0.00830078125 0.00732421875
11 0.52197265625 0.197265625 0.00830078125 0.0068359375
11 0.52197265625 0.25439453125 0.00830078125 0.0068359375
11 0.4453125 0.47314453125 0.00830078125 0.0068359375
11 0.4453125 0.3203125 0.00830078125 0.0068359375
11 0.4453125 0.38671875 0.00830078125 0.0068359375
21 0.4150390625 0.38232421875 0.00634765625 0.0185546875
21 0.4150390625 0.4482421875 0.00634765625 0.01806640625
15 0.48388671875 0.18603515625 0.0078125 0.01171875
15 0.48388671875 0.251953125 0.0078125 0.01171875
12 0.484375 0.3203125 0.0087890625 0.0068359375
15 0.48388671875 0.1201171875 0.0078125 0.01171875
12 0.484375 0.38671875 0.0087890625 0.0068359375
12 0.484375 0.47314453125 0.0087890625 0.0068359375
11 0.64697265625 0.7919921875 0.00830078125 0.00732421875
11 0.66162109375 0.60302734375 0.00830078125 0.0068359375
11 0.66162109375 0.6689453125 0.00830078125 0.00732421875
11 0.66162109375 0.72607421875 0.00830078125 0.0068359375
11 0.66162109375 0.7890625 0.00830078125 0.0068359375
11 0.64697265625 0.60595703125 0.00830078125 0.0068359375
11 0.64697265625 0.67236328125 0.00830078125 0.0068359375
11 0.64697265625 0.72900390625 0.00830078125 0.0068359375
11 0.67626953125 0.7978515625 0.00830078125 0.0068359375
11 0.67626953125 0.7353515625 0.00830078125 0.0068359375
11 0.6982421875 0.60595703125 0.00830078125 0.0068359375
11 0.6982421875 0.67236328125 0.00830078125 0.0068359375
11 0.6982421875 0.72900390625 0.00830078125 0.0068359375
11 0.6982421875 0.7919921875 0.00830078125 0.00732421875
11 0.67626953125 0.59130859375 0.00830078125 0.0068359375
11 0.67626953125 0.6572265625 0.00830078125 0.0068359375
13 0.5458984375 0.80126953125 0.01123046875 0.00732421875
13 0.5458984375 0.59423828125 0.01123046875 0.00732421875
13 0.5458984375 0.66015625 0.01123046875 0.00732421875
13 0.5458984375 0.73828125 0.01123046875 0.00732421875
12 0.54443359375 0.8701171875 0.0087890625 0.0068359375
12 0.54443359375 0.95703125 0.0087890625 0.0068359375
12 0.62548828125 0.95703125 0.0087890625 0.0068359375
12 0.58154296875 0.8701171875 0.0087890625 0.0068359375
12 0.58154296875 0.95703125 0.0087890625 0.0068359375
15 0.625 0.60400390625 0.0078125 0.01171875
15 0.625 0.669921875 0.0078125 0.01171875
15 0.625 0.73583984375 0.0078125 0.01171875
15 0.625 0.8017578125 0.0078125 0.01171875
12 0.62548828125 0.8701171875 0.0087890625 0.0068359375
11 0.8017578125 0.58544921875 0.00830078125 0.00732421875
11 0.8017578125 0.6513671875 0.00830078125 0.0068359375
11 0.8017578125 0.72900390625 0.00830078125 0.0068359375
11 0.8017578125 0.7919921875 0.00830078125 0.00732421875
11 0.72705078125 0.59130859375 0.00830078125 0.0068359375
11 0.72705078125 0.6572265625 0.00830078125 0.0068359375
11 0.72705078125 0.7353515625 0.00830078125 0.0068359375
11 0.72705078125 0.7978515625 0.00830078125 0.0068359375
12 0.7275390625 0.8701171875 0.0087890625 0.0068359375
12 0.7275390625 0.95703125 0.0087890625 0.0068359375
11 0.71240234375 0.60302734375 0.00830078125 0.0068359375
11 0.71240234375 0.6689453125 0.00830078125 0.00732421875
11 0.71240234375 0.72607421875 0.00830078125 0.0068359375
11 0.71240234375 0.7890625 0.00830078125 0.0068359375
11 0.763671875 0.60302734375 0.00830078125 0.0068359375
11 0.763671875 0.6689453125 0.00830078125 0.00732421875
11 0.763671875 0.72607421875 0.00830078125 0.0068359375
11 0.763671875 0.7890625 0.00830078125 0.0068359375
11 0.77880859375 0.59130859375 0.00830078125 0.0068359375
11 0.77880859375 0.6572265625 0.00830078125 0.0068359375
11 0.77880859375 0.7353515625 0.00830078125 0.0068359375
11 0.77880859375 0.7978515625 0.00830078125 0.0068359375
11 0.7490234375 0.60595703125 0.00830078125 0.0068359375
11 0.7490234375 0.67236328125 0.00830078125 0.0068359375
11 0.7490234375 0.72900390625 0.00830078125 0.0068359375
11 0.7490234375 0.7919921875 0.00830078125 0.00732421875
15 0.341796875 0.60400390625 0.0078125 0.01171875
15 0.341796875 0.669921875 0.0078125 0.01171875
15 0.341796875 0.73583984375 0.0078125 0.01171875
15 0.341796875 0.8017578125 0.0078125 0.01171875
12 0.34228515625 0.8701171875 0.0087890625 0.0068359375
12 0.34228515625 0.95703125 0.0087890625 0.0068359375
12 0.29931640625 0.7412109375 0.0087890625 0.0068359375
12 0.29931640625 0.7919921875 0.0087890625 0.00732421875
12 0.29931640625 0.8583984375 0.0087890625 0.0068359375
12 0.29931640625 0.94482421875 0.0087890625 0.00732421875
11 0.36376953125 0.7919921875 0.00830078125 0.00732421875
11 0.36376953125 0.60595703125 0.00830078125 0.0068359375
11 0.36376953125 0.67236328125 0.00830078125 0.0068359375
11 0.36376953125 0.72900390625 0.00830078125 0.0068359375
12 0.29931640625 0.67236328125 0.0087890625 0.0068359375
1 0.193359375 0.79931640625 0.017578125 0.02099609375
1 0.193359375 0.865234375 0.017578125 0.02099609375
1 0.193359375 0.93115234375 0.017578125 0.02099609375
11 0.23974609375 0.60302734375 0.00830078125 0.0068359375
11 0.23974609375 0.6748046875 0.00830078125 0.0068359375
11 0.23974609375 0.7470703125 0.00830078125 0.0068359375
11 0.23974609375 0.79541015625 0.00830078125 0.0068359375
11 0.23974609375 0.861328125 0.00830078125 0.00732421875
11 0.23974609375 0.9482421875 0.00830078125 0.0068359375
10 0.19384765625 0.60205078125 0.0166015625 0.0458984375
10 0.19384765625 0.66796875 0.0166015625 0.0458984375
10 0.19384765625 0.73388671875 0.0166015625 0.0458984375
11 0.27001953125 0.94189453125 0.00830078125 0.0068359375
11 0.27001953125 0.85498046875 0.00830078125 0.00732421875
12 0.29931640625 0.60009765625 0.0087890625 0.00732421875
11 0.27001953125 0.59716796875 0.00830078125 0.0068359375
11 0.27001953125 0.6689453125 0.00830078125 0.00732421875
11 0.27001953125 0.7412109375 0.00830078125 0.0068359375
11 0.27001953125 0.7890625 0.00830078125 0.0068359375
11 0.4658203125 0.60595703125 0.00830078125 0.0068359375
11 0.4658203125 0.67236328125 0.00830078125 0.0068359375
11 0.4658203125 0.72900390625 0.00830078125 0.0068359375
11 0.4658203125 0.7919921875 0.00830078125 0.00732421875
11 0.48046875 0.60302734375 0.00830078125 0.0068359375
11 0.48046875 0.6689453125 0.00830078125 0.00732421875
11 0.48046875 0.72607421875 0.00830078125 0.0068359375
11 0.44384765625 0.7353515625 0.00830078125 0.0068359375
11 0.44384765625 0.7978515625 0.00830078125 0.0068359375
12 0.4443359375 0.8701171875 0.0087890625 0.0068359375
12 0.4443359375 0.95703125 0.0087890625 0.0068359375
11 0.48046875 0.7890625 0.00830078125 0.0068359375
11 0.51708984375 0.58837890625 0.00830078125 0.0068359375
11 0.51708984375 0.654296875 0.00830078125 0.00732421875
11 0.51708984375 0.732421875 0.00830078125 0.0068359375
11 0.51708984375 0.79541015625 0.00830078125 0.0068359375
11 0.49560546875 0.59130859375 0.0078125 0.0068359375
11 0.49560546875 0.6572265625 0.0078125 0.0068359375
11 0.49560546875 0.7353515625 0.0078125 0.0068359375
11 0.49560546875 0.7978515625 0.0078125 0.0068359375
11 0.39306640625 0.6572265625 0.00830078125 0.0068359375
11 0.39306640625 0.7353515625 0.00830078125 0.0068359375
11 0.39306640625 0.7978515625 0.00830078125 0.0068359375
11 0.39306640625 0.59130859375 0.00830078125 0.0068359375
11 0.44384765625 0.6572265625 0.00830078125 0.0068359375
11 0.4150390625 0.67236328125 0.00830078125 0.0068359375
11 0.4150390625 0.72900390625 0.00830078125 0.0068359375
11 0.4150390625 0.7919921875 0.00830078125 0.00732421875
11 0.37841796875 0.60302734375 0.00830078125 0.0068359375
11 0.37841796875 0.6689453125 0.00830078125 0.00732421875
11 0.37841796875 0.72607421875 0.00830078125 0.0068359375
11 0.37841796875 0.7890625 0.00830078125 0.0068359375
11 0.4150390625 0.60595703125 0.00830078125 0.0068359375
11 0.4296875 0.7890625 0.00830078125 0.0068359375
11 0.4296875 0.60302734375 0.00830078125 0.0068359375
11 0.4296875 0.6689453125 0.00830078125 0.00732421875
11 0.4296875 0.72607421875 0.00830078125 0.0068359375
11 0.44384765625 0.59130859375 0.00830078125 0.0068359375