11 0.607421875 0.068359375 0.0078125 0.0068359375
11 0.5966796875 0.0654296875 0.00830078125 0.00732421875
11 0.58642578125 0.0625 0.00830078125 0.0068359375
11 0.658203125 0.0625 0.00830078125 0.0068359375
11 0.6328125 0.0654296875 0.00830078125 0.00732421875
11 0.64306640625 0.068359375 0.00830078125 0.0068359375
11 0.6220703125 0.0625 0.00830078125 0.0068359375
11 0.54296875 0.0654296875 0.00830078125 0.00732421875
11 0.5244140625 0.0595703125 0.00830078125 0.0068359375
11 0.5107421875 0.0625 0.00830078125 0.0068359375
11 0.49853515625 0.04736328125 0.00830078125 0.0068359375
11 0.5712890625 0.068359375 0.00830078125 0.0068359375
22 0.7685546875 0.06396484375 0.00830078125 0.00390625
11 0.69873046875 0.0654296875 0.00830078125 0.00732421875
11 0.67919921875 0.068359375 0.0078125 0.0068359375
11 0.6689453125 0.0654296875 0.00830078125 0.00732421875
12 0.7431640625 0.068359375 0.0087890625 0.0068359375
11 0.71630859375 0.0712890625 0.00830078125 0.0068359375
11 0.3154296875 0.03857421875 0.00830078125 0.0068359375
11 0.30419921875 0.04150390625 0.00830078125 0.0068359375
11 0.29248046875 0.044921875 0.00830078125 0.0068359375
11 0.35205078125 0.044921875 0.00830078125 0.0068359375
11 0.28125 0.03857421875 0.00830078125 0.0068359375
11 0.33837890625 0.04150390625 0.00830078125 0.0068359375
11 0.32666015625 0.044921875 0.00830078125 0.0068359375
11 0.2353515625 0.04150390625 0.00830078125 0.0068359375
10 0.19287109375 0.0673828125 0.0166015625 0.0458984375
11 0.26953125 0.04150390625 0.00830078125 0.0068359375
11 0.25830078125 0.044921875 0.00830078125 0.0068359375
11 0.2470703125 0.03857421875 0.00830078125 0.0068359375
11 0.44482421875 0.04736328125 0.00830078125 0.0068359375
11 0.43017578125 0.056640625 0.00830078125 0.0068359375
11 0.48388671875 0.056640625 0.00830078125 0.0068359375
11 0.4716796875 0.04736328125 0.00830078125 0.0068359375
11 0.45703125 0.056640625 0.00830078125 0.0068359375
11 0.37451171875 0.044921875 0.00830078125 0.0068359375
11 0.392578125 0.05078125 0.00830078125 0.00732421875
11 0.41796875 0.04736328125 0.00830078125 0.0068359375
11 0.36328125 0.04736328125 0.00830078125 0.0068359375
11 0.625 0.1640625 0.00830078125 0.0068359375
11 0.6123046875 0.18505859375 0.00830078125 0.0068359375
11 0.7099609375 0.1640625 0.00830078125 0.0068359375
11 0.64306640625 0.1611328125 0.00830078125 0.0068359375
11 0.66455078125 0.1669921875 0.0078125 0.00732421875
11 0.5732421875 0.17626953125 0.00830078125 0.0068359375
11 0.55517578125 0.1728515625 0.00830078125 0.0068359375
15 0.533203125 0.1796875 0.0078125 0.01171875
11 0.595703125 0.17919921875 0.00830078125 0.0068359375
11 0.81005859375 0.1611328125 0.00830078125 0.0068359375
11 0.79345703125 0.15234375 0.00830078125 0.00732421875
11 0.7265625 0.1728515625 0.00830078125 0.0068359375
11 0.77001953125 0.1611328125 0.00830078125 0.0068359375
11 0.75732421875 0.1552734375 0.00830078125 0.0068359375
11 0.7392578125 0.158203125 0.00830078125 0.0068359375
11 0.33837890625 0.1611328125 0.00830078125 0.0068359375
11 0.326171875 0.1552734375 0.00830078125 0.0068359375
11 0.302734375 0.18798828125 0.00830078125 0.00732421875
11 0.36474609375 0.17919921875 0.00830078125 0.0068359375
10 0.19287109375 0.177734375 0.0166015625 0.0458984375
11 0.2841796875 0.158203125 0.00830078125 0.0068359375
11 0.27197265625 0.15234375 0.00830078125 0.00732421875
11 0.24853515625 0.18505859375 0.00830078125 0.0068359375
11 0.48828125 0.18505859375 0.00830078125 0.0068359375
11 0.4619140625 0.1669921875 0.00830078125 0.00732421875
11 0.44091796875 0.1611328125 0.00830078125 0.0068359375
11 0.51171875 0.169921875 0.00830078125 0.0068359375
11 0.38818359375 0.158203125 0.00830078125 0.0068359375
11 0.41748046875 0.18212890625 0.0078125 0.00732421875
11 0.400390625 0.1640625 0.00830078125 0.0068359375
11 0.634765625 0.2744140625 0.00830078125 0.0068359375
11 0.61767578125 0.2685546875 0.00830078125 0.00732421875
11 0.6787109375 0.2626953125 0.00830078125 0.0068359375
11 0.65625 0.265625 0.00830078125 0.0068359375
11 0.58642578125 0.2685546875 0.00830078125 0.00732421875
11 0.56298828125 0.28369140625 0.00830078125 0.00732421875
11 0.5458984375 0.27783203125 0.00830078125 0.0068359375
11 0.60498046875 0.271484375 0.00830078125 0.0068359375
11 0.8046875 0.28369140625 0.00830078125 0.00732421875
11 0.79248046875 0.27783203125 0.00830078125 0.0068359375
11 0.73193359375 0.2744140625 0.00830078125 0.0068359375
15 0.7099609375 0.2900390625 0.0078125 0.01171875
15 0.77001953125 0.2900390625 0.0078125 0.01171875
11 0.75146484375 0.28076171875 0.00830078125 0.0068359375
11 0.34423828125 0.27783203125 0.00830078125 0.0068359375
8 0.310546875 0.28955078125 0.00634765625 0.017578125
11 0.31103515625 0.27783203125 0.00830078125 0.0068359375
15 0.28857421875 0.2900390625 0.0078125 0.01171875
11 0.36962890625 0.28076171875 0.00830078125 0.0068359375
10 0.19287109375 0.2880859375 0.0166015625 0.0458984375
11 0.2353515625 0.2685546875 0.00830078125 0.00732421875
11 0.2666015625 0.2744140625 0.00830078125 0.0068359375
11 0.25390625 0.271484375 0.00830078125 0.0068359375
11 0.4873046875 0.2744140625 0.00830078125 0.0068359375
11 0.46337890625 0.29541015625 0.00830078125 0.0068359375
11 0.533203125 0.28076171875 0.00830078125 0.0068359375
11 0.509765625 0.2744140625 0.00830078125 0.0068359375
11 0.41015625 0.28662109375 0.00830078125 0.0068359375
11 0.4326171875 0.28369140625 0.00830078125 0.00732421875
11 0.388671875 0.28369140625 0.00830078125 0.00732421875
15 0.63671875 0.40087890625 0.0078125 0.01171875
11 0.69287109375 0.39404296875 0.00830078125 0.0068359375
8 0.67333984375 0.4033203125 0.00634765625 0.01806640625
11 0.67431640625 0.39111328125 0.00830078125 0.0068359375
8 0.65478515625 0.4033203125 0.00634765625 0.01806640625
11 0.6552734375 0.39111328125 0.00830078125 0.0068359375
11 0.5556640625 0.38525390625 0.00830078125 0.00732421875
11 0.5439453125 0.37939453125 0.00830078125 0.0068359375
11 0.61279296875 0.38818359375 0.00830078125 0.0068359375
11 0.59228515625 0.38232421875 0.00830078125 0.0068359375
11 0.57177734375 0.4091796875 0.00830078125 0.0068359375
11 0.79345703125 0.38818359375 0.00830078125 0.0068359375
11 0.77294921875 0.38232421875 0.00830078125 0.0068359375
11 0.7294921875 0.39990234375 0.00830078125 0.00732421875
11 0.708984375 0.39697265625 0.00830078125 0.0068359375
11 0.7451171875 0.40625 0.00830078125 0.00732421875
11 0.7568359375 0.38525390625 0.0078125 0.00732421875
11 0.34375 0.38525390625 0.00830078125 0.00732421875
8 0.32470703125 0.39404296875 0.00634765625 0.01806640625
11 0.3251953125 0.38232421875 0.00830078125 0.0068359375
8 0.3623046875 0.3974609375 0.00634765625 0.017578125
11 0.36279296875 0.38525390625 0.00830078125 0.00732421875
8 0.34326171875 0.3974609375 0.00634765625 0.017578125
11 0.23583984375 0.39111328125 0.00830078125 0.0068359375
10 0.19287109375 0.3984375 0.0166015625 0.0458984375
11 0.298828125 0.38232421875 0.00830078125 0.0068359375
11 0.2783203125 0.39404296875 0.00830078125 0.0068359375
11 0.38671875 0.38818359375 0.00830078125 0.0068359375
11 0.25927734375 0.39697265625 0.00830078125 0.0068359375
11 0.4677734375 0.4033203125 0.00830078125 0.0068359375
11 0.48828125 0.3759765625 0.00830078125 0.0068359375
11 0.52392578125 0.40625 0.00830078125 0.00732421875
11 0.453125 0.37939453125 0.00830078125 0.0068359375
11 0.49951171875 0.38232421875 0.00830078125 0.0068359375
11 0.44189453125 0.37353515625 0.00830078125 0.0068359375
11 0.42138671875 0.39990234375 0.00830078125 0.00732421875
11 0.40087890625 0.4033203125 0.00830078125 0.0068359375
11 0.53125 0.5078125 0.00830078125 0.0068359375
11 0.576171875 0.5048828125 0.00830078125 0.0068359375
11 0.6376953125 0.5166015625 0.00830078125 0.0068359375
11 0.48486328125 0.5166015625 0.0078125 0.0068359375
21 0.71875 0.50927734375 0.00634765625 0.0185546875
11 0.26953125 0.5048828125 0.00830078125 0.0068359375
11 0.2353515625 0.49560546875 0.00830078125 0.0068359375
11 0.28759765625 0.48974609375 0.00830078125 0.0068359375
10 0.19287109375 0.50927734375 0.0166015625 0.0458984375
11 0.44140625 0.49560546875 0.00830078125 0.0068359375
11 0.34130859375 0.49267578125 0.00830078125 0.0068359375
11 0.3232421875 0.48681640625 0.00830078125 0.00732421875
11 0.62841796875 0.615234375 0.00830078125 0.0068359375
11 0.615234375 0.609375 0.00830078125 0.0068359375
11 0.51318359375 0.615234375 0.00830078125 0.0068359375
11 0.662109375 0.6298828125 0.00830078125 0.0068359375
11 0.6416015625 0.62109375 0.00830078125 0.0068359375
11 0.5263671875 0.62109375 0.00830078125 0.0068359375
11 0.546875 0.6240234375 0.00830078125 0.00732421875
11 0.59912109375 0.6181640625 0.00830078125 0.0068359375
11 0.56884765625 0.62109375 0.00830078125 0.0068359375
11 0.78564453125 0.6064453125 0.00830078125 0.0068359375
8 0.7705078125 0.62744140625 0.00634765625 0.01806640625
11 0.77099609375 0.615234375 0.00830078125 0.0068359375
8 0.80712890625 0.62109375 0.00634765625 0.01806640625
11 0.8076171875 0.609375 0.00830078125 0.0068359375
8 0.71142578125 0.62109375 0.00634765625 0.01806640625
11 0.7119140625 0.609375 0.0078125 0.0068359375
21 0.68310546875 0.61962890625 0.00634765625 0.01806640625
11 0.7265625 0.60009765625 0.00830078125 0.0068359375
8 0.748046875 0.615234375 0.00634765625 0.017578125
11 0.74853515625 0.603515625 0.00830078125 0.00732421875
11 0.34423828125 0.609375 0.00830078125 0.0068359375
11 0.322265625 0.6064453125 0.00830078125 0.0068359375
8 0.30712890625 0.62744140625 0.00634765625 0.01806640625
9 0.3720703125 0.60986328125 0.0068359375 0.017578125
11 0.36572265625 0.62109375 0.00830078125 0.0068359375
8 0.34375 0.62109375 0.00634765625 0.01806640625
10 0.19287109375 0.6201171875 0.0166015625 0.0458984375
11 0.24853515625 0.609375 0.00830078125 0.0068359375
11 0.3076171875 0.615234375 0.00830078125 0.0068359375
8 0.28466796875 0.615234375 0.00634765625 0.017578125
11 0.28515625 0.603515625 0.00830078125 0.00732421875
11 0.26318359375 0.60009765625 0.00830078125 0.0068359375
8 0.248046875 0.62109375 0.00634765625 0.01806640625
11 0.4482421875 0.609375 0.00830078125 0.0068359375
11 0.49072265625 0.615234375 0.00830078125 0.0068359375
11 0.47607421875 0.6123046875 0.00830078125 0.0068359375
8 0.4033203125 0.62744140625 0.00634765625 0.01806640625
11 0.40380859375 0.615234375 0.00830078125 0.0068359375
11 0.3818359375 0.6123046875 0.00830078125 0.0068359375
11 0.42626953125 0.6064453125 0.00830078125 0.0068359375
11 0.501953125 0.6181640625 0.00830078125 0.0068359375
11 0.66064453125 0.72900390625 0.00830078125 0.0068359375
11 0.6494140625 0.72607421875 0.0078125 0.00732421875
11 0.6337890625 0.72265625 0.00830078125 0.0068359375
11 0.62255859375 0.72607421875 0.00830078125 0.00732421875
11 0.6943359375 0.72900390625 0.00830078125 0.0068359375
11 0.67919921875 0.72607421875 0.00830078125 0.00732421875
11 0.59619140625 0.7197265625 0.00830078125 0.00732421875
11 0.56689453125 0.7197265625 0.00830078125 0.00732421875
11 0.611328125 0.72265625 0.00830078125 0.0068359375
11 0.80859375 0.7197265625 0.00830078125 0.00732421875
11 0.79345703125 0.72265625 0.00830078125 0.0068359375
11 0.7783203125 0.72607421875 0.00830078125 0.00732421875
11 0.732421875 0.73193359375 0.00830078125 0.0068359375
11 0.71728515625 0.72900390625 0.00830078125 0.0068359375
11 0.70556640625 0.73193359375 0.00830078125 0.0068359375
11 0.76171875 0.73193359375 0.00830078125 0.0068359375
11 0.74365234375 0.73486328125 0.00830078125 0.0068359375
11 0.349609375 0.72265625 0.00830078125 0.0068359375
11 0.3203125 0.7197265625 0.00830078125 0.00732421875
11 0.4013671875 0.73193359375 0.00830078125 0.0068359375
11 0.38720703125 0.72607421875 0.00830078125 0.00732421875
11 0.3759765625 0.72900390625 0.00830078125 0.0068359375
11 0.36474609375 0.72607421875 0.00830078125 0.00732421875
11 0.2744140625 0.72607421875 0.00830078125 0.00732421875
11 0.251953125 0.72265625 0.00830078125 0.0068359375
9 0.24169921875 0.720703125 0.0068359375 0.017578125
11 0.2353515625 0.73193359375 0.00830078125 0.0068359375
10 0.19287109375 0.73046875 0.0166015625 0.0458984375
11 0.29736328125 0.716796875 0.00830078125 0.0068359375
8 0.27392578125 0.73779296875 0.00634765625 0.017578125
11 0.47607421875 0.72900390625 0.00830078125 0.0068359375
11 0.541015625 0.74072265625 0.00830078125 0.00732421875
11 0.52001953125 0.73193359375 0.00830078125 0.0068359375
11 0.50634765625 0.72607421875 0.00830078125 0.00732421875
11 0.49267578125 0.7197265625 0.00830078125 0.00732421875
11 0.42236328125 0.73486328125 0.00830078125 0.0068359375
11 0.4453125 0.73193359375 0.00830078125 0.0068359375
11 0.654296875 0.82470703125 0.00830078125 0.0068359375
11 0.62841796875 0.8271484375 0.00830078125 0.0068359375
11 0.6103515625 0.83056640625 0.00830078125 0.0068359375
11 0.6669921875 0.8212890625 0.00830078125 0.00732421875
11 0.5751953125 0.818359375 0.00830078125 0.0068359375
11 0.54833984375 0.8212890625 0.00830078125 0.00732421875
11 0.53564453125 0.818359375 0.00830078125 0.0068359375
11 0.591796875 0.83056640625 0.00830078125 0.0068359375
11 0.8046875 0.8154296875 0.00830078125 0.0068359375
11 0.78662109375 0.818359375 0.00830078125 0.0068359375
11 0.76806640625 0.818359375 0.00830078125 0.0068359375
11 0.7421875 0.818359375 0.00830078125 0.0068359375
11 0.71630859375 0.8212890625 0.00830078125 0.00732421875
11 0.6982421875 0.82470703125 0.00830078125 0.0068359375
11 0.75537109375 0.8154296875 0.00830078125 0.0068359375
11 0.68017578125 0.82470703125 0.00830078125 0.0068359375
11 0.34423828125 0.83642578125 0.00830078125 0.0068359375
11 0.326171875 0.83642578125 0.00830078125 0.0068359375
11 0.31298828125 0.83935546875 0.00830078125 0.0068359375
11 0.396484375 0.83056640625 0.00830078125 0.0068359375
11 0.52294921875 0.8154296875 0.00830078125 0.0068359375
11 0.3701171875 0.84228515625 0.00830078125 0.00732421875
11 0.35693359375 0.83935546875 0.00830078125 0.0068359375
10 0.19287109375 0.8408203125 0.0166015625 0.0458984375
11 0.2353515625 0.84228515625 0.00830078125 0.00732421875
11 0.30029296875 0.84228515625 0.00830078125 0.00732421875
21 0.26318359375 0.8408203125 0.00634765625 0.0185546875
11 0.43359375 0.83056640625 0.00830078125 0.0068359375
11 0.49169921875 0.8212890625 0.00830078125 0.00732421875
11 0.453125 0.8212890625 0.00830078125 0.00732421875
11 0.478515625 0.82470703125 0.00830078125 0.0068359375
11 0.4150390625 0.83056640625 0.00830078125 0.0068359375
11 0.50439453125 0.818359375 0.00830078125 0.0068359375
11 0.619140625 0.93505859375 0.00830078125 0.0068359375
11 0.60498046875 0.93798828125 0.00830078125 0.00732421875
11 0.6376953125 0.94091796875 0.00830078125 0.0068359375
11 0.669921875 0.94384765625 0.00830078125 0.00732421875
11 0.50732421875 0.94677734375 0.00830078125 0.0068359375
11 0.529296875 0.92919921875 0.00830078125 0.0068359375
11 0.57080078125 0.93212890625 0.0078125 0.0068359375
11 0.59130859375 0.93505859375 0.00830078125 0.0068359375
11 0.78466796875 0.93505859375 0.00830078125 0.0068359375
11 0.8037109375 0.94091796875 0.00830078125 0.0068359375
11 0.703125 0.94091796875 0.00830078125 0.0068359375
11 0.744140625 0.93798828125 0.00830078125 0.00732421875
11 0.76611328125 0.92919921875 0.00830078125 0.0068359375
11 0.3291015625 0.94970703125 0.00830078125 0.0068359375
11 0.3505859375 0.93505859375 0.00830078125 0.0068359375
11 0.36962890625 0.94970703125 0.00830078125 0.0068359375
10 0.19287109375 0.95166015625 0.0166015625 0.0458984375
11 0.23583984375 0.94384765625 0.00830078125 0.00732421875
11 0.2685546875 0.94091796875 0.0078125 0.0068359375
11 0.31005859375 0.93798828125 0.00830078125 0.00732421875
11 0.43115234375 0.92919921875 0.00830078125 0.0068359375
11 0.451171875 0.93212890625 0.00830078125 0.0068359375
11 0.46533203125 0.93505859375 0.00830078125 0.0068359375
11 0.39794921875 0.93212890625 0.00830078125 0.0068359375
11 0.48828125 0.92626953125 0.00830078125 0.0068359375