11 0.69482421875 0.12158203125 0.00830078125 0.0068359375
11 0.69482421875 0.1572265625 0.00830078125 0.0068359375
11 0.69482421875 0.1513671875 0.00830078125 0.0068359375
19 0.640625 0.17041015625 0.00830078125 0.00390625
21 0.60888671875 0.1708984375 0.00634765625 0.01806640625
12 0.60986328125 0.125 0.0087890625 0.00732421875
13 0.6962890625 0.04541015625 0.01123046875 0.0068359375
11 0.5771484375 0.154296875 0.00830078125 0.0068359375
11 0.5771484375 0.16015625 0.00830078125 0.0068359375
11 0.5771484375 0.125 0.00830078125 0.00732421875
13 0.57861328125 0.0419921875 0.01123046875 0.00732421875
12 0.5166015625 0.11279296875 0.0087890625 0.0068359375
13 0.57861328125 0.2822265625 0.01123046875 0.0068359375
11 0.79052734375 0.11572265625 0.00830078125 0.0068359375
22 0.62353515625 0.2255859375 0.00830078125 0.00390625
22 0.51806640625 0.16796875 0.00830078125 0.00390625
22 0.51806640625 0.2255859375 0.00830078125 0.00390625
19 0.759765625 0.17041015625 0.00830078125 0.00390625
11 0.759765625 0.10986328125 0.0078125 0.00732421875
21 0.7265625 0.1708984375 0.00634765625 0.01806640625
11 0.7275390625 0.11572265625 0.00830078125 0.0068359375
13 0.6962890625 0.28564453125 0.01123046875 0.00732421875
13 0.22021484375 0.30029296875 0.01123046875 0.00732421875
12 0.21923828125 0.22998046875 0.0087890625 0.00732421875
12 0.21923828125 0.23583984375 0.0087890625 0.0068359375
11 0.21875 0.166015625 0.00830078125 0.0068359375
11 0.21875 0.17236328125 0.00830078125 0.0068359375
13 0.22021484375 0.12158203125 0.01123046875 0.0068359375
11 0.291015625 0.166015625 0.00830078125 0.0068359375
11 0.32177734375 0.17822265625 0.00830078125 0.0068359375
12 0.29150390625 0.220703125 0.0087890625 0.0068359375
12 0.2841796875 0.22412109375 0.0087890625 0.0068359375
11 0.291015625 0.16015625 0.00830078125 0.0068359375
11 0.271484375 0.166015625 0.00830078125 0.0068359375
11 0.25146484375 0.1689453125 0.00830078125 0.00732421875
22 0.7509765625 0.2255859375 0.00830078125 0.00390625
10 0.19384765625 0.05859375 0.0166015625 0.0458984375
0 0.17529296875 0.20068359375 0.005859375 0.0830078125
13 0.22021484375 0.04833984375 0.01123046875 0.00732421875
1 0.193359375 0.29248046875 0.017578125 0.02099609375
1 0.193359375 0.22802734375 0.017578125 0.02099609375
10 0.19384765625 0.1708984375 0.0166015625 0.04541015625
10 0.19384765625 0.1142578125 0.0166015625 0.0458984375
19 0.4296875 0.17041015625 0.00830078125 0.00390625
21 0.39794921875 0.1708984375 0.00634765625 0.01806640625
11 0.32177734375 0.17236328125 0.00830078125 0.0068359375
13 0.4853515625 0.2822265625 0.01123046875 0.0068359375
11 0.48388671875 0.11279296875 0.0078125 0.0068359375
13 0.4853515625 0.0419921875 0.01123046875 0.00732421875
11 0.36669921875 0.154296875 0.00830078125 0.0068359375
13 0.3681640625 0.05126953125 0.01123046875 0.0068359375
13 0.3681640625 0.11279296875 0.01123046875 0.0068359375
13 0.3681640625 0.30322265625 0.01123046875 0.0068359375
13 0.3681640625 0.2177734375 0.01123046875 0.00732421875
13 0.3681640625 0.2265625 0.01123046875 0.0068359375
13 0.3681640625 0.23291015625 0.01123046875 0.0068359375
13 0.3681640625 0.23876953125 0.01123046875 0.00732421875
11 0.63232421875 0.4375 0.00830078125 0.0068359375
13 0.7265625 0.626953125 0.01123046875 0.0068359375
12 0.7255859375 0.4892578125 0.0087890625 0.0068359375
12 0.7255859375 0.498046875 0.0087890625 0.0068359375
12 0.7255859375 0.50439453125 0.0087890625 0.0068359375
12 0.7255859375 0.51025390625 0.0087890625 0.0068359375
12 0.7255859375 0.51904296875 0.0087890625 0.0068359375
12 0.7255859375 0.52490234375 0.0087890625 0.0068359375
12 0.7255859375 0.431640625 0.0087890625 0.00732421875
13 0.7265625 0.3701171875 0.01123046875 0.00732421875
19 0.66748046875 0.50537109375 0.00830078125 0.00390625
12 0.66748046875 0.431640625 0.0087890625 0.00732421875
13 0.59765625 0.626953125 0.01123046875 0.0068359375
12 0.5966796875 0.4892578125 0.0087890625 0.0068359375
12 0.5966796875 0.498046875 0.0087890625 0.0068359375
12 0.5966796875 0.50439453125 0.0087890625 0.0068359375
12 0.5966796875 0.51025390625 0.0087890625 0.0068359375
12 0.5966796875 0.51904296875 0.0087890625 0.0068359375
12 0.5966796875 0.52490234375 0.0087890625 0.0068359375
11 0.59619140625 0.44677734375 0.00830078125 0.00732421875
13 0.59765625 0.3701171875 0.01123046875 0.00732421875
19 0.53857421875 0.50537109375 0.00830078125 0.00390625
0 0.17529296875 0.5361328125 0.005859375 0.0830078125
22 0.3935546875 0.56103515625 0.00830078125 0.00390625
22 0.51953125 0.56103515625 0.00830078125 0.00390625
22 0.64794921875 0.56103515625 0.00830078125 0.00390625
19 0.7734375 0.50537109375 0.00830078125 0.00390625
12 0.77392578125 0.4375 0.0087890625 0.0068359375
13 0.345703125 0.3671875 0.01123046875 0.00732421875
19 0.287109375 0.50537109375 0.00830078125 0.00390625
12 0.287109375 0.42578125 0.0087890625 0.0068359375
13 0.345703125 0.4287109375 0.01123046875 0.0068359375
21 0.25146484375 0.505859375 0.00634765625 0.0185546875
11 0.25244140625 0.4345703125 0.00830078125 0.0068359375
22 0.26708984375 0.56103515625 0.00830078125 0.00390625
13 0.345703125 0.62353515625 0.01123046875 0.00732421875
11 0.34423828125 0.4892578125 0.00830078125 0.0068359375
1 0.193359375 0.6279296875 0.017578125 0.02099609375
1 0.193359375 0.5634765625 0.017578125 0.02099609375
10 0.19384765625 0.505859375 0.0166015625 0.0458984375
10 0.19384765625 0.43310546875 0.0166015625 0.04541015625
10 0.19384765625 0.37744140625 0.0166015625 0.04541015625
22 0.765625 0.56103515625 0.00830078125 0.00390625
13 0.22021484375 0.62060546875 0.01123046875 0.0068359375
11 0.21875 0.498046875 0.00830078125 0.0068359375
11 0.21875 0.42578125 0.00830078125 0.0068359375
13 0.22021484375 0.3642578125 0.01123046875 0.0068359375
21 0.5048828125 0.505859375 0.00634765625 0.0185546875
13 0.47265625 0.62353515625 0.01123046875 0.00732421875
11 0.47119140625 0.4833984375 0.00830078125 0.0068359375
19 0.4111328125 0.50537109375 0.00830078125 0.00390625
13 0.47265625 0.3671875 0.01123046875 0.00732421875
21 0.37744140625 0.505859375 0.00634765625 0.0185546875
13 0.47265625 0.4375 0.01123046875 0.00732421875
11 0.6279296875 0.77294921875 0.0078125 0.0068359375
11 0.6279296875 0.9482421875 0.0078125 0.0068359375
11 0.64111328125 0.951171875 0.00830078125 0.0068359375
11 0.654296875 0.71435546875 0.00830078125 0.0068359375
11 0.654296875 0.77587890625 0.00830078125 0.00732421875
11 0.654296875 0.9541015625 0.00830078125 0.0068359375
11 0.666015625 0.95703125 0.00830078125 0.0068359375
11 0.666015625 0.78515625 0.00830078125 0.0068359375
11 0.666015625 0.72021484375 0.00830078125 0.00732421875
11 0.5390625 0.71435546875 0.00830078125 0.0068359375
11 0.5390625 0.77587890625 0.00830078125 0.00732421875
12 0.53955078125 0.8525390625 0.0087890625 0.0068359375
12 0.53955078125 0.8466796875 0.0087890625 0.00732421875
12 0.53955078125 0.837890625 0.0087890625 0.0068359375
12 0.53955078125 0.83203125 0.0087890625 0.00732421875
12 0.53955078125 0.826171875 0.0087890625 0.0068359375
12 0.53955078125 0.81689453125 0.0087890625 0.0068359375
13 0.54052734375 0.951171875 0.01123046875 0.00732421875
11 0.58447265625 0.77001953125 0.00830078125 0.0068359375
19 0.5849609375 0.8330078125 0.00830078125 0.00390625
11 0.58447265625 0.70849609375 0.00830078125 0.0068359375
11 0.60302734375 0.71142578125 0.00830078125 0.0068359375
11 0.60302734375 0.77294921875 0.00830078125 0.0068359375
11 0.55224609375 0.71142578125 0.00830078125 0.0068359375
11 0.55224609375 0.77294921875 0.00830078125 0.0068359375
11 0.6279296875 0.71142578125 0.0078125 0.0068359375
11 0.56640625 0.70556640625 0.00830078125 0.0068359375
11 0.56640625 0.76708984375 0.00830078125 0.0068359375
11 0.80908203125 0.71142578125 0.00830078125 0.0068359375
11 0.80908203125 0.77294921875 0.00830078125 0.0068359375
11 0.79638671875 0.71435546875 0.0078125 0.0068359375
11 0.783203125 0.8291015625 0.00830078125 0.0068359375
11 0.79638671875 0.77587890625 0.0078125 0.00732421875
11 0.79638671875 0.82568359375 0.0078125 0.00732421875
22 0.666015625 0.83056640625 0.00830078125 0.00390625
22 0.57373046875 0.88525390625 0.00830078125 0.00390625
22 0.666015625 0.88525390625 0.00830078125 0.00390625
22 0.48876953125 0.88525390625 0.00830078125 0.00390625
22 0.40966796875 0.88525390625 0.00830078125 0.00390625
22 0.32958984375 0.88525390625 0.00830078125 0.00390625
11 0.7236328125 0.8466796875 0.00830078125 0.00732421875
12 0.72412109375 0.71142578125 0.0087890625 0.0068359375
12 0.72412109375 0.77294921875 0.0087890625 0.0068359375
13 0.72509765625 0.95703125 0.01123046875 0.0068359375
11 0.6796875 0.71728515625 0.00830078125 0.0068359375
11 0.6796875 0.77880859375 0.00830078125 0.0068359375
11 0.6796875 0.96337890625 0.00830078125 0.0068359375
11 0.6982421875 0.71435546875 0.00830078125 0.0068359375
11 0.6982421875 0.77587890625 0.00830078125 0.00732421875
11 0.6982421875 0.9599609375 0.00830078125 0.00732421875
11 0.74365234375 0.8408203125 0.00830078125 0.0068359375
11 0.7568359375 0.837890625 0.00830078125 0.0068359375
11 0.7705078125 0.71142578125 0.00830078125 0.0068359375
11 0.7705078125 0.77294921875 0.00830078125 0.0068359375
11 0.7705078125 0.83203125 0.00830078125 0.00732421875
11 0.29931640625 0.70556640625 0.00830078125 0.0068359375
11 0.29931640625 0.76708984375 0.00830078125 0.0068359375
11 0.29931640625 0.8525390625 0.00830078125 0.0068359375
11 0.29931640625 0.95703125 0.00830078125 0.0068359375
11 0.35498046875 0.84375 0.00830078125 0.0068359375
11 0.35498046875 0.71142578125 0.00830078125 0.0068359375
11 0.35498046875 0.77294921875 0.00830078125 0.0068359375
11 0.35498046875 0.9482421875 0.00830078125 0.0068359375
12 0.318359375 0.71142578125 0.0087890625 0.0068359375
11 0.31787109375 0.77294921875 0.00830078125 0.0068359375
11 0.31787109375 0.84375 0.00830078125 0.0068359375
11 0.31787109375 0.9482421875 0.00830078125 0.0068359375
11 0.2744140625 0.77294921875 0.00830078125 0.0068359375
11 0.3359375 0.78173828125 0.00830078125 0.0068359375
11 0.3359375 0.8466796875 0.00830078125 0.00732421875
11 0.3359375 0.951171875 0.00830078125 0.0068359375
10 0.19384765625 0.7685546875 0.0166015625 0.0458984375
10 0.19384765625 0.83349609375 0.0166015625 0.0458984375
1 0.193359375 0.8876953125 0.017578125 0.02099609375
1 0.193359375 0.9521484375 0.017578125 0.02099609375
11 0.21875 0.71142578125 0.00830078125 0.0068359375
11 0.21875 0.77294921875 0.00830078125 0.0068359375
0 0.17529296875 0.8623046875 0.005859375 0.080078125
22 0.24609375 0.88525390625 0.00830078125 0.00390625
22 0.7666015625 0.88525390625 0.00830078125 0.00390625
10 0.19384765625 0.712890625 0.0166015625 0.0458984375
11 0.255859375 0.70556640625 0.00830078125 0.0068359375
11 0.255859375 0.76708984375 0.00830078125 0.0068359375
19 0.25634765625 0.8330078125 0.00830078125 0.00390625
11 0.2373046875 0.77001953125 0.00830078125 0.0068359375
11 0.2744140625 0.70556640625 0.00830078125 0.0068359375
12 0.21923828125 0.8525390625 0.0087890625 0.0068359375
12 0.21923828125 0.8466796875 0.0087890625 0.00732421875
12 0.21923828125 0.837890625 0.0087890625 0.0068359375
12 0.21923828125 0.83203125 0.0087890625 0.00732421875
12 0.21923828125 0.826171875 0.0087890625 0.0068359375
12 0.21923828125 0.81689453125 0.0087890625 0.0068359375
13 0.22021484375 0.95703125 0.01123046875 0.0068359375
11 0.2373046875 0.70849609375 0.00830078125 0.0068359375
11 0.43359375 0.77880859375 0.00830078125 0.0068359375
11 0.43359375 0.9482421875 0.00830078125 0.0068359375
13 0.4599609375 0.71728515625 0.01123046875 0.0068359375
11 0.45849609375 0.78173828125 0.00830078125 0.0068359375
11 0.45849609375 0.83203125 0.00830078125 0.00732421875
11 0.45849609375 0.95703125 0.00830078125 0.0068359375
12 0.49560546875 0.7880859375 0.0087890625 0.0068359375
11 0.4951171875 0.8291015625 0.00830078125 0.0068359375
11 0.4951171875 0.9541015625 0.00830078125 0.0068359375
11 0.513671875 0.83203125 0.00830078125 0.00732421875
11 0.513671875 0.95703125 0.00830078125 0.0068359375
11 0.4775390625 0.78515625 0.00830078125 0.0068359375
11 0.4775390625 0.82275390625 0.00830078125 0.0068359375
11 0.4775390625 0.9482421875 0.00830078125 0.0068359375
12 0.38037109375 0.826171875 0.0087890625 0.0068359375
11 0.3798828125 0.70849609375 0.00830078125 0.0068359375
11 0.3798828125 0.77001953125 0.00830078125 0.0068359375
12 0.38037109375 0.85595703125 0.0087890625 0.0068359375
12 0.38037109375 0.8466796875 0.0087890625 0.00732421875
12 0.38037109375 0.8408203125 0.0087890625 0.0068359375
12 0.38037109375 0.8349609375 0.0087890625 0.0068359375
12 0.38037109375 0.81982421875 0.0087890625 0.0068359375
11 0.3798828125 0.939453125 0.00830078125 0.0068359375
19 0.4150390625 0.8330078125 0.00830078125 0.00390625
12 0.4150390625 0.71728515625 0.0087890625 0.0068359375
11 0.4150390625 0.78173828125 0.00830078125 0.0068359375
11 0.4150390625 0.951171875 0.00830078125 0.0068359375
11 0.3974609375 0.9453125 0.00830078125 0.00732421875
11 0.3974609375 0.77587890625 0.00830078125 0.00732421875
11 0.3974609375 0.71435546875 0.00830078125 0.0068359375