22 0.478515625 0.20849609375 0.00830078125 0.00390625
22 0.478515625 0.36669921875 0.00830078125 0.00390625
13 0.67626953125 0.23388671875 0.01123046875 0.00732421875
13 0.67626953125 0.2158203125 0.01123046875 0.0068359375
22 0.37353515625 0.36669921875 0.00830078125 0.00390625
22 0.5732421875 0.20849609375 0.00830078125 0.00390625
13 0.67626953125 0.22802734375 0.01123046875 0.0068359375
13 0.67626953125 0.2216796875 0.01123046875 0.0068359375
22 0.37353515625 0.20849609375 0.00830078125 0.00390625
11 0.578125 0.0654296875 0.00830078125 0.00732421875
11 0.59228515625 0.06201171875 0.00830078125 0.0068359375
13 0.62841796875 0.22802734375 0.01123046875 0.0068359375
13 0.62841796875 0.2158203125 0.01123046875 0.0068359375
13 0.62841796875 0.2216796875 0.01123046875 0.0068359375
13 0.62841796875 0.23388671875 0.01123046875 0.00732421875
13 0.62841796875 0.068359375 0.01123046875 0.0068359375
11 0.60302734375 0.0654296875 0.00830078125 0.00732421875
22 0.68408203125 0.36669921875 0.00830078125 0.00390625
22 0.68408203125 0.27490234375 0.00830078125 0.00390625
22 0.68408203125 0.1318359375 0.00830078125 0.00390625
22 0.73486328125 0.1318359375 0.00830078125 0.00390625
22 0.73486328125 0.36669921875 0.00830078125 0.00390625
22 0.73486328125 0.27490234375 0.00830078125 0.00390625
22 0.73486328125 0.0546875 0.00830078125 0.00390625
22 0.63623046875 0.1318359375 0.00830078125 0.00390625
22 0.5732421875 0.36669921875 0.00830078125 0.00390625
13 0.73046875 0.21875 0.01123046875 0.00732421875
13 0.7392578125 0.224609375 0.01123046875 0.00732421875
13 0.73046875 0.22802734375 0.01123046875 0.0068359375
13 0.73046875 0.23388671875 0.01123046875 0.00732421875
13 0.78466796875 0.21875 0.01123046875 0.00732421875
13 0.79345703125 0.224609375 0.01123046875 0.00732421875
13 0.78466796875 0.22802734375 0.01123046875 0.0068359375
13 0.78466796875 0.23388671875 0.01123046875 0.00732421875
22 0.68408203125 0.0546875 0.00830078125 0.00390625
22 0.63623046875 0.36669921875 0.00830078125 0.00390625
22 0.63623046875 0.27490234375 0.00830078125 0.00390625
13 0.3447265625 0.15087890625 0.01123046875 0.0068359375
11 0.34326171875 0.068359375 0.00830078125 0.0068359375
13 0.3447265625 0.1630859375 0.01123046875 0.00732421875
13 0.3447265625 0.15673828125 0.01123046875 0.00732421875
13 0.3447265625 0.29150390625 0.01123046875 0.0068359375
11 0.30859375 0.0654296875 0.00830078125 0.00732421875
11 0.29248046875 0.05908203125 0.00830078125 0.0068359375
11 0.27587890625 0.05615234375 0.00830078125 0.0068359375
11 0.36376953125 0.0712890625 0.00830078125 0.0068359375
22 0.27294921875 0.20849609375 0.00830078125 0.00390625
10 0.19384765625 0.134765625 0.0166015625 0.0458984375
10 0.19384765625 0.0576171875 0.0166015625 0.0458984375
22 0.7890625 0.36669921875 0.00830078125 0.00390625
22 0.7890625 0.27490234375 0.00830078125 0.00390625
22 0.7890625 0.1318359375 0.00830078125 0.00390625
22 0.7890625 0.0546875 0.00830078125 0.00390625
22 0.27294921875 0.36669921875 0.00830078125 0.00390625
0 0.17529296875 0.24609375 0.00634765625 0.091796875
19 0.2490234375 0.0576171875 0.00830078125 0.00390625
13 0.25 0.2880859375 0.01123046875 0.00732421875
13 0.25 0.14208984375 0.01123046875 0.00732421875
13 0.25 0.14794921875 0.01123046875 0.00732421875
13 0.25 0.15380859375 0.01123046875 0.00732421875
1 0.193359375 0.27734375 0.017578125 0.02099609375
10 0.19384765625 0.21142578125 0.0166015625 0.0458984375
11 0.51611328125 0.05908203125 0.00830078125 0.0068359375
11 0.501953125 0.05615234375 0.00830078125 0.0068359375
11 0.4912109375 0.05615234375 0.00830078125 0.0068359375
11 0.47216796875 0.068359375 0.00830078125 0.0068359375
13 0.548828125 0.29443359375 0.01123046875 0.00732421875
13 0.548828125 0.14794921875 0.01123046875 0.00732421875
13 0.548828125 0.15380859375 0.01123046875 0.00732421875
13 0.548828125 0.15966796875 0.01123046875 0.0068359375
12 0.5478515625 0.05908203125 0.0087890625 0.0068359375
11 0.52685546875 0.06201171875 0.00830078125 0.0068359375
13 0.44580078125 0.166015625 0.01123046875 0.0068359375
13 0.44580078125 0.30029296875 0.01123046875 0.00732421875
13 0.44580078125 0.15087890625 0.01123046875 0.0068359375
13 0.44580078125 0.15966796875 0.01123046875 0.0068359375
12 0.44482421875 0.068359375 0.0087890625 0.0068359375
11 0.40478515625 0.0654296875 0.00830078125 0.00732421875
11 0.38427734375 0.068359375 0.00830078125 0.0068359375
13 0.63818359375 0.8466796875 0.01123046875 0.00732421875
13 0.63818359375 0.587890625 0.01123046875 0.00732421875
11 0.560546875 0.587890625 0.00830078125 0.00732421875
11 0.560546875 0.576171875 0.00830078125 0.0068359375
11 0.560546875 0.5673828125 0.00830078125 0.0068359375
8 0.56005859375 0.60009765625 0.00634765625 0.017578125
13 0.63818359375 0.576171875 0.01123046875 0.0068359375
13 0.63818359375 0.56689453125 0.01123046875 0.00732421875
11 0.5146484375 0.8349609375 0.00830078125 0.0068359375
13 0.63818359375 0.697265625 0.01123046875 0.0068359375
13 0.63818359375 0.69140625 0.01123046875 0.00732421875
13 0.63818359375 0.685546875 0.01123046875 0.00732421875
13 0.63818359375 0.6796875 0.01123046875 0.00732421875
10 0.19384765625 0.66650390625 0.0166015625 0.0458984375
10 0.19384765625 0.7431640625 0.0166015625 0.0458984375
1 0.193359375 0.80908203125 0.017578125 0.02099609375
11 0.24755859375 0.599609375 0.00830078125 0.0068359375
13 0.2490234375 0.697265625 0.01123046875 0.0068359375
13 0.2490234375 0.69140625 0.01123046875 0.00732421875
0 0.17529296875 0.77783203125 0.00634765625 0.09130859375
13 0.2490234375 0.685546875 0.01123046875 0.00732421875
22 0.4150390625 0.740234375 0.00830078125 0.00390625
22 0.4150390625 0.8984375 0.00830078125 0.00390625
22 0.71044921875 0.740234375 0.00830078125 0.00390625
22 0.71044921875 0.8984375 0.00830078125 0.00390625
10 0.19384765625 0.58984375 0.0166015625 0.0458984375
11 0.4169921875 0.826171875 0.00830078125 0.0068359375
9 0.3720703125 0.5849609375 0.0068359375 0.017578125
13 0.2490234375 0.6796875 0.01123046875 0.00732421875
9 0.3720703125 0.81396484375 0.0068359375 0.017578125
11 0.4169921875 0.599609375 0.00830078125 0.0068359375
11 0.4169921875 0.59375 0.00830078125 0.0068359375
9 0.42333984375 0.58154296875 0.0068359375 0.017578125
11 0.46826171875 0.5908203125 0.00830078125 0.0068359375
11 0.46826171875 0.58203125 0.00830078125 0.0068359375
11 0.24755859375 0.84716796875 0.00830078125 0.0068359375
11 0.365234375 0.826171875 0.00830078125 0.0068359375
11 0.365234375 0.59716796875 0.00830078125 0.0068359375
11 0.365234375 0.60302734375 0.00830078125 0.0068359375