11 0.63623046875 0.05419921875 0.00830078125 0.0068359375
11 0.63623046875 0.12548828125 0.00830078125 0.0068359375
11 0.67236328125 0.05126953125 0.00830078125 0.00732421875
11 0.68408203125 0.05419921875 0.00830078125 0.0068359375
11 0.68408203125 0.11376953125 0.00830078125 0.00732421875
11 0.64892578125 0.044921875 0.00830078125 0.00732421875
11 0.6611328125 0.0478515625 0.00830078125 0.0068359375
11 0.6611328125 0.11962890625 0.00830078125 0.0068359375
11 0.56982421875 0.044921875 0.00830078125 0.00732421875
11 0.56982421875 0.11669921875 0.00830078125 0.0068359375
11 0.54638671875 0.0390625 0.00830078125 0.0068359375
11 0.54638671875 0.11669921875 0.00830078125 0.0068359375
11 0.55810546875 0.0419921875 0.00830078125 0.0068359375
11 0.55810546875 0.11376953125 0.00830078125 0.00732421875
11 0.60302734375 0.05126953125 0.00830078125 0.00732421875
11 0.60302734375 0.12255859375 0.00830078125 0.0068359375
11 0.61474609375 0.0478515625 0.00830078125 0.0068359375
11 0.58154296875 0.0478515625 0.00830078125 0.0068359375
11 0.58154296875 0.11962890625 0.00830078125 0.0068359375
11 0.5927734375 0.044921875 0.00830078125 0.00732421875
11 0.80078125 0.05712890625 0.00830078125 0.0068359375
11 0.80078125 0.10791015625 0.00830078125 0.0068359375
11 0.81201171875 0.05419921875 0.00830078125 0.0068359375
11 0.77880859375 0.05419921875 0.00830078125 0.0068359375
11 0.77880859375 0.10498046875 0.00830078125 0.0068359375
11 0.79052734375 0.05126953125 0.00830078125 0.00732421875
11 0.71728515625 0.05419921875 0.0078125 0.0068359375
11 0.7275390625 0.06884765625 0.00830078125 0.0068359375
11 0.7275390625 0.10791015625 0.00830078125 0.0068359375
11 0.69580078125 0.05126953125 0.00830078125 0.00732421875
11 0.7060546875 0.05712890625 0.00830078125 0.0068359375
11 0.7060546875 0.10791015625 0.00830078125 0.0068359375
11 0.76708984375 0.05712890625 0.00830078125 0.0068359375
11 0.76708984375 0.10791015625 0.00830078125 0.0068359375
11 0.7392578125 0.05126953125 0.00830078125 0.00732421875
11 0.7392578125 0.11376953125 0.00830078125 0.00732421875
11 0.75537109375 0.05419921875 0.00830078125 0.0068359375
11 0.75537109375 0.11083984375 0.00830078125 0.0068359375
11 0.32275390625 0.05126953125 0.00830078125 0.00732421875
11 0.33251953125 0.05712890625 0.00830078125 0.0068359375
11 0.33251953125 0.11669921875 0.00830078125 0.0068359375
11 0.30078125 0.0478515625 0.00830078125 0.0068359375
11 0.31103515625 0.05419921875 0.00830078125 0.0068359375
11 0.31103515625 0.11962890625 0.00830078125 0.0068359375
11 0.37841796875 0.044921875 0.00830078125 0.00732421875
11 0.39013671875 0.0419921875 0.00830078125 0.0068359375
11 0.39013671875 0.11376953125 0.00830078125 0.00732421875
11 0.345703125 0.0390625 0.00830078125 0.0068359375
11 0.36181640625 0.0419921875 0.00830078125 0.0068359375
15 0.24169921875 0.12353515625 0.0078125 0.01171875
11 0.24169921875 0.05126953125 0.00830078125 0.00732421875
0 0.17529296875 0.0927734375 0.005859375 0.08447265625
10 0.19384765625 0.0615234375 0.0166015625 0.0458984375
1 0.193359375 0.12060546875 0.017578125 0.02099609375
11 0.2783203125 0.044921875 0.00830078125 0.00732421875
11 0.2783203125 0.12548828125 0.00830078125 0.0068359375
11 0.2890625 0.05126953125 0.00830078125 0.00732421875
11 0.2890625 0.12255859375 0.00830078125 0.0068359375
11 0.2548828125 0.044921875 0.00830078125 0.00732421875
11 0.2666015625 0.0478515625 0.00830078125 0.0068359375
11 0.2666015625 0.12255859375 0.00830078125 0.0068359375
11 0.4892578125 0.0419921875 0.00830078125 0.0068359375
11 0.4892578125 0.11376953125 0.00830078125 0.00732421875
11 0.4658203125 0.0419921875 0.00830078125 0.0068359375
11 0.4658203125 0.11083984375 0.00830078125 0.0068359375
11 0.5009765625 0.0390625 0.00830078125 0.0068359375
11 0.4775390625 0.044921875 0.00830078125 0.00732421875
11 0.52392578125 0.0419921875 0.00830078125 0.0068359375
11 0.5341796875 0.0478515625 0.00830078125 0.0068359375
11 0.5341796875 0.11962890625 0.00830078125 0.0068359375
11 0.51220703125 0.044921875 0.00830078125 0.00732421875
11 0.51220703125 0.11669921875 0.00830078125 0.0068359375
11 0.44140625 0.11962890625 0.0078125 0.0068359375
11 0.44140625 0.06005859375 0.0078125 0.0068359375
11 0.4248046875 0.0419921875 0.0078125 0.0068359375
11 0.4130859375 0.044921875 0.00830078125 0.00732421875
11 0.40185546875 0.0390625 0.00830078125 0.0068359375
11 0.45458984375 0.0390625 0.00830078125 0.0068359375
11 0.59228515625 0.3056640625 0.00830078125 0.0068359375
11 0.60888671875 0.3115234375 0.0078125 0.0068359375
11 0.60888671875 0.27294921875 0.0078125 0.0068359375
11 0.53515625 0.3115234375 0.00830078125 0.0068359375
11 0.66015625 0.3115234375 0.00830078125 0.0068359375
11 0.64306640625 0.314453125 0.00830078125 0.0068359375
11 0.64306640625 0.26953125 0.00830078125 0.00732421875
11 0.62646484375 0.30859375 0.00830078125 0.0068359375
11 0.57421875 0.30859375 0.00830078125 0.0068359375
11 0.59228515625 0.27587890625 0.00830078125 0.00732421875
11 0.57421875 0.27294921875 0.00830078125 0.0068359375
11 0.55712890625 0.3056640625 0.00830078125 0.0068359375
11 0.8056640625 0.302734375 0.00830078125 0.00732421875
11 0.7880859375 0.3056640625 0.00830078125 0.0068359375
11 0.77197265625 0.2998046875 0.00830078125 0.0068359375
11 0.71630859375 0.302734375 0.00830078125 0.00732421875
11 0.69580078125 0.2998046875 0.00830078125 0.0068359375
11 0.6767578125 0.3173828125 0.00830078125 0.00732421875
11 0.6767578125 0.2666015625 0.00830078125 0.0068359375
11 0.75439453125 0.302734375 0.00830078125 0.00732421875
11 0.75439453125 0.263671875 0.00830078125 0.0068359375
11 0.73681640625 0.3056640625 0.00830078125 0.0068359375
11 0.31494140625 0.27587890625 0.00830078125 0.00732421875
11 0.29736328125 0.3173828125 0.0078125 0.00732421875
11 0.29736328125 0.27880859375 0.0078125 0.0068359375
11 0.3486328125 0.3173828125 0.00830078125 0.00732421875
11 0.3486328125 0.27294921875 0.00830078125 0.0068359375
15 0.53515625 0.267578125 0.0078125 0.01171875
11 0.3330078125 0.3115234375 0.00830078125 0.0068359375
11 0.31494140625 0.314453125 0.00830078125 0.0068359375
1 0.193359375 0.32470703125 0.017578125 0.02099609375
10 0.19384765625 0.265625 0.0166015625 0.0458984375
0 0.17529296875 0.296875 0.005859375 0.08447265625
11 0.27685546875 0.314453125 0.00830078125 0.0068359375
11 0.27685546875 0.27587890625 0.00830078125 0.00732421875
11 0.25927734375 0.3115234375 0.00830078125 0.0068359375
11 0.24169921875 0.314453125 0.00830078125 0.0068359375
11 0.24169921875 0.2548828125 0.00830078125 0.00732421875
11 0.45849609375 0.3056640625 0.00830078125 0.0068359375
11 0.45849609375 0.2666015625 0.00830078125 0.0068359375
11 0.43701171875 0.2998046875 0.00830078125 0.0068359375
11 0.41943359375 0.302734375 0.00830078125 0.00732421875
11 0.51025390625 0.3056640625 0.00830078125 0.0068359375
11 0.4921875 0.30859375 0.00830078125 0.0068359375
11 0.47607421875 0.302734375 0.00830078125 0.00732421875
11 0.3828125 0.3203125 0.00830078125 0.0068359375
11 0.3828125 0.26953125 0.00830078125 0.00732421875
11 0.36669921875 0.314453125 0.00830078125 0.0068359375
11 0.40185546875 0.2998046875 0.00830078125 0.0068359375
11 0.6396484375 0.46484375 0.00830078125 0.00732421875
11 0.6396484375 0.515625 0.00830078125 0.0068359375
11 0.6064453125 0.46142578125 0.00830078125 0.0068359375
11 0.6064453125 0.521484375 0.00830078125 0.0068359375
11 0.61767578125 0.51806640625 0.00830078125 0.0068359375
11 0.66357421875 0.46484375 0.00830078125 0.00732421875
11 0.66357421875 0.5361328125 0.00830078125 0.0068359375
11 0.65087890625 0.46142578125 0.00830078125 0.0068359375
11 0.544921875 0.4677734375 0.00830078125 0.0068359375
11 0.544921875 0.515625 0.00830078125 0.0068359375
11 0.5625 0.46484375 0.00830078125 0.00732421875
11 0.5625 0.51806640625 0.00830078125 0.0068359375
11 0.52392578125 0.51806640625 0.00830078125 0.0068359375
11 0.53369140625 0.46142578125 0.00830078125 0.0068359375
11 0.53369140625 0.533203125 0.00830078125 0.0068359375
11 0.5849609375 0.458984375 0.00830078125 0.0068359375
11 0.5849609375 0.51806640625 0.00830078125 0.0068359375
11 0.59619140625 0.515625 0.00830078125 0.0068359375
11 0.57373046875 0.46142578125 0.00830078125 0.0068359375
11 0.57373046875 0.521484375 0.00830078125 0.0068359375
11 0.80126953125 0.458984375 0.00830078125 0.0068359375
11 0.79150390625 0.45263671875 0.00830078125 0.0068359375
11 0.8125 0.45556640625 0.00830078125 0.0068359375
11 0.7685546875 0.458984375 0.00830078125 0.0068359375
11 0.77978515625 0.45556640625 0.00830078125 0.0068359375
11 0.77978515625 0.52734375 0.00830078125 0.00732421875
11 0.70263671875 0.46142578125 0.00830078125 0.0068359375
11 0.71240234375 0.4677734375 0.0078125 0.0068359375
11 0.71240234375 0.533203125 0.0078125 0.0068359375
11 0.6796875 0.4677734375 0.00830078125 0.0068359375
11 0.6796875 0.5390625 0.00830078125 0.0068359375
11 0.69140625 0.46484375 0.00830078125 0.00732421875
11 0.69140625 0.5361328125 0.00830078125 0.0068359375
11 0.74609375 0.45263671875 0.00830078125 0.0068359375
11 0.75732421875 0.45556640625 0.00830078125 0.0068359375
11 0.7236328125 0.46484375 0.00830078125 0.00732421875
11 0.7333984375 0.470703125 0.00830078125 0.0068359375
11 0.7333984375 0.5302734375 0.00830078125 0.0068359375
11 0.3291015625 0.50634765625 0.00830078125 0.00732421875
11 0.34033203125 0.4736328125 0.00830078125 0.0068359375
11 0.34033203125 0.51220703125 0.00830078125 0.0068359375
11 0.30615234375 0.50341796875 0.00830078125 0.0068359375
11 0.3173828125 0.470703125 0.00830078125 0.0068359375
11 0.3173828125 0.50927734375 0.00830078125 0.0068359375
11 0.3642578125 0.50634765625 0.00830078125 0.00732421875
11 0.3642578125 0.470703125 0.00830078125 0.0068359375
11 0.37548828125 0.4736328125 0.00830078125 0.0068359375
11 0.37548828125 0.50927734375 0.00830078125 0.0068359375
11 0.35302734375 0.4677734375 0.00830078125 0.0068359375
11 0.35302734375 0.50341796875 0.00830078125 0.0068359375
11 0.24169921875 0.4736328125 0.00830078125 0.0068359375
11 0.24169921875 0.5244140625 0.00830078125 0.0068359375
0 0.17529296875 0.50048828125 0.005859375 0.08447265625
10 0.19384765625 0.46923828125 0.0166015625 0.0458984375
1 0.193359375 0.5283203125 0.017578125 0.02099609375
11 0.283203125 0.50927734375 0.00830078125 0.0068359375
11 0.29443359375 0.4677734375 0.00830078125 0.0068359375
11 0.29443359375 0.50634765625 0.00830078125 0.00732421875
11 0.25439453125 0.50341796875 0.00830078125 0.0068359375
11 0.26611328125 0.46484375 0.00830078125 0.00732421875
11 0.26611328125 0.50634765625 0.00830078125 0.00732421875
11 0.46875 0.51220703125 0.00830078125 0.0068359375
11 0.46875 0.4736328125 0.00830078125 0.0068359375
11 0.45751953125 0.50927734375 0.00830078125 0.0068359375
11 0.5029296875 0.515625 0.0078125 0.0068359375
11 0.5126953125 0.46142578125 0.00830078125 0.0068359375
11 0.5126953125 0.521484375 0.00830078125 0.0068359375
11 0.47998046875 0.515625 0.00830078125 0.0068359375
11 0.4912109375 0.4677734375 0.00830078125 0.0068359375
11 0.4912109375 0.51806640625 0.00830078125 0.0068359375
11 0.408203125 0.4765625 0.00830078125 0.0068359375
11 0.408203125 0.515625 0.00830078125 0.0068359375
11 0.3984375 0.50927734375 0.00830078125 0.0068359375
11 0.38671875 0.4736328125 0.00830078125 0.0068359375
11 0.38671875 0.51220703125 0.00830078125 0.0068359375
11 0.4404296875 0.51806640625 0.00830078125 0.0068359375
11 0.4404296875 0.4794921875 0.00830078125 0.00732421875
11 0.41943359375 0.51220703125 0.00830078125 0.0068359375
11 0.63818359375 0.7490234375 0.00830078125 0.0068359375
11 0.63818359375 0.66259765625 0.00830078125 0.0068359375
11 0.62109375 0.66552734375 0.00830078125 0.0068359375
11 0.6748046875 0.71630859375 0.00830078125 0.00732421875
11 0.6748046875 0.68017578125 0.00830078125 0.0068359375
11 0.6630859375 0.71923828125 0.00830078125 0.0068359375
11 0.6630859375 0.67724609375 0.00830078125 0.0068359375
11 0.6513671875 0.71630859375 0.00830078125 0.00732421875
11 0.546875 0.66259765625 0.00830078125 0.0068359375
11 0.56298828125 0.66552734375 0.00830078125 0.0068359375
11 0.53369140625 0.740234375 0.00830078125 0.0068359375
11 0.53369140625 0.68017578125 0.00830078125 0.0068359375
11 0.5234375 0.67431640625 0.00830078125 0.0068359375
11 0.609375 0.66845703125 0.00830078125 0.00732421875
11 0.5986328125 0.66259765625 0.00830078125 0.0068359375
11 0.5869140625 0.73681640625 0.00830078125 0.0068359375
11 0.5869140625 0.66552734375 0.00830078125 0.0068359375
11 0.5751953125 0.66845703125 0.00830078125 0.00732421875
11 0.78955078125 0.72509765625 0.00830078125 0.0068359375
11 0.7998046875 0.73095703125 0.00830078125 0.00732421875
11 0.81201171875 0.72802734375 0.00830078125 0.0068359375
11 0.77783203125 0.66845703125 0.00830078125 0.00732421875
11 0.77783203125 0.72802734375 0.00830078125 0.0068359375
11 0.767578125 0.72216796875 0.00830078125 0.0068359375
11 0.7080078125 0.72509765625 0.00830078125 0.0068359375
11 0.6982421875 0.71923828125 0.00830078125 0.0068359375
11 0.7080078125 0.67431640625 0.00830078125 0.0068359375
11 0.68603515625 0.72216796875 0.00830078125 0.0068359375
11 0.68603515625 0.67724609375 0.00830078125 0.0068359375
11 0.74365234375 0.72216796875 0.00830078125 0.0068359375
11 0.755859375 0.72509765625 0.00830078125 0.0068359375
11 0.73046875 0.72802734375 0.00830078125 0.0068359375
11 0.73046875 0.67138671875 0.00830078125 0.0068359375
11 0.72021484375 0.72216796875 0.00830078125 0.0068359375
11 0.31689453125 0.67431640625 0.00830078125 0.0068359375
11 0.31689453125 0.740234375 0.00830078125 0.0068359375
11 0.32861328125 0.67138671875 0.00830078125 0.0068359375
11 0.29443359375 0.67138671875 0.00830078125 0.0068359375
11 0.29443359375 0.7431640625 0.00830078125 0.0068359375
11 0.306640625 0.66845703125 0.00830078125 0.00732421875
11 0.3642578125 0.66259765625 0.00830078125 0.0068359375
11 0.3525390625 0.6591796875 0.00830078125 0.0068359375
11 0.38037109375 0.66552734375 0.00830078125 0.0068359375
11 0.3388671875 0.73681640625 0.00830078125 0.0068359375
11 0.3388671875 0.67724609375 0.00830078125 0.0068359375
11 0.24169921875 0.65673828125 0.00830078125 0.0068359375
1 0.193359375 0.732421875 0.017578125 0.02099609375
15 0.24169921875 0.73486328125 0.0078125 0.01171875
0 0.17529296875 0.7041015625 0.005859375 0.0849609375
10 0.19384765625 0.6728515625 0.0166015625 0.0458984375
11 0.28271484375 0.67431640625 0.00830078125 0.0068359375
11 0.28271484375 0.74609375 0.00830078125 0.0068359375
11 0.51171875 0.7431640625 0.00830078125 0.0068359375
11 0.27099609375 0.7431640625 0.00830078125 0.0068359375
11 0.27099609375 0.67138671875 0.00830078125 0.0068359375
11 0.25927734375 0.66845703125 0.00830078125 0.00732421875
11 0.4658203125 0.67431640625 0.00830078125 0.0068359375
11 0.4658203125 0.74609375 0.00830078125 0.0068359375
11 0.45361328125 0.67138671875 0.00830078125 0.0068359375
11 0.5009765625 0.67138671875 0.00830078125 0.0068359375
11 0.51171875 0.67724609375 0.00830078125 0.0068359375
11 0.4892578125 0.74609375 0.00830078125 0.0068359375
11 0.4892578125 0.67431640625 0.00830078125 0.0068359375
11 0.4775390625 0.7490234375 0.00830078125 0.0068359375
11 0.4775390625 0.67724609375 0.00830078125 0.0068359375
11 0.42626953125 0.66259765625 0.00830078125 0.0068359375
11 0.41455078125 0.66552734375 0.00830078125 0.0068359375
11 0.404296875 0.6591796875 0.00830078125 0.0068359375
11 0.392578125 0.73388671875 0.00830078125 0.0068359375
11 0.392578125 0.66259765625 0.00830078125 0.0068359375
11 0.443359375 0.6591796875 0.00830078125 0.0068359375
15 0.443359375 0.73486328125 0.0078125 0.01171875
11 0.634765625 0.88134765625 0.0078125 0.0068359375
15 0.63427734375 0.9384765625 0.0078125 0.01171875
11 0.6181640625 0.875 0.00830078125 0.0068359375
11 0.60595703125 0.8779296875 0.00830078125 0.00732421875
11 0.65966796875 0.931640625 0.00830078125 0.0068359375
11 0.65966796875 0.8779296875 0.00830078125 0.00732421875
11 0.64794921875 0.875 0.0078125 0.0068359375
11 0.67138671875 0.875 0.00830078125 0.0068359375
11 0.67138671875 0.93505859375 0.00830078125 0.0068359375
11 0.50732421875 0.869140625 0.00830078125 0.0068359375
11 0.53662109375 0.8720703125 0.00830078125 0.0068359375
11 0.53662109375 0.92919921875 0.00830078125 0.0068359375
11 0.5498046875 0.857421875 0.00830078125 0.00732421875
11 0.51904296875 0.8662109375 0.00830078125 0.0068359375
11 0.50732421875 0.931640625 0.00830078125 0.0068359375
11 0.595703125 0.8720703125 0.00830078125 0.0068359375
11 0.583984375 0.92578125 0.00830078125 0.00732421875
11 0.583984375 0.875 0.00830078125 0.0068359375
11 0.57373046875 0.857421875 0.00830078125 0.00732421875
11 0.56201171875 0.8603515625 0.00830078125 0.0068359375
11 0.78955078125 0.869140625 0.00830078125 0.0068359375
11 0.7998046875 0.875 0.00830078125 0.0068359375
11 0.81201171875 0.8720703125 0.00830078125 0.0068359375
11 0.77783203125 0.9228515625 0.00830078125 0.0068359375
11 0.77783203125 0.8720703125 0.00830078125 0.0068359375
11 0.76611328125 0.875 0.00830078125 0.0068359375
11 0.705078125 0.8837890625 0.00830078125 0.0068359375
11 0.69482421875 0.8779296875 0.0078125 0.00732421875
11 0.705078125 0.92919921875 0.00830078125 0.0068359375
11 0.68310546875 0.931640625 0.00830078125 0.0068359375
11 0.68310546875 0.88134765625 0.00830078125 0.0068359375
11 0.7421875 0.869140625 0.00830078125 0.0068359375
11 0.75439453125 0.8720703125 0.00830078125 0.0068359375
11 0.72900390625 0.92578125 0.00830078125 0.00732421875
11 0.72900390625 0.88720703125 0.00830078125 0.0068359375
11 0.71728515625 0.88134765625 0.00830078125 0.0068359375
11 0.31494140625 0.875 0.0078125 0.0068359375
11 0.31494140625 0.94091796875 0.0078125 0.00732421875
11 0.3046875 0.93505859375 0.00830078125 0.0068359375
11 0.29296875 0.93798828125 0.00830078125 0.0068359375
11 0.29296875 0.8779296875 0.00830078125 0.00732421875
11 0.35009765625 0.92578125 0.00830078125 0.00732421875
11 0.3623046875 0.92919921875 0.00830078125 0.0068359375
11 0.3369140625 0.94384765625 0.00830078125 0.0068359375
11 0.3369140625 0.8720703125 0.00830078125 0.0068359375
11 0.32666015625 0.93798828125 0.00830078125 0.0068359375
1 0.193359375 0.93603515625 0.017578125 0.02099609375
15 0.2431640625 0.87890625 0.0078125 0.01171875
11 0.2431640625 0.93798828125 0.00830078125 0.0068359375
10 0.19384765625 0.876953125 0.0166015625 0.0458984375
0 0.17529296875 0.908203125 0.005859375 0.0849609375
11 0.2802734375 0.931640625 0.00830078125 0.0068359375
11 0.2802734375 0.88134765625 0.00830078125 0.0068359375
11 0.2685546875 0.93505859375 0.00830078125 0.0068359375
11 0.2685546875 0.8779296875 0.00830078125 0.00732421875
11 0.25634765625 0.931640625 0.00830078125 0.0068359375
11 0.3740234375 0.931640625 0.00830078125 0.0068359375
11 0.43701171875 0.875 0.00830078125 0.0068359375
11 0.4619140625 0.86328125 0.00830078125 0.0068359375
11 0.47412109375 0.8603515625 0.00830078125 0.0068359375
11 0.47412109375 0.93798828125 0.00830078125 0.0068359375
11 0.4619140625 0.93505859375 0.00830078125 0.0068359375
11 0.43701171875 0.92578125 0.00830078125 0.00732421875
11 0.4501953125 0.8603515625 0.00830078125 0.0068359375
11 0.4970703125 0.86328125 0.00830078125 0.0068359375
11 0.48486328125 0.8662109375 0.00830078125 0.0068359375
11 0.39794921875 0.92578125 0.0078125 0.00732421875
11 0.3857421875 0.92919921875 0.00830078125 0.0068359375
11 0.3857421875 0.869140625 0.00830078125 0.0068359375
11 0.48486328125 0.93505859375 0.00830078125 0.0068359375
11 0.419921875 0.92919921875 0.00830078125 0.0068359375
11 0.408203125 0.931640625 0.00830078125 0.0068359375