11 0.6884765625 0.296875 0.00830078125 0.0068359375
11 0.53564453125 0.32080078125 0.00830078125 0.0068359375
21 0.68701171875 0.23388671875 0.0068359375 0.0185546875
12 0.6884765625 0.0634765625 0.0087890625 0.0068359375
12 0.6884765625 0.04248046875 0.0087890625 0.0068359375
11 0.6884765625 0.14892578125 0.00830078125 0.0068359375
11 0.6884765625 0.14306640625 0.00830078125 0.0068359375
11 0.6884765625 0.1279296875 0.00830078125 0.0068359375
11 0.6884765625 0.1220703125 0.00830078125 0.0068359375
11 0.66552734375 0.21484375 0.00830078125 0.00732421875
11 0.66552734375 0.15478515625 0.00830078125 0.0068359375
11 0.66552734375 0.14892578125 0.00830078125 0.0068359375
11 0.66552734375 0.1337890625 0.00830078125 0.0068359375
11 0.66552734375 0.1279296875 0.00830078125 0.0068359375
11 0.66552734375 0.25634765625 0.00830078125 0.0068359375
11 0.66552734375 0.2353515625 0.00830078125 0.0068359375
11 0.66552734375 0.32958984375 0.00830078125 0.0068359375
11 0.66552734375 0.32373046875 0.00830078125 0.0068359375
11 0.6884765625 0.302734375 0.00830078125 0.0068359375
11 0.6884765625 0.31787109375 0.00830078125 0.0068359375
11 0.66552734375 0.30859375 0.00830078125 0.0068359375
11 0.66552734375 0.302734375 0.00830078125 0.0068359375
11 0.6884765625 0.32373046875 0.00830078125 0.0068359375
11 0.5810546875 0.2353515625 0.00830078125 0.0068359375
11 0.5810546875 0.1337890625 0.00830078125 0.0068359375
11 0.5810546875 0.11328125 0.00830078125 0.0068359375
11 0.5810546875 0.25634765625 0.00830078125 0.0068359375
11 0.5810546875 0.21484375 0.00830078125 0.00732421875
11 0.5810546875 0.32958984375 0.00830078125 0.0068359375
11 0.5810546875 0.30859375 0.00830078125 0.0068359375
11 0.53564453125 0.2998046875 0.00830078125 0.0068359375
11 0.55810546875 0.1279296875 0.00830078125 0.0068359375
11 0.55810546875 0.10693359375 0.00830078125 0.0068359375
11 0.55810546875 0.32373046875 0.00830078125 0.0068359375
11 0.55810546875 0.302734375 0.00830078125 0.0068359375
11 0.64306640625 0.14892578125 0.00830078125 0.0068359375
11 0.64306640625 0.14306640625 0.00830078125 0.0068359375
11 0.64306640625 0.1279296875 0.00830078125 0.0068359375
11 0.64306640625 0.1220703125 0.00830078125 0.0068359375
11 0.64306640625 0.25634765625 0.00830078125 0.0068359375
11 0.64306640625 0.2353515625 0.00830078125 0.0068359375
11 0.64306640625 0.21484375 0.00830078125 0.00732421875
11 0.64306640625 0.03662109375 0.00830078125 0.00732421875
11 0.64306640625 0.32373046875 0.00830078125 0.0068359375
11 0.64306640625 0.31787109375 0.00830078125 0.0068359375
11 0.64306640625 0.302734375 0.00830078125 0.0068359375
11 0.64306640625 0.296875 0.00830078125 0.0068359375
11 0.603515625 0.14306640625 0.00830078125 0.0068359375
11 0.603515625 0.1220703125 0.00830078125 0.0068359375
11 0.603515625 0.33837890625 0.00830078125 0.0068359375
11 0.603515625 0.31787109375 0.00830078125 0.0068359375
11 0.64306640625 0.05712890625 0.00830078125 0.00732421875
11 0.80126953125 0.32080078125 0.00830078125 0.0068359375
11 0.80126953125 0.15185546875 0.00830078125 0.0068359375
11 0.80126953125 0.14599609375 0.00830078125 0.00732421875
11 0.80126953125 0.130859375 0.00830078125 0.00732421875
11 0.80126953125 0.125 0.00830078125 0.00732421875
11 0.80126953125 0.32666015625 0.00830078125 0.00732421875
11 0.80126953125 0.30615234375 0.00830078125 0.0068359375
11 0.80126953125 0.2998046875 0.00830078125 0.0068359375
11 0.77880859375 0.2998046875 0.00830078125 0.0068359375
11 0.77880859375 0.14599609375 0.00830078125 0.00732421875
11 0.77880859375 0.14013671875 0.00830078125 0.0068359375
11 0.77880859375 0.125 0.00830078125 0.00732421875
11 0.77880859375 0.119140625 0.00830078125 0.0068359375
21 0.77783203125 0.23388671875 0.00634765625 0.0185546875
11 0.77880859375 0.32080078125 0.00830078125 0.0068359375
11 0.77880859375 0.31494140625 0.00830078125 0.0068359375
11 0.77880859375 0.2939453125 0.00830078125 0.0068359375
22 0.5234375 0.06494140625 0.00830078125 0.00390625
11 0.7109375 0.32373046875 0.00830078125 0.0068359375
11 0.7109375 0.30859375 0.00830078125 0.0068359375
11 0.7109375 0.302734375 0.00830078125 0.0068359375
11 0.7109375 0.32958984375 0.00830078125 0.0068359375
11 0.7333984375 0.14599609375 0.00830078125 0.00732421875
11 0.7333984375 0.14013671875 0.00830078125 0.0068359375
11 0.7333984375 0.125 0.00830078125 0.00732421875
11 0.7333984375 0.119140625 0.00830078125 0.0068359375
11 0.7333984375 0.25634765625 0.00830078125 0.0068359375
11 0.7333984375 0.2353515625 0.00830078125 0.0068359375
11 0.7333984375 0.21484375 0.00830078125 0.00732421875
11 0.7333984375 0.32080078125 0.00830078125 0.0068359375
11 0.7109375 0.15478515625 0.00830078125 0.0068359375
11 0.7109375 0.14892578125 0.00830078125 0.0068359375
11 0.7109375 0.1337890625 0.00830078125 0.0068359375
11 0.7109375 0.1279296875 0.00830078125 0.0068359375
11 0.755859375 0.125 0.00830078125 0.00732421875
11 0.755859375 0.25634765625 0.00830078125 0.0068359375
11 0.755859375 0.2353515625 0.00830078125 0.0068359375
11 0.755859375 0.21484375 0.00830078125 0.00732421875
11 0.755859375 0.32666015625 0.00830078125 0.00732421875
11 0.755859375 0.32080078125 0.00830078125 0.0068359375
11 0.755859375 0.30615234375 0.00830078125 0.0068359375
11 0.755859375 0.2998046875 0.00830078125 0.0068359375
11 0.755859375 0.130859375 0.00830078125 0.00732421875
11 0.7333984375 0.31494140625 0.00830078125 0.0068359375
11 0.7333984375 0.2998046875 0.00830078125 0.0068359375
11 0.7333984375 0.2939453125 0.00830078125 0.0068359375
11 0.755859375 0.15185546875 0.00830078125 0.0068359375
11 0.755859375 0.14599609375 0.00830078125 0.00732421875
11 0.3056640625 0.15771484375 0.00830078125 0.0068359375
11 0.3125 0.15478515625 0.00830078125 0.0068359375
11 0.3056640625 0.13671875 0.00830078125 0.0068359375
11 0.3125 0.1337890625 0.00830078125 0.0068359375
11 0.3125 0.3359375 0.00830078125 0.0068359375
11 0.3125 0.32958984375 0.00830078125 0.0068359375
11 0.3125 0.31494140625 0.00830078125 0.0068359375
11 0.3125 0.30859375 0.00830078125 0.0068359375
11 0.287109375 0.15478515625 0.00830078125 0.0068359375
11 0.287109375 0.14892578125 0.00830078125 0.0068359375
11 0.287109375 0.1337890625 0.00830078125 0.0068359375
11 0.287109375 0.1279296875 0.00830078125 0.0068359375
21 0.2861328125 0.23388671875 0.00634765625 0.0185546875
11 0.287109375 0.32958984375 0.00830078125 0.0068359375
11 0.287109375 0.32373046875 0.00830078125 0.0068359375
11 0.287109375 0.30859375 0.00830078125 0.0068359375
11 0.287109375 0.302734375 0.00830078125 0.0068359375
11 0.36181640625 0.25634765625 0.00830078125 0.0068359375
11 0.36181640625 0.16064453125 0.00830078125 0.00732421875
11 0.36181640625 0.15478515625 0.00830078125 0.0068359375
11 0.36181640625 0.14013671875 0.00830078125 0.0068359375
11 0.36181640625 0.1337890625 0.00830078125 0.0068359375
11 0.36181640625 0.2353515625 0.00830078125 0.0068359375
11 0.36181640625 0.21484375 0.00830078125 0.00732421875
11 0.36181640625 0.3359375 0.00830078125 0.0068359375
11 0.36181640625 0.32958984375 0.00830078125 0.0068359375
11 0.53564453125 0.21484375 0.00830078125 0.00732421875
11 0.36181640625 0.30859375 0.00830078125 0.0068359375
11 0.33544921875 0.2353515625 0.00830078125 0.0068359375
11 0.33544921875 0.14599609375 0.00830078125 0.00732421875
11 0.33544921875 0.125 0.00830078125 0.00732421875
11 0.33544921875 0.25634765625 0.00830078125 0.0068359375
11 0.33544921875 0.21484375 0.00830078125 0.00732421875
11 0.33544921875 0.32080078125 0.00830078125 0.0068359375
11 0.33544921875 0.2998046875 0.00830078125 0.0068359375
10 0.19384765625 0.333984375 0.0166015625 0.0458984375
10 0.19384765625 0.138671875 0.0166015625 0.0458984375
1 0.193359375 0.2333984375 0.017578125 0.02099609375
11 0.23046875 0.15478515625 0.00830078125 0.0068359375
11 0.23046875 0.14892578125 0.00830078125 0.0068359375
0 0.17529296875 0.1044921875 0.00634765625 0.095703125
0 0.1748046875 0.28564453125 0.00732421875 0.12548828125
11 0.23046875 0.1337890625 0.00830078125 0.0068359375
22 0.318359375 0.06494140625 0.00830078125 0.00390625
10 0.19384765625 0.06787109375 0.0166015625 0.0458984375
11 0.2646484375 0.31494140625 0.00830078125 0.0068359375
11 0.25732421875 0.15771484375 0.00830078125 0.0068359375
11 0.2646484375 0.15478515625 0.00830078125 0.0068359375
11 0.25732421875 0.13671875 0.00830078125 0.0068359375
11 0.2646484375 0.1337890625 0.00830078125 0.0068359375
11 0.2646484375 0.25634765625 0.00830078125 0.0068359375
11 0.2646484375 0.2353515625 0.00830078125 0.0068359375
11 0.2646484375 0.21484375 0.00830078125 0.00732421875
11 0.2646484375 0.3359375 0.00830078125 0.0068359375
11 0.2646484375 0.32958984375 0.00830078125 0.0068359375
11 0.2646484375 0.30859375 0.00830078125 0.0068359375
11 0.23046875 0.1279296875 0.00830078125 0.0068359375
11 0.23046875 0.25634765625 0.00830078125 0.0068359375
11 0.23046875 0.2353515625 0.00830078125 0.0068359375
11 0.23046875 0.21484375 0.00830078125 0.00732421875
11 0.23046875 0.32958984375 0.00830078125 0.0068359375
11 0.23046875 0.32373046875 0.00830078125 0.0068359375
11 0.23046875 0.30859375 0.00830078125 0.0068359375
11 0.23046875 0.302734375 0.00830078125 0.0068359375
11 0.36181640625 0.31494140625 0.00830078125 0.0068359375
11 0.46630859375 0.31201171875 0.00830078125 0.00732421875
11 0.4892578125 0.130859375 0.0078125 0.00732421875
11 0.4892578125 0.1103515625 0.0078125 0.00732421875
11 0.46630859375 0.13671875 0.00830078125 0.0068359375
11 0.46630859375 0.1162109375 0.00830078125 0.0068359375
11 0.46630859375 0.25634765625 0.00830078125 0.0068359375
11 0.46630859375 0.2353515625 0.00830078125 0.0068359375
11 0.46630859375 0.21484375 0.00830078125 0.00732421875
11 0.46630859375 0.33251953125 0.00830078125 0.0068359375
11 0.51171875 0.32080078125 0.00830078125 0.0068359375
11 0.51171875 0.2998046875 0.00830078125 0.0068359375
9 0.51806640625 0.20556640625 0.0068359375 0.017578125
11 0.51171875 0.21484375 0.00830078125 0.00732421875
11 0.53564453125 0.125 0.00830078125 0.00732421875
11 0.53564453125 0.1044921875 0.00830078125 0.0068359375
11 0.53564453125 0.25634765625 0.00830078125 0.0068359375
11 0.53564453125 0.2353515625 0.00830078125 0.0068359375
15 0.48876953125 0.236328125 0.0078125 0.01171875
11 0.4892578125 0.32666015625 0.0078125 0.00732421875
11 0.4892578125 0.30615234375 0.0078125 0.0068359375
11 0.51171875 0.125 0.00830078125 0.00732421875
11 0.51171875 0.1044921875 0.00830078125 0.0068359375
11 0.51171875 0.25634765625 0.00830078125 0.0068359375
11 0.51171875 0.2353515625 0.00830078125 0.0068359375
11 0.4072265625 0.16064453125 0.00830078125 0.00732421875
11 0.4072265625 0.15478515625 0.00830078125 0.0068359375
11 0.4072265625 0.14013671875 0.00830078125 0.0068359375
11 0.4072265625 0.1337890625 0.00830078125 0.0068359375
11 0.4072265625 0.3359375 0.00830078125 0.0068359375
11 0.4072265625 0.31494140625 0.00830078125 0.0068359375
11 0.4072265625 0.30859375 0.00830078125 0.0068359375
11 0.4072265625 0.32958984375 0.00830078125 0.0068359375
11 0.38427734375 0.14599609375 0.00830078125 0.00732421875
11 0.38427734375 0.125 0.00830078125 0.00732421875
21 0.38330078125 0.23388671875 0.00634765625 0.0185546875
11 0.38427734375 0.32080078125 0.00830078125 0.0068359375
11 0.38427734375 0.2998046875 0.00830078125 0.0068359375
11 0.43896484375 0.25634765625 0.00830078125 0.0068359375
11 0.43896484375 0.2353515625 0.00830078125 0.0068359375
11 0.43896484375 0.21484375 0.00830078125 0.00732421875
11 0.43896484375 0.33837890625 0.00830078125 0.0068359375
11 0.43896484375 0.31787109375 0.00830078125 0.0068359375
11 0.43896484375 0.14306640625 0.00830078125 0.0068359375
11 0.43896484375 0.1220703125 0.00830078125 0.0068359375
11 0.607421875 0.6025390625 0.00830078125 0.0068359375
11 0.607421875 0.86328125 0.00830078125 0.0068359375
21 0.60595703125 0.77392578125 0.0068359375 0.0185546875
11 0.607421875 0.6728515625 0.00830078125 0.0068359375
11 0.607421875 0.58154296875 0.00830078125 0.0068359375
11 0.607421875 0.84228515625 0.00830078125 0.0068359375
11 0.5888671875 0.869140625 0.00830078125 0.0068359375
11 0.5888671875 0.84814453125 0.00830078125 0.0068359375
11 0.6435546875 0.57861328125 0.00830078125 0.0068359375
11 0.6435546875 0.6669921875 0.00830078125 0.00732421875
11 0.6435546875 0.7958984375 0.00830078125 0.0068359375
11 0.6435546875 0.775390625 0.00830078125 0.00732421875
11 0.6435546875 0.75439453125 0.00830078125 0.00732421875
11 0.6435546875 0.85693359375 0.00830078125 0.0068359375
11 0.6435546875 0.84228515625 0.00830078125 0.0068359375
11 0.6435546875 0.83642578125 0.00830078125 0.0068359375
11 0.6435546875 0.59912109375 0.00830078125 0.0068359375
9 0.650390625 0.7451171875 0.0068359375 0.017578125
11 0.51220703125 0.83642578125 0.00830078125 0.0068359375
11 0.6259765625 0.84228515625 0.00830078125 0.0068359375
11 0.6259765625 0.6669921875 0.00830078125 0.00732421875
11 0.6259765625 0.85693359375 0.00830078125 0.0068359375
11 0.6259765625 0.83642578125 0.00830078125 0.0068359375
11 0.52978515625 0.8662109375 0.00830078125 0.00732421875
11 0.52978515625 0.85107421875 0.00830078125 0.0068359375
11 0.52978515625 0.84521484375 0.00830078125 0.00732421875
11 0.52978515625 0.8720703125 0.00830078125 0.0068359375
11 0.56591796875 0.60546875 0.00830078125 0.0068359375
11 0.56591796875 0.58447265625 0.00830078125 0.0068359375
11 0.56591796875 0.68505859375 0.00830078125 0.0068359375
11 0.56591796875 0.7958984375 0.00830078125 0.0068359375
11 0.56591796875 0.775390625 0.00830078125 0.00732421875
11 0.56591796875 0.75439453125 0.00830078125 0.00732421875
11 0.56591796875 0.875 0.00830078125 0.0068359375
11 0.51220703125 0.85693359375 0.00830078125 0.0068359375
11 0.56591796875 0.8544921875 0.00830078125 0.0068359375
21 0.5107421875 0.77392578125 0.0068359375 0.0185546875
11 0.52978515625 0.70263671875 0.00830078125 0.00732421875
11 0.52978515625 0.69677734375 0.00830078125 0.00732421875
11 0.52978515625 0.68212890625 0.00830078125 0.00732421875
11 0.51220703125 0.6669921875 0.00830078125 0.00732421875
11 0.51220703125 0.68798828125 0.00830078125 0.0068359375
11 0.52978515625 0.67626953125 0.00830078125 0.0068359375
11 0.5888671875 0.67919921875 0.00830078125 0.0068359375
11 0.5888671875 0.7958984375 0.00830078125 0.0068359375
11 0.5888671875 0.775390625 0.00830078125 0.00732421875
11 0.5888671875 0.75439453125 0.00830078125 0.00732421875
19 0.7783203125 0.609375 0.00830078125 0.00390625
19 0.7783203125 0.68017578125 0.00830078125 0.00390625
19 0.7783203125 0.7734375 0.00830078125 0.00390625
19 0.7783203125 0.87060546875 0.00830078125 0.00390625
11 0.75048828125 0.60546875 0.00830078125 0.0068359375
11 0.75048828125 0.64697265625 0.00830078125 0.0068359375
11 0.75048828125 0.6259765625 0.00830078125 0.0068359375
11 0.75048828125 0.58447265625 0.00830078125 0.0068359375
11 0.75048828125 0.7060546875 0.00830078125 0.0068359375
11 0.75048828125 0.69677734375 0.00830078125 0.00732421875
11 0.75048828125 0.69091796875 0.00830078125 0.0068359375
11 0.75048828125 0.7958984375 0.00830078125 0.0068359375
11 0.75048828125 0.775390625 0.00830078125 0.00732421875
11 0.75048828125 0.88671875 0.00830078125 0.0068359375
11 0.75048828125 0.8662109375 0.00830078125 0.00732421875
22 0.458984375 0.60693359375 0.00830078125 0.00390625
11 0.6806640625 0.59912109375 0.00830078125 0.0068359375
11 0.6806640625 0.57861328125 0.00830078125 0.0068359375
11 0.6806640625 0.67626953125 0.00830078125 0.0068359375
21 0.67919921875 0.77392578125 0.0068359375 0.0185546875
11 0.6806640625 0.8662109375 0.00830078125 0.00732421875
11 0.6806640625 0.8544921875 0.00830078125 0.0068359375
11 0.6806640625 0.84521484375 0.00830078125 0.00732421875
11 0.6630859375 0.669921875 0.00830078125 0.0068359375
11 0.6630859375 0.7958984375 0.00830078125 0.0068359375
11 0.6630859375 0.775390625 0.00830078125 0.00732421875
11 0.6630859375 0.75439453125 0.00830078125 0.00732421875
11 0.6630859375 0.8603515625 0.00830078125 0.00732421875
11 0.6630859375 0.84521484375 0.00830078125 0.00732421875
11 0.6630859375 0.83935546875 0.00830078125 0.0068359375
8 0.66259765625 0.80517578125 0.00634765625 0.017578125
11 0.72314453125 0.8662109375 0.00830078125 0.00732421875
11 0.697265625 0.68505859375 0.00830078125 0.0068359375
11 0.697265625 0.875 0.00830078125 0.0068359375
11 0.697265625 0.8544921875 0.00830078125 0.0068359375
11 0.72314453125 0.64111328125 0.00830078125 0.0068359375
11 0.72314453125 0.6201171875 0.00830078125 0.0068359375
11 0.72314453125 0.59912109375 0.00830078125 0.0068359375
11 0.72314453125 0.57861328125 0.00830078125 0.0068359375
11 0.72314453125 0.7060546875 0.00830078125 0.0068359375
11 0.72314453125 0.69677734375 0.00830078125 0.00732421875
11 0.72314453125 0.69091796875 0.00830078125 0.0068359375
11 0.72314453125 0.7900390625 0.00830078125 0.00732421875
11 0.72314453125 0.76904296875 0.00830078125 0.00732421875
11 0.72314453125 0.875 0.00830078125 0.0068359375
11 0.3046875 0.68212890625 0.00830078125 0.00732421875
11 0.3046875 0.6611328125 0.00830078125 0.0068359375
11 0.3046875 0.7958984375 0.00830078125 0.0068359375
11 0.3046875 0.775390625 0.00830078125 0.00732421875
11 0.3046875 0.75439453125 0.00830078125 0.00732421875
11 0.3046875 0.85107421875 0.00830078125 0.0068359375
11 0.3046875 0.83056640625 0.00830078125 0.00732421875
21 0.26806640625 0.77392578125 0.00634765625 0.0185546875
11 0.26904296875 0.85693359375 0.00830078125 0.0068359375
11 0.26904296875 0.83642578125 0.00830078125 0.0068359375
11 0.287109375 0.68212890625 0.00830078125 0.00732421875
11 0.287109375 0.6611328125 0.00830078125 0.0068359375
11 0.287109375 0.85107421875 0.00830078125 0.0068359375
11 0.287109375 0.83056640625 0.00830078125 0.00732421875
11 0.3408203125 0.83935546875 0.00830078125 0.0068359375
11 0.3408203125 0.69091796875 0.00830078125 0.0068359375
11 0.3408203125 0.669921875 0.00830078125 0.0068359375
21 0.33935546875 0.77392578125 0.00634765625 0.0185546875
11 0.3408203125 0.8603515625 0.00830078125 0.00732421875
11 0.32275390625 0.775390625 0.00830078125 0.00732421875
11 0.32275390625 0.68505859375 0.00830078125 0.0068359375
11 0.32275390625 0.6640625 0.00830078125 0.0068359375
11 0.32275390625 0.7958984375 0.00830078125 0.0068359375
11 0.26904296875 0.6669921875 0.00830078125 0.00732421875
11 0.32275390625 0.75439453125 0.00830078125 0.00732421875
11 0.32275390625 0.8544921875 0.00830078125 0.0068359375
11 0.32275390625 0.83349609375 0.00830078125 0.0068359375
1 0.193359375 0.7734375 0.017578125 0.02099609375
10 0.19384765625 0.87060546875 0.0166015625 0.0458984375
10 0.19384765625 0.6806640625 0.0166015625 0.0458984375
11 0.2333984375 0.69677734375 0.00830078125 0.00732421875
11 0.2333984375 0.67626953125 0.00830078125 0.0068359375
11 0.2333984375 0.7958984375 0.00830078125 0.0068359375
11 0.2333984375 0.775390625 0.00830078125 0.00732421875
11 0.2333984375 0.75439453125 0.00830078125 0.00732421875
11 0.2333984375 0.869140625 0.00830078125 0.0068359375
0 0.17529296875 0.646484375 0.00634765625 0.095703125
0 0.1748046875 0.82373046875 0.0068359375 0.1220703125
11 0.2333984375 0.84814453125 0.00830078125 0.0068359375
22 0.29296875 0.60693359375 0.00830078125 0.00390625
10 0.19384765625 0.60986328125 0.0166015625 0.0458984375
11 0.25146484375 0.6728515625 0.00830078125 0.0068359375
11 0.25146484375 0.7958984375 0.00830078125 0.0068359375
11 0.25146484375 0.775390625 0.00830078125 0.00732421875
11 0.25146484375 0.75439453125 0.00830078125 0.00732421875
11 0.25146484375 0.86328125 0.00830078125 0.0068359375
11 0.25146484375 0.84228515625 0.00830078125 0.0068359375
11 0.25146484375 0.69384765625 0.00830078125 0.0068359375
11 0.26904296875 0.68798828125 0.00830078125 0.0068359375
11 0.43359375 0.8662109375 0.00830078125 0.00732421875
11 0.43359375 0.8603515625 0.00830078125 0.00732421875
11 0.43359375 0.84521484375 0.00830078125 0.00732421875
11 0.43359375 0.83935546875 0.00830078125 0.0068359375
21 0.43212890625 0.77392578125 0.00634765625 0.0185546875
11 0.447265625 0.69970703125 0.00830078125 0.0068359375
11 0.4541015625 0.69677734375 0.00830078125 0.00732421875
11 0.447265625 0.67919921875 0.00830078125 0.0068359375
11 0.4541015625 0.67626953125 0.00830078125 0.0068359375
11 0.4541015625 0.8720703125 0.00830078125 0.0068359375
11 0.4541015625 0.8662109375 0.00830078125 0.00732421875
11 0.4541015625 0.85107421875 0.00830078125 0.0068359375
11 0.43359375 0.69677734375 0.00830078125 0.00732421875
11 0.43359375 0.69091796875 0.00830078125 0.0068359375
11 0.43359375 0.67626953125 0.00830078125 0.0068359375
11 0.43359375 0.669921875 0.00830078125 0.0068359375
11 0.494140625 0.7958984375 0.00830078125 0.0068359375
11 0.494140625 0.70263671875 0.00830078125 0.00732421875
11 0.494140625 0.69677734375 0.00830078125 0.00732421875
11 0.494140625 0.68212890625 0.00830078125 0.00732421875
11 0.494140625 0.67626953125 0.00830078125 0.0068359375
11 0.494140625 0.775390625 0.00830078125 0.00732421875
11 0.494140625 0.75439453125 0.00830078125 0.00732421875
11 0.494140625 0.8720703125 0.00830078125 0.0068359375
11 0.494140625 0.8662109375 0.00830078125 0.00732421875
11 0.494140625 0.85107421875 0.00830078125 0.0068359375
11 0.494140625 0.84521484375 0.00830078125 0.00732421875
11 0.47216796875 0.6669921875 0.00830078125 0.00732421875
11 0.4541015625 0.84521484375 0.00830078125 0.00732421875
11 0.47216796875 0.68798828125 0.00830078125 0.0068359375
11 0.47216796875 0.7958984375 0.00830078125 0.0068359375
11 0.47216796875 0.775390625 0.00830078125 0.00732421875
11 0.47216796875 0.75439453125 0.00830078125 0.00732421875
11 0.47216796875 0.85693359375 0.00830078125 0.0068359375
11 0.47216796875 0.83642578125 0.00830078125 0.0068359375
11 0.38671875 0.8603515625 0.00830078125 0.00732421875
11 0.38671875 0.69677734375 0.00830078125 0.00732421875
11 0.38671875 0.69091796875 0.00830078125 0.0068359375
11 0.38671875 0.67626953125 0.00830078125 0.0068359375
11 0.38671875 0.669921875 0.00830078125 0.0068359375
11 0.38671875 0.7958984375 0.00830078125 0.0068359375
11 0.38671875 0.775390625 0.00830078125 0.00732421875
11 0.38671875 0.75439453125 0.00830078125 0.00732421875
11 0.38671875 0.8662109375 0.00830078125 0.00732421875
11 0.38671875 0.84521484375 0.00830078125 0.00732421875
11 0.38671875 0.83935546875 0.00830078125 0.0068359375
11 0.361328125 0.84521484375 0.00830078125 0.00732421875
11 0.361328125 0.7060546875 0.00830078125 0.0068359375
11 0.361328125 0.69677734375 0.00830078125 0.00732421875
11 0.361328125 0.68505859375 0.00830078125 0.0068359375
11 0.361328125 0.67626953125 0.00830078125 0.0068359375
11 0.361328125 0.875 0.00830078125 0.0068359375
11 0.361328125 0.8662109375 0.00830078125 0.00732421875
11 0.361328125 0.8544921875 0.00830078125 0.0068359375
11 0.41552734375 0.84521484375 0.00830078125 0.00732421875
11 0.408203125 0.67919921875 0.00830078125 0.0068359375
11 0.41552734375 0.69677734375 0.00830078125 0.00732421875
11 0.408203125 0.69970703125 0.00830078125 0.0068359375
11 0.41552734375 0.85107421875 0.00830078125 0.0068359375
11 0.41552734375 0.8662109375 0.00830078125 0.00732421875
11 0.41552734375 0.8720703125 0.00830078125 0.0068359375
11 0.41552734375 0.75439453125 0.00830078125 0.00732421875
11 0.41552734375 0.775390625 0.00830078125 0.00732421875
11 0.41552734375 0.67626953125 0.00830078125 0.0068359375
11 0.41552734375 0.7958984375 0.00830078125 0.0068359375