11 0.6982421875 0.2470703125 0.00830078125 0.0068359375
11 0.6982421875 0.20751953125 0.00830078125 0.0068359375
11 0.72119140625 0.232421875 0.00830078125 0.0068359375
11 0.73388671875 0.2412109375 0.00830078125 0.0068359375
11 0.73388671875 0.20166015625 0.00830078125 0.0068359375
11 0.72119140625 0.19287109375 0.00830078125 0.0068359375
14 0.7099609375 0.2568359375 0.0087890625 0.017578125
14 0.7099609375 0.19677734375 0.0087890625 0.01708984375
11 0.62841796875 0.244140625 0.00830078125 0.00732421875
11 0.61181640625 0.2353515625 0.00830078125 0.0068359375
11 0.64453125 0.2294921875 0.00830078125 0.00732421875
11 0.599609375 0.244140625 0.00830078125 0.00732421875
11 0.58740234375 0.25 0.00830078125 0.0068359375
11 0.68212890625 0.2529296875 0.00830078125 0.0068359375
11 0.68212890625 0.2138671875 0.00830078125 0.0068359375
11 0.65771484375 0.2353515625 0.00830078125 0.0068359375
14 0.81103515625 0.2568359375 0.0087890625 0.017578125
14 0.81103515625 0.19677734375 0.0087890625 0.01708984375
22 0.60986328125 0.12841796875 0.00830078125 0.00390625
22 0.484375 0.06787109375 0.00830078125 0.00390625
22 0.484375 0.12841796875 0.00830078125 0.00390625
22 0.484375 0.1884765625 0.00830078125 0.00390625
22 0.60986328125 0.06787109375 0.00830078125 0.00390625
22 0.60986328125 0.1884765625 0.00830078125 0.00390625
11 0.7724609375 0.20751953125 0.00830078125 0.0068359375
11 0.75634765625 0.2529296875 0.00830078125 0.0068359375
11 0.75634765625 0.2138671875 0.00830078125 0.0068359375
11 0.7724609375 0.2470703125 0.00830078125 0.0068359375
14 0.7451171875 0.2568359375 0.0087890625 0.017578125
14 0.7451171875 0.19677734375 0.0087890625 0.01708984375
11 0.7998046875 0.25 0.00830078125 0.0068359375
11 0.7998046875 0.2109375 0.00830078125 0.00732421875
11 0.78662109375 0.244140625 0.00830078125 0.00732421875
11 0.78662109375 0.20458984375 0.00830078125 0.0068359375
11 0.326171875 0.20166015625 0.00830078125 0.0068359375
11 0.326171875 0.05712890625 0.00830078125 0.00732421875
11 0.3154296875 0.05419921875 0.00830078125 0.0068359375
11 0.30419921875 0.05419921875 0.00830078125 0.0068359375
11 0.291015625 0.04833984375 0.00830078125 0.0068359375
11 0.42578125 0.255859375 0.00830078125 0.0068359375
11 0.35205078125 0.19287109375 0.00830078125 0.0068359375
11 0.35205078125 0.0693359375 0.00830078125 0.0068359375
11 0.33935546875 0.0634765625 0.00830078125 0.0068359375
22 0.298828125 0.24853515625 0.00830078125 0.00390625
10 0.19384765625 0.13134765625 0.0166015625 0.0458984375
10 0.19384765625 0.07080078125 0.0166015625 0.0458984375
22 0.74658203125 0.12841796875 0.00830078125 0.00390625
22 0.74658203125 0.06787109375 0.00830078125 0.00390625
22 0.298828125 0.12841796875 0.00830078125 0.00390625
11 0.27978515625 0.03662109375 0.00830078125 0.00732421875
11 0.26708984375 0.04248046875 0.00830078125 0.0068359375
12 0.25146484375 0.171875 0.0087890625 0.0068359375
11 0.25146484375 0.04833984375 0.00830078125 0.0068359375
1 0.193359375 0.2509765625 0.017578125 0.02099609375
11 0.54345703125 0.2529296875 0.00830078125 0.0068359375
11 0.5302734375 0.2470703125 0.00830078125 0.0068359375
11 0.51611328125 0.25 0.00830078125 0.0068359375
11 0.5 0.255859375 0.00830078125 0.0068359375
14 0.48876953125 0.2568359375 0.0087890625 0.017578125
11 0.5712890625 0.255859375 0.00830078125 0.0068359375
14 0.5546875 0.2568359375 0.0087890625 0.017578125
14 0.453125 0.2568359375 0.0087890625 0.017578125
11 0.44189453125 0.25 0.00830078125 0.0068359375
11 0.47705078125 0.244140625 0.00830078125 0.00732421875
11 0.46435546875 0.2353515625 0.00830078125 0.0068359375
11 0.69091796875 0.38916015625 0.00830078125 0.0068359375
11 0.69091796875 0.5244140625 0.00830078125 0.00732421875
11 0.69091796875 0.58203125 0.00830078125 0.0068359375
11 0.7158203125 0.47021484375 0.00830078125 0.00732421875
11 0.7158203125 0.39501953125 0.00830078125 0.0068359375
11 0.7158203125 0.54541015625 0.00830078125 0.0068359375
11 0.7158203125 0.587890625 0.00830078125 0.00732421875
14 0.70361328125 0.40771484375 0.0087890625 0.017578125
14 0.70361328125 0.5283203125 0.0087890625 0.01708984375
14 0.70361328125 0.5947265625 0.0087890625 0.017578125
11 0.59716796875 0.38623046875 0.00830078125 0.00732421875
11 0.59716796875 0.48779296875 0.00830078125 0.0068359375
11 0.61376953125 0.40673828125 0.00830078125 0.00732421875
11 0.61376953125 0.46728515625 0.00830078125 0.0068359375
11 0.572265625 0.39794921875 0.0078125 0.0068359375
11 0.572265625 0.48779296875 0.0078125 0.0068359375
14 0.58447265625 0.40771484375 0.0087890625 0.017578125
14 0.58447265625 0.4677734375 0.0087890625 0.017578125
11 0.6748046875 0.5244140625 0.00830078125 0.00732421875
11 0.6748046875 0.3798828125 0.00830078125 0.0068359375
11 0.6748046875 0.4609375 0.00830078125 0.0068359375
11 0.6748046875 0.5732421875 0.00830078125 0.00732421875
14 0.62646484375 0.40771484375 0.0087890625 0.017578125
14 0.62646484375 0.4677734375 0.0087890625 0.017578125
12 0.63916015625 0.39794921875 0.0087890625 0.0068359375
12 0.63916015625 0.47900390625 0.0087890625 0.0068359375
14 0.81005859375 0.40771484375 0.0087890625 0.017578125
14 0.81005859375 0.5947265625 0.0087890625 0.017578125
11 0.79736328125 0.40087890625 0.00830078125 0.00732421875
11 0.79736328125 0.5185546875 0.00830078125 0.0068359375
11 0.79736328125 0.576171875 0.00830078125 0.0068359375
22 0.60498046875 0.58642578125 0.00830078125 0.00390625
22 0.60498046875 0.52001953125 0.00830078125 0.00390625
22 0.45263671875 0.58642578125 0.00830078125 0.00390625
22 0.45263671875 0.52001953125 0.00830078125 0.00390625
14 0.74658203125 0.5947265625 0.0087890625 0.017578125
14 0.74658203125 0.40771484375 0.0087890625 0.017578125
14 0.74658203125 0.5283203125 0.0087890625 0.01708984375
11 0.73388671875 0.3740234375 0.00830078125 0.0068359375
11 0.73388671875 0.53369140625 0.00830078125 0.0068359375
11 0.73388671875 0.58203125 0.00830078125 0.0068359375
11 0.78125 0.39794921875 0.00830078125 0.0068359375
11 0.78125 0.4580078125 0.00830078125 0.0068359375
11 0.78125 0.521484375 0.00830078125 0.0068359375
11 0.78125 0.56982421875 0.00830078125 0.0068359375
11 0.75927734375 0.3740234375 0.00830078125 0.0068359375
11 0.75927734375 0.47607421875 0.00830078125 0.0068359375
11 0.75927734375 0.53955078125 0.00830078125 0.00732421875
11 0.75927734375 0.56689453125 0.00830078125 0.00732421875
11 0.33349609375 0.5244140625 0.00830078125 0.00732421875
11 0.33349609375 0.5908203125 0.00830078125 0.0068359375
11 0.3671875 0.3798828125 0.00830078125 0.0068359375
11 0.3671875 0.4609375 0.00830078125 0.0068359375
11 0.30078125 0.53369140625 0.00830078125 0.0068359375
11 0.30078125 0.5791015625 0.00830078125 0.0068359375
11 0.31787109375 0.5185546875 0.00830078125 0.0068359375
11 0.31787109375 0.5849609375 0.00830078125 0.0068359375
14 0.3896484375 0.40771484375 0.0087890625 0.017578125
11 0.40185546875 0.38916015625 0.00830078125 0.0068359375
11 0.40185546875 0.47021484375 0.00830078125 0.00732421875
4 0.40234375 0.40087890625 0.00732421875 0.017578125
10 0.19287109375 0.462890625 0.0166015625 0.0458984375
11 0.2353515625 0.54541015625 0.00830078125 0.0068359375
11 0.2353515625 0.5908203125 0.00830078125 0.0068359375
22 0.27783203125 0.3994140625 0.00830078125 0.00390625
22 0.27783203125 0.4599609375 0.00830078125 0.00390625
10 0.19287109375 0.40234375 0.0166015625 0.0458984375
11 0.26708984375 0.53369140625 0.00830078125 0.0068359375
11 0.26708984375 0.5791015625 0.00830078125 0.0068359375
11 0.28076171875 0.5244140625 0.00830078125 0.00732421875
11 0.28076171875 0.56982421875 0.00830078125 0.0068359375
11 0.25341796875 0.5849609375 0.00830078125 0.0068359375
11 0.25341796875 0.53955078125 0.00830078125 0.00732421875
11 0.51025390625 0.376953125 0.00830078125 0.0068359375
11 0.51025390625 0.4580078125 0.00830078125 0.0068359375
11 0.525390625 0.3828125 0.00830078125 0.0068359375
11 0.525390625 0.46435546875 0.00830078125 0.0068359375
11 0.48583984375 0.4609375 0.00830078125 0.0068359375
14 0.498046875 0.40771484375 0.0087890625 0.017578125
14 0.498046875 0.4677734375 0.0087890625 0.017578125
14 0.5380859375 0.40771484375 0.0087890625 0.017578125
14 0.5380859375 0.4677734375 0.0087890625 0.017578125
11 0.55712890625 0.38916015625 0.00830078125 0.0068359375
11 0.55712890625 0.47021484375 0.00830078125 0.00732421875
11 0.4453125 0.38916015625 0.00830078125 0.0068359375
11 0.4453125 0.47021484375 0.00830078125 0.00732421875
11 0.48583984375 0.3798828125 0.00830078125 0.0068359375
14 0.41455078125 0.40771484375 0.0087890625 0.017578125
14 0.41455078125 0.4677734375 0.0087890625 0.017578125
11 0.42724609375 0.39501953125 0.00830078125 0.0068359375
11 0.42724609375 0.47607421875 0.00830078125 0.0068359375
14 0.45751953125 0.4677734375 0.0087890625 0.017578125
14 0.45751953125 0.40771484375 0.0087890625 0.017578125
11 0.47021484375 0.3740234375 0.00830078125 0.0068359375
11 0.47021484375 0.455078125 0.00830078125 0.00732421875
11 0.63671875 0.931640625 0.00830078125 0.0068359375
8 0.63671875 0.8681640625 0.00634765625 0.017578125
11 0.6591796875 0.859375 0.00830078125 0.0068359375
11 0.6591796875 0.9345703125 0.00830078125 0.0068359375
11 0.63671875 0.8564453125 0.00830078125 0.0068359375
8 0.63671875 0.943359375 0.00634765625 0.017578125
11 0.68798828125 0.9345703125 0.00830078125 0.0068359375
11 0.68798828125 0.859375 0.00830078125 0.0068359375
11 0.67578125 0.859375 0.00830078125 0.0068359375
11 0.67578125 0.9345703125 0.00830078125 0.0068359375
11 0.55859375 0.85302734375 0.00830078125 0.0068359375
11 0.55859375 0.92822265625 0.00830078125 0.0068359375
4 0.55908203125 0.865234375 0.00732421875 0.01806640625
4 0.55908203125 0.9404296875 0.00732421875 0.01806640625
14 0.57080078125 0.86572265625 0.0087890625 0.01708984375
14 0.57080078125 0.9384765625 0.0087890625 0.01708984375
11 0.546875 0.85302734375 0.00830078125 0.0068359375
22 0.4189453125 0.7373046875 0.00830078125 0.00390625
11 0.546875 0.92822265625 0.00830078125 0.0068359375
15 0.62060546875 0.86279296875 0.0078125 0.01171875
11 0.599609375 0.92822265625 0.00830078125 0.0068359375
11 0.599609375 0.85302734375 0.00830078125 0.0068359375
15 0.62060546875 0.93505859375 0.0078125 0.01171875
11 0.58349609375 0.85302734375 0.00830078125 0.0068359375
11 0.58349609375 0.92822265625 0.00830078125 0.0068359375
8 0.5830078125 0.865234375 0.00634765625 0.01806640625
8 0.5830078125 0.9404296875 0.00634765625 0.01806640625
11 0.8056640625 0.92236328125 0.00830078125 0.00732421875
8 0.8056640625 0.859375 0.00634765625 0.017578125
8 0.8056640625 0.9345703125 0.00634765625 0.017578125
11 0.8056640625 0.84716796875 0.00830078125 0.00732421875
14 0.79345703125 0.9384765625 0.0087890625 0.01708984375
4 0.78125 0.865234375 0.00732421875 0.01806640625
4 0.78125 0.9404296875 0.00732421875 0.01806640625
14 0.79345703125 0.86572265625 0.0087890625 0.01708984375
22 0.580078125 0.7978515625 0.00830078125 0.00390625
22 0.580078125 0.7373046875 0.00830078125 0.00390625
22 0.4189453125 0.7978515625 0.00830078125 0.00390625
11 0.724609375 0.859375 0.00830078125 0.0068359375
11 0.724609375 0.9345703125 0.00830078125 0.0068359375
8 0.72412109375 0.87109375 0.00634765625 0.01806640625
8 0.72412109375 0.94580078125 0.00634765625 0.01806640625
11 0.74072265625 0.85302734375 0.00830078125 0.0068359375
11 0.74072265625 0.92822265625 0.00830078125 0.0068359375
11 0.69970703125 0.859375 0.00830078125 0.0068359375
11 0.69970703125 0.9345703125 0.00830078125 0.0068359375
4 0.69970703125 0.87109375 0.0078125 0.01806640625
4 0.69970703125 0.94580078125 0.0078125 0.01806640625
14 0.7119140625 0.86572265625 0.0087890625 0.01708984375
14 0.7119140625 0.9384765625 0.0087890625 0.01708984375
11 0.76953125 0.85302734375 0.00830078125 0.0068359375
11 0.76953125 0.92822265625 0.00830078125 0.0068359375
11 0.78125 0.85302734375 0.00830078125 0.0068359375
11 0.78125 0.92822265625 0.00830078125 0.0068359375
11 0.75732421875 0.85302734375 0.00830078125 0.0068359375
11 0.75732421875 0.92822265625 0.00830078125 0.0068359375
11 0.34716796875 0.8623046875 0.00830078125 0.0068359375
11 0.34716796875 0.9375 0.00830078125 0.00732421875
11 0.3876953125 0.8623046875 0.00830078125 0.0068359375
4 0.3876953125 0.87353515625 0.00732421875 0.01806640625
11 0.36376953125 0.8623046875 0.00830078125 0.0068359375
11 0.36376953125 0.9375 0.00830078125 0.00732421875
11 0.37548828125 0.8623046875 0.00830078125 0.0068359375
11 0.37548828125 0.9375 0.00830078125 0.00732421875
10 0.19384765625 0.80078125 0.0166015625 0.04541015625
10 0.19384765625 0.740234375 0.0166015625 0.0458984375
1 0.193359375 0.9326171875 0.017578125 0.02099609375
22 0.73486328125 0.7373046875 0.00830078125 0.00390625
22 0.73486328125 0.7978515625 0.00830078125 0.00390625
19 0.26220703125 0.740234375 0.00830078125 0.00390625
19 0.26220703125 0.80029296875 0.00830078125 0.00390625
19 0.26220703125 0.8603515625 0.00830078125 0.00390625
19 0.26220703125 0.93310546875 0.00830078125 0.00390625
12 0.236328125 0.7177734375 0.0087890625 0.0068359375
12 0.236328125 0.798828125 0.0087890625 0.00732421875
12 0.236328125 0.8623046875 0.0087890625 0.0068359375
12 0.236328125 0.91650390625 0.0087890625 0.0068359375
11 0.3876953125 0.9375 0.00830078125 0.00732421875
11 0.4970703125 0.92578125 0.00830078125 0.0068359375
11 0.4970703125 0.85009765625 0.00830078125 0.0068359375
14 0.48486328125 0.9384765625 0.0087890625 0.01708984375
8 0.49658203125 0.8623046875 0.00634765625 0.017578125
8 0.49658203125 0.9375 0.00634765625 0.017578125
4 0.47265625 0.8681640625 0.0078125 0.01806640625
11 0.47265625 0.8564453125 0.00830078125 0.0068359375
5 0.39453125 0.92724609375 0.0068359375 0.02099609375
4 0.47265625 0.943359375 0.0078125 0.01806640625
14 0.48486328125 0.86572265625 0.0087890625 0.01708984375
11 0.53466796875 0.85302734375 0.00830078125 0.0068359375
11 0.53466796875 0.92822265625 0.00830078125 0.0068359375
11 0.52001953125 0.84716796875 0.00830078125 0.00732421875
11 0.52001953125 0.92236328125 0.00830078125 0.00732421875
11 0.47265625 0.931640625 0.00830078125 0.0068359375
9 0.421875 0.92529296875 0.0068359375 0.017578125
11 0.43212890625 0.8564453125 0.00830078125 0.0068359375
11 0.43212890625 0.931640625 0.00830078125 0.0068359375
14 0.4033203125 0.86572265625 0.0087890625 0.01708984375
14 0.4033203125 0.9384765625 0.0087890625 0.01708984375
11 0.41552734375 0.8623046875 0.00830078125 0.0068359375
11 0.41552734375 0.9375 0.00830078125 0.00732421875
8 0.4150390625 0.87353515625 0.00634765625 0.017578125
11 0.46044921875 0.931640625 0.00830078125 0.0068359375
11 0.46044921875 0.8564453125 0.00830078125 0.0068359375
11 0.44873046875 0.8564453125 0.00830078125 0.0068359375
11 0.44873046875 0.931640625 0.00830078125 0.0068359375