11 0.62451171875 0.109375 0.00830078125 0.00732421875
11 0.62451171875 0.05029296875 0.00830078125 0.00732421875
11 0.62451171875 0.04443359375 0.00830078125 0.0068359375
11 0.60888671875 0.11279296875 0.00830078125 0.0068359375
11 0.65185546875 0.05029296875 0.00830078125 0.00732421875
11 0.65966796875 0.109375 0.00830078125 0.00732421875
11 0.64306640625 0.11279296875 0.00830078125 0.0068359375
11 0.638671875 0.05322265625 0.00830078125 0.0068359375
11 0.57666015625 0.11865234375 0.00830078125 0.0068359375
11 0.6005859375 0.05322265625 0.00830078125 0.0068359375
11 0.5927734375 0.11572265625 0.00830078125 0.00732421875
11 0.5625 0.109375 0.00830078125 0.00732421875
11 0.54638671875 0.1064453125 0.00830078125 0.0068359375
11 0.80810546875 0.103515625 0.00830078125 0.0068359375
11 0.7919921875 0.1064453125 0.00830078125 0.0068359375
8 0.77685546875 0.0625 0.00634765625 0.017578125
11 0.72412109375 0.103515625 0.00830078125 0.0068359375
15 0.72412109375 0.07177734375 0.0078125 0.01171875
15 0.72412109375 0.0478515625 0.0078125 0.01171875
11 0.7080078125 0.1064453125 0.00830078125 0.0068359375
11 0.69189453125 0.109375 0.00830078125 0.00732421875
8 0.77685546875 0.05615234375 0.00634765625 0.017578125
11 0.77734375 0.1005859375 0.00830078125 0.0068359375
11 0.77734375 0.05029296875 0.00830078125 0.00732421875
11 0.77734375 0.04443359375 0.00830078125 0.0068359375
11 0.67626953125 0.1064453125 0.00830078125 0.0068359375
11 0.75634765625 0.103515625 0.00830078125 0.0068359375
11 0.740234375 0.1064453125 0.00830078125 0.0068359375
11 0.3291015625 0.11865234375 0.00830078125 0.0068359375
11 0.3291015625 0.04736328125 0.00830078125 0.0068359375
11 0.3291015625 0.04150390625 0.00830078125 0.0068359375
11 0.31298828125 0.12158203125 0.00830078125 0.0068359375
11 0.3037109375 0.05029296875 0.00830078125 0.00732421875
11 0.29443359375 0.12451171875 0.00830078125 0.0068359375
11 0.3564453125 0.04736328125 0.00830078125 0.0068359375
11 0.3427734375 0.05029296875 0.00830078125 0.00732421875
11 0.2783203125 0.12744140625 0.00830078125 0.0068359375
11 0.23193359375 0.11865234375 0.00830078125 0.0068359375
11 0.23193359375 0.04443359375 0.00830078125 0.0068359375
11 0.23193359375 0.04150390625 0.00830078125 0.0068359375
1 0.193359375 0.11669921875 0.017578125 0.02099609375
10 0.19384765625 0.0576171875 0.0166015625 0.0458984375
0 0.17529296875 0.0888671875 0.005859375 0.08447265625
11 0.263671875 0.11865234375 0.00830078125 0.0068359375
11 0.248046875 0.11572265625 0.00830078125 0.00732421875
11 0.34765625 0.12158203125 0.00830078125 0.0068359375
8 0.47607421875 0.05322265625 0.00634765625 0.01806640625
11 0.4765625 0.109375 0.00830078125 0.00732421875
11 0.4765625 0.05615234375 0.00830078125 0.0068359375
11 0.4765625 0.04150390625 0.00830078125 0.0068359375
11 0.46044921875 0.11279296875 0.00830078125 0.0068359375
11 0.44482421875 0.11572265625 0.00830078125 0.00732421875
11 0.5302734375 0.109375 0.00830078125 0.00732421875
11 0.5302734375 0.05908203125 0.00830078125 0.0068359375
11 0.5302734375 0.04150390625 0.00830078125 0.0068359375
11 0.50732421875 0.11279296875 0.00830078125 0.0068359375
11 0.4912109375 0.11572265625 0.00830078125 0.00732421875
8 0.47607421875 0.068359375 0.00634765625 0.01806640625
11 0.41259765625 0.11572265625 0.00830078125 0.00732421875
11 0.396484375 0.11865234375 0.00830078125 0.0068359375
11 0.38037109375 0.11572265625 0.00830078125 0.00732421875
11 0.3642578125 0.11865234375 0.00830078125 0.0068359375
15 0.42822265625 0.07177734375 0.0078125 0.01171875
11 0.42822265625 0.11279296875 0.00830078125 0.0068359375
15 0.42822265625 0.0478515625 0.0078125 0.01171875
8 0.62548828125 0.25927734375 0.0048828125 0.0126953125
11 0.62548828125 0.2490234375 0.005859375 0.00537109375
11 0.63525390625 0.24609375 0.00830078125 0.0068359375
11 0.61474609375 0.3203125 0.00830078125 0.0068359375
11 0.607421875 0.2490234375 0.00830078125 0.0068359375
11 0.60009765625 0.3232421875 0.00830078125 0.00732421875
11 0.67041015625 0.33251953125 0.00830078125 0.0068359375
11 0.6552734375 0.3349609375 0.00830078125 0.0068359375
11 0.63525390625 0.33251953125 0.00830078125 0.0068359375
11 0.63525390625 0.251953125 0.00830078125 0.0068359375
11 0.5380859375 0.326171875 0.00830078125 0.0068359375
11 0.5380859375 0.2548828125 0.00830078125 0.0068359375
11 0.5380859375 0.2431640625 0.00830078125 0.00732421875
11 0.5849609375 0.3203125 0.00830078125 0.0068359375
11 0.568359375 0.326171875 0.00830078125 0.0068359375
11 0.55322265625 0.3291015625 0.00830078125 0.0068359375
11 0.80810546875 0.3203125 0.00830078125 0.0068359375
11 0.791015625 0.326171875 0.00830078125 0.0068359375
8 0.77734375 0.26416015625 0.00634765625 0.017578125
11 0.73388671875 0.314453125 0.00830078125 0.0068359375
15 0.73388671875 0.2705078125 0.0078125 0.01171875
15 0.73388671875 0.24658203125 0.0078125 0.01171875
11 0.71875 0.3173828125 0.00830078125 0.0068359375
11 0.70361328125 0.3203125 0.00830078125 0.0068359375
11 0.68701171875 0.326171875 0.00830078125 0.0068359375
8 0.77734375 0.251953125 0.00634765625 0.01806640625
11 0.77783203125 0.3203125 0.00830078125 0.0068359375
11 0.77783203125 0.251953125 0.00830078125 0.0068359375
11 0.77783203125 0.240234375 0.00830078125 0.0068359375
11 0.76416015625 0.314453125 0.00830078125 0.0068359375
11 0.7490234375 0.3173828125 0.00830078125 0.0068359375
11 0.30224609375 0.2490234375 0.00830078125 0.0068359375
11 0.30224609375 0.2548828125 0.00830078125 0.0068359375
11 0.3095703125 0.30224609375 0.00830078125 0.00732421875
11 0.294921875 0.30517578125 0.00830078125 0.0068359375
11 0.2783203125 0.314453125 0.00830078125 0.0068359375
11 0.330078125 0.29931640625 0.00830078125 0.0068359375
11 0.330078125 0.27001953125 0.00830078125 0.0068359375
11 0.330078125 0.26123046875 0.00830078125 0.0068359375
8 0.3203125 0.267578125 0.0048828125 0.0126953125
11 0.3203125 0.2578125 0.005859375 0.00537109375
11 0.234375 0.29931640625 0.00830078125 0.0068359375
11 0.234375 0.26123046875 0.00830078125 0.0068359375
11 0.234375 0.2431640625 0.00830078125 0.00732421875
1 0.193359375 0.3154296875 0.017578125 0.02099609375
10 0.19384765625 0.25634765625 0.0166015625 0.0458984375
0 0.17529296875 0.28759765625 0.005859375 0.08447265625
11 0.2646484375 0.29931640625 0.00830078125 0.0068359375
11 0.24951171875 0.29638671875 0.00830078125 0.0068359375
11 0.509765625 0.3291015625 0.00830078125 0.0068359375
11 0.4658203125 0.3291015625 0.00830078125 0.0068359375
11 0.45068359375 0.33251953125 0.00830078125 0.0068359375
11 0.49462890625 0.33251953125 0.00830078125 0.0068359375
8 0.48046875 0.26416015625 0.00634765625 0.017578125
8 0.48046875 0.2548828125 0.00634765625 0.017578125
11 0.48095703125 0.326171875 0.00830078125 0.0068359375
11 0.48095703125 0.251953125 0.00830078125 0.0068359375
11 0.48095703125 0.2431640625 0.00830078125 0.00732421875
11 0.375 0.29638671875 0.00830078125 0.0068359375
11 0.35986328125 0.29931640625 0.00830078125 0.0068359375
11 0.4052734375 0.29638671875 0.00830078125 0.0068359375
11 0.39013671875 0.29931640625 0.00830078125 0.0068359375
15 0.435546875 0.24658203125 0.0078125 0.01171875
11 0.3447265625 0.30224609375 0.0078125 0.00732421875
11 0.435546875 0.3291015625 0.00830078125 0.0068359375
15 0.435546875 0.2705078125 0.0078125 0.01171875
11 0.638671875 0.51953125 0.00830078125 0.0068359375
11 0.638671875 0.46875 0.00830078125 0.0068359375
11 0.638671875 0.45361328125 0.00830078125 0.0068359375
8 0.61962890625 0.4736328125 0.00439453125 0.0126953125
11 0.61962890625 0.4658203125 0.005859375 0.00537109375
11 0.6103515625 0.4658203125 0.00830078125 0.00732421875
11 0.60595703125 0.5078125 0.0078125 0.00732421875
11 0.67333984375 0.51953125 0.00830078125 0.0068359375
11 0.658203125 0.5224609375 0.00830078125 0.00732421875
11 0.57568359375 0.5078125 0.00830078125 0.00732421875
11 0.59765625 0.462890625 0.00830078125 0.0068359375
11 0.59033203125 0.5107421875 0.00830078125 0.0068359375
11 0.55908203125 0.513671875 0.00830078125 0.0068359375
11 0.54443359375 0.5166015625 0.00830078125 0.0068359375
11 0.80908203125 0.5078125 0.00830078125 0.00732421875
11 0.79248046875 0.513671875 0.00830078125 0.0068359375
8 0.77880859375 0.48974609375 0.00634765625 0.01806640625
11 0.73583984375 0.501953125 0.00830078125 0.0068359375
15 0.73583984375 0.46923828125 0.0078125 0.01171875
15 0.73583984375 0.4453125 0.0078125 0.01171875
11 0.72119140625 0.5048828125 0.00830078125 0.0068359375
11 0.7060546875 0.5078125 0.00830078125 0.00732421875
8 0.77880859375 0.47021484375 0.00634765625 0.017578125
11 0.779296875 0.5078125 0.00830078125 0.00732421875
11 0.779296875 0.48046875 0.00830078125 0.00732421875
11 0.779296875 0.4599609375 0.00830078125 0.0068359375
11 0.689453125 0.513671875 0.00830078125 0.0068359375
11 0.765625 0.501953125 0.00830078125 0.0068359375
11 0.7509765625 0.5048828125 0.00830078125 0.0068359375
8 0.31689453125 0.455078125 0.0048828125 0.0126953125
11 0.31689453125 0.44482421875 0.005859375 0.00537109375
11 0.306640625 0.5166015625 0.00830078125 0.0068359375
11 0.29931640625 0.44775390625 0.00830078125 0.0068359375
11 0.2919921875 0.51953125 0.00830078125 0.0068359375
11 0.27685546875 0.5166015625 0.00830078125 0.0068359375
11 0.361328125 0.52880859375 0.00830078125 0.00732421875
11 0.34619140625 0.53173828125 0.00830078125 0.0068359375
11 0.32666015625 0.52880859375 0.00830078125 0.00732421875
11 0.32666015625 0.45068359375 0.00830078125 0.00732421875
11 0.32666015625 0.44189453125 0.00830078125 0.0068359375
11 0.23095703125 0.5224609375 0.0078125 0.00732421875
11 0.23095703125 0.45068359375 0.0078125 0.00732421875
11 0.23095703125 0.44189453125 0.0078125 0.0068359375
10 0.19287109375 0.51513671875 0.0166015625 0.0458984375
10 0.19287109375 0.45556640625 0.0166015625 0.0458984375
0 0.17529296875 0.48681640625 0.005859375 0.0849609375
11 0.2607421875 0.5224609375 0.00830078125 0.00732421875
11 0.24560546875 0.525390625 0.00830078125 0.0068359375
8 0.4716796875 0.45361328125 0.00634765625 0.01806640625
11 0.47216796875 0.5166015625 0.00830078125 0.0068359375
11 0.47216796875 0.44775390625 0.00830078125 0.0068359375
11 0.47216796875 0.44189453125 0.00830078125 0.0068359375
8 0.4716796875 0.4599609375 0.00634765625 0.01806640625
11 0.45849609375 0.5107421875 0.00830078125 0.0068359375
11 0.44384765625 0.513671875 0.00830078125 0.0068359375
11 0.529296875 0.513671875 0.0078125 0.0068359375
11 0.529296875 0.4599609375 0.0078125 0.0068359375
11 0.529296875 0.44189453125 0.0078125 0.0068359375
11 0.501953125 0.5166015625 0.00830078125 0.0068359375
11 0.48583984375 0.5224609375 0.00830078125 0.00732421875
15 0.4287109375 0.46923828125 0.0078125 0.01171875
15 0.4287109375 0.4453125 0.0078125 0.01171875
11 0.4140625 0.513671875 0.00830078125 0.0068359375
11 0.39404296875 0.5166015625 0.00830078125 0.0068359375
11 0.3779296875 0.5224609375 0.00830078125 0.00732421875
11 0.4287109375 0.5107421875 0.00830078125 0.0068359375
11 0.62744140625 0.64990234375 0.00830078125 0.00732421875
11 0.6923828125 0.64404296875 0.00830078125 0.0068359375
11 0.61083984375 0.72265625 0.00830078125 0.00732421875
11 0.61083984375 0.7373046875 0.00830078125 0.0068359375
11 0.61083984375 0.64697265625 0.00830078125 0.0068359375
11 0.67626953125 0.64697265625 0.00830078125 0.0068359375
11 0.65966796875 0.64404296875 0.00830078125 0.0068359375
11 0.6435546875 0.64697265625 0.00830078125 0.0068359375
11 0.53173828125 0.64404296875 0.00830078125 0.0068359375
11 0.5947265625 0.64990234375 0.00830078125 0.00732421875
11 0.57861328125 0.6533203125 0.00830078125 0.0068359375
11 0.5625 0.65625 0.00830078125 0.00732421875
11 0.5478515625 0.64697265625 0.00830078125 0.0068359375
11 0.79443359375 0.63818359375 0.00830078125 0.0068359375
11 0.7734375 0.64111328125 0.00830078125 0.0068359375
8 0.7568359375 0.73388671875 0.00634765625 0.017578125
11 0.724609375 0.64404296875 0.00830078125 0.0068359375
15 0.70849609375 0.7353515625 0.0078125 0.01171875
15 0.70849609375 0.6748046875 0.0078125 0.01171875
11 0.70849609375 0.64111328125 0.00830078125 0.0068359375
11 0.75732421875 0.72265625 0.0078125 0.00732421875
8 0.7568359375 0.73828125 0.00634765625 0.017578125
11 0.75732421875 0.728515625 0.0078125 0.00732421875
11 0.75732421875 0.63818359375 0.0078125 0.0068359375
11 0.74072265625 0.64111328125 0.00830078125 0.0068359375
11 0.30517578125 0.66796875 0.00830078125 0.0068359375
11 0.29736328125 0.70751953125 0.00830078125 0.00732421875
11 0.28125 0.70458984375 0.00830078125 0.0068359375
11 0.26318359375 0.71044921875 0.00830078125 0.0068359375
11 0.33447265625 0.716796875 0.00830078125 0.0068359375
11 0.33447265625 0.6708984375 0.00830078125 0.00732421875
11 0.33447265625 0.6650390625 0.00830078125 0.0068359375
8 0.32421875 0.67578125 0.00439453125 0.0126953125
11 0.32470703125 0.66796875 0.005859375 0.0048828125
11 0.31298828125 0.70458984375 0.00830078125 0.0068359375
10 0.19287109375 0.65478515625 0.0166015625 0.0458984375
10 0.19287109375 0.72119140625 0.0166015625 0.0458984375
11 0.23095703125 0.6591796875 0.0078125 0.0068359375
0 0.17529296875 0.689453125 0.00634765625 0.09130859375
11 0.2470703125 0.71337890625 0.00830078125 0.0068359375
11 0.23095703125 0.71044921875 0.0078125 0.0068359375
11 0.23095703125 0.6708984375 0.0078125 0.00732421875
11 0.44482421875 0.69580078125 0.00830078125 0.0068359375
21 0.44384765625 0.66650390625 0.00634765625 0.0185546875
21 0.44384765625 0.642578125 0.00634765625 0.0185546875
11 0.4287109375 0.69873046875 0.00830078125 0.0068359375
11 0.51513671875 0.72265625 0.00830078125 0.00732421875
11 0.51513671875 0.728515625 0.00830078125 0.00732421875
11 0.51513671875 0.64697265625 0.00830078125 0.0068359375
11 0.47314453125 0.69580078125 0.00830078125 0.0068359375
11 0.458984375 0.69873046875 0.00830078125 0.0068359375
11 0.3896484375 0.71044921875 0.00830078125 0.0068359375
11 0.3720703125 0.716796875 0.00830078125 0.0068359375
11 0.35595703125 0.71923828125 0.00830078125 0.0068359375
11 0.40771484375 0.70458984375 0.00830078125 0.0068359375
11 0.64697265625 0.9248046875 0.00830078125 0.00732421875
11 0.6552734375 0.86767578125 0.00830078125 0.0068359375
11 0.63818359375 0.87060546875 0.00830078125 0.00732421875
11 0.6337890625 0.927734375 0.00830078125 0.0068359375
11 0.69091796875 0.86767578125 0.0078125 0.0068359375
11 0.6865234375 0.927734375 0.00830078125 0.0068359375
11 0.67333984375 0.9248046875 0.00830078125 0.00732421875
11 0.67333984375 0.86474609375 0.00830078125 0.0068359375
11 0.65966796875 0.927734375 0.00830078125 0.0068359375
11 0.56591796875 0.8828125 0.00830078125 0.0068359375
11 0.55224609375 0.86767578125 0.00830078125 0.0068359375
11 0.5830078125 0.8740234375 0.00830078125 0.0068359375
11 0.53662109375 0.86474609375 0.00830078125 0.0068359375
11 0.61328125 0.9248046875 0.00830078125 0.00732421875
11 0.61328125 0.94287109375 0.00830078125 0.0068359375
11 0.61328125 0.86767578125 0.00830078125 0.0068359375
11 0.59814453125 0.87060546875 0.00830078125 0.00732421875
11 0.5908203125 0.93701171875 0.00830078125 0.0068359375
11 0.80810546875 0.85888671875 0.00830078125 0.0068359375
4 0.80029296875 0.96533203125 0.00732421875 0.017578125
11 0.80029296875 0.95458984375 0.00830078125 0.0068359375
11 0.79296875 0.86181640625 0.00830078125 0.0068359375
8 0.77685546875 0.94677734375 0.00634765625 0.017578125
15 0.72607421875 0.943359375 0.0078125 0.01171875
15 0.72607421875 0.88623046875 0.0078125 0.01171875
11 0.72607421875 0.86181640625 0.00830078125 0.0068359375
11 0.712890625 0.927734375 0.00830078125 0.0068359375
11 0.70849609375 0.86474609375 0.00830078125 0.0068359375
11 0.69970703125 0.9248046875 0.00830078125 0.00732421875
11 0.77783203125 0.93701171875 0.00830078125 0.0068359375
11 0.77783203125 0.85888671875 0.00830078125 0.0068359375
11 0.7568359375 0.86181640625 0.00830078125 0.0068359375
11 0.74169921875 0.86474609375 0.00830078125 0.0068359375
11 0.3095703125 0.8798828125 0.00830078125 0.0068359375
11 0.330078125 0.93994140625 0.00830078125 0.00732421875
11 0.330078125 0.876953125 0.00830078125 0.0068359375
8 0.3203125 0.95068359375 0.00439453125 0.0126953125
11 0.3203125 0.94287109375 0.005859375 0.0048828125
11 0.330078125 0.93408203125 0.00830078125 0.0068359375
11 0.30029296875 0.94287109375 0.00830078125 0.0068359375
11 0.291015625 0.8828125 0.00830078125 0.0068359375
11 0.345703125 0.8798828125 0.00830078125 0.0068359375
11 0.37646484375 0.8740234375 0.00830078125 0.0068359375
11 0.36083984375 0.876953125 0.00830078125 0.0068359375
11 0.23095703125 0.93408203125 0.0078125 0.0068359375
11 0.23095703125 0.93701171875 0.0078125 0.0068359375
11 0.23095703125 0.876953125 0.0078125 0.0068359375
10 0.19287109375 0.9296875 0.0166015625 0.0458984375
10 0.19287109375 0.8603515625 0.0166015625 0.0458984375
0 0.17529296875 0.896484375 0.00634765625 0.09423828125
11 0.24609375 0.8740234375 0.00830078125 0.0068359375
11 0.275390625 0.8857421875 0.00830078125 0.00732421875
11 0.26171875 0.876953125 0.00830078125 0.0068359375
11 0.48291015625 0.8740234375 0.00830078125 0.0068359375
8 0.46826171875 0.93701171875 0.00634765625 0.017578125
8 0.46826171875 0.9443359375 0.00634765625 0.01806640625
11 0.46875 0.9248046875 0.00830078125 0.00732421875
11 0.46875 0.86767578125 0.00830078125 0.0068359375
11 0.45361328125 0.87060546875 0.00830078125 0.00732421875
11 0.46875 0.93408203125 0.00830078125 0.0068359375
11 0.521484375 0.9248046875 0.00830078125 0.00732421875
11 0.521484375 0.9306640625 0.00830078125 0.0068359375
11 0.521484375 0.86767578125 0.00830078125 0.0068359375
11 0.49853515625 0.87060546875 0.00830078125 0.00732421875
11 0.4072265625 0.8740234375 0.00830078125 0.0068359375
15 0.42236328125 0.943359375 0.0078125 0.01171875
15 0.42236328125 0.8984375 0.0078125 0.01171875
11 0.4228515625 0.87060546875 0.00830078125 0.00732421875
11 0.3916015625 0.876953125 0.00830078125 0.0068359375
11 0.43798828125 0.8740234375 0.00830078125 0.0068359375