11 0.6787109375 0.12451171875 0.00830078125 0.00732421875
11 0.6689453125 0.12158203125 0.00830078125 0.0068359375
11 0.7236328125 0.11572265625 0.00830078125 0.0068359375
11 0.70751953125 0.12158203125 0.00830078125 0.0068359375
11 0.69775390625 0.11865234375 0.00830078125 0.0068359375
11 0.68798828125 0.12158203125 0.0078125 0.0068359375
15 0.61669921875 0.13134765625 0.0078125 0.01171875
11 0.60546875 0.12158203125 0.00830078125 0.0068359375
22 0.32470703125 0.13037109375 0.01416015625 0.0126953125
11 0.6533203125 0.11572265625 0.00830078125 0.0068359375
9 0.6416015625 0.11181640625 0.00927734375 0.01611328125
11 0.6376953125 0.12158203125 0.005859375 0.0048828125
8 0.6279296875 0.13330078125 0.00634765625 0.01806640625
11 0.62841796875 0.12158203125 0.00830078125 0.0068359375
15 0.794921875 0.13134765625 0.0078125 0.01171875
11 0.77685546875 0.12158203125 0.00830078125 0.0068359375
11 0.73486328125 0.11865234375 0.00830078125 0.0068359375
11 0.765625 0.12451171875 0.00830078125 0.00732421875
11 0.7470703125 0.12158203125 0.00830078125 0.0068359375
11 0.43994140625 0.12451171875 0.00830078125 0.00732421875
11 0.41943359375 0.12158203125 0.00830078125 0.0068359375
8 0.4072265625 0.13330078125 0.00634765625 0.01806640625
11 0.48779296875 0.12451171875 0.00830078125 0.00732421875
11 0.40771484375 0.12158203125 0.00830078125 0.0068359375
8 0.46240234375 0.13671875 0.00634765625 0.017578125
11 0.462890625 0.12451171875 0.00830078125 0.00732421875
15 0.451171875 0.13134765625 0.0078125 0.01171875
11 0.38037109375 0.12158203125 0.00830078125 0.0068359375
18 0.32470703125 0.10986328125 0.00830078125 0.0126953125
15 0.39599609375 0.13134765625 0.0078125 0.01171875
11 0.5458984375 0.12451171875 0.00830078125 0.00732421875
15 0.55712890625 0.13134765625 0.0078125 0.01171875
11 0.53271484375 0.13037109375 0.00830078125 0.0068359375
8 0.5205078125 0.1416015625 0.00634765625 0.017578125
11 0.52099609375 0.13037109375 0.00830078125 0.0068359375
11 0.59375 0.12451171875 0.00830078125 0.00732421875
8 0.568359375 0.13671875 0.00634765625 0.017578125
11 0.56884765625 0.12451171875 0.00830078125 0.00732421875
11 0.498046875 0.13037109375 0.00830078125 0.0068359375
15 0.50927734375 0.13134765625 0.0078125 0.01171875
11 0.64697265625 0.2109375 0.00830078125 0.0068359375
11 0.634765625 0.2138671875 0.00830078125 0.0068359375
11 0.62255859375 0.2109375 0.00830078125 0.0068359375
11 0.6708984375 0.2109375 0.00830078125 0.0068359375
11 0.69091796875 0.20458984375 0.00830078125 0.0068359375
11 0.6591796875 0.2080078125 0.00830078125 0.00732421875
11 0.57470703125 0.2109375 0.00830078125 0.0068359375
15 0.55859375 0.21142578125 0.0078125 0.01171875
11 0.5419921875 0.2109375 0.00830078125 0.0068359375
9 0.5908203125 0.19921875 0.00927734375 0.01611328125
11 0.60205078125 0.20458984375 0.00830078125 0.0068359375
11 0.5869140625 0.2109375 0.005859375 0.0048828125
8 0.57421875 0.22216796875 0.00634765625 0.01806640625
15 0.79345703125 0.21142578125 0.0078125 0.01171875
11 0.76220703125 0.2109375 0.00830078125 0.0068359375
11 0.70751953125 0.2080078125 0.00830078125 0.00732421875
11 0.72412109375 0.2109375 0.00830078125 0.0068359375
11 0.74560546875 0.2138671875 0.00830078125 0.0068359375
11 0.34423828125 0.2138671875 0.00830078125 0.0068359375
15 0.32763671875 0.21142578125 0.0078125 0.01171875
9 0.3505859375 0.20166015625 0.0068359375 0.017578125
11 0.31103515625 0.2138671875 0.00830078125 0.0068359375
11 0.3759765625 0.2138671875 0.00830078125 0.0068359375
11 0.23046875 0.2109375 0.00830078125 0.0068359375
1 0.193359375 0.208984375 0.017578125 0.02099609375
11 0.28955078125 0.2109375 0.00830078125 0.0068359375
8 0.2724609375 0.22216796875 0.00634765625 0.01806640625
11 0.27294921875 0.2109375 0.00830078125 0.0068359375
15 0.25634765625 0.21142578125 0.0078125 0.01171875
15 0.4765625 0.21142578125 0.0078125 0.01171875
11 0.4931640625 0.2138671875 0.00830078125 0.0068359375
11 0.46044921875 0.2138671875 0.00830078125 0.0068359375
11 0.525390625 0.2138671875 0.00830078125 0.0068359375
9 0.5 0.20166015625 0.0068359375 0.017578125
15 0.40771484375 0.21142578125 0.0078125 0.01171875
11 0.44189453125 0.2197265625 0.0078125 0.0068359375
11 0.42431640625 0.2197265625 0.00830078125 0.0068359375
11 0.39111328125 0.2197265625 0.00830078125 0.0068359375
9 0.4306640625 0.20751953125 0.0068359375 0.017578125
11 0.66259765625 0.2939453125 0.00830078125 0.0068359375
11 0.63916015625 0.291015625 0.00830078125 0.00732421875
11 0.6220703125 0.2880859375 0.00830078125 0.0068359375
11 0.677734375 0.30322265625 0.00830078125 0.0068359375
11 0.6962890625 0.2939453125 0.00830078125 0.0068359375
11 0.5595703125 0.291015625 0.00830078125 0.00732421875
11 0.54296875 0.2880859375 0.00830078125 0.0068359375
11 0.61083984375 0.28515625 0.00830078125 0.0068359375
11 0.59521484375 0.2822265625 0.00830078125 0.0068359375
11 0.57666015625 0.2939453125 0.00830078125 0.0068359375
4 0.81298828125 0.30224609375 0.00732421875 0.01806640625
11 0.8125 0.291015625 0.00830078125 0.00732421875
11 0.74609375 0.296875 0.00830078125 0.0068359375
11 0.7353515625 0.30029296875 0.0078125 0.0068359375
11 0.72412109375 0.296875 0.00830078125 0.0068359375
11 0.71337890625 0.2939453125 0.00830078125 0.0068359375
14 0.80029296875 0.294921875 0.0087890625 0.01708984375
11 0.76806640625 0.296875 0.00830078125 0.0068359375
11 0.75732421875 0.2939453125 0.00830078125 0.0068359375
11 0.3330078125 0.26708984375 0.00830078125 0.0068359375
11 0.349609375 0.27001953125 0.00830078125 0.00732421875
11 0.31591796875 0.26416015625 0.00830078125 0.0068359375
11 0.29736328125 0.2734375 0.00830078125 0.0068359375
11 0.37451171875 0.2734375 0.00830078125 0.0068359375
11 0.22998046875 0.2734375 0.00830078125 0.0068359375
11 0.28076171875 0.27001953125 0.00830078125 0.00732421875
11 0.263671875 0.26708984375 0.00830078125 0.0068359375
11 0.24658203125 0.27001953125 0.00830078125 0.00732421875
11 0.50927734375 0.2939453125 0.00830078125 0.0068359375
15 0.484375 0.2919921875 0.0078125 0.01171875
11 0.44189453125 0.279296875 0.00830078125 0.0068359375
11 0.52587890625 0.291015625 0.00830078125 0.00732421875
11 0.453125 0.2763671875 0.00830078125 0.0068359375
11 0.408203125 0.2734375 0.00830078125 0.0068359375
11 0.3896484375 0.2822265625 0.00830078125 0.0068359375
11 0.4306640625 0.2763671875 0.00830078125 0.0068359375
11 0.6357421875 0.36279296875 0.00830078125 0.0068359375
15 0.623046875 0.3720703125 0.0078125 0.01171875
15 0.681640625 0.3720703125 0.0078125 0.01171875
11 0.6689453125 0.36572265625 0.00830078125 0.0068359375
11 0.6484375 0.36279296875 0.00830078125 0.0068359375
8 0.63525390625 0.37451171875 0.00634765625 0.017578125
12 0.5517578125 0.3564453125 0.0087890625 0.0068359375
11 0.533203125 0.36279296875 0.00830078125 0.0068359375
11 0.5205078125 0.36572265625 0.00830078125 0.0068359375
11 0.60498046875 0.36279296875 0.00830078125 0.0068359375
12 0.57568359375 0.359375 0.0087890625 0.0068359375
8 0.80908203125 0.37744140625 0.00634765625 0.01806640625
11 0.8095703125 0.36572265625 0.00830078125 0.0068359375
15 0.796875 0.3720703125 0.0078125 0.01171875
11 0.7841796875 0.36572265625 0.00830078125 0.0068359375
11 0.720703125 0.36572265625 0.00830078125 0.0068359375
8 0.69384765625 0.37744140625 0.00634765625 0.01806640625
11 0.77001953125 0.37158203125 0.00830078125 0.0068359375
8 0.7568359375 0.3828125 0.00634765625 0.01806640625
11 0.7568359375 0.37158203125 0.00830078125 0.0068359375
11 0.6943359375 0.36572265625 0.00830078125 0.0068359375
15 0.744140625 0.3720703125 0.0078125 0.01171875
11 0.73193359375 0.37158203125 0.00830078125 0.0068359375
11 0.32421875 0.359375 0.00830078125 0.0068359375
11 0.314453125 0.3564453125 0.00830078125 0.0068359375
11 0.30419921875 0.353515625 0.00830078125 0.00732421875
11 0.29296875 0.3505859375 0.00830078125 0.0068359375
11 0.3505859375 0.3505859375 0.00830078125 0.0068359375
11 0.33447265625 0.3564453125 0.00830078125 0.0068359375
12 0.23486328125 0.3505859375 0.0087890625 0.0068359375
9 0.224609375 0.35986328125 0.00927734375 0.01611328125
11 0.220703125 0.37158203125 0.005859375 0.0048828125
11 0.28125 0.34765625 0.00830078125 0.0068359375
11 0.27001953125 0.3505859375 0.00830078125 0.0068359375
11 0.2587890625 0.3505859375 0.00830078125 0.0068359375
11 0.4599609375 0.3505859375 0.00830078125 0.0068359375
11 0.4482421875 0.353515625 0.00830078125 0.00732421875
11 0.50146484375 0.36279296875 0.00830078125 0.0068359375
11 0.4912109375 0.359375 0.00830078125 0.0068359375
11 0.43798828125 0.3564453125 0.00830078125 0.0068359375
11 0.48095703125 0.3564453125 0.00830078125 0.0068359375
11 0.47119140625 0.353515625 0.00830078125 0.00732421875
11 0.4169921875 0.3564453125 0.00830078125 0.0068359375
11 0.39306640625 0.3505859375 0.00830078125 0.0068359375
12 0.369140625 0.353515625 0.0087890625 0.0068359375
11 0.63671875 0.43408203125 0.00830078125 0.0068359375
11 0.62548828125 0.43115234375 0.00830078125 0.0068359375
11 0.6142578125 0.43408203125 0.0078125 0.0068359375
11 0.6708984375 0.43994140625 0.00830078125 0.0068359375
11 0.65966796875 0.43701171875 0.00830078125 0.00732421875
11 0.6484375 0.43408203125 0.00830078125 0.0068359375
11 0.55029296875 0.43994140625 0.00830078125 0.0068359375
11 0.60302734375 0.43408203125 0.00830078125 0.0068359375
11 0.58056640625 0.43408203125 0.00830078125 0.0068359375
11 0.5693359375 0.43701171875 0.00830078125 0.00732421875
22 0.5126953125 0.44873046875 0.00390625 0.00634765625
18 0.5126953125 0.43115234375 0.00830078125 0.01220703125
11 0.6953125 0.44287109375 0.005859375 0.00537109375
9 0.69921875 0.43310546875 0.00927734375 0.01611328125
11 0.68212890625 0.44287109375 0.00830078125 0.0068359375
12 0.74072265625 0.43994140625 0.0087890625 0.0068359375
12 0.71044921875 0.43701171875 0.0087890625 0.0068359375
11 0.31982421875 0.44287109375 0.00830078125 0.0068359375
11 0.30224609375 0.43701171875 0.00830078125 0.00732421875
9 0.29150390625 0.43310546875 0.00927734375 0.01611328125
11 0.28759765625 0.44287109375 0.005859375 0.00537109375
8 0.2763671875 0.45458984375 0.00634765625 0.01806640625
11 0.353515625 0.43994140625 0.00830078125 0.0068359375
11 0.34228515625 0.44287109375 0.00830078125 0.0068359375
11 0.3310546875 0.44580078125 0.00830078125 0.0068359375
11 0.232421875 0.44580078125 0.00830078125 0.0068359375
18 0.79248046875 0.43115234375 0.00830078125 0.01220703125
22 0.79248046875 0.44873046875 0.00390625 0.00634765625
11 0.27685546875 0.44287109375 0.00830078125 0.0068359375
15 0.26220703125 0.45263671875 0.0078125 0.01171875
11 0.24755859375 0.44287109375 0.00830078125 0.0068359375
11 0.43359375 0.44580078125 0.00830078125 0.0068359375
11 0.4130859375 0.44287109375 0.00830078125 0.0068359375
11 0.3984375 0.43994140625 0.00830078125 0.0068359375
15 0.474609375 0.45263671875 0.0078125 0.01171875
11 0.4482421875 0.44287109375 0.00830078125 0.0068359375
11 0.38330078125 0.43701171875 0.00830078125 0.00732421875
11 0.36474609375 0.44287109375 0.00830078125 0.0068359375
11 0.62646484375 0.5322265625 0.00830078125 0.0068359375
11 0.65283203125 0.517578125 0.00830078125 0.0068359375
11 0.638671875 0.5146484375 0.00830078125 0.0068359375
11 0.71484375 0.5087890625 0.00830078125 0.0068359375
21 0.68798828125 0.5341796875 0.00634765625 0.0185546875
11 0.6748046875 0.5234375 0.00830078125 0.0068359375
11 0.66357421875 0.5205078125 0.00830078125 0.0068359375
11 0.58154296875 0.5146484375 0.00830078125 0.0068359375
15 0.56005859375 0.5361328125 0.0078125 0.01171875
11 0.5390625 0.529296875 0.00830078125 0.0068359375
11 0.5283203125 0.5263671875 0.00830078125 0.00732421875
14 0.60888671875 0.5390625 0.0087890625 0.017578125
11 0.59423828125 0.529296875 0.00830078125 0.0068359375
11 0.81201171875 0.51171875 0.00830078125 0.00732421875
11 0.75146484375 0.5087890625 0.0078125 0.0068359375
11 0.72900390625 0.529296875 0.00830078125 0.0068359375
8 0.71435546875 0.5263671875 0.00634765625 0.017578125
11 0.79248046875 0.5234375 0.00830078125 0.0068359375
11 0.7783203125 0.5263671875 0.00830078125 0.00732421875
11 0.765625 0.51171875 0.00830078125 0.00732421875
8 0.7509765625 0.5263671875 0.00634765625 0.017578125
11 0.337890625 0.51171875 0.00830078125 0.00732421875
11 0.32666015625 0.5087890625 0.00830078125 0.0068359375
11 0.31494140625 0.505859375 0.00830078125 0.0068359375
11 0.3037109375 0.50244140625 0.00830078125 0.0068359375
11 0.37353515625 0.517578125 0.005859375 0.00537109375
11 0.3603515625 0.517578125 0.00830078125 0.0068359375
11 0.34912109375 0.5146484375 0.00830078125 0.0068359375
11 0.22998046875 0.5146484375 0.00830078125 0.0068359375
11 0.29150390625 0.5087890625 0.00830078125 0.0068359375
11 0.27978515625 0.5087890625 0.00830078125 0.0068359375
11 0.25927734375 0.5087890625 0.00830078125 0.0068359375
11 0.248046875 0.51171875 0.00830078125 0.00732421875
11 0.46240234375 0.5205078125 0.00830078125 0.0068359375
11 0.517578125 0.5234375 0.00830078125 0.0068359375
8 0.5029296875 0.53271484375 0.00634765625 0.017578125
11 0.50341796875 0.5205078125 0.00830078125 0.0068359375
15 0.4892578125 0.5361328125 0.0078125 0.01171875
11 0.47509765625 0.529296875 0.00830078125 0.0068359375
11 0.416015625 0.5146484375 0.00830078125 0.0068359375
12 0.388671875 0.51171875 0.0087890625 0.00732421875
9 0.37744140625 0.5078125 0.00927734375 0.01611328125
15 0.44091796875 0.5361328125 0.0078125 0.01171875
11 0.64892578125 0.60400390625 0.00830078125 0.0068359375
11 0.63720703125 0.60693359375 0.00830078125 0.0068359375
11 0.6259765625 0.60986328125 0.00830078125 0.00732421875
11 0.70458984375 0.61865234375 0.00830078125 0.0068359375
11 0.66015625 0.60107421875 0.00830078125 0.0068359375
9 0.56396484375 0.60986328125 0.0068359375 0.017578125
11 0.55712890625 0.62158203125 0.00830078125 0.0068359375
9 0.53759765625 0.60986328125 0.0068359375 0.017578125
11 0.53125 0.62158203125 0.00830078125 0.0068359375
11 0.603515625 0.61572265625 0.0078125 0.00732421875
11 0.61474609375 0.61279296875 0.00830078125 0.0068359375
11 0.591796875 0.61865234375 0.00830078125 0.0068359375
11 0.80908203125 0.60986328125 0.00830078125 0.00732421875
11 0.75244140625 0.61865234375 0.00830078125 0.0068359375
11 0.7392578125 0.61572265625 0.0078125 0.00732421875
11 0.7177734375 0.62158203125 0.00830078125 0.0068359375
11 0.787109375 0.61572265625 0.00830078125 0.00732421875
11 0.7744140625 0.61279296875 0.00830078125 0.0068359375
11 0.326171875 0.60693359375 0.00830078125 0.0068359375
11 0.310546875 0.60107421875 0.00830078125 0.0068359375
11 0.29443359375 0.60400390625 0.00830078125 0.0068359375
11 0.35791015625 0.61572265625 0.00830078125 0.00732421875
11 0.3798828125 0.60986328125 0.0078125 0.00732421875
11 0.341796875 0.61279296875 0.00830078125 0.0068359375
11 0.22998046875 0.591796875 0.00830078125 0.0068359375
11 0.2783203125 0.60107421875 0.00830078125 0.0068359375
11 0.26220703125 0.59814453125 0.00830078125 0.0068359375
11 0.24560546875 0.59521484375 0.00830078125 0.00732421875
11 0.46142578125 0.61279296875 0.00830078125 0.0068359375
11 0.48193359375 0.60986328125 0.00830078125 0.00732421875
9 0.51171875 0.60986328125 0.0068359375 0.017578125
11 0.4482421875 0.60986328125 0.00830078125 0.00732421875
11 0.5048828125 0.62158203125 0.00830078125 0.0068359375
11 0.4130859375 0.60986328125 0.00830078125 0.00732421875
11 0.392578125 0.61279296875 0.00830078125 0.0068359375
11 0.42626953125 0.61572265625 0.00830078125 0.00732421875
11 0.681640625 0.705078125 0.00830078125 0.0068359375
11 0.728515625 0.693359375 0.00830078125 0.00732421875
11 0.669921875 0.7080078125 0.00830078125 0.0068359375
11 0.716796875 0.6962890625 0.00830078125 0.0068359375
11 0.693359375 0.7021484375 0.00830078125 0.0068359375
11 0.705078125 0.69921875 0.00830078125 0.00732421875
11 0.58203125 0.69921875 0.00830078125 0.00732421875
11 0.56689453125 0.6962890625 0.00830078125 0.0068359375
11 0.53515625 0.693359375 0.00830078125 0.00732421875
9 0.64013671875 0.69921875 0.0068359375 0.017578125
11 0.658203125 0.7109375 0.00830078125 0.0068359375
11 0.6337890625 0.7109375 0.00830078125 0.0068359375
9 0.5888671875 0.68701171875 0.0068359375 0.017578125
11 0.810546875 0.67236328125 0.00830078125 0.0068359375
11 0.763671875 0.68408203125 0.00830078125 0.0068359375
11 0.751953125 0.6875 0.00830078125 0.0068359375
11 0.740234375 0.6904296875 0.00830078125 0.0068359375
11 0.798828125 0.67529296875 0.00830078125 0.0068359375
11 0.787109375 0.67822265625 0.00830078125 0.00732421875
11 0.775390625 0.68115234375 0.00830078125 0.0068359375
11 0.31689453125 0.6875 0.0078125 0.0068359375
11 0.28515625 0.68408203125 0.00830078125 0.0068359375
11 0.3505859375 0.6962890625 0.00830078125 0.0068359375
11 0.33935546875 0.693359375 0.00830078125 0.00732421875
11 0.328125 0.6904296875 0.00830078125 0.0068359375
10 0.19287109375 0.69482421875 0.0166015625 0.0458984375
11 0.22998046875 0.6904296875 0.00830078125 0.0068359375
11 0.26171875 0.68408203125 0.0078125 0.0068359375
11 0.2451171875 0.693359375 0.00830078125 0.00732421875
8 0.44677734375 0.705078125 0.00634765625 0.017578125
11 0.47998046875 0.7080078125 0.0078125 0.0068359375
11 0.52001953125 0.693359375 0.00830078125 0.00732421875
11 0.5029296875 0.705078125 0.00830078125 0.0068359375
11 0.447265625 0.693359375 0.0078125 0.00732421875
9 0.39111328125 0.69287109375 0.0068359375 0.017578125
11 0.38427734375 0.705078125 0.00830078125 0.0068359375
11 0.373046875 0.7021484375 0.00830078125 0.0068359375
11 0.36181640625 0.69921875 0.00830078125 0.00732421875
11 0.40869140625 0.6904296875 0.00830078125 0.0068359375
11 0.63671875 0.76416015625 0.00830078125 0.0068359375
11 0.62451171875 0.76708984375 0.00830078125 0.0068359375
11 0.6123046875 0.76416015625 0.00830078125 0.0068359375
11 0.69970703125 0.77001953125 0.00830078125 0.0068359375
12 0.6650390625 0.76708984375 0.0087890625 0.0068359375
11 0.65185546875 0.76123046875 0.00830078125 0.00732421875
11 0.533203125 0.78173828125 0.00830078125 0.0068359375
11 0.51708984375 0.7939453125 0.00830078125 0.0068359375
11 0.50390625 0.77294921875 0.00830078125 0.0068359375
11 0.49365234375 0.77587890625 0.00830078125 0.00732421875
11 0.60009765625 0.76123046875 0.00830078125 0.00732421875
9 0.56591796875 0.77294921875 0.0068359375 0.017578125
11 0.55908203125 0.78515625 0.00830078125 0.0068359375
8 0.80712890625 0.78515625 0.00634765625 0.01806640625
11 0.8076171875 0.77294921875 0.00830078125 0.0068359375
15 0.74365234375 0.77978515625 0.0078125 0.01171875
11 0.7216796875 0.77001953125 0.00830078125 0.0068359375
11 0.71044921875 0.76708984375 0.0078125 0.0068359375
15 0.79345703125 0.77978515625 0.0078125 0.01171875
11 0.77880859375 0.77294921875 0.00830078125 0.0068359375
11 0.75830078125 0.77001953125 0.00830078125 0.0068359375
11 0.306640625 0.78173828125 0.00830078125 0.0068359375
11 0.31787109375 0.77587890625 0.00830078125 0.00732421875
11 0.2958984375 0.77880859375 0.00830078125 0.0068359375
11 0.36083984375 0.77294921875 0.00830078125 0.0068359375
11 0.35009765625 0.77294921875 0.00830078125 0.0068359375
11 0.28564453125 0.77880859375 0.00830078125 0.0068359375
11 0.3388671875 0.77880859375 0.00830078125 0.0068359375
11 0.328125 0.77587890625 0.00830078125 0.00732421875
11 0.23046875 0.751953125 0.00830078125 0.0068359375
1 0.193359375 0.77734375 0.017578125 0.02099609375
11 0.26953125 0.78515625 0.00830078125 0.0068359375
11 0.25927734375 0.78173828125 0.00830078125 0.0068359375
11 0.46044921875 0.77587890625 0.00830078125 0.00732421875
11 0.43603515625 0.77294921875 0.00830078125 0.0068359375
11 0.42041015625 0.77001953125 0.00830078125 0.0068359375
11 0.48291015625 0.77880859375 0.00830078125 0.0068359375
11 0.38720703125 0.76708984375 0.00830078125 0.0068359375
11 0.37451171875 0.77587890625 0.00830078125 0.00732421875
11 0.40185546875 0.76708984375 0.00830078125 0.0068359375
11 0.62060546875 0.85009765625 0.00830078125 0.0068359375
11 0.603515625 0.853515625 0.00830078125 0.0068359375
19 0.67578125 0.857421875 0.00830078125 0.00390625
15 0.65185546875 0.85986328125 0.0078125 0.01171875
11 0.5478515625 0.84423828125 0.00830078125 0.00732421875
11 0.52783203125 0.85009765625 0.00830078125 0.0068359375
11 0.58154296875 0.85009765625 0.00830078125 0.0068359375
11 0.56494140625 0.84765625 0.00830078125 0.0068359375
11 0.8056640625 0.85009765625 0.00830078125 0.0068359375
4 0.73291015625 0.8623046875 0.00732421875 0.01806640625
11 0.73291015625 0.85009765625 0.00830078125 0.0068359375
11 0.75390625 0.853515625 0.00830078125 0.0068359375
15 0.7109375 0.85986328125 0.0078125 0.01171875
11 0.78857421875 0.84765625 0.00830078125 0.0068359375
11 0.77099609375 0.85009765625 0.00830078125 0.0068359375
15 0.3330078125 0.85986328125 0.0078125 0.01171875
11 0.349609375 0.853515625 0.00830078125 0.0068359375
11 0.31640625 0.853515625 0.0078125 0.0068359375
11 0.2978515625 0.859375 0.00830078125 0.00732421875
11 0.515625 0.84765625 0.00830078125 0.0068359375
8 0.28076171875 0.87060546875 0.00634765625 0.017578125
11 0.38037109375 0.853515625 0.00830078125 0.0068359375
8 0.34912109375 0.865234375 0.00634765625 0.017578125
11 0.232421875 0.853515625 0.00830078125 0.0068359375
11 0.28125 0.859375 0.00830078125 0.00732421875
15 0.26416015625 0.85986328125 0.0078125 0.01171875
11 0.24755859375 0.859375 0.00830078125 0.00732421875
11 0.4580078125 0.84423828125 0.00830078125 0.00732421875
11 0.47900390625 0.85009765625 0.00830078125 0.0068359375
9 0.44677734375 0.8408203125 0.00927734375 0.01611328125
11 0.44287109375 0.8505859375 0.005859375 0.00537109375
8 0.43017578125 0.8623046875 0.00634765625 0.01806640625
11 0.50341796875 0.85009765625 0.00830078125 0.0068359375
11 0.4912109375 0.853515625 0.00830078125 0.0068359375
11 0.3974609375 0.85009765625 0.00830078125 0.0068359375
15 0.4140625 0.85986328125 0.0078125 0.01171875
11 0.4306640625 0.85009765625 0.00830078125 0.0068359375
11 0.65576171875 0.927734375 0.00830078125 0.00732421875
11 0.6435546875 0.9306640625 0.00830078125 0.0068359375
11 0.623046875 0.927734375 0.00830078125 0.00732421875
11 0.69677734375 0.94873046875 0.00830078125 0.0068359375
11 0.6787109375 0.939453125 0.00830078125 0.0068359375
11 0.6669921875 0.93359375 0.00830078125 0.0068359375
8 0.5703125 0.93994140625 0.00634765625 0.017578125
11 0.57080078125 0.927734375 0.00830078125 0.00732421875
11 0.611328125 0.9248046875 0.00830078125 0.0068359375
11 0.59912109375 0.927734375 0.00830078125 0.00732421875
11 0.58740234375 0.927734375 0.00830078125 0.00732421875
11 0.8046875 0.95166015625 0.00830078125 0.0068359375
11 0.71728515625 0.94287109375 0.005859375 0.00537109375
11 0.73095703125 0.94580078125 0.00830078125 0.0068359375
9 0.72119140625 0.9306640625 0.00927734375 0.01611328125
11 0.7880859375 0.95458984375 0.00830078125 0.0068359375
11 0.76416015625 0.94873046875 0.00830078125 0.0068359375
11 0.75244140625 0.94873046875 0.00830078125 0.0068359375
11 0.337890625 0.9248046875 0.00830078125 0.0068359375
11 0.31982421875 0.93359375 0.00830078125 0.0068359375
11 0.30078125 0.9306640625 0.00830078125 0.0068359375
11 0.3759765625 0.93701171875 0.00830078125 0.0068359375
11 0.3525390625 0.939453125 0.00830078125 0.0068359375
11 0.22998046875 0.9248046875 0.00830078125 0.0068359375
11 0.2841796875 0.93359375 0.00830078125 0.0068359375
11 0.26416015625 0.9189453125 0.00830078125 0.0068359375
11 0.24609375 0.927734375 0.00830078125 0.00732421875
11 0.48486328125 0.94580078125 0.00830078125 0.0068359375
9 0.47509765625 0.9306640625 0.00927734375 0.01611328125
11 0.47119140625 0.94287109375 0.005859375 0.00537109375
11 0.4580078125 0.94873046875 0.00830078125 0.0068359375
11 0.52783203125 0.939453125 0.00830078125 0.0068359375
11 0.50634765625 0.94873046875 0.00830078125 0.0068359375
11 0.42529296875 0.94580078125 0.00830078125 0.0068359375
11 0.41015625 0.9306640625 0.00830078125 0.0068359375
11 0.44189453125 0.94580078125 0.00830078125 0.0068359375
11 0.392578125 0.939453125 0.00830078125 0.0068359375