12 0.74169921875 0.40185546875 0.0087890625 0.0068359375
11 0.6806640625 0.63037109375 0.00830078125 0.00732421875
11 0.7412109375 0.056640625 0.00830078125 0.0068359375
11 0.7412109375 0.287109375 0.00830078125 0.0068359375
11 0.6806640625 0.4658203125 0.00830078125 0.0068359375
11 0.7412109375 0.47216796875 0.00830078125 0.0068359375
11 0.6806640625 0.28125 0.00830078125 0.0068359375
11 0.7412109375 0.2021484375 0.00830078125 0.0068359375
11 0.7412109375 0.15576171875 0.00830078125 0.0068359375
15 0.67333984375 0.8798828125 0.0078125 0.01171875
11 0.673828125 0.7822265625 0.00830078125 0.0068359375
11 0.673828125 0.78857421875 0.00830078125 0.0068359375
11 0.673828125 0.79443359375 0.00830078125 0.0068359375
15 0.67333984375 0.7158203125 0.0078125 0.01171875
11 0.673828125 0.10205078125 0.00830078125 0.0068359375
11 0.673828125 0.10791015625 0.00830078125 0.0068359375
11 0.673828125 0.11376953125 0.00830078125 0.0068359375
11 0.6806640625 0.05029296875 0.00830078125 0.0068359375
12 0.74169921875 0.55419921875 0.0087890625 0.0068359375
15 0.6044921875 0.7978515625 0.0078125 0.01171875
8 0.67333984375 0.80615234375 0.00634765625 0.017578125
11 0.6806640625 0.19580078125 0.00830078125 0.0068359375
11 0.7412109375 0.63623046875 0.00830078125 0.0068359375
15 0.71435546875 0.8798828125 0.0078125 0.01171875
11 0.71435546875 0.10205078125 0.00830078125 0.0068359375
11 0.71435546875 0.10791015625 0.00830078125 0.0068359375
11 0.71435546875 0.79443359375 0.00830078125 0.0068359375
11 0.71435546875 0.11376953125 0.00830078125 0.0068359375
9 0.701171875 0.87939453125 0.0068359375 0.017578125
11 0.71435546875 0.78857421875 0.00830078125 0.0068359375
11 0.71435546875 0.7822265625 0.00830078125 0.0068359375
9 0.701171875 0.71533203125 0.0068359375 0.017578125
11 0.69482421875 0.1435546875 0.00830078125 0.0068359375
11 0.69482421875 0.72705078125 0.00830078125 0.0068359375
11 0.69482421875 0.63623046875 0.00830078125 0.0068359375
11 0.69482421875 0.47216796875 0.00830078125 0.0068359375
11 0.69482421875 0.287109375 0.00830078125 0.0068359375
11 0.69482421875 0.2021484375 0.00830078125 0.0068359375
8 0.7138671875 0.80615234375 0.00634765625 0.017578125
11 0.69482421875 0.056640625 0.00830078125 0.0068359375
15 0.71435546875 0.7158203125 0.0078125 0.01171875
11 0.69482421875 0.89111328125 0.00830078125 0.0068359375
15 0.6943359375 0.7978515625 0.0078125 0.01171875
11 0.65185546875 0.63623046875 0.00830078125 0.0068359375
12 0.65185546875 0.55419921875 0.0087890625 0.0068359375
11 0.65185546875 0.47216796875 0.00830078125 0.0068359375
12 0.65185546875 0.40185546875 0.0087890625 0.0068359375
11 0.65185546875 0.287109375 0.00830078125 0.0068359375
11 0.65185546875 0.2021484375 0.00830078125 0.0068359375
11 0.65185546875 0.15576171875 0.00830078125 0.0068359375
11 0.65185546875 0.056640625 0.00830078125 0.0068359375
11 0.65185546875 0.7392578125 0.00830078125 0.0068359375
8 0.6240234375 0.80615234375 0.00634765625 0.017578125
11 0.65185546875 0.9033203125 0.00830078125 0.0068359375
15 0.6513671875 0.7978515625 0.0078125 0.01171875
9 0.611328125 0.71533203125 0.0068359375 0.017578125
9 0.611328125 0.46875 0.0068359375 0.017578125
11 0.60498046875 0.89111328125 0.00830078125 0.0068359375
22 0.51171875 0.05517578125 0.00830078125 0.00390625
11 0.62451171875 0.78857421875 0.00830078125 0.0068359375
15 0.62451171875 0.8798828125 0.0078125 0.01171875
11 0.62451171875 0.7822265625 0.00830078125 0.0068359375
11 0.62451171875 0.79443359375 0.00830078125 0.0068359375
15 0.62451171875 0.7158203125 0.0078125 0.01171875
15 0.62451171875 0.4697265625 0.0078125 0.01171875
11 0.62451171875 0.10205078125 0.00830078125 0.0068359375
11 0.62451171875 0.10791015625 0.00830078125 0.0068359375
11 0.62451171875 0.11376953125 0.00830078125 0.0068359375
9 0.611328125 0.87939453125 0.0068359375 0.017578125
9 0.658203125 0.88818359375 0.0068359375 0.017578125
9 0.658203125 0.72412109375 0.0068359375 0.017578125
11 0.66650390625 0.63330078125 0.00830078125 0.0068359375
11 0.66650390625 0.46923828125 0.00830078125 0.00732421875
11 0.66650390625 0.2841796875 0.00830078125 0.0068359375
11 0.66650390625 0.19873046875 0.00830078125 0.00732421875
11 0.66650390625 0.0537109375 0.00830078125 0.0068359375
8 0.8037109375 0.80615234375 0.00634765625 0.017578125
15 0.8037109375 0.8798828125 0.0078125 0.01171875
11 0.80419921875 0.7822265625 0.00830078125 0.0068359375
11 0.80419921875 0.78857421875 0.00830078125 0.0068359375
11 0.80419921875 0.79443359375 0.00830078125 0.0068359375
15 0.8037109375 0.7158203125 0.0078125 0.01171875
11 0.80419921875 0.10205078125 0.00830078125 0.0068359375
11 0.80419921875 0.10791015625 0.00830078125 0.0068359375
11 0.80419921875 0.11376953125 0.00830078125 0.0068359375
11 0.7841796875 0.89111328125 0.00830078125 0.0068359375
15 0.7841796875 0.7978515625 0.0078125 0.01171875
11 0.7841796875 0.72705078125 0.00830078125 0.0068359375
11 0.7841796875 0.63623046875 0.00830078125 0.0068359375
11 0.7841796875 0.47216796875 0.00830078125 0.0068359375
11 0.7841796875 0.287109375 0.00830078125 0.0068359375
11 0.7841796875 0.2021484375 0.00830078125 0.0068359375
9 0.791015625 0.87939453125 0.0068359375 0.017578125
9 0.791015625 0.71533203125 0.0068359375 0.017578125
22 0.59765625 0.62890625 0.00830078125 0.00390625
22 0.59765625 0.546875 0.00830078125 0.00390625
22 0.51171875 0.21875 0.00830078125 0.00390625
22 0.51171875 0.30078125 0.00830078125 0.00390625
22 0.51171875 0.3828125 0.00830078125 0.00390625
22 0.51171875 0.546875 0.00830078125 0.00390625
22 0.51171875 0.62890625 0.00830078125 0.00390625
22 0.59765625 0.05517578125 0.00830078125 0.00390625
22 0.59765625 0.21875 0.00830078125 0.00390625
22 0.59765625 0.30078125 0.00830078125 0.00390625
22 0.59765625 0.3828125 0.00830078125 0.00390625
11 0.7841796875 0.1435546875 0.00830078125 0.0068359375
9 0.748046875 0.72412109375 0.0068359375 0.017578125
9 0.748046875 0.88818359375 0.0068359375 0.017578125
11 0.7412109375 0.9033203125 0.00830078125 0.0068359375
15 0.7412109375 0.7978515625 0.0078125 0.01171875
11 0.7705078125 0.63037109375 0.00830078125 0.00732421875
11 0.7705078125 0.4658203125 0.00830078125 0.0068359375
11 0.7705078125 0.28125 0.00830078125 0.0068359375
11 0.7705078125 0.19580078125 0.00830078125 0.0068359375
11 0.7705078125 0.05029296875 0.00830078125 0.0068359375
8 0.7626953125 0.80615234375 0.00634765625 0.017578125
11 0.7841796875 0.056640625 0.00830078125 0.0068359375
11 0.75634765625 0.63330078125 0.00830078125 0.0068359375
11 0.75634765625 0.46923828125 0.00830078125 0.00732421875
11 0.75634765625 0.2841796875 0.00830078125 0.0068359375
11 0.75634765625 0.19873046875 0.00830078125 0.00732421875
11 0.75634765625 0.0537109375 0.00830078125 0.0068359375
11 0.76318359375 0.11376953125 0.00830078125 0.0068359375
15 0.76318359375 0.8798828125 0.0078125 0.01171875
11 0.76318359375 0.7822265625 0.00830078125 0.0068359375
11 0.76318359375 0.78857421875 0.00830078125 0.0068359375
11 0.76318359375 0.79443359375 0.00830078125 0.0068359375
15 0.76318359375 0.7158203125 0.0078125 0.01171875
11 0.76318359375 0.10205078125 0.00830078125 0.0068359375
11 0.76318359375 0.10791015625 0.00830078125 0.0068359375
11 0.7412109375 0.7392578125 0.00830078125 0.0068359375
15 0.31591796875 0.6337890625 0.0078125 0.01171875
15 0.31591796875 0.5517578125 0.0078125 0.01171875
11 0.33447265625 0.40478515625 0.00830078125 0.0068359375
9 0.3408203125 0.2255859375 0.0068359375 0.017578125
9 0.3408203125 0.0625 0.0068359375 0.017578125
11 0.33447265625 0.63330078125 0.00830078125 0.0068359375
11 0.33447265625 0.57177734375 0.00830078125 0.00732421875
11 0.33447265625 0.47509765625 0.00830078125 0.0068359375
15 0.31591796875 0.4697265625 0.0078125 0.01171875
11 0.33447265625 0.32568359375 0.00830078125 0.0068359375
11 0.33447265625 0.23779296875 0.00830078125 0.0068359375
11 0.33447265625 0.07421875 0.00830078125 0.00732421875
9 0.302734375 0.56005859375 0.0068359375 0.017578125
9 0.302734375 0.462890625 0.0068359375 0.017578125
9 0.302734375 0.392578125 0.0068359375 0.017578125
9 0.302734375 0.31396484375 0.0068359375 0.017578125
9 0.302734375 0.2255859375 0.0068359375 0.017578125
15 0.31591796875 0.3876953125 0.0078125 0.01171875
15 0.31591796875 0.3056640625 0.0078125 0.01171875
15 0.31591796875 0.2236328125 0.0078125 0.01171875
15 0.31591796875 0.06005859375 0.0078125 0.01171875
8 0.2958984375 0.64453125 0.00634765625 0.017578125
11 0.3720703125 0.31689453125 0.00830078125 0.0068359375
11 0.3720703125 0.22900390625 0.00830078125 0.0068359375
11 0.3720703125 0.10205078125 0.00830078125 0.0068359375
11 0.3720703125 0.11083984375 0.00830078125 0.00732421875
11 0.3720703125 0.11669921875 0.00830078125 0.0068359375
11 0.3720703125 0.0654296875 0.00830078125 0.0068359375
11 0.3720703125 0.39599609375 0.00830078125 0.00732421875
11 0.60498046875 0.72705078125 0.00830078125 0.0068359375
8 0.3720703125 0.12890625 0.00634765625 0.017578125
21 0.37109375 0.8779296875 0.00634765625 0.0185546875
11 0.3720703125 0.7822265625 0.00830078125 0.0068359375
11 0.3720703125 0.79150390625 0.00830078125 0.00732421875
11 0.3720703125 0.79736328125 0.00830078125 0.0068359375
21 0.37109375 0.7138671875 0.00634765625 0.01806640625
11 0.3720703125 0.62451171875 0.00830078125 0.0068359375
11 0.3720703125 0.56298828125 0.00830078125 0.0068359375
11 0.3720703125 0.4658203125 0.00830078125 0.0068359375
9 0.3408203125 0.56005859375 0.0068359375 0.017578125
9 0.3408203125 0.462890625 0.0068359375 0.017578125
9 0.3408203125 0.392578125 0.0068359375 0.017578125
9 0.3408203125 0.31396484375 0.0068359375 0.017578125
15 0.35400390625 0.6337890625 0.0078125 0.01171875
15 0.35400390625 0.5517578125 0.0078125 0.01171875
15 0.35400390625 0.4697265625 0.0078125 0.01171875
15 0.35400390625 0.3876953125 0.0078125 0.01171875
15 0.35400390625 0.3056640625 0.0078125 0.01171875
15 0.35400390625 0.2236328125 0.0078125 0.01171875
15 0.35400390625 0.06005859375 0.0078125 0.01171875
8 0.333984375 0.64453125 0.00634765625 0.017578125
1 0.193359375 0.71337890625 0.017578125 0.02099609375
1 0.193359375 0.63134765625 0.017578125 0.02099609375
1 0.193359375 0.54931640625 0.017578125 0.02099609375
10 0.19384765625 0.4677734375 0.0166015625 0.0458984375
10 0.19384765625 0.3857421875 0.0166015625 0.0458984375
10 0.19384765625 0.3037109375 0.0166015625 0.0458984375
12 0.23974609375 0.62451171875 0.0087890625 0.0068359375
12 0.23974609375 0.56298828125 0.0087890625 0.0068359375
12 0.23974609375 0.4658203125 0.0087890625 0.0068359375
12 0.23974609375 0.39599609375 0.0087890625 0.0068359375
12 0.23974609375 0.31689453125 0.0087890625 0.0068359375
12 0.23974609375 0.22900390625 0.0087890625 0.0068359375
11 0.2392578125 0.1435546875 0.00830078125 0.0068359375
12 0.23974609375 0.0654296875 0.0087890625 0.0068359375
1 0.193359375 0.87744140625 0.017578125 0.02099609375
10 0.19384765625 0.7958984375 0.0166015625 0.0458984375
0 0.17529296875 0.095703125 0.00634765625 0.09765625
10 0.19384765625 0.22119140625 0.0166015625 0.04541015625
1 0.193359375 0.1298828125 0.017578125 0.02099609375
10 0.19384765625 0.05810546875 0.0166015625 0.0458984375
11 0.2392578125 0.72705078125 0.00830078125 0.0068359375
21 0.267578125 0.8779296875 0.00634765625 0.0185546875
11 0.2685546875 0.7822265625 0.00830078125 0.0068359375
11 0.2685546875 0.79150390625 0.00830078125 0.00732421875
11 0.2685546875 0.79736328125 0.00830078125 0.0068359375
21 0.267578125 0.7138671875 0.00634765625 0.01806640625
11 0.2685546875 0.10205078125 0.00830078125 0.0068359375
11 0.2685546875 0.11083984375 0.00830078125 0.00732421875
11 0.2685546875 0.11669921875 0.00830078125 0.0068359375
12 0.296875 0.72119140625 0.0087890625 0.0068359375
9 0.302734375 0.0625 0.0068359375 0.017578125
12 0.296875 0.88525390625 0.0087890625 0.0068359375
19 0.29638671875 0.7958984375 0.00830078125 0.00390625
11 0.29638671875 0.63330078125 0.00830078125 0.0068359375
11 0.29638671875 0.57177734375 0.00830078125 0.00732421875
11 0.29638671875 0.47509765625 0.00830078125 0.0068359375
11 0.29638671875 0.40478515625 0.00830078125 0.0068359375
11 0.29638671875 0.32568359375 0.00830078125 0.0068359375
11 0.29638671875 0.23779296875 0.00830078125 0.0068359375
12 0.296875 0.1376953125 0.0087890625 0.0068359375
11 0.29638671875 0.07421875 0.00830078125 0.00732421875
11 0.2392578125 0.89111328125 0.00830078125 0.0068359375
21 0.23828125 0.7958984375 0.00634765625 0.0185546875
11 0.541015625 0.7822265625 0.00830078125 0.0068359375
15 0.54052734375 0.8798828125 0.0078125 0.01171875
11 0.541015625 0.78857421875 0.00830078125 0.0068359375
11 0.541015625 0.79443359375 0.00830078125 0.0068359375
15 0.54052734375 0.7158203125 0.0078125 0.01171875
15 0.54052734375 0.4697265625 0.0078125 0.01171875
11 0.541015625 0.10205078125 0.00830078125 0.0068359375
11 0.541015625 0.10791015625 0.00830078125 0.0068359375
11 0.541015625 0.11376953125 0.00830078125 0.0068359375
9 0.52783203125 0.87939453125 0.0068359375 0.017578125
11 0.56689453125 0.9033203125 0.00830078125 0.0068359375
15 0.56689453125 0.7978515625 0.0078125 0.01171875
11 0.56689453125 0.7392578125 0.00830078125 0.0068359375
11 0.56689453125 0.4931640625 0.00830078125 0.0068359375
11 0.56689453125 0.15576171875 0.00830078125 0.0068359375
8 0.54052734375 0.80615234375 0.00634765625 0.017578125
11 0.52099609375 0.72705078125 0.00830078125 0.0068359375
11 0.52099609375 0.48095703125 0.00830078125 0.0068359375
11 0.52099609375 0.1435546875 0.00830078125 0.0068359375
8 0.5029296875 0.80615234375 0.00634765625 0.017578125
15 0.52099609375 0.7978515625 0.0078125 0.01171875
9 0.52783203125 0.71533203125 0.0068359375 0.017578125
9 0.52783203125 0.46875 0.0068359375 0.017578125
11 0.52099609375 0.89111328125 0.00830078125 0.0068359375
15 0.5869140625 0.8798828125 0.0078125 0.01171875
11 0.5869140625 0.7822265625 0.00830078125 0.0068359375
11 0.5869140625 0.78857421875 0.00830078125 0.0068359375
11 0.5869140625 0.79443359375 0.00830078125 0.0068359375
15 0.5869140625 0.7158203125 0.0078125 0.01171875
15 0.5869140625 0.4697265625 0.0078125 0.01171875
11 0.5869140625 0.10205078125 0.00830078125 0.0068359375
11 0.5869140625 0.10791015625 0.00830078125 0.0068359375
11 0.5869140625 0.11376953125 0.00830078125 0.0068359375
9 0.57373046875 0.88818359375 0.0068359375 0.017578125
11 0.60498046875 0.48095703125 0.00830078125 0.0068359375
11 0.60498046875 0.1435546875 0.00830078125 0.0068359375
8 0.58642578125 0.80615234375 0.00634765625 0.017578125
9 0.57373046875 0.47802734375 0.0068359375 0.017578125
9 0.57373046875 0.72412109375 0.0068359375 0.017578125
11 0.4833984375 0.15576171875 0.00830078125 0.0068359375
4 0.404296875 0.80859375 0.00732421875 0.01806640625
4 0.404296875 0.12890625 0.00732421875 0.01806640625
11 0.404296875 0.7822265625 0.00830078125 0.0068359375
11 0.404296875 0.79150390625 0.00830078125 0.00732421875
15 0.48291015625 0.7978515625 0.0078125 0.01171875
11 0.4833984375 0.7392578125 0.00830078125 0.0068359375
11 0.404296875 0.79736328125 0.00830078125 0.0068359375
11 0.4833984375 0.4931640625 0.00830078125 0.0068359375
11 0.404296875 0.10205078125 0.00830078125 0.0068359375
11 0.404296875 0.11083984375 0.00830078125 0.00732421875
11 0.404296875 0.11669921875 0.00830078125 0.0068359375
14 0.39111328125 0.80126953125 0.0087890625 0.01708984375
14 0.39111328125 0.13525390625 0.0087890625 0.01708984375
8 0.3720703125 0.80859375 0.00634765625 0.01806640625
9 0.48974609375 0.8701171875 0.0068359375 0.017578125
9 0.48974609375 0.72412109375 0.0068359375 0.017578125
11 0.5029296875 0.11376953125 0.00830078125 0.0068359375
15 0.5029296875 0.8798828125 0.0078125 0.01171875
11 0.5029296875 0.7822265625 0.00830078125 0.0068359375
11 0.5029296875 0.78857421875 0.00830078125 0.0068359375
11 0.5029296875 0.79443359375 0.00830078125 0.0068359375
15 0.5029296875 0.7158203125 0.0078125 0.01171875
15 0.5029296875 0.4697265625 0.0078125 0.01171875
11 0.5029296875 0.10205078125 0.00830078125 0.0068359375
11 0.5029296875 0.10791015625 0.00830078125 0.0068359375
11 0.4833984375 0.9033203125 0.00830078125 0.0068359375
9 0.48974609375 0.47802734375 0.0068359375 0.017578125
11 0.4833984375 0.88232421875 0.00830078125 0.0068359375