11 0.630859375 0.12353515625 0.00830078125 0.0068359375
11 0.638671875 0.111328125 0.00830078125 0.0068359375
11 0.630859375 0.060546875 0.00830078125 0.0068359375
8 0.61181640625 0.119140625 0.00439453125 0.0126953125
11 0.6123046875 0.1083984375 0.005859375 0.00537109375
11 0.6015625 0.05712890625 0.00830078125 0.00732421875
11 0.59423828125 0.10888671875 0.00830078125 0.0068359375
11 0.6767578125 0.0634765625 0.00830078125 0.0068359375
11 0.66162109375 0.060546875 0.00830078125 0.0068359375
11 0.646484375 0.05712890625 0.00830078125 0.00732421875
11 0.5869140625 0.05419921875 0.00830078125 0.0068359375
11 0.5712890625 0.05126953125 0.00830078125 0.0068359375
11 0.5546875 0.05712890625 0.00830078125 0.00732421875
11 0.53955078125 0.060546875 0.00830078125 0.0068359375
11 0.80810546875 0.0693359375 0.00830078125 0.0068359375
11 0.79296875 0.06640625 0.00830078125 0.0068359375
8 0.77734375 0.15625 0.00634765625 0.017578125
8 0.78466796875 0.15625 0.00634765625 0.017578125
15 0.72705078125 0.154296875 0.0078125 0.01171875
15 0.72705078125 0.177734375 0.0078125 0.01171875
11 0.72705078125 0.06640625 0.00830078125 0.0068359375
11 0.70703125 0.0634765625 0.0078125 0.0068359375
11 0.69189453125 0.060546875 0.00830078125 0.0068359375
11 0.77783203125 0.12060546875 0.00830078125 0.00732421875
11 0.78564453125 0.111328125 0.00830078125 0.0068359375
11 0.77783203125 0.0693359375 0.00830078125 0.0068359375
11 0.75732421875 0.06640625 0.00830078125 0.0068359375
11 0.7421875 0.0634765625 0.00830078125 0.0068359375
11 0.30908203125 0.13232421875 0.00830078125 0.0068359375
11 0.30859375 0.04248046875 0.00830078125 0.0068359375
11 0.30126953125 0.14453125 0.00830078125 0.0068359375
11 0.2939453125 0.03955078125 0.00830078125 0.0068359375
11 0.27880859375 0.03662109375 0.0078125 0.00732421875
11 0.34423828125 0.04248046875 0.00830078125 0.0068359375
11 0.3291015625 0.13525390625 0.00830078125 0.00732421875
11 0.3369140625 0.12939453125 0.00830078125 0.0068359375
11 0.3291015625 0.04541015625 0.00830078125 0.0068359375
8 0.3193359375 0.14306640625 0.00439453125 0.0126953125
11 0.31982421875 0.13232421875 0.005859375 0.0048828125
11 0.23193359375 0.150390625 0.00830078125 0.0068359375
11 0.2392578125 0.13525390625 0.00830078125 0.00732421875
11 0.23193359375 0.04541015625 0.00830078125 0.0068359375
1 0.193359375 0.16357421875 0.017578125 0.02099609375
1 0.193359375 0.0849609375 0.017578125 0.02099609375
0 0.17529296875 0.12646484375 0.00634765625 0.103515625
11 0.26220703125 0.04541015625 0.00830078125 0.0068359375
11 0.2470703125 0.04833984375 0.00830078125 0.0068359375
11 0.4658203125 0.12353515625 0.00830078125 0.0068359375
11 0.4736328125 0.11474609375 0.00830078125 0.0068359375
11 0.4658203125 0.05419921875 0.00830078125 0.0068359375
11 0.45068359375 0.05126953125 0.00830078125 0.0068359375
11 0.435546875 0.04833984375 0.00830078125 0.0068359375
11 0.5244140625 0.12646484375 0.00830078125 0.0068359375
11 0.53173828125 0.12060546875 0.00830078125 0.00732421875
11 0.5244140625 0.05712890625 0.00830078125 0.00732421875
11 0.49609375 0.05419921875 0.00830078125 0.0068359375
11 0.48095703125 0.05126953125 0.00830078125 0.0068359375
8 0.4658203125 0.15625 0.00634765625 0.017578125
8 0.47314453125 0.15625 0.00634765625 0.017578125
11 0.4052734375 0.04833984375 0.00830078125 0.0068359375
11 0.39013671875 0.04541015625 0.00830078125 0.0068359375
11 0.375 0.04833984375 0.00830078125 0.0068359375
11 0.359375 0.04541015625 0.00830078125 0.0068359375
15 0.42041015625 0.154296875 0.0078125 0.01171875
15 0.42041015625 0.18408203125 0.0078125 0.01171875
11 0.42041015625 0.05126953125 0.00830078125 0.0068359375
11 0.63623046875 0.3359375 0.00830078125 0.0068359375
11 0.6435546875 0.3271484375 0.00830078125 0.00732421875
11 0.63623046875 0.279296875 0.00830078125 0.00732421875
8 0.62646484375 0.33447265625 0.00439453125 0.0126953125
11 0.62646484375 0.32373046875 0.005859375 0.0048828125
11 0.6162109375 0.2763671875 0.00830078125 0.0068359375
11 0.60888671875 0.32373046875 0.00830078125 0.0068359375
11 0.666015625 0.279296875 0.00830078125 0.00732421875
11 0.6826171875 0.2734375 0.00830078125 0.0068359375
11 0.65087890625 0.2822265625 0.0078125 0.0068359375
11 0.53466796875 0.28515625 0.00830078125 0.0068359375
11 0.53466796875 0.3271484375 0.00830078125 0.00732421875
11 0.5419921875 0.3212890625 0.00830078125 0.0068359375
11 0.58642578125 0.2763671875 0.00830078125 0.0068359375
11 0.56982421875 0.28515625 0.00830078125 0.0068359375
11 0.6015625 0.279296875 0.00830078125 0.00732421875
11 0.5546875 0.2880859375 0.00830078125 0.0068359375
11 0.80810546875 0.26416015625 0.00830078125 0.00732421875
11 0.79296875 0.26708984375 0.00830078125 0.0068359375
8 0.7724609375 0.36279296875 0.00634765625 0.017578125
15 0.72900390625 0.38427734375 0.0078125 0.01171875
15 0.72900390625 0.3603515625 0.0078125 0.01171875
11 0.7294921875 0.25830078125 0.00830078125 0.0068359375
11 0.71435546875 0.26123046875 0.00830078125 0.0068359375
11 0.69921875 0.26416015625 0.00830078125 0.00732421875
8 0.7802734375 0.36279296875 0.00634765625 0.017578125
11 0.77294921875 0.3359375 0.00830078125 0.0068359375
11 0.78076171875 0.3212890625 0.00830078125 0.0068359375
11 0.77294921875 0.26416015625 0.00830078125 0.00732421875
11 0.75927734375 0.25830078125 0.0078125 0.0068359375
11 0.74462890625 0.26123046875 0.00830078125 0.0068359375
11 0.322265625 0.27001953125 0.00830078125 0.0068359375
11 0.3125 0.32373046875 0.00830078125 0.0068359375
11 0.3037109375 0.26708984375 0.00830078125 0.0068359375
11 0.283203125 0.26416015625 0.00830078125 0.00732421875
11 0.35986328125 0.27001953125 0.00830078125 0.0068359375
11 0.34228515625 0.3447265625 0.00830078125 0.0068359375
11 0.349609375 0.330078125 0.00830078125 0.0068359375
11 0.34228515625 0.2734375 0.00830078125 0.0068359375
8 0.33251953125 0.33740234375 0.0048828125 0.0126953125
11 0.33251953125 0.3271484375 0.005859375 0.00537109375
11 0.23193359375 0.330078125 0.00830078125 0.0068359375
11 0.2392578125 0.31787109375 0.00830078125 0.0068359375
11 0.23193359375 0.2734375 0.00830078125 0.0068359375
1 0.193359375 0.36962890625 0.017578125 0.02099609375
1 0.193359375 0.2861328125 0.017578125 0.02099609375
0 0.17529296875 0.32958984375 0.0068359375 0.10888671875
11 0.26708984375 0.2734375 0.00830078125 0.0068359375
11 0.251953125 0.2763671875 0.00830078125 0.0068359375
8 0.48291015625 0.36279296875 0.00634765625 0.017578125
15 0.43798828125 0.38427734375 0.0078125 0.01171875
15 0.43798828125 0.3603515625 0.0078125 0.01171875
11 0.43798828125 0.279296875 0.00830078125 0.00732421875
11 0.46826171875 0.279296875 0.00830078125 0.00732421875
11 0.49072265625 0.32373046875 0.00830078125 0.0068359375
11 0.4833984375 0.2822265625 0.00830078125 0.0068359375
11 0.4833984375 0.330078125 0.00830078125 0.0068359375
11 0.453125 0.2763671875 0.00830078125 0.0068359375
8 0.490234375 0.36279296875 0.00634765625 0.017578125
11 0.39306640625 0.2763671875 0.00830078125 0.0068359375
11 0.51318359375 0.2822265625 0.00830078125 0.0068359375
11 0.375 0.2734375 0.0078125 0.0068359375
11 0.4228515625 0.2763671875 0.00830078125 0.0068359375
11 0.498046875 0.279296875 0.00830078125 0.00732421875
11 0.40771484375 0.2734375 0.00830078125 0.0068359375
11 0.63720703125 0.53662109375 0.00830078125 0.0068359375
11 0.64501953125 0.52783203125 0.00830078125 0.0068359375
11 0.63720703125 0.4794921875 0.00830078125 0.0068359375
8 0.6201171875 0.53515625 0.0048828125 0.0126953125
11 0.6201171875 0.52490234375 0.005859375 0.00537109375
11 0.60986328125 0.4677734375 0.00830078125 0.0068359375
11 0.60302734375 0.52197265625 0.00830078125 0.0068359375
11 0.6572265625 0.482421875 0.0078125 0.0068359375
11 0.68798828125 0.4736328125 0.00830078125 0.0068359375
11 0.67138671875 0.4794921875 0.00830078125 0.0068359375
11 0.595703125 0.470703125 0.00830078125 0.00732421875
11 0.5810546875 0.4677734375 0.00830078125 0.0068359375
11 0.56494140625 0.4736328125 0.00830078125 0.0068359375
11 0.55029296875 0.4765625 0.00830078125 0.0068359375
11 0.80859375 0.4677734375 0.00830078125 0.0068359375
11 0.7939453125 0.470703125 0.00830078125 0.00732421875
8 0.77490234375 0.560546875 0.00634765625 0.017578125
15 0.73291015625 0.55224609375 0.0078125 0.01171875
15 0.73291015625 0.55224609375 0.0078125 0.01171875
11 0.73291015625 0.46142578125 0.00830078125 0.0068359375
11 0.71875 0.46142578125 0.00830078125 0.0068359375
11 0.7041015625 0.46484375 0.00830078125 0.00732421875
8 0.78271484375 0.560546875 0.00634765625 0.017578125
11 0.775390625 0.53662109375 0.0078125 0.0068359375
11 0.78271484375 0.52197265625 0.00830078125 0.0068359375
11 0.775390625 0.4677734375 0.0078125 0.0068359375
11 0.76220703125 0.46142578125 0.00830078125 0.0068359375
11 0.74755859375 0.46484375 0.00830078125 0.00732421875
8 0.31591796875 0.5439453125 0.0048828125 0.0126953125
11 0.31591796875 0.53369140625 0.005859375 0.00537109375
11 0.3056640625 0.470703125 0.00830078125 0.00732421875
11 0.298828125 0.53369140625 0.00830078125 0.00732421875
11 0.29150390625 0.4736328125 0.0078125 0.0068359375
11 0.35205078125 0.4853515625 0.00830078125 0.00732421875
11 0.27734375 0.470703125 0.00830078125 0.00732421875
11 0.33251953125 0.53076171875 0.00830078125 0.0068359375
11 0.33984375 0.52197265625 0.0078125 0.0068359375
11 0.33251953125 0.482421875 0.00830078125 0.0068359375
11 0.23193359375 0.53662109375 0.00830078125 0.0068359375
11 0.2392578125 0.51904296875 0.00830078125 0.0068359375
11 0.23193359375 0.4765625 0.00830078125 0.0068359375
1 0.193359375 0.56787109375 0.017578125 0.02099609375
1 0.193359375 0.49267578125 0.017578125 0.02099609375
0 0.17529296875 0.5322265625 0.00634765625 0.10009765625
11 0.2607421875 0.4765625 0.00830078125 0.0068359375
11 0.24609375 0.4794921875 0.00830078125 0.0068359375
11 0.44677734375 0.458984375 0.00830078125 0.0068359375
11 0.48779296875 0.4677734375 0.00830078125 0.0068359375
11 0.474609375 0.53076171875 0.00830078125 0.0068359375
11 0.482421875 0.51611328125 0.00830078125 0.0068359375
11 0.474609375 0.46142578125 0.00830078125 0.0068359375
8 0.48193359375 0.560546875 0.00634765625 0.017578125
11 0.46142578125 0.45556640625 0.00830078125 0.0068359375
8 0.47412109375 0.560546875 0.00634765625 0.017578125
11 0.3828125 0.4765625 0.00830078125 0.0068359375
11 0.400390625 0.4677734375 0.00830078125 0.0068359375
11 0.53076171875 0.4736328125 0.00830078125 0.0068359375
11 0.53857421875 0.51611328125 0.00830078125 0.0068359375
11 0.53076171875 0.53369140625 0.00830078125 0.00732421875
11 0.36669921875 0.482421875 0.0078125 0.0068359375
11 0.43212890625 0.45556640625 0.00830078125 0.0068359375
11 0.50390625 0.46142578125 0.00830078125 0.0068359375
15 0.43212890625 0.55224609375 0.0078125 0.01171875
11 0.416015625 0.46142578125 0.00830078125 0.0068359375
15 0.43212890625 0.55224609375 0.0078125 0.01171875
15 0.63623046875 0.6396484375 0.0078125 0.01171875
11 0.63623046875 0.65966796875 0.00830078125 0.0068359375
11 0.63623046875 0.74658203125 0.00830078125 0.0068359375
11 0.60595703125 0.74072265625 0.00830078125 0.00732421875
11 0.61328125 0.66259765625 0.00830078125 0.0068359375
4 0.61328125 0.68359375 0.00732421875 0.01806640625
11 0.62109375 0.74365234375 0.00830078125 0.0068359375
11 0.66748046875 0.74658203125 0.00830078125 0.0068359375
11 0.541015625 0.66845703125 0.00830078125 0.0068359375
11 0.6826171875 0.75 0.00830078125 0.0068359375
14 0.68310546875 0.6962890625 0.0087890625 0.01708984375
11 0.65185546875 0.74365234375 0.00830078125 0.0068359375
8 0.54052734375 0.68359375 0.00634765625 0.017578125
11 0.541015625 0.74658203125 0.00830078125 0.0068359375
15 0.541015625 0.68115234375 0.0078125 0.01171875
11 0.59033203125 0.73779296875 0.00830078125 0.0068359375
14 0.5908203125 0.68408203125 0.0087890625 0.017578125
15 0.59033203125 0.6396484375 0.0078125 0.01171875
11 0.572265625 0.74658203125 0.00830078125 0.0068359375
11 0.556640625 0.75 0.00830078125 0.0068359375
11 0.81103515625 0.7587890625 0.00830078125 0.0068359375
11 0.8037109375 0.6474609375 0.00830078125 0.0068359375
11 0.79638671875 0.75244140625 0.00830078125 0.0068359375
11 0.78076171875 0.755859375 0.00830078125 0.00732421875
8 0.72412109375 0.65185546875 0.0048828125 0.0126953125
11 0.724609375 0.6416015625 0.005859375 0.00537109375
11 0.71337890625 0.75 0.00830078125 0.0068359375
4 0.7060546875 0.68359375 0.00732421875 0.01806640625
11 0.7060546875 0.65673828125 0.00830078125 0.00732421875
11 0.7060546875 0.6416015625 0.00830078125 0.00732421875
11 0.6982421875 0.74658203125 0.00830078125 0.0068359375
11 0.76513671875 0.75244140625 0.00830078125 0.0068359375
11 0.74951171875 0.75 0.00830078125 0.0068359375
11 0.73388671875 0.75244140625 0.00830078125 0.0068359375
11 0.73388671875 0.65380859375 0.00830078125 0.0068359375
11 0.73388671875 0.64453125 0.00830078125 0.0068359375
11 0.35009765625 0.72265625 0.0078125 0.0068359375
11 0.32421875 0.73486328125 0.00830078125 0.0068359375
11 0.33154296875 0.7197265625 0.00830078125 0.00732421875
11 0.32421875 0.66845703125 0.00830078125 0.0068359375
11 0.23193359375 0.66259765625 0.00830078125 0.0068359375
11 0.2392578125 0.7138671875 0.00830078125 0.0068359375
11 0.37060546875 0.66845703125 0.00830078125 0.0068359375
11 0.36328125 0.7197265625 0.00830078125 0.00732421875
11 0.310546875 0.65673828125 0.00830078125 0.00732421875
11 0.35400390625 0.67138671875 0.00830078125 0.00732421875
11 0.27978515625 0.65673828125 0.00830078125 0.00732421875
11 0.2626953125 0.66259765625 0.00830078125 0.0068359375
11 0.2470703125 0.66552734375 0.00830078125 0.0068359375
11 0.302734375 0.73779296875 0.00830078125 0.0068359375
11 0.23193359375 0.73193359375 0.00830078125 0.0068359375
11 0.310546875 0.72265625 0.00830078125 0.0068359375
11 0.29541015625 0.65966796875 0.00830078125 0.0068359375
11 0.48779296875 0.755859375 0.00830078125 0.00732421875
11 0.48779296875 0.65966796875 0.00830078125 0.0068359375
11 0.47265625 0.7587890625 0.00830078125 0.0068359375
11 0.47265625 0.65673828125 0.00830078125 0.00732421875
11 0.51904296875 0.75 0.00830078125 0.0068359375
11 0.51904296875 0.66552734375 0.00830078125 0.0068359375
0 0.17529296875 0.728515625 0.00634765625 0.09716796875
11 0.50341796875 0.75244140625 0.00830078125 0.0068359375
11 0.50341796875 0.66259765625 0.00830078125 0.0068359375
1 0.193359375 0.6904296875 0.017578125 0.02099609375
11 0.4248046875 0.65380859375 0.00830078125 0.0068359375
11 0.40478515625 0.65673828125 0.00830078125 0.00732421875
11 0.3876953125 0.66259765625 0.00830078125 0.0068359375
1 0.193359375 0.7626953125 0.017578125 0.02099609375
11 0.45703125 0.76171875 0.0078125 0.0068359375
11 0.45703125 0.65380859375 0.0078125 0.0068359375
21 0.44091796875 0.79296875 0.00634765625 0.01806640625
14 0.4423828125 0.7978515625 0.0087890625 0.017578125
11 0.44189453125 0.6474609375 0.00830078125 0.0068359375
11 0.6328125 0.8603515625 0.00830078125 0.0068359375
11 0.6328125 0.93359375 0.00830078125 0.0068359375
11 0.61669921875 0.93017578125 0.00830078125 0.00732421875
11 0.60888671875 0.86328125 0.00830078125 0.00732421875
11 0.6806640625 0.93603515625 0.00830078125 0.0068359375
11 0.7041015625 0.857421875 0.00830078125 0.0068359375
11 0.6962890625 0.93359375 0.00830078125 0.0068359375
11 0.66455078125 0.93359375 0.00830078125 0.0068359375
11 0.6484375 0.93017578125 0.00830078125 0.00732421875
11 0.53564453125 0.93359375 0.00830078125 0.0068359375
11 0.53564453125 0.8515625 0.00830078125 0.0068359375
12 0.5361328125 0.8486328125 0.0087890625 0.00732421875
8 0.52587890625 0.85595703125 0.0048828125 0.0126953125
11 0.60107421875 0.92724609375 0.00830078125 0.0068359375
11 0.5849609375 0.92431640625 0.00830078125 0.0068359375
11 0.56787109375 0.93359375 0.00830078125 0.0068359375
11 0.5517578125 0.93603515625 0.00830078125 0.0068359375
11 0.8076171875 0.9423828125 0.00830078125 0.0068359375
11 0.744140625 0.93603515625 0.00830078125 0.0068359375
11 0.72802734375 0.939453125 0.00830078125 0.0068359375
11 0.72802734375 0.8544921875 0.00830078125 0.0068359375
11 0.72802734375 0.8486328125 0.00830078125 0.00732421875
11 0.7119140625 0.93603515625 0.00830078125 0.0068359375
11 0.7998046875 0.857421875 0.00830078125 0.0068359375
11 0.7998046875 0.8486328125 0.00830078125 0.00732421875
11 0.7919921875 0.939453125 0.00830078125 0.0068359375
11 0.77587890625 0.9423828125 0.00830078125 0.0068359375
11 0.759765625 0.939453125 0.00830078125 0.0068359375
11 0.32763671875 0.93017578125 0.00830078125 0.00732421875
11 0.32763671875 0.857421875 0.00830078125 0.0068359375
11 0.32763671875 0.845703125 0.00830078125 0.0068359375
11 0.31201171875 0.92724609375 0.00830078125 0.0068359375
11 0.30419921875 0.8603515625 0.00830078125 0.0068359375
11 0.29638671875 0.92431640625 0.00830078125 0.0068359375
11 0.2802734375 0.92138671875 0.00830078125 0.0068359375
11 0.35986328125 0.93017578125 0.00830078125 0.00732421875
11 0.52587890625 0.845703125 0.005859375 0.0048828125
11 0.34375 0.92724609375 0.00830078125 0.0068359375
8 0.220703125 0.85302734375 0.0048828125 0.0126953125
11 0.22119140625 0.8427734375 0.005859375 0.00537109375
1 0.193359375 0.943359375 0.017578125 0.02099609375
1 0.193359375 0.88525390625 0.017578125 0.02099609375
0 0.17529296875 0.91650390625 0.005859375 0.0830078125
11 0.2626953125 0.93017578125 0.00830078125 0.00732421875
11 0.2470703125 0.93359375 0.00830078125 0.0068359375
11 0.23095703125 0.93017578125 0.00830078125 0.00732421875
11 0.23095703125 0.8486328125 0.00830078125 0.00732421875
11 0.23095703125 0.845703125 0.00830078125 0.0068359375
11 0.43017578125 0.8427734375 0.00830078125 0.0068359375
11 0.43017578125 0.93603515625 0.00830078125 0.0068359375
11 0.43017578125 0.8515625 0.00830078125 0.0068359375
11 0.49365234375 0.93603515625 0.0078125 0.0068359375
8 0.419921875 0.85009765625 0.0048828125 0.0126953125
11 0.419921875 0.83984375 0.005859375 0.00537109375
11 0.4619140625 0.93603515625 0.00830078125 0.0068359375
11 0.44580078125 0.93359375 0.00830078125 0.0068359375
11 0.4775390625 0.939453125 0.00830078125 0.0068359375
11 0.39306640625 0.92724609375 0.00830078125 0.0068359375
11 0.40087890625 0.8544921875 0.00830078125 0.0068359375
11 0.40087890625 0.83984375 0.00830078125 0.0068359375
11 0.50927734375 0.9423828125 0.00830078125 0.0068359375
11 0.37548828125 0.93359375 0.00830078125 0.0068359375
11 0.50146484375 0.845703125 0.00830078125 0.0068359375
11 0.40869140625 0.93359375 0.00830078125 0.0068359375