11 0.54833984375 0.119140625 0.00830078125 0.0068359375
11 0.65478515625 0.1220703125 0.00830078125 0.0068359375
11 0.65478515625 0.189453125 0.00830078125 0.0068359375
11 0.62109375 0.18359375 0.00830078125 0.0068359375
11 0.62841796875 0.1162109375 0.00830078125 0.0068359375
11 0.62109375 0.119140625 0.00830078125 0.0068359375
11 0.6396484375 0.1162109375 0.00830078125 0.0068359375
11 0.6396484375 0.18701171875 0.00830078125 0.0068359375
11 0.56689453125 0.1220703125 0.00830078125 0.0068359375
11 0.54833984375 0.19580078125 0.00830078125 0.0068359375
11 0.55517578125 0.1162109375 0.00830078125 0.0068359375
11 0.59814453125 0.18701171875 0.00830078125 0.0068359375
11 0.59814453125 0.1220703125 0.00830078125 0.0068359375
11 0.58349609375 0.189453125 0.00830078125 0.0068359375
11 0.58349609375 0.1162109375 0.00830078125 0.0068359375
11 0.56689453125 0.19287109375 0.00830078125 0.0068359375
11 0.7412109375 0.19873046875 0.00830078125 0.00732421875
11 0.7412109375 0.119140625 0.00830078125 0.0068359375
22 0.41015625 0.22705078125 0.00830078125 0.00390625
22 0.50341796875 0.22705078125 0.00830078125 0.00390625
11 0.7255859375 0.20166015625 0.0078125 0.0068359375
22 0.57568359375 0.22705078125 0.00830078125 0.00390625
22 0.64794921875 0.22705078125 0.00830078125 0.00390625
11 0.7001953125 0.19287109375 0.00830078125 0.0068359375
11 0.693359375 0.19580078125 0.00830078125 0.0068359375
11 0.693359375 0.1162109375 0.00830078125 0.0068359375
11 0.67041015625 0.19287109375 0.00830078125 0.0068359375
11 0.67041015625 0.119140625 0.00830078125 0.0068359375
11 0.7255859375 0.1162109375 0.0078125 0.0068359375
11 0.7099609375 0.19873046875 0.00830078125 0.00732421875
11 0.7099609375 0.119140625 0.00830078125 0.0068359375
11 0.3720703125 0.1806640625 0.00830078125 0.0068359375
11 0.3720703125 0.1103515625 0.00830078125 0.0068359375
11 0.34765625 0.11328125 0.00830078125 0.00732421875
11 0.39453125 0.107421875 0.00830078125 0.0068359375
11 0.38330078125 0.1806640625 0.00830078125 0.0068359375
22 0.7490234375 0.22705078125 0.00830078125 0.00390625
1 0.24365234375 0.2294921875 0.017578125 0.02099609375
10 0.244140625 0.17626953125 0.0166015625 0.0458984375
12 0.28662109375 0.1806640625 0.0087890625 0.0068359375
10 0.244140625 0.09423828125 0.0166015625 0.0458984375
11 0.28662109375 0.1220703125 0.00830078125 0.0068359375
0 0.22607421875 0.20458984375 0.005859375 0.0791015625
22 0.31640625 0.22705078125 0.00830078125 0.00390625
12 0.3271484375 0.1748046875 0.0087890625 0.0068359375
11 0.3271484375 0.1162109375 0.00830078125 0.0068359375
11 0.3076171875 0.119140625 0.00830078125 0.0068359375
11 0.39453125 0.1806640625 0.00830078125 0.0068359375
11 0.509765625 0.20166015625 0.00830078125 0.0068359375
11 0.4775390625 0.20751953125 0.00830078125 0.0068359375
11 0.4775390625 0.1162109375 0.00830078125 0.0068359375
11 0.4775390625 0.1220703125 0.00830078125 0.0068359375
11 0.494140625 0.20458984375 0.00830078125 0.0068359375
11 0.494140625 0.1103515625 0.00830078125 0.0068359375
11 0.509765625 0.1103515625 0.00830078125 0.0068359375
11 0.427734375 0.1044921875 0.00830078125 0.0068359375
11 0.525390625 0.19873046875 0.00830078125 0.00732421875
11 0.42041015625 0.1806640625 0.00830078125 0.0068359375
11 0.42041015625 0.107421875 0.00830078125 0.0068359375
11 0.40771484375 0.1806640625 0.00830078125 0.0068359375
21 0.4453125 0.17626953125 0.00634765625 0.0185546875
11 0.44677734375 0.1015625 0.00830078125 0.0068359375
11 0.525390625 0.1162109375 0.00830078125 0.0068359375
15 0.435546875 0.17822265625 0.0078125 0.01171875
11 0.53271484375 0.11328125 0.00830078125 0.00732421875
9 0.4267578125 0.16845703125 0.0068359375 0.017578125
11 0.64013671875 0.37451171875 0.00830078125 0.0068359375
11 0.51953125 0.37158203125 0.00830078125 0.00732421875
11 0.57421875 0.37451171875 0.00830078125 0.0068359375
11 0.546875 0.37451171875 0.00830078125 0.0068359375
22 0.521484375 0.40625 0.00830078125 0.00390625
22 0.521484375 0.298828125 0.00830078125 0.00390625
12 0.68994140625 0.37158203125 0.0087890625 0.00732421875
21 0.76806640625 0.35546875 0.00634765625 0.0185546875
10 0.19384765625 0.35546875 0.0166015625 0.0458984375
1 0.193359375 0.40869140625 0.017578125 0.02099609375
11 0.21875 0.37451171875 0.00830078125 0.0068359375
0 0.17529296875 0.3837890625 0.005859375 0.0791015625
11 0.26953125 0.37158203125 0.00830078125 0.00732421875
22 0.31201171875 0.298828125 0.00830078125 0.00390625
22 0.31201171875 0.40625 0.00830078125 0.00390625
22 0.7177734375 0.298828125 0.00830078125 0.00390625
22 0.7177734375 0.40625 0.00830078125 0.00390625
10 0.19384765625 0.3017578125 0.0166015625 0.0458984375
11 0.3740234375 0.37158203125 0.00830078125 0.00732421875
12 0.43994140625 0.37158203125 0.0087890625 0.00732421875
11 0.3193359375 0.37158203125 0.00830078125 0.00732421875
11 0.34619140625 0.37158203125 0.00830078125 0.00732421875