15 0.7080078125 0.17724609375 0.0078125 0.01171875
11 0.69482421875 0.095703125 0.0078125 0.0068359375
15 0.7080078125 0.15380859375 0.0078125 0.01171875
11 0.7080078125 0.0927734375 0.00830078125 0.0068359375
11 0.681640625 0.0927734375 0.00830078125 0.0068359375
11 0.60546875 0.1044921875 0.00830078125 0.0068359375
11 0.59228515625 0.107421875 0.00830078125 0.0068359375
11 0.5732421875 0.14990234375 0.00830078125 0.0068359375
11 0.5732421875 0.1044921875 0.00830078125 0.0068359375
8 0.5546875 0.1708984375 0.00634765625 0.01806640625
11 0.63720703125 0.14990234375 0.00830078125 0.0068359375
11 0.66259765625 0.14697265625 0.00830078125 0.0068359375
11 0.66259765625 0.08984375 0.00830078125 0.0068359375
8 0.63671875 0.16162109375 0.00634765625 0.017578125
11 0.63720703125 0.14404296875 0.00830078125 0.0068359375
11 0.66259765625 0.15869140625 0.00830078125 0.0068359375
11 0.63720703125 0.08984375 0.00830078125 0.0068359375
15 0.6171875 0.15380859375 0.0078125 0.01171875
11 0.61767578125 0.1103515625 0.00830078125 0.0068359375
11 0.8037109375 0.14990234375 0.00830078125 0.0068359375
8 0.80322265625 0.16162109375 0.00634765625 0.017578125
11 0.8037109375 0.14404296875 0.00830078125 0.0068359375
11 0.8037109375 0.095703125 0.00830078125 0.0068359375
11 0.7841796875 0.14990234375 0.00830078125 0.0068359375
11 0.7841796875 0.095703125 0.00830078125 0.0068359375
8 0.7265625 0.1708984375 0.00634765625 0.01806640625
9 0.7333984375 0.1376953125 0.0068359375 0.017578125
11 0.72705078125 0.15869140625 0.00830078125 0.0068359375
11 0.72705078125 0.14697265625 0.00830078125 0.0068359375
11 0.72705078125 0.0927734375 0.00830078125 0.0068359375
11 0.763671875 0.1044921875 0.00830078125 0.0068359375
11 0.74609375 0.15576171875 0.0078125 0.0068359375
11 0.74609375 0.14697265625 0.0078125 0.0068359375
11 0.74609375 0.0927734375 0.0078125 0.0068359375
11 0.361328125 0.107421875 0.00830078125 0.0068359375
11 0.38037109375 0.15869140625 0.00830078125 0.0068359375
11 0.38037109375 0.1044921875 0.00830078125 0.0068359375
11 0.361328125 0.15283203125 0.00830078125 0.0068359375
11 0.34814453125 0.1103515625 0.0078125 0.0068359375
11 0.3994140625 0.15576171875 0.00830078125 0.0068359375
11 0.41845703125 0.11328125 0.00830078125 0.00732421875
11 0.3994140625 0.1103515625 0.00830078125 0.0068359375
11 0.2958984375 0.15576171875 0.00830078125 0.0068359375
8 0.29541015625 0.16796875 0.00634765625 0.017578125
8 0.29541015625 0.11669921875 0.00634765625 0.01806640625
1 0.24365234375 0.1630859375 0.017578125 0.02099609375
10 0.244140625 0.109375 0.0166015625 0.0458984375
11 0.2958984375 0.1044921875 0.00830078125 0.0068359375
0 0.22607421875 0.1376953125 0.005859375 0.0791015625
11 0.3271484375 0.15576171875 0.00830078125 0.0068359375
11 0.3271484375 0.1015625 0.00830078125 0.0068359375
11 0.50927734375 0.1015625 0.00830078125 0.0068359375
11 0.5546875 0.15283203125 0.00830078125 0.0068359375
11 0.5546875 0.15869140625 0.00830078125 0.0068359375
11 0.5546875 0.0986328125 0.00830078125 0.00732421875
15 0.5361328125 0.15380859375 0.0078125 0.01171875
11 0.5361328125 0.1015625 0.00830078125 0.0068359375
11 0.52294921875 0.1044921875 0.00830078125 0.0068359375
11 0.46484375 0.14990234375 0.00830078125 0.0068359375
11 0.46484375 0.15576171875 0.00830078125 0.0068359375
11 0.46484375 0.095703125 0.00830078125 0.0068359375
15 0.44482421875 0.15380859375 0.0078125 0.01171875
11 0.4453125 0.11669921875 0.00830078125 0.0068359375
11 0.431640625 0.1103515625 0.00830078125 0.0068359375
11 0.490234375 0.0986328125 0.00830078125 0.00732421875
11 0.490234375 0.15283203125 0.00830078125 0.0068359375
11 0.490234375 0.14697265625 0.00830078125 0.0068359375
8 0.46435546875 0.16796875 0.00634765625 0.017578125
11 0.60888671875 0.27001953125 0.00830078125 0.00732421875
11 0.60888671875 0.291015625 0.00830078125 0.00732421875
11 0.60888671875 0.21826171875 0.00830078125 0.0068359375
8 0.57763671875 0.23046875 0.00634765625 0.01806640625
11 0.64453125 0.224609375 0.00830078125 0.0068359375
11 0.62451171875 0.2216796875 0.00830078125 0.0068359375
11 0.49951171875 0.2998046875 0.00830078125 0.0068359375
11 0.51123046875 0.25146484375 0.00830078125 0.0068359375
11 0.478515625 0.27880859375 0.00830078125 0.0068359375
11 0.478515625 0.24853515625 0.00830078125 0.00732421875
11 0.57763671875 0.21826171875 0.00830078125 0.0068359375
9 0.56103515625 0.2998046875 0.0068359375 0.017578125
11 0.5546875 0.3115234375 0.0078125 0.0068359375
15 0.57763671875 0.27978515625 0.0078125 0.01171875
11 0.52685546875 0.291015625 0.00830078125 0.00732421875
11 0.52685546875 0.25146484375 0.00830078125 0.0068359375
11 0.7998046875 0.21533203125 0.00830078125 0.0068359375
8 0.79931640625 0.2880859375 0.00634765625 0.01806640625
11 0.7998046875 0.27587890625 0.00830078125 0.0068359375
15 0.77685546875 0.27978515625 0.0078125 0.01171875
11 0.77685546875 0.21533203125 0.00830078125 0.0068359375
11 0.69970703125 0.21240234375 0.00830078125 0.00732421875
11 0.67529296875 0.27001953125 0.00830078125 0.00732421875
11 0.67529296875 0.28466796875 0.00830078125 0.00732421875
11 0.67529296875 0.23046875 0.00830078125 0.0068359375
11 0.65966796875 0.2275390625 0.00830078125 0.00732421875
11 0.76171875 0.21826171875 0.00830078125 0.0068359375
11 0.74609375 0.21533203125 0.00830078125 0.0068359375
11 0.72314453125 0.27001953125 0.00830078125 0.00732421875
11 0.72314453125 0.28173828125 0.00830078125 0.0068359375
11 0.72314453125 0.21240234375 0.00830078125 0.00732421875
11 0.27783203125 0.2216796875 0.00830078125 0.0068359375
11 0.2919921875 0.2275390625 0.00830078125 0.00732421875
11 0.2626953125 0.291015625 0.00830078125 0.00732421875
11 0.2626953125 0.27001953125 0.00830078125 0.00732421875
11 0.2626953125 0.224609375 0.00830078125 0.0068359375
11 0.2919921875 0.27880859375 0.00830078125 0.0068359375
11 0.2919921875 0.27001953125 0.00830078125 0.00732421875
10 0.19384765625 0.23486328125 0.0166015625 0.0458984375
1 0.193359375 0.2890625 0.017578125 0.02099609375
11 0.2333984375 0.2216796875 0.00830078125 0.0068359375
0 0.17529296875 0.263671875 0.005859375 0.07958984375
11 0.24853515625 0.21826171875 0.00830078125 0.0068359375
11 0.31494140625 0.27294921875 0.00830078125 0.0068359375
11 0.2333984375 0.27880859375 0.00830078125 0.0068359375
11 0.2333984375 0.27294921875 0.00830078125 0.0068359375
11 0.42431640625 0.27001953125 0.00830078125 0.00732421875
11 0.42431640625 0.28466796875 0.00830078125 0.00732421875
11 0.42431640625 0.2392578125 0.00830078125 0.0068359375
11 0.326171875 0.23046875 0.00830078125 0.0068359375
11 0.39990234375 0.24267578125 0.00830078125 0.0068359375
11 0.447265625 0.28173828125 0.00830078125 0.0068359375
11 0.462890625 0.2451171875 0.00830078125 0.0068359375
11 0.447265625 0.27001953125 0.00830078125 0.00732421875
11 0.447265625 0.24267578125 0.00830078125 0.0068359375
21 0.37109375 0.30126953125 0.00634765625 0.0185546875
21 0.37109375 0.27734375 0.00634765625 0.0185546875
11 0.3720703125 0.2392578125 0.00830078125 0.0068359375
11 0.34130859375 0.291015625 0.00830078125 0.00732421875
11 0.34130859375 0.27001953125 0.00830078125 0.00732421875
11 0.34130859375 0.23046875 0.00830078125 0.0068359375
8 0.62060546875 0.4130859375 0.00634765625 0.017578125
11 0.62109375 0.39501953125 0.00830078125 0.0068359375
11 0.62109375 0.4013671875 0.00830078125 0.0068359375
15 0.6005859375 0.40478515625 0.0078125 0.01171875
11 0.6005859375 0.341796875 0.00830078125 0.00732421875
11 0.6494140625 0.341796875 0.00830078125 0.00732421875
11 0.6494140625 0.39794921875 0.00830078125 0.0068359375
11 0.6494140625 0.41015625 0.00830078125 0.0068359375
11 0.50341796875 0.353515625 0.00830078125 0.0068359375
11 0.517578125 0.404296875 0.00830078125 0.0068359375
11 0.517578125 0.3505859375 0.00830078125 0.0068359375
11 0.4892578125 0.3564453125 0.00830078125 0.00732421875
11 0.55908203125 0.3564453125 0.00830078125 0.00732421875
11 0.578125 0.3623046875 0.00830078125 0.0068359375
11 0.55908203125 0.4013671875 0.00830078125 0.0068359375
11 0.5380859375 0.353515625 0.00830078125 0.0068359375
8 0.80126953125 0.4130859375 0.00634765625 0.017578125
11 0.8017578125 0.4013671875 0.00830078125 0.0068359375
15 0.78125 0.40478515625 0.0078125 0.01171875
11 0.78125 0.34765625 0.00830078125 0.0068359375
11 0.7587890625 0.3564453125 0.00830078125 0.00732421875
15 0.6982421875 0.40478515625 0.0078125 0.01171875
11 0.69873046875 0.3447265625 0.00830078125 0.0068359375
11 0.6845703125 0.34765625 0.00830078125 0.0068359375
11 0.669921875 0.3447265625 0.00830078125 0.0068359375
11 0.73974609375 0.3447265625 0.00830078125 0.0068359375
11 0.73974609375 0.4013671875 0.00830078125 0.0068359375
11 0.73974609375 0.4072265625 0.00830078125 0.00732421875
8 0.71826171875 0.421875 0.00634765625 0.017578125
11 0.71875 0.39794921875 0.00830078125 0.0068359375
11 0.71875 0.41015625 0.00830078125 0.0068359375
11 0.2958984375 0.39794921875 0.00830078125 0.0068359375
11 0.2958984375 0.3447265625 0.00830078125 0.0068359375
11 0.28173828125 0.341796875 0.00830078125 0.00732421875
11 0.345703125 0.3447265625 0.00830078125 0.0068359375
11 0.33154296875 0.34765625 0.00830078125 0.0068359375
11 0.31494140625 0.34765625 0.00830078125 0.0068359375
1 0.193359375 0.4140625 0.017578125 0.02099609375
10 0.19384765625 0.36083984375 0.0166015625 0.0458984375
0 0.17529296875 0.38916015625 0.005859375 0.0791015625
11 0.26318359375 0.341796875 0.00830078125 0.00732421875
11 0.24609375 0.33837890625 0.00830078125 0.0068359375
11 0.23046875 0.39794921875 0.00830078125 0.0068359375
11 0.23046875 0.3447265625 0.00830078125 0.0068359375
8 0.435546875 0.359375 0.00634765625 0.01806640625
11 0.43603515625 0.4072265625 0.00830078125 0.00732421875
11 0.43603515625 0.34765625 0.00830078125 0.0068359375
11 0.416015625 0.4013671875 0.00830078125 0.0068359375
15 0.416015625 0.36328125 0.0078125 0.01171875
11 0.365234375 0.3505859375 0.00830078125 0.0068359375
11 0.46826171875 0.39794921875 0.00830078125 0.0068359375
11 0.46826171875 0.353515625 0.00830078125 0.0068359375
11 0.38525390625 0.3564453125 0.00830078125 0.00732421875
11 0.38525390625 0.39501953125 0.00830078125 0.0068359375
11 0.40185546875 0.39794921875 0.00830078125 0.0068359375
11 0.365234375 0.39501953125 0.00830078125 0.0068359375
15 0.62939453125 0.5302734375 0.0078125 0.01171875
11 0.62939453125 0.49365234375 0.00830078125 0.0068359375
11 0.611328125 0.49365234375 0.00830078125 0.0068359375
11 0.6669921875 0.5322265625 0.00830078125 0.0068359375
11 0.6669921875 0.49658203125 0.00830078125 0.0068359375
11 0.6494140625 0.49658203125 0.00830078125 0.0068359375
11 0.54736328125 0.5205078125 0.00830078125 0.0068359375
11 0.53271484375 0.5234375 0.00830078125 0.0068359375
11 0.517578125 0.5205078125 0.00830078125 0.0068359375
11 0.591796875 0.49072265625 0.00830078125 0.0068359375
11 0.57666015625 0.48779296875 0.00830078125 0.0068359375
11 0.56103515625 0.53564453125 0.00830078125 0.00732421875
14 0.5615234375 0.4912109375 0.0087890625 0.017578125
9 0.806640625 0.478515625 0.0068359375 0.017578125
15 0.7998046875 0.5302734375 0.0078125 0.01171875
11 0.80029296875 0.49072265625 0.00830078125 0.0068359375
11 0.76513671875 0.54150390625 0.00830078125 0.0068359375
11 0.76513671875 0.50244140625 0.00830078125 0.0068359375
11 0.70654296875 0.529296875 0.00830078125 0.00732421875
11 0.70654296875 0.49658203125 0.00830078125 0.0068359375
11 0.68212890625 0.49951171875 0.00830078125 0.00732421875
8 0.66650390625 0.54443359375 0.00634765625 0.017578125
11 0.73486328125 0.55029296875 0.00830078125 0.00732421875
11 0.73486328125 0.49951171875 0.00830078125 0.00732421875
21 0.30126953125 0.52783203125 0.00634765625 0.0185546875
11 0.302734375 0.47265625 0.00830078125 0.0068359375
11 0.28466796875 0.47265625 0.00830078125 0.0068359375
11 0.2646484375 0.4697265625 0.00830078125 0.0068359375
11 0.35546875 0.478515625 0.00830078125 0.00732421875
11 0.34033203125 0.4755859375 0.00830078125 0.0068359375
11 0.32275390625 0.4755859375 0.00830078125 0.0068359375
1 0.193359375 0.53955078125 0.017578125 0.02099609375
10 0.19384765625 0.486328125 0.0166015625 0.0458984375
0 0.17529296875 0.5146484375 0.005859375 0.0791015625
11 0.24951171875 0.466796875 0.00830078125 0.0068359375
11 0.2333984375 0.5234375 0.00830078125 0.0068359375
11 0.2333984375 0.529296875 0.00830078125 0.00732421875
11 0.2333984375 0.47265625 0.00830078125 0.0068359375
11 0.43603515625 0.54150390625 0.00830078125 0.0068359375
11 0.45263671875 0.5205078125 0.00830078125 0.0068359375
11 0.43603515625 0.48193359375 0.00830078125 0.0068359375
11 0.47265625 0.5234375 0.00830078125 0.0068359375
11 0.37060546875 0.5205078125 0.00830078125 0.0068359375
11 0.37060546875 0.5322265625 0.00830078125 0.0068359375
11 0.37060546875 0.4755859375 0.00830078125 0.0068359375
21 0.5 0.486328125 0.00634765625 0.0185546875
11 0.5009765625 0.54150390625 0.00830078125 0.0068359375
11 0.400390625 0.5234375 0.00830078125 0.0068359375
11 0.400390625 0.529296875 0.00830078125 0.00732421875
11 0.400390625 0.478515625 0.00830078125 0.00732421875
11 0.48779296875 0.5205078125 0.00830078125 0.0068359375
11 0.60400390625 0.64599609375 0.00830078125 0.0068359375
11 0.63623046875 0.65478515625 0.00830078125 0.0068359375
11 0.63623046875 0.59814453125 0.00830078125 0.0068359375
8 0.603515625 0.65771484375 0.00634765625 0.017578125
11 0.6640625 0.60400390625 0.00830078125 0.0068359375
11 0.650390625 0.60107421875 0.00830078125 0.00732421875
11 0.5341796875 0.6484375 0.00830078125 0.0068359375
11 0.5341796875 0.60107421875 0.00830078125 0.00732421875
11 0.5546875 0.60400390625 0.00830078125 0.0068359375
8 0.51318359375 0.669921875 0.00634765625 0.017578125
11 0.513671875 0.65771484375 0.00830078125 0.00732421875
11 0.513671875 0.60107421875 0.00830078125 0.00732421875
15 0.58251953125 0.6552734375 0.0078125 0.01171875
11 0.5830078125 0.60400390625 0.00830078125 0.0068359375
11 0.60400390625 0.59814453125 0.00830078125 0.0068359375
11 0.56884765625 0.60693359375 0.00830078125 0.0068359375
11 0.7958984375 0.65478515625 0.00830078125 0.0068359375
11 0.8095703125 0.65771484375 0.00830078125 0.00732421875
11 0.7822265625 0.59521484375 0.00830078125 0.0068359375
11 0.7685546875 0.59814453125 0.0078125 0.0068359375
11 0.71337890625 0.6484375 0.00830078125 0.0068359375
11 0.71337890625 0.65478515625 0.00830078125 0.0068359375
11 0.71337890625 0.591796875 0.00830078125 0.0068359375
15 0.69189453125 0.6552734375 0.0078125 0.01171875
11 0.6923828125 0.60986328125 0.00830078125 0.0068359375
11 0.67822265625 0.60693359375 0.00830078125 0.0068359375
11 0.75439453125 0.59521484375 0.00830078125 0.0068359375
11 0.73388671875 0.65185546875 0.00830078125 0.00732421875
11 0.73388671875 0.591796875 0.00830078125 0.0068359375
8 0.712890625 0.66650390625 0.00634765625 0.017578125
11 0.31298828125 0.64599609375 0.00830078125 0.0068359375
11 0.31298828125 0.66064453125 0.00830078125 0.0068359375
11 0.31298828125 0.60986328125 0.00830078125 0.0068359375
15 0.2919921875 0.6552734375 0.0078125 0.01171875
11 0.2919921875 0.6279296875 0.0078125 0.0068359375
11 0.27783203125 0.625 0.00830078125 0.0068359375
11 0.35400390625 0.61279296875 0.00830078125 0.0068359375
11 0.33349609375 0.64599609375 0.00830078125 0.0068359375
11 0.33349609375 0.65771484375 0.00830078125 0.00732421875
11 0.33349609375 0.60986328125 0.00830078125 0.0068359375
8 0.3125 0.67236328125 0.00634765625 0.017578125
1 0.193359375 0.66455078125 0.017578125 0.02099609375
10 0.19384765625 0.611328125 0.0166015625 0.0458984375
0 0.17529296875 0.6396484375 0.005859375 0.0791015625
11 0.263671875 0.6220703125 0.00830078125 0.00732421875
11 0.24462890625 0.61865234375 0.00830078125 0.0068359375
11 0.23046875 0.66650390625 0.00830078125 0.0068359375
11 0.23046875 0.6162109375 0.00830078125 0.0068359375
11 0.44775390625 0.60986328125 0.00830078125 0.0068359375
15 0.4921875 0.6552734375 0.0078125 0.01171875
11 0.49267578125 0.61865234375 0.00830078125 0.0068359375
11 0.478515625 0.6162109375 0.00830078125 0.0068359375
11 0.46435546875 0.61279296875 0.00830078125 0.0068359375
11 0.40234375 0.65478515625 0.00830078125 0.0068359375
11 0.38232421875 0.61279296875 0.00830078125 0.0068359375
15 0.3818359375 0.6552734375 0.0078125 0.01171875
11 0.40234375 0.60986328125 0.00830078125 0.0068359375
8 0.40185546875 0.66650390625 0.00634765625 0.017578125
11 0.43359375 0.65185546875 0.00830078125 0.00732421875
11 0.43359375 0.60693359375 0.00830078125 0.0068359375
11 0.3681640625 0.6162109375 0.00830078125 0.0068359375
4 0.5078125 0.794921875 0.00732421875 0.01806640625
11 0.615234375 0.78271484375 0.00830078125 0.0068359375
11 0.615234375 0.73828125 0.00830078125 0.0068359375
11 0.63671875 0.7412109375 0.00830078125 0.0068359375
11 0.65087890625 0.73828125 0.00830078125 0.0068359375
11 0.6650390625 0.744140625 0.00830078125 0.00732421875
11 0.6650390625 0.77685546875 0.00830078125 0.0068359375
11 0.54931640625 0.73828125 0.00830078125 0.0068359375
11 0.56396484375 0.7353515625 0.00830078125 0.0068359375
11 0.52587890625 0.78271484375 0.00830078125 0.0068359375
11 0.52587890625 0.72900390625 0.00830078125 0.0068359375
11 0.59521484375 0.732421875 0.00830078125 0.0068359375
11 0.58447265625 0.78564453125 0.00830078125 0.0068359375
11 0.56396484375 0.77978515625 0.00830078125 0.00732421875
11 0.80712890625 0.744140625 0.00830078125 0.00732421875
11 0.79638671875 0.7919921875 0.0078125 0.0068359375
11 0.72021484375 0.77392578125 0.00830078125 0.00732421875
11 0.72021484375 0.72900390625 0.00830078125 0.0068359375
11 0.7021484375 0.72607421875 0.00830078125 0.0068359375
11 0.6875 0.72314453125 0.00830078125 0.00732421875
11 0.77734375 0.77099609375 0.00830078125 0.0068359375
11 0.77734375 0.7412109375 0.00830078125 0.0068359375
11 0.76318359375 0.73828125 0.00830078125 0.0068359375
11 0.74853515625 0.7353515625 0.00830078125 0.0068359375
11 0.734375 0.732421875 0.0078125 0.0068359375
11 0.31396484375 0.78564453125 0.00830078125 0.0068359375
11 0.2998046875 0.78271484375 0.00830078125 0.0068359375
11 0.328125 0.72314453125 0.00830078125 0.00732421875
11 0.2861328125 0.72314453125 0.00830078125 0.00732421875
11 0.271484375 0.72607421875 0.00830078125 0.0068359375
11 0.36328125 0.71728515625 0.00830078125 0.0068359375
11 0.34912109375 0.72021484375 0.00830078125 0.0068359375
11 0.328125 0.7890625 0.00830078125 0.0068359375
10 0.19287109375 0.73681640625 0.0166015625 0.0458984375
0 0.17529296875 0.76513671875 0.005859375 0.0791015625
11 0.25244140625 0.72314453125 0.00830078125 0.00732421875
11 0.2314453125 0.77978515625 0.00830078125 0.00732421875
11 0.2314453125 0.72021484375 0.00830078125 0.0068359375
14 0.4931640625 0.74169921875 0.0087890625 0.01708984375
14 0.4931640625 0.78369140625 0.0087890625 0.01708984375
11 0.451171875 0.732421875 0.00830078125 0.0068359375
15 0.47216796875 0.78076171875 0.0078125 0.01171875
15 0.47216796875 0.73876953125 0.0078125 0.01171875
11 0.3984375 0.72314453125 0.00830078125 0.00732421875
11 0.5078125 0.78271484375 0.00830078125 0.0068359375
4 0.5078125 0.744140625 0.00732421875 0.01806640625
11 0.3779296875 0.78564453125 0.00830078125 0.0068359375
11 0.3779296875 0.72021484375 0.00830078125 0.0068359375
11 0.431640625 0.78271484375 0.00830078125 0.0068359375
11 0.431640625 0.72607421875 0.00830078125 0.0068359375
11 0.5078125 0.732421875 0.00830078125 0.0068359375
11 0.64013671875 0.86328125 0.00830078125 0.0068359375
11 0.61865234375 0.8603515625 0.00830078125 0.0068359375
11 0.5068359375 0.8662109375 0.00830078125 0.00732421875
11 0.52685546875 0.8720703125 0.00830078125 0.0068359375
11 0.54833984375 0.86962890625 0.00830078125 0.0068359375
11 0.59716796875 0.857421875 0.00830078125 0.0068359375
11 0.59716796875 0.919921875 0.00830078125 0.0068359375
11 0.59716796875 0.908203125 0.00830078125 0.0068359375
11 0.75537109375 0.92919921875 0.00830078125 0.0068359375
11 0.75537109375 0.8720703125 0.00830078125 0.0068359375
11 0.66162109375 0.8662109375 0.00830078125 0.00732421875
11 0.6826171875 0.86962890625 0.00830078125 0.0068359375
11 0.6826171875 0.9169921875 0.00830078125 0.00732421875
11 0.71630859375 0.93798828125 0.00830078125 0.0068359375
11 0.73388671875 0.8720703125 0.00830078125 0.0068359375
11 0.29638671875 0.857421875 0.00830078125 0.0068359375
11 0.27490234375 0.8603515625 0.00830078125 0.0068359375
11 0.25341796875 0.857421875 0.00830078125 0.0068359375
11 0.337890625 0.8603515625 0.00830078125 0.0068359375
21 0.3154296875 0.90380859375 0.00634765625 0.01806640625
11 0.31640625 0.86328125 0.00830078125 0.0068359375
10 0.19384765625 0.8623046875 0.0166015625 0.0458984375
1 0.193359375 0.9150390625 0.017578125 0.02099609375
0 0.17529296875 0.89013671875 0.005859375 0.0791015625
11 0.23046875 0.86962890625 0.00830078125 0.0068359375
11 0.23046875 0.908203125 0.00830078125 0.0068359375
11 0.4228515625 0.86328125 0.0078125 0.0068359375
11 0.44384765625 0.8662109375 0.00830078125 0.00732421875
11 0.46533203125 0.86328125 0.00830078125 0.0068359375
11 0.48583984375 0.86962890625 0.00830078125 0.0068359375
21 0.484375 0.90380859375 0.00634765625 0.01806640625
11 0.39990234375 0.908203125 0.00830078125 0.0068359375
11 0.357421875 0.8662109375 0.00830078125 0.00732421875
11 0.37890625 0.86328125 0.00830078125 0.0068359375
11 0.39990234375 0.86962890625 0.00830078125 0.0068359375
11 0.39990234375 0.9228515625 0.00830078125 0.0068359375