11 0.640625 0.068359375 0.00830078125 0.0068359375
11 0.62646484375 0.0712890625 0.00830078125 0.0068359375
11 0.66943359375 0.06201171875 0.00830078125 0.0068359375
11 0.66943359375 0.11474609375 0.00830078125 0.0068359375
11 0.6552734375 0.0654296875 0.00830078125 0.00732421875
11 0.54345703125 0.11474609375 0.00830078125 0.0068359375
19 0.5439453125 0.0458984375 0.00830078125 0.00390625
11 0.529296875 0.07421875 0.00830078125 0.0068359375
11 0.6123046875 0.11474609375 0.00830078125 0.0068359375
11 0.6123046875 0.07421875 0.00830078125 0.0068359375
11 0.578125 0.11474609375 0.00830078125 0.0068359375
11 0.7890625 0.11474609375 0.00830078125 0.0068359375
11 0.70263671875 0.05908203125 0.00830078125 0.0068359375
11 0.69091796875 0.06201171875 0.00830078125 0.0068359375
11 0.7548828125 0.11474609375 0.00830078125 0.0068359375
19 0.7548828125 0.0458984375 0.00830078125 0.00390625
11 0.73388671875 0.0654296875 0.00830078125 0.00732421875
11 0.7216796875 0.06201171875 0.00830078125 0.0068359375
11 0.32568359375 0.11474609375 0.00830078125 0.0068359375
11 0.291015625 0.11474609375 0.00830078125 0.0068359375
11 0.39404296875 0.11474609375 0.00830078125 0.0068359375
11 0.39404296875 0.05908203125 0.00830078125 0.0068359375
11 0.35986328125 0.11474609375 0.00830078125 0.0068359375
10 0.19384765625 0.0576171875 0.0166015625 0.0458984375
0 0.17529296875 0.08837890625 0.005859375 0.08349609375
11 0.2568359375 0.11474609375 0.00830078125 0.0068359375
22 0.25732421875 0.048828125 0.00830078125 0.00390625
1 0.193359375 0.11572265625 0.017578125 0.02099609375
11 0.47412109375 0.06201171875 0.00830078125 0.0068359375
11 0.4599609375 0.11474609375 0.00830078125 0.0068359375
11 0.4599609375 0.06201171875 0.00830078125 0.0068359375
11 0.517578125 0.0712890625 0.00830078125 0.0068359375
11 0.50537109375 0.068359375 0.00830078125 0.0068359375
11 0.4931640625 0.0654296875 0.00830078125 0.00732421875
11 0.4228515625 0.0654296875 0.0078125 0.00732421875
11 0.44580078125 0.0654296875 0.00830078125 0.00732421875
11 0.40869140625 0.06201171875 0.00830078125 0.0068359375
11 0.64599609375 0.2587890625 0.00830078125 0.0068359375
11 0.69580078125 0.2587890625 0.00830078125 0.0068359375
11 0.67236328125 0.30224609375 0.00830078125 0.0068359375
11 0.67236328125 0.23779296875 0.00830078125 0.0068359375
11 0.537109375 0.30224609375 0.00830078125 0.0068359375
19 0.537109375 0.23291015625 0.00830078125 0.00390625
11 0.51220703125 0.25244140625 0.00830078125 0.0068359375
11 0.6220703125 0.30224609375 0.00830078125 0.0068359375
11 0.57958984375 0.30224609375 0.00830078125 0.0068359375
11 0.6220703125 0.23779296875 0.00830078125 0.0068359375
11 0.7958984375 0.2587890625 0.00830078125 0.0068359375
11 0.72216796875 0.23779296875 0.00830078125 0.0068359375
11 0.72216796875 0.30224609375 0.00830078125 0.0068359375
11 0.74560546875 0.2587890625 0.00830078125 0.0068359375
11 0.7724609375 0.23779296875 0.00830078125 0.0068359375
11 0.7724609375 0.30224609375 0.00830078125 0.0068359375
11 0.28662109375 0.30224609375 0.00830078125 0.0068359375
11 0.28662109375 0.25 0.00830078125 0.0068359375
11 0.26171875 0.25244140625 0.00830078125 0.0068359375
11 0.31298828125 0.24072265625 0.00830078125 0.00732421875
10 0.19384765625 0.2451171875 0.0166015625 0.0458984375
1 0.193359375 0.30322265625 0.017578125 0.02099609375
0 0.17529296875 0.27587890625 0.005859375 0.08349609375
11 0.23828125 0.24658203125 0.00830078125 0.0068359375
11 0.23828125 0.30224609375 0.00830078125 0.0068359375
11 0.439453125 0.24365234375 0.00830078125 0.0068359375
11 0.4560546875 0.24658203125 0.0078125 0.0068359375
19 0.33837890625 0.23291015625 0.00830078125 0.00390625
11 0.47216796875 0.25 0.00830078125 0.0068359375
11 0.48828125 0.24658203125 0.00830078125 0.0068359375
11 0.48828125 0.30224609375 0.00830078125 0.0068359375
11 0.33837890625 0.30224609375 0.00830078125 0.0068359375
11 0.380859375 0.30224609375 0.00830078125 0.0068359375
11 0.42333984375 0.30224609375 0.00830078125 0.0068359375
11 0.42333984375 0.24072265625 0.00830078125 0.00732421875
11 0.66455078125 0.42529296875 0.00830078125 0.0068359375
11 0.63916015625 0.4462890625 0.00830078125 0.00732421875
19 0.5224609375 0.48193359375 0.00830078125 0.00390625
11 0.6923828125 0.4462890625 0.00830078125 0.00732421875
21 0.6796875 0.48193359375 0.00634765625 0.0185546875
14 0.6650390625 0.4873046875 0.0087890625 0.01708984375
11 0.54443359375 0.4462890625 0.0078125 0.00732421875
11 0.56982421875 0.42529296875 0.00830078125 0.0068359375
11 0.591796875 0.4462890625 0.00830078125 0.00732421875
11 0.6171875 0.42529296875 0.00830078125 0.0068359375
21 0.6162109375 0.48193359375 0.00634765625 0.0185546875
11 0.7919921875 0.4462890625 0.00830078125 0.00732421875
15 0.7451171875 0.48388671875 0.0078125 0.01171875
11 0.7451171875 0.4462890625 0.00830078125 0.00732421875
14 0.7294921875 0.4873046875 0.0087890625 0.01708984375
11 0.7177734375 0.42529296875 0.00830078125 0.0068359375
11 0.76953125 0.42529296875 0.00830078125 0.0068359375
21 0.7685546875 0.48193359375 0.00634765625 0.0185546875
11 0.3076171875 0.4462890625 0.00830078125 0.00732421875
11 0.28564453125 0.42529296875 0.00830078125 0.0068359375
11 0.26025390625 0.4462890625 0.00830078125 0.00732421875
11 0.3330078125 0.42529296875 0.00830078125 0.0068359375
10 0.19384765625 0.43310546875 0.0166015625 0.0458984375
1 0.193359375 0.4931640625 0.017578125 0.02099609375
0 0.17529296875 0.46484375 0.005859375 0.08544921875
22 0.23828125 0.4853515625 0.00830078125 0.00390625
11 0.23828125 0.42529296875 0.00830078125 0.0068359375
11 0.35546875 0.4462890625 0.00830078125 0.00732421875
15 0.47509765625 0.48388671875 0.0078125 0.01171875
11 0.47509765625 0.42529296875 0.00830078125 0.0068359375
11 0.5224609375 0.42529296875 0.0078125 0.0068359375
11 0.4501953125 0.4462890625 0.00830078125 0.00732421875
15 0.498046875 0.48388671875 0.0078125 0.01171875
11 0.498046875 0.4462890625 0.00830078125 0.00732421875
11 0.38037109375 0.42529296875 0.00830078125 0.0068359375
11 0.40234375 0.4462890625 0.00830078125 0.00732421875
11 0.427734375 0.42529296875 0.00830078125 0.0068359375
21 0.4267578125 0.48193359375 0.00634765625 0.0185546875