11 0.66015625 0.123046875 0.00830078125 0.0068359375
11 0.69970703125 0.26171875 0.0078125 0.0068359375
15 0.69970703125 0.06005859375 0.0078125 0.01171875
11 0.69970703125 0.1201171875 0.0078125 0.0068359375
11 0.69970703125 0.17626953125 0.0078125 0.0068359375
19 0.6376953125 0.0576171875 0.00830078125 0.00390625
11 0.6376953125 0.1201171875 0.00830078125 0.0068359375
11 0.71484375 0.06201171875 0.00830078125 0.0068359375
19 0.6376953125 0.189453125 0.00830078125 0.00390625
19 0.6376953125 0.25439453125 0.00830078125 0.00390625
11 0.58544921875 0.05615234375 0.00830078125 0.0068359375
8 0.69921875 0.1318359375 0.00634765625 0.017578125
11 0.58544921875 0.09912109375 0.00830078125 0.0068359375
11 0.58544921875 0.17626953125 0.00830078125 0.0068359375
11 0.58544921875 0.2705078125 0.00830078125 0.0068359375
11 0.62255859375 0.123046875 0.00830078125 0.0068359375
8 0.6220703125 0.13525390625 0.00634765625 0.01806640625
21 0.60693359375 0.0576171875 0.00634765625 0.0185546875
15 0.60791015625 0.126953125 0.0078125 0.01171875
21 0.60693359375 0.189453125 0.00634765625 0.01806640625
21 0.60693359375 0.25439453125 0.00634765625 0.0185546875
15 0.80419921875 0.06005859375 0.0078125 0.01171875
11 0.80419921875 0.123046875 0.0078125 0.0068359375
11 0.80419921875 0.18212890625 0.0078125 0.0068359375
11 0.80419921875 0.2705078125 0.0078125 0.0068359375
8 0.8037109375 0.13525390625 0.00634765625 0.01806640625
8 0.8037109375 0.19384765625 0.00634765625 0.017578125
11 0.7890625 0.06201171875 0.00830078125 0.0068359375
15 0.7890625 0.126953125 0.0078125 0.01171875
11 0.7890625 0.2705078125 0.00830078125 0.0068359375
22 0.513671875 0.1865234375 0.00830078125 0.00390625
22 0.513671875 0.0546875 0.00830078125 0.00390625
8 0.72900390625 0.18212890625 0.00634765625 0.01806640625
15 0.744140625 0.06005859375 0.0078125 0.01171875
11 0.74462890625 0.123046875 0.00830078125 0.0068359375
11 0.74462890625 0.17919921875 0.00830078125 0.0068359375
15 0.71435546875 0.126953125 0.0078125 0.01171875
11 0.7294921875 0.06201171875 0.00830078125 0.0068359375
15 0.7294921875 0.126953125 0.0078125 0.01171875
11 0.7294921875 0.169921875 0.00830078125 0.0068359375
21 0.728515625 0.25439453125 0.0068359375 0.0185546875
15 0.77392578125 0.126953125 0.0078125 0.01171875
8 0.7587890625 0.1318359375 0.00634765625 0.017578125
11 0.7744140625 0.06201171875 0.00830078125 0.0068359375
11 0.7744140625 0.169921875 0.00830078125 0.0068359375
8 0.744140625 0.13525390625 0.00634765625 0.01806640625
15 0.75927734375 0.06005859375 0.0078125 0.01171875
11 0.75927734375 0.1201171875 0.00830078125 0.0068359375
21 0.75830078125 0.25439453125 0.00634765625 0.0185546875
11 0.32373046875 0.10205078125 0.00830078125 0.00732421875
8 0.32373046875 0.1171875 0.00634765625 0.017578125
12 0.3505859375 0.0654296875 0.0087890625 0.0068359375
11 0.35009765625 0.10205078125 0.00830078125 0.00732421875
12 0.3505859375 0.17919921875 0.0087890625 0.0068359375
11 0.3017578125 0.09912109375 0.00830078125 0.0068359375
11 0.31298828125 0.0712890625 0.00830078125 0.0068359375
11 0.31298828125 0.18505859375 0.00830078125 0.0068359375
11 0.31298828125 0.27978515625 0.00830078125 0.00732421875
11 0.35009765625 0.2705078125 0.00830078125 0.0068359375
1 0.193359375 0.25390625 0.017578125 0.02099609375
1 0.193359375 0.1240234375 0.017578125 0.02099609375
1 0.193359375 0.18896484375 0.017578125 0.02099609375
12 0.24609375 0.0712890625 0.0087890625 0.0068359375
11 0.24560546875 0.09619140625 0.00830078125 0.0068359375
12 0.24609375 0.18505859375 0.0087890625 0.0068359375
10 0.19384765625 0.0576171875 0.0166015625 0.0458984375
11 0.279296875 0.09912109375 0.00830078125 0.0068359375
21 0.267578125 0.25439453125 0.00634765625 0.0185546875
21 0.28955078125 0.0576171875 0.00634765625 0.0185546875
21 0.28955078125 0.189453125 0.00634765625 0.01806640625
11 0.29052734375 0.27978515625 0.00830078125 0.00732421875
11 0.24560546875 0.2705078125 0.00830078125 0.0068359375
11 0.54296875 0.27685546875 0.00830078125 0.0068359375
11 0.54296875 0.10546875 0.00830078125 0.0068359375
11 0.4677734375 0.1083984375 0.00830078125 0.0068359375
11 0.4677734375 0.28271484375 0.00830078125 0.0068359375
11 0.50537109375 0.28271484375 0.00830078125 0.0068359375
11 0.52783203125 0.1083984375 0.00830078125 0.0068359375
11 0.52783203125 0.27978515625 0.00830078125 0.00732421875
15 0.490234375 0.25634765625 0.0078125 0.01171875
11 0.50537109375 0.111328125 0.00830078125 0.0068359375
19 0.39501953125 0.0576171875 0.00830078125 0.00390625
19 0.39501953125 0.189453125 0.00830078125 0.00390625
11 0.39501953125 0.27978515625 0.00830078125 0.00732421875
21 0.37158203125 0.25439453125 0.00634765625 0.0185546875
11 0.3837890625 0.10546875 0.00830078125 0.0068359375
11 0.41748046875 0.27978515625 0.00830078125 0.00732421875
11 0.4501953125 0.1142578125 0.00830078125 0.0068359375
11 0.43212890625 0.10546875 0.00830078125 0.0068359375
15 0.41748046875 0.126953125 0.0078125 0.01171875
11 0.55810546875 0.27392578125 0.00830078125 0.0068359375
11 0.55810546875 0.10205078125 0.00830078125 0.00732421875
11 0.61572265625 0.5224609375 0.00830078125 0.0068359375
11 0.6328125 0.60546875 0.00830078125 0.0068359375
11 0.6328125 0.4638671875 0.00830078125 0.0068359375
11 0.6328125 0.51953125 0.00830078125 0.0068359375
8 0.58203125 0.4755859375 0.00634765625 0.017578125
19 0.59912109375 0.400390625 0.00830078125 0.00390625
11 0.59912109375 0.4609375 0.00830078125 0.00732421875
15 0.59912109375 0.5322265625 0.0078125 0.01171875
11 0.59912109375 0.60546875 0.00830078125 0.0068359375
15 0.6865234375 0.40234375 0.0078125 0.01171875
11 0.6865234375 0.4609375 0.00830078125 0.00732421875
11 0.6865234375 0.525390625 0.00830078125 0.0068359375
11 0.6865234375 0.60205078125 0.00830078125 0.00732421875
8 0.68603515625 0.47265625 0.00634765625 0.017578125
11 0.65234375 0.51953125 0.00830078125 0.0068359375
8 0.53125 0.47265625 0.00634765625 0.017578125
15 0.53173828125 0.40234375 0.0078125 0.01171875
11 0.53173828125 0.4609375 0.00830078125 0.00732421875
11 0.53173828125 0.525390625 0.00830078125 0.0068359375
11 0.53173828125 0.60546875 0.00830078125 0.0068359375
15 0.56591796875 0.46728515625 0.0078125 0.01171875
15 0.56591796875 0.5322265625 0.0078125 0.01171875
21 0.56494140625 0.5947265625 0.00634765625 0.0185546875
15 0.58251953125 0.40234375 0.0078125 0.01171875
11 0.58251953125 0.4638671875 0.00830078125 0.0068359375
15 0.58251953125 0.5322265625 0.0078125 0.01171875
11 0.54931640625 0.40771484375 0.0078125 0.0068359375
15 0.54931640625 0.46728515625 0.0078125 0.01171875
11 0.54931640625 0.513671875 0.0078125 0.0068359375
11 0.7890625 0.44580078125 0.00830078125 0.00732421875
11 0.7890625 0.525390625 0.00830078125 0.0068359375
11 0.7890625 0.6142578125 0.00830078125 0.0068359375
11 0.8056640625 0.44873046875 0.00830078125 0.0068359375
11 0.8056640625 0.5224609375 0.00830078125 0.0068359375
11 0.77197265625 0.44580078125 0.00830078125 0.00732421875
11 0.77197265625 0.5283203125 0.00830078125 0.0068359375
11 0.8056640625 0.6142578125 0.00830078125 0.0068359375
11 0.70361328125 0.40478515625 0.00830078125 0.00732421875
15 0.70361328125 0.46728515625 0.0078125 0.01171875
11 0.70361328125 0.5107421875 0.00830078125 0.0068359375
8 0.736328125 0.4755859375 0.00634765625 0.017578125
9 0.74365234375 0.5224609375 0.0068359375 0.017578125
19 0.75537109375 0.400390625 0.00830078125 0.00390625
11 0.75537109375 0.44580078125 0.00830078125 0.00732421875
11 0.75537109375 0.53173828125 0.00830078125 0.00732421875
21 0.75439453125 0.5947265625 0.00634765625 0.0185546875
15 0.72021484375 0.46728515625 0.0078125 0.01171875
15 0.72021484375 0.5322265625 0.0078125 0.01171875
21 0.71923828125 0.5947265625 0.00634765625 0.0185546875
15 0.73681640625 0.40234375 0.0078125 0.01171875
11 0.7373046875 0.4638671875 0.00830078125 0.0068359375
11 0.7373046875 0.53466796875 0.00830078125 0.0068359375
19 0.31494140625 0.400390625 0.00830078125 0.00390625
11 0.314453125 0.4609375 0.0078125 0.00732421875
11 0.314453125 0.53173828125 0.0078125 0.00732421875
11 0.314453125 0.6142578125 0.0078125 0.0068359375
15 0.29638671875 0.40234375 0.0078125 0.01171875
11 0.29638671875 0.4638671875 0.00830078125 0.0068359375
11 0.29638671875 0.53466796875 0.00830078125 0.0068359375
8 0.2958984375 0.4755859375 0.00634765625 0.017578125
9 0.302734375 0.5224609375 0.0068359375 0.017578125
11 0.365234375 0.4638671875 0.00830078125 0.0068359375
11 0.365234375 0.5224609375 0.00830078125 0.0068359375
15 0.38916015625 0.40234375 0.0078125 0.01171875
11 0.33154296875 0.4609375 0.00830078125 0.00732421875
11 0.33154296875 0.5283203125 0.00830078125 0.0068359375
11 0.3486328125 0.4609375 0.00830078125 0.00732421875
11 0.3486328125 0.525390625 0.00830078125 0.0068359375
11 0.3486328125 0.6142578125 0.00830078125 0.0068359375
1 0.193359375 0.46484375 0.017578125 0.02099609375
1 0.193359375 0.529296875 0.017578125 0.02099609375
1 0.193359375 0.59423828125 0.017578125 0.02099609375
15 0.24560546875 0.40234375 0.0078125 0.01171875
11 0.24560546875 0.4609375 0.00830078125 0.00732421875
11 0.24560546875 0.5224609375 0.00830078125 0.0068359375
11 0.24560546875 0.60205078125 0.00830078125 0.00732421875
10 0.19384765625 0.400390625 0.0166015625 0.0458984375
15 0.27978515625 0.46728515625 0.0078125 0.01171875
15 0.27978515625 0.5322265625 0.0078125 0.01171875
21 0.27880859375 0.5947265625 0.00634765625 0.0185546875
8 0.24560546875 0.47265625 0.00634765625 0.017578125
11 0.26318359375 0.40478515625 0.00830078125 0.00732421875
15 0.2626953125 0.46728515625 0.0078125 0.01171875
11 0.26318359375 0.5107421875 0.00830078125 0.0068359375
8 0.4560546875 0.47265625 0.00634765625 0.017578125
21 0.455078125 0.5947265625 0.00634765625 0.0185546875
11 0.47314453125 0.40771484375 0.00830078125 0.0068359375
15 0.47314453125 0.46728515625 0.0078125 0.01171875
11 0.47314453125 0.513671875 0.00830078125 0.0068359375
15 0.439453125 0.40234375 0.0078125 0.01171875
11 0.439453125 0.4638671875 0.00830078125 0.0068359375
11 0.439453125 0.5224609375 0.00830078125 0.0068359375
11 0.3896484375 0.4609375 0.00830078125 0.00732421875
8 0.439453125 0.4755859375 0.00634765625 0.017578125
15 0.4560546875 0.40234375 0.0078125 0.01171875
11 0.45654296875 0.4609375 0.00830078125 0.00732421875
15 0.50634765625 0.40234375 0.0078125 0.01171875
11 0.50634765625 0.4638671875 0.00830078125 0.0068359375
11 0.50634765625 0.525390625 0.00830078125 0.0068359375
11 0.50634765625 0.6142578125 0.00830078125 0.0068359375
8 0.50634765625 0.4755859375 0.00634765625 0.017578125
8 0.50634765625 0.53759765625 0.00634765625 0.017578125
15 0.48974609375 0.46728515625 0.0078125 0.01171875
11 0.48974609375 0.40771484375 0.00830078125 0.0068359375
11 0.48974609375 0.6142578125 0.00830078125 0.0068359375
11 0.40625 0.40771484375 0.00830078125 0.0068359375
15 0.40625 0.46728515625 0.0078125 0.01171875
11 0.3896484375 0.51953125 0.00830078125 0.0068359375
11 0.3896484375 0.60546875 0.00830078125 0.0068359375
8 0.38916015625 0.47265625 0.00634765625 0.017578125
21 0.421875 0.5947265625 0.00634765625 0.0185546875
11 0.4228515625 0.40771484375 0.00830078125 0.0068359375
15 0.4228515625 0.46728515625 0.0078125 0.01171875
11 0.4228515625 0.513671875 0.00830078125 0.0068359375
8 0.42236328125 0.525390625 0.00634765625 0.01806640625
11 0.66455078125 0.78955078125 0.00830078125 0.00732421875
11 0.66455078125 0.86328125 0.00830078125 0.0068359375
21 0.6845703125 0.74072265625 0.00634765625 0.0185546875
13 0.6875 0.783203125 0.01123046875 0.00732421875
21 0.6845703125 0.87060546875 0.00634765625 0.0185546875
11 0.68603515625 0.94580078125 0.0078125 0.00732421875
11 0.70849609375 0.75439453125 0.00830078125 0.0068359375
11 0.70849609375 0.8603515625 0.00830078125 0.00732421875
21 0.70751953125 0.935546875 0.00634765625 0.0185546875
15 0.5849609375 0.80810546875 0.0078125 0.01171875
15 0.5849609375 0.87255859375 0.0078125 0.01171875
11 0.60009765625 0.80419921875 0.00830078125 0.00732421875
11 0.60009765625 0.875 0.00830078125 0.00732421875
8 0.599609375 0.81640625 0.00634765625 0.017578125
15 0.56884765625 0.80810546875 0.0078125 0.01171875
11 0.5693359375 0.85107421875 0.00830078125 0.0068359375
11 0.6328125 0.869140625 0.00830078125 0.0068359375
11 0.6328125 0.7861328125 0.00830078125 0.0068359375
11 0.64892578125 0.7861328125 0.00830078125 0.0068359375
11 0.64892578125 0.8662109375 0.00830078125 0.0068359375
9 0.60693359375 0.86279296875 0.0068359375 0.017578125
11 0.6171875 0.7861328125 0.00830078125 0.0068359375
11 0.6171875 0.8720703125 0.00830078125 0.0068359375
11 0.79638671875 0.75146484375 0.00830078125 0.0068359375
11 0.79638671875 0.85693359375 0.00830078125 0.0068359375
11 0.8095703125 0.74853515625 0.00830078125 0.00732421875
11 0.8095703125 0.8544921875 0.00830078125 0.0068359375
22 0.60888671875 0.9326171875 0.00830078125 0.00390625
22 0.60888671875 0.73779296875 0.00830078125 0.00390625
22 0.51220703125 0.9326171875 0.00830078125 0.00390625
22 0.51220703125 0.86767578125 0.00830078125 0.00390625
22 0.51220703125 0.802734375 0.00830078125 0.00390625
11 0.74609375 0.75439453125 0.00830078125 0.0068359375
11 0.74609375 0.8603515625 0.00830078125 0.00732421875
11 0.74609375 0.94580078125 0.00830078125 0.00732421875
11 0.7216796875 0.75146484375 0.00830078125 0.0068359375
11 0.7216796875 0.85693359375 0.00830078125 0.0068359375
11 0.734375 0.74853515625 0.00830078125 0.00732421875
11 0.734375 0.8544921875 0.00830078125 0.0068359375
11 0.783203125 0.75439453125 0.00830078125 0.0068359375
11 0.783203125 0.8603515625 0.00830078125 0.00732421875
11 0.783203125 0.94580078125 0.00830078125 0.00732421875
11 0.75927734375 0.75146484375 0.00830078125 0.0068359375
11 0.75927734375 0.85693359375 0.00830078125 0.0068359375
22 0.51220703125 0.73779296875 0.00830078125 0.00390625
11 0.77197265625 0.74853515625 0.00830078125 0.00732421875
11 0.77197265625 0.8544921875 0.00830078125 0.0068359375
11 0.3291015625 0.7392578125 0.00830078125 0.0068359375
21 0.328125 0.8056640625 0.00634765625 0.01806640625
11 0.3291015625 0.85107421875 0.00830078125 0.0068359375
11 0.3291015625 0.95751953125 0.00830078125 0.0068359375
11 0.3046875 0.84814453125 0.00830078125 0.0068359375
11 0.31787109375 0.7333984375 0.00830078125 0.00732421875
11 0.31787109375 0.84521484375 0.00830078125 0.00732421875
11 0.35546875 0.7333984375 0.00830078125 0.00732421875
11 0.35546875 0.84521484375 0.00830078125 0.00732421875
11 0.375 0.73046875 0.00830078125 0.0068359375
19 0.37548828125 0.8056640625 0.00830078125 0.00390625
11 0.375 0.84228515625 0.00830078125 0.0068359375
11 0.34228515625 0.736328125 0.00830078125 0.0068359375
11 0.3046875 0.736328125 0.00830078125 0.0068359375
11 0.34228515625 0.84814453125 0.00830078125 0.0068359375
1 0.193359375 0.80517578125 0.017578125 0.02099609375
1 0.193359375 0.8701171875 0.017578125 0.02099609375
1 0.193359375 0.93505859375 0.017578125 0.02099609375
19 0.24609375 0.74072265625 0.00830078125 0.00390625
12 0.24609375 0.79541015625 0.0087890625 0.0068359375
12 0.24609375 0.8662109375 0.0087890625 0.0068359375
11 0.24560546875 0.94580078125 0.00830078125 0.00732421875
10 0.19384765625 0.74072265625 0.0166015625 0.0458984375
11 0.2919921875 0.7392578125 0.00830078125 0.0068359375
11 0.2919921875 0.85107421875 0.00830078125 0.0068359375
11 0.2919921875 0.95751953125 0.00830078125 0.0068359375
21 0.2685546875 0.935546875 0.00634765625 0.0185546875
21 0.45068359375 0.8056640625 0.00634765625 0.01806640625
11 0.4521484375 0.869140625 0.00830078125 0.0068359375
11 0.470703125 0.869140625 0.00830078125 0.0068359375
11 0.4287109375 0.783203125 0.00830078125 0.00732421875
21 0.427734375 0.87060546875 0.00634765625 0.0185546875
19 0.42919921875 0.93505859375 0.00830078125 0.00390625
11 0.375 0.95458984375 0.00830078125 0.0068359375
8 0.55224609375 0.8134765625 0.00634765625 0.01806640625
11 0.552734375 0.80126953125 0.00830078125 0.0068359375
11 0.552734375 0.8662109375 0.00830078125 0.0068359375
15 0.390625 0.7431640625 0.0078125 0.01171875
15 0.390625 0.87255859375 0.0078125 0.01171875
19 0.42919921875 0.74072265625 0.00830078125 0.00390625
8 0.37451171875 0.74267578125 0.00634765625 0.01806640625
8 0.37451171875 0.86328125 0.00634765625 0.01806640625
11 0.40625 0.93408203125 0.00830078125 0.0068359375
21 0.4052734375 0.87060546875 0.00634765625 0.0185546875
21 0.4052734375 0.74072265625 0.00634765625 0.0185546875