11 0.68310546875 0.0498046875 0.00830078125 0.00732421875
12 0.66015625 0.05322265625 0.0087890625 0.0068359375
8 0.6484375 0.06787109375 0.00634765625 0.01806640625
11 0.64892578125 0.05615234375 0.00830078125 0.0068359375
11 0.69921875 0.05322265625 0.0078125 0.0068359375
12 0.60986328125 0.05322265625 0.0087890625 0.0068359375
12 0.58984375 0.05908203125 0.0087890625 0.0068359375
11 0.6328125 0.05908203125 0.00830078125 0.0068359375
11 0.7880859375 0.06494140625 0.00830078125 0.00732421875
22 0.46728515625 0.06787109375 0.0498046875 0.01220703125
18 0.46728515625 0.04736328125 0.0087890625 0.0126953125
8 0.7099609375 0.06494140625 0.00634765625 0.017578125
11 0.73974609375 0.05908203125 0.00830078125 0.0068359375
11 0.72119140625 0.05615234375 0.00830078125 0.0068359375
8 0.7392578125 0.07080078125 0.00634765625 0.017578125
11 0.71044921875 0.05322265625 0.00830078125 0.0068359375
8 0.69873046875 0.06494140625 0.00634765625 0.017578125
21 0.7744140625 0.06640625 0.00634765625 0.01806640625
12 0.75732421875 0.05615234375 0.0087890625 0.0068359375
11 0.2958984375 0.07666015625 0.00830078125 0.0068359375
11 0.2861328125 0.07373046875 0.00830078125 0.0068359375
11 0.27587890625 0.07666015625 0.00830078125 0.0068359375
13 0.337890625 0.0771484375 0.01123046875 0.00732421875
11 0.31591796875 0.080078125 0.00830078125 0.0068359375
11 0.30517578125 0.0830078125 0.00830078125 0.0068359375
11 0.23046875 0.07666015625 0.00830078125 0.0068359375
1 0.193359375 0.06591796875 0.017578125 0.02099609375
11 0.26611328125 0.07373046875 0.00830078125 0.0068359375
11 0.25634765625 0.07080078125 0.00830078125 0.00732421875
11 0.24658203125 0.06787109375 0.00830078125 0.0068359375
19 0.52734375 0.06640625 0.00830078125 0.00390625
11 0.56982421875 0.06787109375 0.00830078125 0.0068359375
21 0.5439453125 0.06640625 0.00634765625 0.01806640625
13 0.3701171875 0.0771484375 0.01123046875 0.00732421875
11 0.66015625 0.13330078125 0.00830078125 0.00732421875
11 0.64892578125 0.13330078125 0.00830078125 0.00732421875
11 0.693359375 0.142578125 0.00830078125 0.0068359375
11 0.6826171875 0.13916015625 0.00830078125 0.0068359375
11 0.67138671875 0.13623046875 0.00830078125 0.0068359375
15 0.58837890625 0.14892578125 0.0078125 0.01171875
21 0.560546875 0.14697265625 0.00634765625 0.0185546875
11 0.61865234375 0.13037109375 0.00830078125 0.0068359375
11 0.6298828125 0.13037109375 0.00830078125 0.0068359375
11 0.60302734375 0.1513671875 0.00830078125 0.0068359375
21 0.80126953125 0.14697265625 0.00634765625 0.0185546875
11 0.73876953125 0.14501953125 0.00830078125 0.0068359375
11 0.7275390625 0.1484375 0.00830078125 0.00732421875
11 0.71630859375 0.14501953125 0.00830078125 0.0068359375
9 0.70556640625 0.1318359375 0.00927734375 0.01611328125
11 0.70166015625 0.14208984375 0.005859375 0.00537109375
12 0.7685546875 0.13916015625 0.0087890625 0.0068359375
11 0.75 0.142578125 0.00830078125 0.0068359375
11 0.33203125 0.142578125 0.00830078125 0.0068359375
11 0.3779296875 0.13623046875 0.00830078125 0.0068359375
11 0.361328125 0.1484375 0.00830078125 0.00732421875
11 0.3466796875 0.14501953125 0.00830078125 0.0068359375
12 0.23779296875 0.142578125 0.0087890625 0.0068359375
11 0.31689453125 0.13916015625 0.00830078125 0.0068359375
8 0.29443359375 0.1513671875 0.00634765625 0.01806640625
11 0.294921875 0.13916015625 0.00830078125 0.0068359375
11 0.2685546875 0.13623046875 0.00830078125 0.0068359375
11 0.4833984375 0.13330078125 0.00830078125 0.00732421875
8 0.4677734375 0.142578125 0.00634765625 0.01806640625
11 0.50537109375 0.13623046875 0.00830078125 0.0068359375
11 0.46875 0.13037109375 0.00830078125 0.0068359375
8 0.453125 0.142578125 0.00634765625 0.01806640625
11 0.45361328125 0.13037109375 0.00830078125 0.0068359375
12 0.52783203125 0.13916015625 0.0087890625 0.0068359375
8 0.5048828125 0.1484375 0.00634765625 0.017578125
11 0.427734375 0.12744140625 0.00830078125 0.0068359375
8 0.40478515625 0.13916015625 0.00634765625 0.017578125
11 0.40576171875 0.12744140625 0.0078125 0.0068359375
11 0.6513671875 0.20751953125 0.00830078125 0.0068359375
11 0.62109375 0.20458984375 0.00830078125 0.0068359375
11 0.70458984375 0.2109375 0.00830078125 0.0068359375
11 0.681640625 0.20458984375 0.00830078125 0.0068359375
11 0.6669921875 0.20166015625 0.00830078125 0.00732421875
15 0.56787109375 0.2294921875 0.0078125 0.01171875
11 0.60888671875 0.20458984375 0.00830078125 0.0068359375
11 0.58935546875 0.2255859375 0.00830078125 0.0068359375
11 0.80859375 0.216796875 0.00830078125 0.00732421875
11 0.7275390625 0.216796875 0.00830078125 0.00732421875
11 0.74169921875 0.22265625 0.00830078125 0.0068359375
11 0.78564453125 0.216796875 0.00830078125 0.00732421875
11 0.7646484375 0.2197265625 0.00830078125 0.0068359375
11 0.33544921875 0.20751953125 0.00830078125 0.0068359375
15 0.23681640625 0.2294921875 0.0078125 0.01171875
11 0.349609375 0.2109375 0.00830078125 0.0068359375
21 0.52490234375 0.22705078125 0.00634765625 0.0185546875
11 0.36376953125 0.216796875 0.00830078125 0.00732421875
11 0.3779296875 0.22265625 0.00830078125 0.0068359375
11 0.2900390625 0.2109375 0.00830078125 0.0068359375
11 0.27783203125 0.2109375 0.00830078125 0.0068359375
11 0.25830078125 0.2314453125 0.00830078125 0.00732421875
11 0.3193359375 0.2138671875 0.00830078125 0.0068359375
11 0.44384765625 0.216796875 0.00830078125 0.00732421875
12 0.46826171875 0.2138671875 0.0087890625 0.0068359375
11 0.40087890625 0.2255859375 0.00830078125 0.0068359375
11 0.4150390625 0.22265625 0.00830078125 0.0068359375
11 0.4296875 0.2197265625 0.00830078125 0.0068359375
11 0.5859375 0.291015625 0.00830078125 0.0068359375
11 0.60400390625 0.2939453125 0.0078125 0.0068359375
11 0.6298828125 0.296875 0.00830078125 0.0068359375
11 0.67431640625 0.2880859375 0.00830078125 0.0068359375
11 0.64794921875 0.2939453125 0.00830078125 0.0068359375
11 0.52099609375 0.2939453125 0.00830078125 0.0068359375
11 0.55029296875 0.2939453125 0.00830078125 0.0068359375
11 0.568359375 0.2939453125 0.00830078125 0.0068359375
11 0.7392578125 0.2822265625 0.00830078125 0.0068359375
11 0.693359375 0.2822265625 0.00830078125 0.0068359375
11 0.71142578125 0.279296875 0.00830078125 0.00732421875
11 0.76708984375 0.28515625 0.00830078125 0.00732421875
11 0.79541015625 0.2880859375 0.00830078125 0.0068359375
11 0.31640625 0.30322265625 0.00830078125 0.0068359375
11 0.29931640625 0.2939453125 0.00830078125 0.0068359375
11 0.3427734375 0.30908203125 0.0078125 0.0068359375
11 0.35986328125 0.31494140625 0.00830078125 0.00732421875
11 0.2373046875 0.2939453125 0.00830078125 0.0068359375
11 0.2548828125 0.2939453125 0.00830078125 0.0068359375
11 0.28125 0.291015625 0.00830078125 0.0068359375
11 0.43212890625 0.291015625 0.00830078125 0.0068359375
11 0.4501953125 0.2939453125 0.00830078125 0.0068359375
11 0.46728515625 0.2998046875 0.00830078125 0.00732421875
11 0.484375 0.30615234375 0.00830078125 0.0068359375
11 0.50146484375 0.31494140625 0.00830078125 0.00732421875
11 0.39697265625 0.2939453125 0.00830078125 0.0068359375
11 0.41455078125 0.2939453125 0.00830078125 0.0068359375
11 0.37890625 0.2939453125 0.00830078125 0.0068359375
11 0.658203125 0.38623046875 0.00830078125 0.0068359375
11 0.64111328125 0.38037109375 0.00830078125 0.0068359375
11 0.701171875 0.38623046875 0.0078125 0.0068359375
11 0.68408203125 0.38916015625 0.00830078125 0.0068359375
11 0.564453125 0.3623046875 0.00830078125 0.00732421875
11 0.541015625 0.36572265625 0.00830078125 0.0068359375
11 0.59912109375 0.36865234375 0.00830078125 0.00732421875
11 0.61572265625 0.37451171875 0.0078125 0.0068359375
11 0.58154296875 0.36572265625 0.00830078125 0.0068359375
11 0.8056640625 0.38037109375 0.00830078125 0.0068359375
11 0.75439453125 0.37451171875 0.00830078125 0.0068359375
11 0.73681640625 0.37451171875 0.00830078125 0.0068359375
11 0.7197265625 0.37158203125 0.00830078125 0.0068359375
11 0.78857421875 0.37744140625 0.00830078125 0.0068359375
11 0.771484375 0.37744140625 0.00830078125 0.0068359375
11 0.30615234375 0.37451171875 0.00830078125 0.0068359375
11 0.32275390625 0.38037109375 0.00830078125 0.0068359375
11 0.28955078125 0.36572265625 0.00830078125 0.0068359375
11 0.37548828125 0.36572265625 0.00830078125 0.0068359375
11 0.35791015625 0.36572265625 0.00830078125 0.0068359375
11 0.33935546875 0.38623046875 0.00830078125 0.0068359375
14 0.2373046875 0.39306640625 0.0087890625 0.01708984375
11 0.27197265625 0.3623046875 0.00830078125 0.00732421875
11 0.2548828125 0.36572265625 0.00830078125 0.0068359375
11 0.4599609375 0.37744140625 0.0078125 0.0068359375
11 0.4765625 0.38623046875 0.00830078125 0.0068359375
11 0.443359375 0.37158203125 0.00830078125 0.0068359375
11 0.52392578125 0.36572265625 0.00830078125 0.0068359375
11 0.4951171875 0.36572265625 0.00830078125 0.0068359375
11 0.40966796875 0.3623046875 0.00830078125 0.00732421875
11 0.392578125 0.36572265625 0.00830078125 0.0068359375
11 0.4267578125 0.36572265625 0.00830078125 0.0068359375
11 0.640625 0.4814453125 0.00830078125 0.00732421875
11 0.62353515625 0.48779296875 0.00830078125 0.00732421875
11 0.60888671875 0.4814453125 0.00830078125 0.00732421875
11 0.6806640625 0.4755859375 0.00830078125 0.0068359375
11 0.6650390625 0.478515625 0.00830078125 0.0068359375
11 0.54736328125 0.466796875 0.00830078125 0.00732421875
11 0.59326171875 0.4755859375 0.00830078125 0.0068359375
11 0.57861328125 0.466796875 0.00830078125 0.00732421875
11 0.56298828125 0.4638671875 0.00830078125 0.0068359375
11 0.8076171875 0.44580078125 0.00830078125 0.0068359375
11 0.755859375 0.466796875 0.00830078125 0.00732421875
11 0.71484375 0.4609375 0.00830078125 0.0068359375
11 0.7900390625 0.45166015625 0.00830078125 0.00732421875
11 0.69775390625 0.466796875 0.00830078125 0.00732421875
11 0.7734375 0.45751953125 0.00830078125 0.0068359375
11 0.53173828125 0.466796875 0.00830078125 0.00732421875
11 0.35595703125 0.48779296875 0.00830078125 0.00732421875
11 0.34130859375 0.4814453125 0.00830078125 0.00732421875
11 0.373046875 0.466796875 0.00830078125 0.00732421875
11 0.2373046875 0.45751953125 0.00830078125 0.0068359375
11 0.38916015625 0.466796875 0.00830078125 0.00732421875
11 0.29541015625 0.4638671875 0.00830078125 0.0068359375
11 0.31103515625 0.466796875 0.00830078125 0.00732421875
11 0.27978515625 0.466796875 0.00830078125 0.00732421875
11 0.326171875 0.4755859375 0.00830078125 0.0068359375
11 0.48779296875 0.48779296875 0.00830078125 0.00732421875
11 0.47265625 0.478515625 0.00830078125 0.0068359375
11 0.5048828125 0.466796875 0.00830078125 0.00732421875
11 0.419921875 0.4638671875 0.00830078125 0.0068359375
11 0.404296875 0.466796875 0.00830078125 0.00732421875
11 0.435546875 0.466796875 0.00830078125 0.00732421875
11 0.45751953125 0.47265625 0.00830078125 0.0068359375
11 0.65380859375 0.5498046875 0.00830078125 0.00732421875
11 0.63232421875 0.546875 0.00830078125 0.0068359375
11 0.61962890625 0.541015625 0.00830078125 0.0068359375
11 0.68798828125 0.5439453125 0.00830078125 0.0068359375
11 0.6669921875 0.546875 0.00830078125 0.0068359375
11 0.57958984375 0.541015625 0.00830078125 0.0068359375
11 0.59423828125 0.5322265625 0.00830078125 0.0068359375
11 0.60693359375 0.53515625 0.00830078125 0.00732421875
11 0.81005859375 0.5439453125 0.00830078125 0.0068359375
11 0.796875 0.546875 0.00830078125 0.0068359375
11 0.72998046875 0.529296875 0.00830078125 0.0068359375
11 0.76953125 0.55615234375 0.00830078125 0.0068359375
11 0.71533203125 0.53515625 0.00830078125 0.00732421875
11 0.70068359375 0.541015625 0.00830078125 0.0068359375
11 0.78369140625 0.5498046875 0.0078125 0.00732421875
11 0.33349609375 0.56201171875 0.00830078125 0.0068359375
11 0.31201171875 0.55615234375 0.0078125 0.0068359375
11 0.2998046875 0.546875 0.00830078125 0.0068359375
11 0.38232421875 0.55908203125 0.00830078125 0.0068359375
11 0.36083984375 0.56201171875 0.00830078125 0.0068359375
11 0.34619140625 0.56787109375 0.00830078125 0.0068359375
14 0.2373046875 0.5537109375 0.0087890625 0.01708984375
11 0.28662109375 0.5439453125 0.00830078125 0.0068359375
11 0.2734375 0.546875 0.00830078125 0.0068359375
11 0.48046875 0.541015625 0.00830078125 0.0068359375
11 0.4658203125 0.546875 0.00830078125 0.0068359375
14 0.537109375 0.5537109375 0.0087890625 0.01708984375
11 0.5166015625 0.5263671875 0.00830078125 0.0068359375
11 0.501953125 0.5322265625 0.00830078125 0.0068359375
11 0.40966796875 0.546875 0.00830078125 0.0068359375
11 0.431640625 0.541015625 0.00830078125 0.0068359375
11 0.3955078125 0.55615234375 0.00830078125 0.0068359375
15 0.65478515625 0.63134765625 0.0078125 0.01171875
11 0.6875 0.609375 0.00830078125 0.0068359375
12 0.50048828125 0.62451171875 0.0087890625 0.0068359375
19 0.62255859375 0.62890625 0.00830078125 0.00390625
21 0.537109375 0.62890625 0.00634765625 0.0185546875
8 0.80615234375 0.62744140625 0.00634765625 0.01806640625
11 0.806640625 0.61572265625 0.00830078125 0.0068359375
22 0.5849609375 0.6259765625 0.00830078125 0.00390625
19 0.734375 0.62890625 0.00830078125 0.00390625
8 0.7109375 0.62451171875 0.00634765625 0.017578125
11 0.71142578125 0.61279296875 0.00830078125 0.0068359375
11 0.7822265625 0.61279296875 0.00830078125 0.0068359375
15 0.7666015625 0.63134765625 0.0078125 0.01171875
11 0.30322265625 0.62451171875 0.00830078125 0.0068359375
11 0.31494140625 0.62451171875 0.00830078125 0.0068359375
11 0.29150390625 0.62744140625 0.00830078125 0.0068359375
11 0.27978515625 0.63037109375 0.00830078125 0.0068359375
14 0.349609375 0.63427734375 0.0087890625 0.01708984375
11 0.33349609375 0.63916015625 0.00830078125 0.0068359375
11 0.2373046875 0.62451171875 0.00830078125 0.0068359375
10 0.19287109375 0.62890625 0.0166015625 0.0458984375
14 0.267578125 0.63427734375 0.0087890625 0.01708984375
11 0.25146484375 0.63916015625 0.00830078125 0.0068359375
11 0.44091796875 0.62451171875 0.00830078125 0.0068359375
12 0.40771484375 0.62451171875 0.0087890625 0.0068359375
11 0.48095703125 0.62451171875 0.00830078125 0.0068359375
11 0.4697265625 0.62744140625 0.00830078125 0.0068359375
11 0.38916015625 0.62451171875 0.00830078125 0.0068359375
11 0.361328125 0.63037109375 0.00830078125 0.0068359375
11 0.373046875 0.62744140625 0.00830078125 0.0068359375
12 0.646484375 0.69873046875 0.0087890625 0.0068359375
8 0.626953125 0.7138671875 0.00634765625 0.017578125
11 0.62744140625 0.70166015625 0.00830078125 0.00732421875
11 0.60791015625 0.69873046875 0.00830078125 0.0068359375
15 0.6806640625 0.71142578125 0.0078125 0.01171875
12 0.525390625 0.69580078125 0.0087890625 0.0068359375
8 0.66796875 0.7109375 0.00634765625 0.01806640625
11 0.6689453125 0.69873046875 0.00830078125 0.0068359375
11 0.55322265625 0.69287109375 0.00830078125 0.0068359375
8 0.595703125 0.70166015625 0.00634765625 0.017578125
11 0.595703125 0.68701171875 0.00830078125 0.0068359375
9 0.5859375 0.68603515625 0.00927734375 0.01611328125
11 0.58251953125 0.69580078125 0.005859375 0.00537109375
8 0.572265625 0.7080078125 0.00634765625 0.017578125
11 0.57275390625 0.69580078125 0.00830078125 0.0068359375
8 0.8095703125 0.70166015625 0.00634765625 0.017578125
11 0.81005859375 0.68701171875 0.00830078125 0.0068359375
11 0.7900390625 0.68408203125 0.00830078125 0.0068359375
12 0.71533203125 0.70458984375 0.0087890625 0.0068359375
11 0.69287109375 0.69873046875 0.00830078125 0.0068359375
12 0.7666015625 0.70458984375 0.0087890625 0.0068359375
12 0.7392578125 0.69873046875 0.0087890625 0.0068359375
11 0.32421875 0.69580078125 0.00830078125 0.0068359375
9 0.314453125 0.68310546875 0.00927734375 0.01611328125
11 0.33642578125 0.69873046875 0.00830078125 0.0068359375
11 0.310546875 0.69287109375 0.005859375 0.00537109375
11 0.30078125 0.69873046875 0.00830078125 0.0068359375
11 0.3603515625 0.70166015625 0.00830078125 0.00732421875
15 0.23681640625 0.71142578125 0.0078125 0.01171875
11 0.28857421875 0.70166015625 0.00830078125 0.00732421875
8 0.26904296875 0.7109375 0.00634765625 0.01806640625
11 0.26953125 0.69873046875 0.00830078125 0.0068359375
11 0.25244140625 0.69580078125 0.00830078125 0.0068359375
11 0.4267578125 0.7109375 0.00830078125 0.0068359375
12 0.4501953125 0.70166015625 0.0087890625 0.00732421875
12 0.501953125 0.70166015625 0.0087890625 0.00732421875
12 0.47412109375 0.69580078125 0.0087890625 0.0068359375
11 0.38525390625 0.69580078125 0.00830078125 0.0068359375
11 0.373046875 0.69873046875 0.0078125 0.0068359375
11 0.4111328125 0.68994140625 0.00830078125 0.0068359375
11 0.3974609375 0.69873046875 0.00830078125 0.0068359375
11 0.68115234375 0.7998046875 0.00830078125 0.00732421875
11 0.66796875 0.80615234375 0.00830078125 0.0068359375
11 0.70458984375 0.791015625 0.00830078125 0.0068359375
11 0.71728515625 0.78515625 0.00830078125 0.00732421875
11 0.6552734375 0.81201171875 0.00830078125 0.0068359375
11 0.69287109375 0.7939453125 0.00830078125 0.0068359375
11 0.62060546875 0.81494140625 0.00830078125 0.00732421875
11 0.6435546875 0.81494140625 0.00830078125 0.00732421875
11 0.63232421875 0.81201171875 0.00830078125 0.0068359375
19 0.79150390625 0.78955078125 0.00830078125 0.00390625
22 0.42236328125 0.78662109375 0.00830078125 0.00390625
11 0.74853515625 0.77001953125 0.00830078125 0.0068359375
11 0.73046875 0.779296875 0.00830078125 0.0068359375
15 0.7763671875 0.7919921875 0.0078125 0.01171875
12 0.34228515625 0.7822265625 0.0087890625 0.0068359375
8 0.318359375 0.791015625 0.00634765625 0.017578125
11 0.31884765625 0.779296875 0.00830078125 0.0068359375
21 0.376953125 0.78955078125 0.00634765625 0.0185546875
11 0.2373046875 0.77001953125 0.00830078125 0.0068359375
11 0.2646484375 0.7734375 0.00830078125 0.0068359375
11 0.2958984375 0.7763671875 0.00830078125 0.0068359375
8 0.27978515625 0.78515625 0.00634765625 0.017578125
11 0.2802734375 0.7734375 0.00830078125 0.0068359375
8 0.2646484375 0.78515625 0.00634765625 0.017578125
13 0.5458984375 0.81201171875 0.01123046875 0.0068359375
12 0.5 0.81201171875 0.0087890625 0.0068359375
11 0.5927734375 0.81201171875 0.00830078125 0.0068359375
19 0.45849609375 0.78955078125 0.00830078125 0.00390625
11 0.60009765625 0.86865234375 0.00830078125 0.00732421875
11 0.58154296875 0.87451171875 0.00830078125 0.0068359375
15 0.5068359375 0.8720703125 0.0078125 0.01171875
11 0.6474609375 0.86279296875 0.00830078125 0.0068359375
9 0.6357421875 0.849609375 0.00927734375 0.01611328125
11 0.6181640625 0.86572265625 0.00830078125 0.0068359375
11 0.6318359375 0.859375 0.005859375 0.00537109375
11 0.54248046875 0.88623046875 0.00830078125 0.0068359375
11 0.56201171875 0.88037109375 0.00830078125 0.0068359375
11 0.671875 0.86572265625 0.00830078125 0.0068359375
13 0.69921875 0.853515625 0.01123046875 0.00732421875
13 0.765625 0.853515625 0.01123046875 0.00732421875
11 0.31494140625 0.88037109375 0.00830078125 0.0068359375
11 0.3291015625 0.87451171875 0.0078125 0.0068359375
11 0.30029296875 0.88623046875 0.00830078125 0.0068359375
11 0.341796875 0.87158203125 0.00830078125 0.0068359375
11 0.35546875 0.86572265625 0.00830078125 0.0068359375
1 0.193359375 0.86962890625 0.017578125 0.02099609375
11 0.23828125 0.892578125 0.00830078125 0.0068359375
11 0.2734375 0.89501953125 0.00830078125 0.0068359375
11 0.2861328125 0.892578125 0.00830078125 0.0068359375
15 0.46337890625 0.8720703125 0.0078125 0.01171875
12 0.41796875 0.8447265625 0.0087890625 0.0068359375
11 0.39697265625 0.8505859375 0.00830078125 0.0068359375
15 0.4814453125 0.8720703125 0.0078125 0.01171875
11 0.3837890625 0.853515625 0.00830078125 0.0068359375
11 0.36962890625 0.859375 0.00830078125 0.0068359375