11 0.60107421875 0.0986328125 0.00927734375 0.00830078125
11 0.62451171875 0.09228515625 0.00927734375 0.0078125
11 0.6728515625 0.07861328125 0.00927734375 0.0078125
11 0.64892578125 0.08544921875 0.00927734375 0.0078125
11 0.55859375 0.09521484375 0.00927734375 0.0078125
11 0.57861328125 0.10205078125 0.00927734375 0.0078125
11 0.79931640625 0.08203125 0.00927734375 0.00830078125
9 0.806640625 0.068359375 0.0078125 0.02001953125
11 0.76318359375 0.08544921875 0.00927734375 0.0078125
11 0.7060546875 0.07177734375 0.00927734375 0.0078125
8 0.70556640625 0.08544921875 0.00732421875 0.0205078125
11 0.728515625 0.0751953125 0.00927734375 0.00830078125
11 0.29541015625 0.10205078125 0.00927734375 0.0078125
11 0.341796875 0.08544921875 0.00927734375 0.0078125
10 0.1943359375 0.0771484375 0.01904296875 0.0517578125
11 0.2236328125 0.09521484375 0.00927734375 0.0078125
11 0.25927734375 0.10546875 0.00927734375 0.0078125
11 0.47509765625 0.08837890625 0.00927734375 0.0078125
11 0.51123046875 0.09228515625 0.00927734375 0.0078125
11 0.38671875 0.07861328125 0.00927734375 0.0078125
11 0.439453125 0.08544921875 0.00927734375 0.0078125
11 0.6533203125 0.2001953125 0.00927734375 0.00830078125
12 0.544921875 0.2001953125 0.009765625 0.00830078125
11 0.7626953125 0.20703125 0.00927734375 0.0078125
21 0.70751953125 0.19189453125 0.00732421875 0.02099609375
12 0.22412109375 0.193359375 0.009765625 0.0078125
11 0.3037109375 0.193359375 0.00927734375 0.00830078125
11 0.33544921875 0.18994140625 0.00927734375 0.0078125
10 0.1943359375 0.19189453125 0.01904296875 0.0517578125
11 0.4599609375 0.19677734375 0.00927734375 0.0078125
11 0.49169921875 0.193359375 0.00927734375 0.00830078125
12 0.3798828125 0.19677734375 0.009765625 0.0078125
11 0.66162109375 0.2841796875 0.00927734375 0.0078125
8 0.6611328125 0.2978515625 0.00732421875 0.0205078125
11 0.52001953125 0.30810546875 0.00927734375 0.0078125
11 0.56201171875 0.30126953125 0.00927734375 0.0078125
11 0.60400390625 0.291015625 0.0087890625 0.0078125
8 0.79345703125 0.3046875 0.00732421875 0.0205078125
11 0.74365234375 0.2978515625 0.00927734375 0.0078125
11 0.69482421875 0.2880859375 0.00927734375 0.0078125
11 0.7939453125 0.291015625 0.00927734375 0.0078125
11 0.318359375 0.31494140625 0.00927734375 0.0078125
10 0.1943359375 0.306640625 0.01904296875 0.0517578125
12 0.22412109375 0.31494140625 0.009765625 0.0078125
11 0.478515625 0.31494140625 0.00927734375 0.0078125
11 0.3671875 0.3115234375 0.00927734375 0.00830078125
11 0.416015625 0.318359375 0.00927734375 0.00830078125
11 0.630859375 0.43310546875 0.00927734375 0.0078125
11 0.51806640625 0.43994140625 0.00927734375 0.0078125
11 0.46337890625 0.41943359375 0.00927734375 0.0078125
9 0.5830078125 0.4228515625 0.0078125 0.02001953125
11 0.57568359375 0.4365234375 0.00927734375 0.00830078125
11 0.67822265625 0.4365234375 0.00927734375 0.00830078125
11 0.72705078125 0.42626953125 0.0087890625 0.0078125
11 0.7744140625 0.4296875 0.00927734375 0.00830078125
11 0.28076171875 0.41259765625 0.00927734375 0.00830078125
11 0.31201171875 0.4296875 0.00927734375 0.00830078125
10 0.1943359375 0.42138671875 0.01904296875 0.0517578125
11 0.2236328125 0.4091796875 0.00927734375 0.0078125
8 0.43017578125 0.4296875 0.00732421875 0.0205078125
11 0.3447265625 0.4296875 0.00927734375 0.00830078125
11 0.4306640625 0.416015625 0.00927734375 0.0078125
11 0.38232421875 0.4228515625 0.00927734375 0.0078125
12 0.5263671875 0.5478515625 0.01025390625 0.0078125
21 0.70068359375 0.5361328125 0.00732421875 0.02099609375
12 0.22412109375 0.55810546875 0.009765625 0.0078125
10 0.1943359375 0.5361328125 0.01904296875 0.0517578125
12 0.4296875 0.5478515625 0.009765625 0.0078125
12 0.32666015625 0.5546875 0.009765625 0.00830078125
12 0.65185546875 0.66259765625 0.009765625 0.0078125
21 0.7529296875 0.65087890625 0.00732421875 0.02099609375
12 0.22412109375 0.6728515625 0.009765625 0.0078125
10 0.1943359375 0.65087890625 0.01904296875 0.0517578125
12 0.513671875 0.66259765625 0.009765625 0.0078125
12 0.36865234375 0.66943359375 0.009765625 0.0078125
12 0.64794921875 0.77783203125 0.01025390625 0.0078125
21 0.748046875 0.765625 0.00732421875 0.02099609375
12 0.22412109375 0.78759765625 0.009765625 0.0078125
10 0.1943359375 0.765625 0.01904296875 0.0517578125
12 0.5107421875 0.77783203125 0.009765625 0.0078125
12 0.3671875 0.7841796875 0.009765625 0.0078125