11 0.638671875 0.1220703125 0.00830078125 0.0068359375
11 0.638671875 0.0712890625 0.00830078125 0.0068359375
11 0.638671875 0.05615234375 0.00830078125 0.0068359375
8 0.61962890625 0.076171875 0.00439453125 0.0126953125
11 0.61962890625 0.068359375 0.005859375 0.0048828125
11 0.6103515625 0.068359375 0.00830078125 0.0068359375
11 0.60595703125 0.1103515625 0.0078125 0.0068359375
11 0.67333984375 0.1220703125 0.00830078125 0.0068359375
11 0.658203125 0.125 0.00830078125 0.0068359375
11 0.57568359375 0.1103515625 0.00830078125 0.0068359375
11 0.59765625 0.0654296875 0.00830078125 0.00732421875
11 0.59033203125 0.11328125 0.00830078125 0.0068359375
11 0.55908203125 0.1162109375 0.00830078125 0.0068359375
11 0.54443359375 0.119140625 0.00830078125 0.0068359375
11 0.80908203125 0.1103515625 0.00830078125 0.0068359375
11 0.79248046875 0.1162109375 0.00830078125 0.0068359375
8 0.77880859375 0.09228515625 0.00634765625 0.017578125
11 0.73583984375 0.1044921875 0.00830078125 0.0068359375
15 0.73583984375 0.07177734375 0.0078125 0.01171875
15 0.73583984375 0.0478515625 0.0078125 0.01171875
11 0.72119140625 0.107421875 0.00830078125 0.00732421875
11 0.7060546875 0.1103515625 0.00830078125 0.0068359375
8 0.77880859375 0.07275390625 0.00634765625 0.017578125
11 0.779296875 0.1103515625 0.00830078125 0.0068359375
11 0.779296875 0.0830078125 0.00830078125 0.0068359375
11 0.779296875 0.06201171875 0.00830078125 0.0068359375
11 0.689453125 0.1162109375 0.00830078125 0.0068359375
11 0.765625 0.1044921875 0.00830078125 0.0068359375
11 0.7509765625 0.107421875 0.00830078125 0.00732421875
8 0.31689453125 0.0576171875 0.0048828125 0.0126953125
11 0.31689453125 0.04736328125 0.005859375 0.0048828125
11 0.306640625 0.119140625 0.00830078125 0.0068359375
11 0.29931640625 0.05029296875 0.00830078125 0.00732421875
11 0.2919921875 0.1220703125 0.00830078125 0.0068359375
11 0.27685546875 0.119140625 0.00830078125 0.0068359375
11 0.361328125 0.13134765625 0.00830078125 0.0068359375
11 0.34619140625 0.1337890625 0.00830078125 0.0068359375
11 0.32666015625 0.13134765625 0.00830078125 0.0068359375
11 0.32666015625 0.05322265625 0.00830078125 0.0068359375
11 0.32666015625 0.04443359375 0.00830078125 0.0068359375
11 0.23095703125 0.125 0.0078125 0.0068359375
11 0.23095703125 0.05322265625 0.0078125 0.0068359375
11 0.23095703125 0.04443359375 0.0078125 0.0068359375
10 0.19287109375 0.11767578125 0.0166015625 0.0458984375
10 0.19287109375 0.0576171875 0.0166015625 0.0458984375
0 0.17529296875 0.08935546875 0.005859375 0.08447265625
11 0.2607421875 0.125 0.00830078125 0.0068359375
11 0.24560546875 0.1279296875 0.00830078125 0.00732421875
8 0.4716796875 0.05615234375 0.00634765625 0.017578125
11 0.47216796875 0.119140625 0.00830078125 0.0068359375
11 0.47216796875 0.05029296875 0.00830078125 0.00732421875
11 0.47216796875 0.04443359375 0.00830078125 0.0068359375
8 0.4716796875 0.0625 0.00634765625 0.017578125
11 0.45849609375 0.11328125 0.00830078125 0.0068359375
11 0.44384765625 0.1162109375 0.00830078125 0.0068359375
11 0.529296875 0.1162109375 0.0078125 0.0068359375
11 0.529296875 0.06201171875 0.0078125 0.0068359375
11 0.529296875 0.04443359375 0.0078125 0.0068359375
11 0.501953125 0.119140625 0.00830078125 0.0068359375
11 0.48583984375 0.125 0.00830078125 0.0068359375
15 0.4287109375 0.07177734375 0.0078125 0.01171875
15 0.4287109375 0.0478515625 0.0078125 0.01171875
11 0.4140625 0.1162109375 0.00830078125 0.0068359375
11 0.39404296875 0.119140625 0.00830078125 0.0068359375
11 0.3779296875 0.125 0.00830078125 0.0068359375
11 0.4287109375 0.11328125 0.00830078125 0.0068359375
11 0.62548828125 0.341796875 0.00830078125 0.00732421875
11 0.63330078125 0.3330078125 0.00830078125 0.0068359375
11 0.62548828125 0.23974609375 0.00830078125 0.0068359375
8 0.61572265625 0.34375 0.0048828125 0.0126953125
11 0.61572265625 0.3359375 0.005859375 0.00537109375
11 0.69189453125 0.23974609375 0.00830078125 0.0068359375
11 0.67529296875 0.24267578125 0.00830078125 0.0068359375
11 0.65869140625 0.23974609375 0.00830078125 0.0068359375
11 0.64208984375 0.23681640625 0.00830078125 0.0068359375
11 0.55322265625 0.23974609375 0.00830078125 0.0068359375
11 0.53662109375 0.24267578125 0.0078125 0.0068359375
11 0.60400390625 0.23681640625 0.00830078125 0.0068359375
11 0.595703125 0.3359375 0.00830078125 0.00732421875
11 0.587890625 0.23388671875 0.00830078125 0.00732421875
11 0.5712890625 0.23046875 0.00830078125 0.0068359375
11 0.80712890625 0.24853515625 0.0078125 0.00732421875
11 0.79052734375 0.24560546875 0.00830078125 0.0068359375
8 0.77392578125 0.35107421875 0.00634765625 0.01806640625
15 0.724609375 0.33642578125 0.0078125 0.01171875
15 0.724609375 0.3125 0.0078125 0.01171875
11 0.724609375 0.24560546875 0.00830078125 0.0068359375
11 0.7080078125 0.24267578125 0.00830078125 0.0068359375
8 0.78125 0.34765625 0.00634765625 0.017578125
11 0.7744140625 0.341796875 0.00830078125 0.00732421875
11 0.78173828125 0.3388671875 0.00830078125 0.0068359375
11 0.7744140625 0.24853515625 0.00830078125 0.00732421875
11 0.7578125 0.24560546875 0.00830078125 0.0068359375
11 0.7412109375 0.24267578125 0.00830078125 0.0068359375
11 0.314453125 0.30615234375 0.00830078125 0.00732421875
11 0.306640625 0.26953125 0.00830078125 0.00732421875
11 0.29833984375 0.30908203125 0.00830078125 0.0068359375
11 0.28173828125 0.30615234375 0.00830078125 0.00732421875
11 0.263671875 0.31201171875 0.00830078125 0.0068359375
11 0.33642578125 0.31787109375 0.00830078125 0.0068359375
11 0.33642578125 0.2724609375 0.00830078125 0.0068359375
11 0.33642578125 0.2666015625 0.00830078125 0.0068359375
8 0.326171875 0.27734375 0.0048828125 0.0126953125
11 0.326171875 0.26953125 0.005859375 0.00537109375
11 0.23095703125 0.26025390625 0.0078125 0.0068359375
10 0.19287109375 0.32275390625 0.0166015625 0.0458984375
11 0.23095703125 0.2724609375 0.0078125 0.0068359375
10 0.19287109375 0.255859375 0.0166015625 0.0458984375
0 0.17529296875 0.29052734375 0.00634765625 0.091796875
11 0.24755859375 0.31494140625 0.00830078125 0.0068359375
11 0.23095703125 0.31201171875 0.0078125 0.0068359375
11 0.44873046875 0.296875 0.00830078125 0.0068359375
21 0.447265625 0.26806640625 0.0068359375 0.0185546875
21 0.447265625 0.244140625 0.0068359375 0.0185546875
11 0.431640625 0.30029296875 0.00830078125 0.0068359375
11 0.52001953125 0.23974609375 0.00830078125 0.0068359375
11 0.46240234375 0.30029296875 0.00830078125 0.0068359375
11 0.47705078125 0.296875 0.00830078125 0.0068359375
11 0.37451171875 0.31787109375 0.00830078125 0.0068359375
11 0.41015625 0.30615234375 0.00830078125 0.00732421875
11 0.52783203125 0.3330078125 0.00830078125 0.0068359375
11 0.52001953125 0.3388671875 0.00830078125 0.0068359375
11 0.35791015625 0.32080078125 0.00830078125 0.00732421875
11 0.392578125 0.31201171875 0.00830078125 0.0068359375
11 0.62939453125 0.5224609375 0.00830078125 0.0068359375
11 0.63720703125 0.51025390625 0.00830078125 0.0068359375
11 0.62939453125 0.47119140625 0.00830078125 0.0068359375
8 0.61181640625 0.517578125 0.00439453125 0.0126953125
11 0.61181640625 0.50732421875 0.005859375 0.00537109375
11 0.60107421875 0.46826171875 0.00830078125 0.0068359375
11 0.59375 0.50732421875 0.00830078125 0.0068359375
11 0.67529296875 0.47412109375 0.00830078125 0.0068359375
11 0.66015625 0.47119140625 0.00830078125 0.0068359375
11 0.64501953125 0.46826171875 0.00830078125 0.0068359375
11 0.58642578125 0.46533203125 0.00830078125 0.0068359375
11 0.57080078125 0.46240234375 0.00830078125 0.00732421875
11 0.55419921875 0.46826171875 0.00830078125 0.0068359375
11 0.5390625 0.47119140625 0.00830078125 0.0068359375
11 0.80712890625 0.47998046875 0.00830078125 0.0068359375
11 0.7919921875 0.47705078125 0.00830078125 0.00732421875
8 0.7763671875 0.53125 0.00634765625 0.017578125
8 0.78369140625 0.5224609375 0.00634765625 0.017578125
15 0.7255859375 0.51708984375 0.0078125 0.01171875
15 0.7255859375 0.541015625 0.0078125 0.01171875
11 0.72607421875 0.47705078125 0.00830078125 0.00732421875
11 0.7060546875 0.47412109375 0.00830078125 0.0068359375
11 0.69091796875 0.47119140625 0.00830078125 0.0068359375
11 0.77685546875 0.51953125 0.00830078125 0.0068359375
11 0.7841796875 0.51025390625 0.00830078125 0.0068359375
11 0.77685546875 0.47998046875 0.00830078125 0.0068359375
11 0.75634765625 0.47705078125 0.00830078125 0.00732421875
11 0.7412109375 0.47412109375 0.00830078125 0.0068359375
11 0.30810546875 0.53125 0.00830078125 0.00732421875
11 0.30810546875 0.453125 0.00830078125 0.0068359375
11 0.30078125 0.54296875 0.00830078125 0.0068359375
11 0.29296875 0.4501953125 0.00830078125 0.0068359375
11 0.27783203125 0.447265625 0.00830078125 0.00732421875
11 0.34326171875 0.453125 0.00830078125 0.0068359375
11 0.328125 0.5341796875 0.00830078125 0.0068359375
11 0.3359375 0.5283203125 0.00830078125 0.0068359375
11 0.328125 0.45654296875 0.00830078125 0.0068359375
8 0.31884765625 0.54052734375 0.00439453125 0.0126953125
11 0.31884765625 0.53125 0.005859375 0.00537109375
11 0.23095703125 0.54931640625 0.0078125 0.0068359375
11 0.23828125 0.5341796875 0.00830078125 0.0068359375
11 0.23095703125 0.45654296875 0.0078125 0.0068359375
10 0.19287109375 0.52685546875 0.0166015625 0.0458984375
10 0.19287109375 0.4609375 0.0166015625 0.0458984375
0 0.17529296875 0.4951171875 0.00634765625 0.0908203125
11 0.26123046875 0.45654296875 0.00830078125 0.0068359375
11 0.24609375 0.45947265625 0.00830078125 0.0068359375
11 0.46533203125 0.5224609375 0.00830078125 0.0068359375
11 0.47314453125 0.51318359375 0.0078125 0.0068359375
11 0.46533203125 0.46533203125 0.00830078125 0.0068359375
11 0.4501953125 0.46240234375 0.00830078125 0.00732421875
11 0.43505859375 0.45947265625 0.00830078125 0.0068359375
11 0.52392578125 0.525390625 0.00830078125 0.0068359375
11 0.53173828125 0.51953125 0.00830078125 0.0068359375
11 0.52392578125 0.46826171875 0.00830078125 0.0068359375
11 0.49560546875 0.46533203125 0.00830078125 0.0068359375
11 0.48046875 0.46240234375 0.00830078125 0.00732421875
8 0.46484375 0.5341796875 0.00634765625 0.01806640625
8 0.47265625 0.525390625 0.00634765625 0.01806640625
11 0.404296875 0.45947265625 0.00830078125 0.0068359375
11 0.38916015625 0.45654296875 0.00830078125 0.0068359375
11 0.3740234375 0.45947265625 0.00830078125 0.0068359375
11 0.35888671875 0.45654296875 0.00830078125 0.0068359375
15 0.41943359375 0.51708984375 0.0078125 0.01171875
15 0.41943359375 0.546875 0.0078125 0.01171875
11 0.419921875 0.46240234375 0.00830078125 0.00732421875
11 0.61865234375 0.7197265625 0.005859375 0.00537109375
11 0.6279296875 0.7314453125 0.00830078125 0.0068359375
11 0.63525390625 0.72265625 0.00830078125 0.0068359375
11 0.6279296875 0.65771484375 0.00830078125 0.00732421875
8 0.6181640625 0.72998046875 0.00439453125 0.0126953125
11 0.6083984375 0.65478515625 0.00830078125 0.0068359375
11 0.6015625 0.7197265625 0.00830078125 0.00732421875
11 0.68603515625 0.6875 0.00830078125 0.0068359375
11 0.6572265625 0.65771484375 0.00830078125 0.00732421875
11 0.642578125 0.66064453125 0.00830078125 0.0068359375
11 0.529296875 0.72265625 0.00830078125 0.0068359375
11 0.59423828125 0.65771484375 0.00830078125 0.00732421875
11 0.57958984375 0.65478515625 0.00830078125 0.0068359375
11 0.5634765625 0.66357421875 0.00830078125 0.0068359375
11 0.548828125 0.66650390625 0.00830078125 0.0068359375
11 0.8076171875 0.6787109375 0.00830078125 0.00732421875
11 0.79345703125 0.681640625 0.00830078125 0.0068359375
8 0.77294921875 0.74267578125 0.00634765625 0.01806640625
8 0.78076171875 0.728515625 0.00634765625 0.01806640625
15 0.73095703125 0.744140625 0.0078125 0.01171875
15 0.73095703125 0.72021484375 0.0078125 0.01171875
11 0.7314453125 0.67236328125 0.00830078125 0.00732421875
11 0.716796875 0.67578125 0.00830078125 0.0068359375
11 0.7021484375 0.6787109375 0.00830078125 0.00732421875
11 0.77392578125 0.7314453125 0.00830078125 0.0068359375
11 0.78125 0.716796875 0.0078125 0.0068359375
11 0.77392578125 0.6787109375 0.00830078125 0.00732421875
11 0.76025390625 0.67236328125 0.00830078125 0.00732421875
11 0.74609375 0.67578125 0.0078125 0.0068359375
11 0.32275390625 0.6484375 0.0078125 0.0068359375
11 0.3134765625 0.7197265625 0.00830078125 0.00732421875
11 0.30419921875 0.64599609375 0.00830078125 0.0068359375
11 0.28466796875 0.642578125 0.00830078125 0.00732421875
11 0.359375 0.6484375 0.0078125 0.0068359375
11 0.53662109375 0.716796875 0.00830078125 0.0068359375
11 0.34228515625 0.740234375 0.00830078125 0.0068359375
11 0.349609375 0.7255859375 0.00830078125 0.0068359375
11 0.34228515625 0.65185546875 0.00830078125 0.0068359375
8 0.33251953125 0.73291015625 0.0048828125 0.0126953125
11 0.3330078125 0.72265625 0.005859375 0.0048828125
11 0.234375 0.7255859375 0.00830078125 0.0068359375
11 0.24169921875 0.71337890625 0.00830078125 0.00732421875
11 0.234375 0.65185546875 0.00830078125 0.0068359375
10 0.19384765625 0.72998046875 0.0166015625 0.0458984375
1 0.193359375 0.66455078125 0.017578125 0.02099609375
0 0.17529296875 0.69921875 0.00634765625 0.0888671875
11 0.2685546875 0.65185546875 0.00830078125 0.0068359375
11 0.25390625 0.65478515625 0.00830078125 0.0068359375
11 0.47900390625 0.7255859375 0.00830078125 0.0068359375
11 0.48681640625 0.7197265625 0.00830078125 0.00732421875
11 0.47900390625 0.66064453125 0.00830078125 0.0068359375
11 0.46435546875 0.65771484375 0.00830078125 0.00732421875
11 0.44970703125 0.65478515625 0.00830078125 0.0068359375
11 0.529296875 0.66357421875 0.00830078125 0.0068359375
11 0.50830078125 0.66064453125 0.00830078125 0.0068359375
11 0.49365234375 0.65771484375 0.00830078125 0.00732421875
8 0.478515625 0.7373046875 0.00634765625 0.01806640625
8 0.486328125 0.7314453125 0.00634765625 0.017578125
11 0.4208984375 0.65478515625 0.00830078125 0.0068359375
11 0.40625 0.65185546875 0.00830078125 0.0068359375
11 0.3916015625 0.65478515625 0.00830078125 0.0068359375
11 0.3740234375 0.65185546875 0.00830078125 0.0068359375
15 0.43505859375 0.744140625 0.0078125 0.01171875
15 0.43505859375 0.72021484375 0.0078125 0.01171875
11 0.43505859375 0.65771484375 0.00830078125 0.00732421875
11 0.63671875 0.94384765625 0.00830078125 0.00732421875
11 0.64453125 0.9345703125 0.00830078125 0.0068359375
11 0.63671875 0.890625 0.00830078125 0.00732421875
8 0.619140625 0.9423828125 0.00439453125 0.0126953125
11 0.61962890625 0.931640625 0.005859375 0.00537109375
11 0.609375 0.87890625 0.00830078125 0.0068359375
11 0.60205078125 0.9287109375 0.00830078125 0.0068359375
11 0.65625 0.8935546875 0.00830078125 0.0068359375
11 0.68701171875 0.884765625 0.00830078125 0.0068359375
11 0.6708984375 0.890625 0.00830078125 0.00732421875
11 0.59521484375 0.8818359375 0.00830078125 0.0068359375
11 0.58056640625 0.87890625 0.00830078125 0.0068359375
11 0.564453125 0.884765625 0.00830078125 0.0068359375
11 0.5498046875 0.8876953125 0.00830078125 0.0068359375
11 0.80810546875 0.87890625 0.00830078125 0.0068359375
11 0.79345703125 0.8818359375 0.00830078125 0.0068359375
8 0.7744140625 0.9541015625 0.00634765625 0.017578125
15 0.732421875 0.92333984375 0.0078125 0.01171875
15 0.732421875 0.92333984375 0.0078125 0.01171875
11 0.732421875 0.87255859375 0.00830078125 0.0068359375
11 0.7177734375 0.87255859375 0.00830078125 0.0068359375
11 0.703125 0.8759765625 0.00830078125 0.00732421875
8 0.78173828125 0.94091796875 0.00634765625 0.01806640625
11 0.77490234375 0.94384765625 0.00830078125 0.00732421875
11 0.7822265625 0.9287109375 0.00830078125 0.0068359375
11 0.77490234375 0.87890625 0.00830078125 0.0068359375
11 0.76171875 0.87255859375 0.00830078125 0.0068359375
11 0.7470703125 0.8759765625 0.00830078125 0.00732421875
8 0.31494140625 0.95068359375 0.0048828125 0.0126953125
11 0.31494140625 0.94091796875 0.005859375 0.0048828125
11 0.3046875 0.8818359375 0.00830078125 0.0068359375
11 0.2978515625 0.94091796875 0.00830078125 0.0068359375
11 0.29052734375 0.884765625 0.00830078125 0.0068359375
11 0.35107421875 0.896484375 0.00830078125 0.00732421875
11 0.27587890625 0.8818359375 0.00830078125 0.0068359375
11 0.33154296875 0.93798828125 0.00830078125 0.0068359375
11 0.3388671875 0.9287109375 0.00830078125 0.0068359375
11 0.33154296875 0.8935546875 0.00830078125 0.0068359375
11 0.23095703125 0.94384765625 0.0078125 0.00732421875
11 0.23828125 0.92578125 0.00830078125 0.0068359375
11 0.23095703125 0.8876953125 0.0078125 0.0068359375
10 0.19287109375 0.939453125 0.0166015625 0.0458984375
10 0.19287109375 0.8681640625 0.0166015625 0.0458984375
0 0.17529296875 0.9052734375 0.00634765625 0.095703125
11 0.259765625 0.8876953125 0.00830078125 0.0068359375
11 0.2451171875 0.890625 0.00830078125 0.00732421875
11 0.44580078125 0.8701171875 0.00830078125 0.0068359375
11 0.48681640625 0.87890625 0.0078125 0.0068359375
11 0.4736328125 0.93798828125 0.00830078125 0.0068359375
11 0.48095703125 0.9228515625 0.00830078125 0.00732421875
11 0.4736328125 0.87255859375 0.00830078125 0.0068359375
8 0.48095703125 0.93505859375 0.00634765625 0.017578125
11 0.46044921875 0.86669921875 0.00830078125 0.0068359375
8 0.47314453125 0.94970703125 0.00634765625 0.017578125
11 0.3818359375 0.8876953125 0.00830078125 0.0068359375
11 0.39892578125 0.87890625 0.00830078125 0.0068359375
11 0.5302734375 0.884765625 0.00830078125 0.0068359375
11 0.5380859375 0.9228515625 0.00830078125 0.00732421875
11 0.5302734375 0.94091796875 0.00830078125 0.0068359375
11 0.36572265625 0.8935546875 0.00830078125 0.0068359375
11 0.43115234375 0.86669921875 0.00830078125 0.0068359375
11 0.5029296875 0.87255859375 0.00830078125 0.0068359375
15 0.43115234375 0.92333984375 0.0078125 0.01171875
11 0.41552734375 0.87255859375 0.00830078125 0.0068359375
15 0.43115234375 0.92333984375 0.0078125 0.01171875