11 0.6103515625 0.11865234375 0.00830078125 0.0068359375
11 0.6279296875 0.04736328125 0.00830078125 0.0068359375
11 0.6103515625 0.05029296875 0.00830078125 0.00732421875
11 0.6611328125 0.1279296875 0.00830078125 0.0068359375
11 0.64501953125 0.04443359375 0.00830078125 0.0068359375
11 0.64501953125 0.11279296875 0.00830078125 0.0068359375
11 0.6279296875 0.11572265625 0.00830078125 0.00732421875
11 0.51708984375 0.05322265625 0.00830078125 0.0068359375
11 0.5380859375 0.1396484375 0.00830078125 0.0068359375
11 0.5380859375 0.05029296875 0.00830078125 0.00732421875
11 0.57275390625 0.05615234375 0.00830078125 0.0068359375
11 0.5927734375 0.05322265625 0.00830078125 0.0068359375
11 0.57275390625 0.11865234375 0.00830078125 0.0068359375
11 0.5927734375 0.12158203125 0.00830078125 0.0068359375
11 0.55517578125 0.05322265625 0.00830078125 0.0068359375
11 0.8056640625 0.11865234375 0.00830078125 0.0068359375
8 0.78759765625 0.05908203125 0.00634765625 0.01806640625
11 0.7880859375 0.11572265625 0.00830078125 0.00732421875
11 0.7880859375 0.04736328125 0.00830078125 0.0068359375
11 0.7705078125 0.11279296875 0.00830078125 0.0068359375
11 0.71728515625 0.125 0.00830078125 0.0068359375
11 0.71728515625 0.04736328125 0.00830078125 0.0068359375
11 0.69970703125 0.12158203125 0.00830078125 0.0068359375
11 0.67822265625 0.125 0.00830078125 0.0068359375
11 0.67822265625 0.04443359375 0.00830078125 0.0068359375
11 0.75341796875 0.10986328125 0.00830078125 0.0068359375
15 0.7529296875 0.06005859375 0.0078125 0.01171875
11 0.7333984375 0.130859375 0.00830078125 0.0068359375
11 0.34814453125 0.11279296875 0.00830078125 0.0068359375
11 0.34814453125 0.05615234375 0.00830078125 0.0068359375
11 0.33056640625 0.10986328125 0.00830078125 0.0068359375
11 0.33056640625 0.05322265625 0.00830078125 0.0068359375
11 0.3828125 0.05615234375 0.00830078125 0.0068359375
1 0.193359375 0.11376953125 0.017578125 0.02099609375
11 0.365234375 0.11572265625 0.00830078125 0.00732421875
11 0.365234375 0.05908203125 0.00830078125 0.0068359375
11 0.2783203125 0.11279296875 0.00830078125 0.0068359375
11 0.2421875 0.10986328125 0.00830078125 0.0068359375
11 0.2783203125 0.04443359375 0.00830078125 0.0068359375
11 0.2607421875 0.04150390625 0.00830078125 0.0068359375
11 0.31298828125 0.11279296875 0.00830078125 0.0068359375
11 0.31298828125 0.05029296875 0.00830078125 0.00732421875
11 0.3828125 0.11865234375 0.00830078125 0.0068359375
11 0.2958984375 0.04736328125 0.00830078125 0.0068359375
11 0.2421875 0.05908203125 0.00830078125 0.0068359375
11 0.4697265625 0.1337890625 0.00830078125 0.0068359375
11 0.45263671875 0.130859375 0.00830078125 0.0068359375
11 0.45263671875 0.05029296875 0.00830078125 0.00732421875
11 0.5048828125 0.1279296875 0.00830078125 0.0068359375
11 0.5048828125 0.05615234375 0.00830078125 0.0068359375
0 0.17529296875 0.08740234375 0.005859375 0.08154296875
11 0.4873046875 0.130859375 0.00830078125 0.0068359375
11 0.400390625 0.05322265625 0.00830078125 0.0068359375
10 0.19384765625 0.0576171875 0.0166015625 0.0458984375
11 0.400390625 0.12158203125 0.00830078125 0.0068359375
11 0.41748046875 0.05615234375 0.00830078125 0.0068359375
11 0.43505859375 0.1279296875 0.00830078125 0.0068359375
11 0.43505859375 0.05322265625 0.00830078125 0.0068359375
11 0.41748046875 0.125 0.00830078125 0.0068359375
11 0.55419921875 0.21728515625 0.00830078125 0.0068359375
11 0.55419921875 0.29150390625 0.00830078125 0.00732421875
11 0.6201171875 0.22021484375 0.00830078125 0.00732421875
11 0.455078125 0.2080078125 0.00830078125 0.0068359375
11 0.59814453125 0.29150390625 0.00830078125 0.00732421875
11 0.455078125 0.28271484375 0.00830078125 0.0068359375
11 0.4794921875 0.29150390625 0.00830078125 0.00732421875
11 0.5048828125 0.28857421875 0.00830078125 0.0068359375
11 0.529296875 0.205078125 0.00830078125 0.00732421875
11 0.529296875 0.294921875 0.00830078125 0.0068359375
13 0.66259765625 0.22021484375 0.01123046875 0.00732421875
13 0.66259765625 0.3037109375 0.01123046875 0.0068359375
11 0.29541015625 0.27099609375 0.00830078125 0.00732421875
11 0.29541015625 0.21435546875 0.00830078125 0.0068359375
11 0.26953125 0.267578125 0.00830078125 0.0068359375
11 0.32080078125 0.21728515625 0.00830078125 0.0068359375
11 0.32080078125 0.27392578125 0.00830078125 0.0068359375
0 0.17529296875 0.25146484375 0.005859375 0.08203125
10 0.19384765625 0.2216796875 0.0166015625 0.0458984375
1 0.193359375 0.27783203125 0.017578125 0.02099609375
11 0.2421875 0.2109375 0.00830078125 0.0068359375
11 0.2421875 0.28564453125 0.00830078125 0.0068359375
11 0.3994140625 0.28271484375 0.00830078125 0.0068359375
11 0.3994140625 0.205078125 0.00830078125 0.00732421875
11 0.42919921875 0.2080078125 0.00830078125 0.0068359375
11 0.42919921875 0.28564453125 0.00830078125 0.0068359375
11 0.34716796875 0.2080078125 0.00830078125 0.0068359375
11 0.34716796875 0.27685546875 0.00830078125 0.0068359375
11 0.373046875 0.27978515625 0.00830078125 0.0068359375
11 0.373046875 0.2109375 0.00830078125 0.0068359375
11 0.65576171875 0.3837890625 0.00830078125 0.0068359375
11 0.65576171875 0.431640625 0.00830078125 0.0068359375
11 0.63525390625 0.375 0.00830078125 0.00732421875
11 0.63525390625 0.45263671875 0.00830078125 0.0068359375
11 0.64453125 0.380859375 0.00830078125 0.0068359375
11 0.66650390625 0.38671875 0.00830078125 0.0068359375
11 0.68310546875 0.3779296875 0.00830078125 0.0068359375
11 0.68310546875 0.431640625 0.00830078125 0.0068359375
11 0.5869140625 0.3837890625 0.00830078125 0.0068359375
11 0.5869140625 0.4375 0.00830078125 0.0068359375
11 0.59716796875 0.380859375 0.00830078125 0.0068359375
11 0.59716796875 0.443359375 0.00830078125 0.0068359375
9 0.55908203125 0.376953125 0.0048828125 0.0126953125
11 0.56494140625 0.39013671875 0.00830078125 0.00732421875
11 0.56494140625 0.4375 0.00830078125 0.0068359375
11 0.576171875 0.4404296875 0.00830078125 0.00732421875
11 0.62255859375 0.3837890625 0.00830078125 0.0068359375
11 0.61328125 0.3779296875 0.00830078125 0.0068359375
11 0.61328125 0.431640625 0.00830078125 0.0068359375
11 0.80126953125 0.3837890625 0.00830078125 0.0068359375
11 0.80126953125 0.431640625 0.00830078125 0.0068359375
11 0.8125 0.38671875 0.00830078125 0.0068359375
11 0.78125 0.375 0.00830078125 0.00732421875
11 0.78125 0.45263671875 0.00830078125 0.0068359375
11 0.79052734375 0.380859375 0.00830078125 0.0068359375
22 0.34912109375 0.439453125 0.00830078125 0.00390625
11 0.712890625 0.38671875 0.00830078125 0.0068359375
11 0.7236328125 0.39013671875 0.00830078125 0.00732421875
11 0.7236328125 0.431640625 0.00830078125 0.0068359375
11 0.70361328125 0.45263671875 0.00830078125 0.0068359375
11 0.6923828125 0.3837890625 0.00830078125 0.0068359375
11 0.70361328125 0.380859375 0.00830078125 0.0068359375
11 0.7685546875 0.3837890625 0.00830078125 0.0068359375
11 0.75927734375 0.3779296875 0.00830078125 0.0068359375
11 0.7421875 0.39306640625 0.00830078125 0.0068359375
11 0.75927734375 0.431640625 0.00830078125 0.0068359375
11 0.39453125 0.39013671875 0.00830078125 0.00732421875
21 0.3935546875 0.4423828125 0.0068359375 0.01806640625
11 0.376953125 0.40185546875 0.00830078125 0.0068359375
11 0.34423828125 0.39306640625 0.00830078125 0.0068359375
11 0.35498046875 0.39599609375 0.00830078125 0.00732421875
11 0.3662109375 0.39892578125 0.00830078125 0.0068359375
11 0.42724609375 0.39892578125 0.00830078125 0.0068359375
11 0.4384765625 0.39599609375 0.00830078125 0.00732421875
11 0.4384765625 0.443359375 0.00830078125 0.0068359375
11 0.40576171875 0.39306640625 0.00830078125 0.0068359375
11 0.41650390625 0.39599609375 0.00830078125 0.00732421875
10 0.19384765625 0.3857421875 0.0166015625 0.0458984375
1 0.193359375 0.44189453125 0.017578125 0.02099609375
11 0.25048828125 0.40185546875 0.00830078125 0.0068359375
15 0.25 0.4443359375 0.0078125 0.01171875
0 0.17529296875 0.4150390625 0.005859375 0.08203125
11 0.33154296875 0.39892578125 0.00830078125 0.0068359375
11 0.26123046875 0.39892578125 0.00830078125 0.0068359375
11 0.32080078125 0.39599609375 0.00830078125 0.00732421875
11 0.5107421875 0.4404296875 0.00830078125 0.00732421875
11 0.52197265625 0.380859375 0.0078125 0.0068359375
11 0.52197265625 0.443359375 0.0078125 0.0068359375
11 0.5107421875 0.3837890625 0.00830078125 0.0068359375
11 0.55029296875 0.4345703125 0.00830078125 0.0068359375
11 0.55419921875 0.38671875 0.005859375 0.0048828125
11 0.5390625 0.3837890625 0.00830078125 0.0068359375
11 0.5390625 0.431640625 0.00830078125 0.0068359375
11 0.5 0.4375 0.00830078125 0.0068359375
11 0.4658203125 0.4375 0.00830078125 0.0068359375
11 0.44873046875 0.40185546875 0.00830078125 0.0068359375
11 0.44873046875 0.4404296875 0.00830078125 0.00732421875
11 0.4658203125 0.39013671875 0.00830078125 0.00732421875
11 0.48876953125 0.38671875 0.00830078125 0.0068359375
11 0.48876953125 0.4345703125 0.00830078125 0.0068359375
11 0.4765625 0.4404296875 0.00830078125 0.00732421875
11 0.6845703125 0.5419921875 0.00830078125 0.0068359375
11 0.638671875 0.5947265625 0.00830078125 0.0068359375
11 0.6845703125 0.5888671875 0.00830078125 0.0068359375
11 0.62548828125 0.59765625 0.00830078125 0.0068359375
15 0.62548828125 0.55126953125 0.0078125 0.01171875
11 0.669921875 0.5947265625 0.00830078125 0.0068359375
11 0.65673828125 0.591796875 0.0078125 0.0068359375
15 0.65673828125 0.55126953125 0.0078125 0.01171875
11 0.54833984375 0.5537109375 0.00830078125 0.0068359375
11 0.5390625 0.60693359375 0.00830078125 0.00732421875
11 0.5693359375 0.5537109375 0.00830078125 0.0068359375
11 0.5693359375 0.59765625 0.00830078125 0.0068359375
11 0.5224609375 0.55078125 0.00830078125 0.0068359375
11 0.5224609375 0.5859375 0.00830078125 0.00732421875
11 0.5810546875 0.60693359375 0.00830078125 0.00732421875
11 0.59375 0.603515625 0.00830078125 0.0068359375
11 0.6123046875 0.6005859375 0.00830078125 0.00732421875
15 0.7978515625 0.6103515625 0.0078125 0.01171875
11 0.7978515625 0.5419921875 0.00830078125 0.0068359375
11 0.81103515625 0.5390625 0.00830078125 0.0068359375
11 0.78515625 0.544921875 0.00830078125 0.00732421875
11 0.71044921875 0.5947265625 0.00830078125 0.0068359375
11 0.72314453125 0.59765625 0.00830078125 0.0068359375
11 0.74169921875 0.53271484375 0.00830078125 0.0068359375
11 0.697265625 0.591796875 0.00830078125 0.0068359375
11 0.71044921875 0.53271484375 0.00830078125 0.0068359375
11 0.75341796875 0.55078125 0.00830078125 0.0068359375
11 0.7666015625 0.5478515625 0.00830078125 0.0068359375
11 0.7666015625 0.60693359375 0.00830078125 0.00732421875
11 0.74169921875 0.5859375 0.00830078125 0.00732421875
11 0.3056640625 0.556640625 0.00830078125 0.0068359375
11 0.3251953125 0.5478515625 0.00830078125 0.0068359375
11 0.3251953125 0.59765625 0.00830078125 0.0068359375
11 0.36572265625 0.5478515625 0.00830078125 0.0068359375
11 0.37841796875 0.55078125 0.00830078125 0.0068359375
11 0.37841796875 0.591796875 0.00830078125 0.0068359375
11 0.33837890625 0.55078125 0.00830078125 0.0068359375
11 0.3525390625 0.544921875 0.00830078125 0.00732421875
11 0.3525390625 0.5947265625 0.00830078125 0.0068359375
11 0.23828125 0.5419921875 0.00830078125 0.0068359375
1 0.193359375 0.60791015625 0.017578125 0.02099609375
11 0.23828125 0.59765625 0.00830078125 0.0068359375
0 0.17529296875 0.580078125 0.005859375 0.083984375
10 0.19384765625 0.54931640625 0.0166015625 0.0458984375
11 0.2744140625 0.55078125 0.00830078125 0.0068359375
11 0.287109375 0.5537109375 0.00830078125 0.0068359375
11 0.287109375 0.59765625 0.00830078125 0.0068359375
11 0.24951171875 0.5478515625 0.00830078125 0.0068359375
11 0.2626953125 0.544921875 0.00830078125 0.00732421875
11 0.2626953125 0.61865234375 0.00830078125 0.0068359375
11 0.46435546875 0.5537109375 0.00830078125 0.0068359375
11 0.46435546875 0.591796875 0.00830078125 0.0068359375
11 0.4775390625 0.5947265625 0.00830078125 0.0068359375
11 0.45166015625 0.5888671875 0.00830078125 0.0068359375
11 0.50927734375 0.55078125 0.00830078125 0.0068359375
11 0.50927734375 0.5888671875 0.00830078125 0.0068359375
11 0.49609375 0.5537109375 0.00830078125 0.0068359375
11 0.49609375 0.591796875 0.00830078125 0.0068359375
11 0.4111328125 0.5888671875 0.00830078125 0.0068359375
11 0.4111328125 0.5390625 0.00830078125 0.0068359375
11 0.4384765625 0.5859375 0.00830078125 0.00732421875
11 0.4384765625 0.556640625 0.00830078125 0.0068359375
11 0.3916015625 0.5537109375 0.00830078125 0.0068359375
11 0.42431640625 0.591796875 0.00830078125 0.0068359375
11 0.70556640625 0.783203125 0.00830078125 0.0068359375
11 0.6435546875 0.7109375 0.00830078125 0.0068359375
11 0.6611328125 0.794921875 0.00830078125 0.0068359375
11 0.6611328125 0.7080078125 0.00830078125 0.0068359375
11 0.68701171875 0.705078125 0.00830078125 0.00732421875
11 0.68701171875 0.7802734375 0.00830078125 0.0068359375
11 0.70556640625 0.7080078125 0.00830078125 0.0068359375
11 0.67333984375 0.7109375 0.00830078125 0.0068359375
11 0.556640625 0.7080078125 0.00830078125 0.0068359375
11 0.57421875 0.705078125 0.00830078125 0.00732421875
11 0.57421875 0.7919921875 0.00830078125 0.0068359375
11 0.61865234375 0.705078125 0.00830078125 0.00732421875
11 0.61865234375 0.7802734375 0.00830078125 0.0068359375
11 0.63134765625 0.7080078125 0.00830078125 0.0068359375
11 0.58642578125 0.7080078125 0.00830078125 0.0068359375
11 0.63134765625 0.77734375 0.00830078125 0.0068359375
11 0.60009765625 0.7021484375 0.00830078125 0.0068359375
11 0.60009765625 0.77734375 0.00830078125 0.0068359375
11 0.8095703125 0.7919921875 0.00830078125 0.0068359375
11 0.8095703125 0.716796875 0.00830078125 0.0068359375
11 0.78515625 0.7109375 0.00830078125 0.0068359375
11 0.78515625 0.7861328125 0.00830078125 0.0068359375
11 0.79736328125 0.7138671875 0.00830078125 0.0068359375
11 0.79736328125 0.7890625 0.00830078125 0.00732421875
11 0.72998046875 0.7138671875 0.00830078125 0.0068359375
11 0.748046875 0.7109375 0.00830078125 0.0068359375
11 0.748046875 0.77734375 0.00830078125 0.0068359375
11 0.7177734375 0.7109375 0.00830078125 0.0068359375
11 0.7177734375 0.7802734375 0.00830078125 0.0068359375
11 0.76025390625 0.7802734375 0.00830078125 0.0068359375
11 0.77294921875 0.7080078125 0.00830078125 0.0068359375
11 0.77294921875 0.783203125 0.00830078125 0.0068359375
11 0.76025390625 0.7138671875 0.00830078125 0.0068359375
11 0.32958984375 0.77099609375 0.00830078125 0.0068359375
11 0.34814453125 0.716796875 0.00830078125 0.0068359375
11 0.34814453125 0.76806640625 0.00830078125 0.00732421875
11 0.31884765625 0.69580078125 0.00830078125 0.0068359375
11 0.31884765625 0.75341796875 0.00830078125 0.00732421875
15 0.37841796875 0.7177734375 0.0078125 0.01171875
11 0.37890625 0.76220703125 0.00830078125 0.0068359375
11 0.39111328125 0.75927734375 0.00830078125 0.0068359375
11 0.36669921875 0.76513671875 0.00830078125 0.0068359375
11 0.23828125 0.7021484375 0.00830078125 0.0068359375
15 0.23828125 0.77783203125 0.0078125 0.01171875
0 0.17529296875 0.7470703125 0.005859375 0.0849609375
11 0.25048828125 0.705078125 0.00830078125 0.00732421875
10 0.19384765625 0.71533203125 0.0166015625 0.0458984375
1 0.193359375 0.775390625 0.017578125 0.02099609375
11 0.28857421875 0.705078125 0.00830078125 0.00732421875
11 0.28857421875 0.75341796875 0.00830078125 0.00732421875
11 0.2763671875 0.7021484375 0.00830078125 0.0068359375
11 0.30078125 0.7080078125 0.00830078125 0.0068359375
11 0.26416015625 0.69921875 0.00830078125 0.0068359375
11 0.26416015625 0.76220703125 0.00830078125 0.0068359375
11 0.48876953125 0.716796875 0.00830078125 0.0068359375
11 0.48876953125 0.75048828125 0.00830078125 0.0068359375
11 0.5322265625 0.7138671875 0.00830078125 0.0068359375
11 0.54443359375 0.7109375 0.00830078125 0.0068359375
11 0.54443359375 0.7890625 0.00830078125 0.00732421875
11 0.50732421875 0.72021484375 0.00830078125 0.0068359375
11 0.47119140625 0.76220703125 0.00830078125 0.0068359375
11 0.52001953125 0.716796875 0.00830078125 0.0068359375
11 0.52001953125 0.77099609375 0.00830078125 0.0068359375
11 0.42041015625 0.75927734375 0.00830078125 0.0068359375
11 0.4345703125 0.72607421875 0.00830078125 0.00732421875
11 0.4345703125 0.75341796875 0.00830078125 0.00732421875
15 0.408203125 0.7177734375 0.0078125 0.01171875
11 0.408203125 0.75634765625 0.00830078125 0.0068359375
11 0.458984375 0.75927734375 0.00830078125 0.0068359375
11 0.44677734375 0.75634765625 0.00830078125 0.0068359375
11 0.458984375 0.716796875 0.00830078125 0.0068359375
11 0.6171875 0.94091796875 0.00830078125 0.0068359375
11 0.5986328125 0.94384765625 0.00830078125 0.00732421875
11 0.62939453125 0.93798828125 0.00830078125 0.0068359375
11 0.5859375 0.94677734375 0.00830078125 0.0068359375
11 0.66015625 0.93212890625 0.00830078125 0.0068359375
11 0.66015625 0.86962890625 0.00830078125 0.0068359375
11 0.642578125 0.93505859375 0.00830078125 0.0068359375
15 0.54150390625 0.94189453125 0.0078125 0.01171875
11 0.5419921875 0.88134765625 0.00830078125 0.0068359375
11 0.529296875 0.87841796875 0.00830078125 0.0068359375
11 0.5166015625 0.87548828125 0.00830078125 0.0068359375
11 0.50244140625 0.88134765625 0.00830078125 0.0068359375
14 0.5732421875 0.94482421875 0.0087890625 0.01708984375
11 0.57275390625 0.86962890625 0.00830078125 0.0068359375
11 0.55419921875 0.88427734375 0.00830078125 0.0068359375
11 0.7978515625 0.88720703125 0.00830078125 0.0068359375
11 0.78564453125 0.89013671875 0.00830078125 0.0068359375
11 0.76708984375 0.89306640625 0.00830078125 0.00732421875
11 0.75439453125 0.896484375 0.00830078125 0.0068359375
11 0.810546875 0.88427734375 0.00830078125 0.0068359375
11 0.7119140625 0.93505859375 0.00830078125 0.0068359375
11 0.69970703125 0.93212890625 0.00830078125 0.0068359375
11 0.68701171875 0.92919921875 0.00830078125 0.00732421875
11 0.6728515625 0.93505859375 0.00830078125 0.0068359375
11 0.74365234375 0.92919921875 0.00830078125 0.00732421875
11 0.74365234375 0.86962890625 0.00830078125 0.0068359375
11 0.724609375 0.93798828125 0.00830078125 0.0068359375
11 0.322265625 0.88427734375 0.00830078125 0.0068359375
11 0.322265625 0.9560546875 0.00830078125 0.0068359375
11 0.3017578125 0.958984375 0.0078125 0.00732421875
11 0.2890625 0.9560546875 0.00830078125 0.0068359375
11 0.2890625 0.88427734375 0.00830078125 0.0068359375
11 0.34716796875 0.94970703125 0.00830078125 0.0068359375
11 0.34716796875 0.88134765625 0.00830078125 0.0068359375
11 0.33447265625 0.953125 0.00830078125 0.0068359375
11 0.33447265625 0.88134765625 0.00830078125 0.0068359375
10 0.19287109375 0.939453125 0.0166015625 0.0458984375
11 0.2373046875 0.88134765625 0.00830078125 0.0068359375
11 0.2373046875 0.953125 0.00830078125 0.0068359375
10 0.19287109375 0.8828125 0.0166015625 0.0458984375
0 0.17529296875 0.91259765625 0.005859375 0.08203125
11 0.2763671875 0.953125 0.00830078125 0.0068359375
11 0.263671875 0.94970703125 0.00830078125 0.0068359375
11 0.263671875 0.88720703125 0.00830078125 0.0068359375
11 0.24951171875 0.9560546875 0.00830078125 0.0068359375
11 0.4453125 0.88720703125 0.00830078125 0.0068359375
11 0.45751953125 0.88427734375 0.00830078125 0.0068359375
11 0.45751953125 0.94091796875 0.00830078125 0.0068359375
11 0.4267578125 0.93505859375 0.00830078125 0.0068359375
11 0.4267578125 0.89013671875 0.00830078125 0.0068359375
11 0.408203125 0.89306640625 0.00830078125 0.00732421875
11 0.490234375 0.94677734375 0.00830078125 0.0068359375
11 0.490234375 0.87841796875 0.00830078125 0.0068359375
11 0.47021484375 0.88134765625 0.00830078125 0.0068359375
11 0.37158203125 0.88427734375 0.00830078125 0.0068359375
11 0.39697265625 0.92626953125 0.00830078125 0.0068359375
11 0.39697265625 0.88427734375 0.00830078125 0.0068359375
11 0.36328125 0.970703125 0.00830078125 0.0068359375