8 0.63330078125 0.10498046875 0.00634765625 0.017578125
11 0.6337890625 0.09521484375 0.00830078125 0.0068359375
11 0.662109375 0.09521484375 0.00830078125 0.0068359375
11 0.6796875 0.09521484375 0.00830078125 0.0068359375
11 0.7138671875 0.09228515625 0.00830078125 0.0068359375
11 0.5595703125 0.1015625 0.00830078125 0.0068359375
15 0.60546875 0.06640625 0.0078125 0.01171875
13 0.607421875 0.08056640625 0.01123046875 0.0068359375
11 0.748046875 0.09521484375 0.00830078125 0.0068359375
11 0.76611328125 0.09521484375 0.00830078125 0.0068359375
11 0.79443359375 0.09814453125 0.00830078125 0.00732421875
11 0.3076171875 0.08349609375 0.00830078125 0.00732421875
11 0.33447265625 0.08935546875 0.00830078125 0.0068359375
11 0.3642578125 0.08349609375 0.00830078125 0.00732421875
13 0.400390625 0.08056640625 0.01123046875 0.0068359375
10 0.19287109375 0.087890625 0.0166015625 0.0458984375
11 0.39892578125 0.1015625 0.00830078125 0.0068359375
19 0.23095703125 0.07568359375 0.00830078125 0.00390625
15 0.27978515625 0.078125 0.0078125 0.01171875
11 0.47900390625 0.1044921875 0.00830078125 0.00732421875
11 0.43310546875 0.1015625 0.00830078125 0.0068359375
11 0.45068359375 0.1015625 0.00830078125 0.0068359375
11 0.50732421875 0.1044921875 0.00830078125 0.00732421875
11 0.525390625 0.1044921875 0.00830078125 0.00732421875
11 0.6328125 0.19140625 0.00830078125 0.0068359375
11 0.64990234375 0.19140625 0.00830078125 0.0068359375
11 0.64990234375 0.16455078125 0.00830078125 0.00732421875
11 0.5634765625 0.19140625 0.00830078125 0.0068359375
11 0.58056640625 0.19140625 0.00830078125 0.0068359375
11 0.58056640625 0.16455078125 0.00830078125 0.00732421875
11 0.615234375 0.17041015625 0.00830078125 0.0068359375
11 0.59814453125 0.19140625 0.00830078125 0.0068359375
13 0.69189453125 0.16162109375 0.01123046875 0.0068359375
11 0.615234375 0.19140625 0.00830078125 0.0068359375
13 0.7646484375 0.16162109375 0.01123046875 0.0068359375
11 0.28076171875 0.18212890625 0.00830078125 0.0068359375
11 0.30810546875 0.18505859375 0.00830078125 0.0068359375
11 0.3349609375 0.18505859375 0.00830078125 0.0068359375
11 0.35205078125 0.18505859375 0.0078125 0.0068359375
11 0.38525390625 0.18212890625 0.00830078125 0.0068359375
10 0.19287109375 0.1689453125 0.0166015625 0.0458984375
11 0.23095703125 0.18212890625 0.0078125 0.0068359375
11 0.263671875 0.18212890625 0.00830078125 0.0068359375
11 0.45751953125 0.1943359375 0.00830078125 0.0068359375
8 0.45703125 0.203125 0.00634765625 0.01806640625
11 0.484375 0.1943359375 0.00830078125 0.0068359375
11 0.52880859375 0.19140625 0.00830078125 0.0068359375
11 0.501953125 0.1943359375 0.00830078125 0.0068359375
15 0.4306640625 0.1591796875 0.0078125 0.01171875
11 0.54638671875 0.19140625 0.00830078125 0.0068359375
15 0.5458984375 0.21875 0.0078125 0.01171875
11 0.69140625 0.25732421875 0.00830078125 0.0068359375
11 0.70751953125 0.25732421875 0.00830078125 0.0068359375
11 0.67919921875 0.25732421875 0.00830078125 0.0068359375
11 0.72265625 0.26318359375 0.00830078125 0.0068359375
11 0.74072265625 0.25732421875 0.00830078125 0.0068359375
11 0.6669921875 0.25732421875 0.00830078125 0.0068359375
11 0.6376953125 0.25732421875 0.00830078125 0.0068359375
11 0.64794921875 0.26318359375 0.00830078125 0.0068359375
22 0.458984375 0.2412109375 0.00830078125 0.00390625
11 0.75537109375 0.26318359375 0.00830078125 0.0068359375
11 0.76904296875 0.25732421875 0.00830078125 0.0068359375
11 0.78125 0.25732421875 0.00830078125 0.0068359375
11 0.79296875 0.25439453125 0.00830078125 0.0068359375
11 0.80517578125 0.25439453125 0.00830078125 0.0068359375
11 0.5 0.25732421875 0.00830078125 0.0068359375
11 0.51220703125 0.25732421875 0.00830078125 0.0068359375
11 0.52392578125 0.25732421875 0.00830078125 0.0068359375
22 0.3203125 0.2412109375 0.00830078125 0.00390625
10 0.19287109375 0.25 0.0166015625 0.0458984375
11 0.6015625 0.25732421875 0.00830078125 0.0068359375
11 0.58837890625 0.26318359375 0.00830078125 0.0068359375
11 0.61376953125 0.25732421875 0.00830078125 0.0068359375
11 0.62451171875 0.26318359375 0.00830078125 0.0068359375
11 0.54052734375 0.25732421875 0.00830078125 0.0068359375
11 0.55517578125 0.26318359375 0.00830078125 0.0068359375
11 0.5732421875 0.25732421875 0.00830078125 0.0068359375
11 0.6513671875 0.33837890625 0.00830078125 0.0068359375
11 0.6376953125 0.34423828125 0.00830078125 0.0068359375
11 0.6279296875 0.33837890625 0.00830078125 0.0068359375
11 0.6162109375 0.33837890625 0.00830078125 0.0068359375
11 0.68017578125 0.33837890625 0.00830078125 0.0068359375
11 0.66162109375 0.34423828125 0.00830078125 0.0068359375
11 0.55712890625 0.33837890625 0.00830078125 0.0068359375
11 0.541015625 0.33837890625 0.00830078125 0.0068359375
11 0.58837890625 0.33837890625 0.00830078125 0.0068359375
11 0.60302734375 0.34423828125 0.00830078125 0.0068359375
11 0.5712890625 0.34423828125 0.00830078125 0.0068359375
11 0.8056640625 0.33544921875 0.00830078125 0.0068359375
11 0.7939453125 0.33837890625 0.00830078125 0.0068359375
11 0.71142578125 0.33837890625 0.00830078125 0.0068359375
11 0.72607421875 0.34423828125 0.00830078125 0.0068359375
11 0.7431640625 0.33837890625 0.00830078125 0.0068359375
11 0.69580078125 0.33837890625 0.00830078125 0.0068359375
11 0.7822265625 0.33837890625 0.00830078125 0.0068359375
11 0.7705078125 0.33837890625 0.00830078125 0.0068359375
11 0.75732421875 0.34423828125 0.0078125 0.0068359375
11 0.3408203125 0.33837890625 0.00830078125 0.0068359375
11 0.3291015625 0.33837890625 0.00830078125 0.0068359375
11 0.31591796875 0.34423828125 0.00830078125 0.0068359375
11 0.30126953125 0.33837890625 0.00830078125 0.0068359375
11 0.36376953125 0.33837890625 0.00830078125 0.0068359375
11 0.3740234375 0.34423828125 0.00830078125 0.0068359375
11 0.3505859375 0.34423828125 0.00830078125 0.0068359375
11 0.23095703125 0.33837890625 0.0078125 0.0068359375
10 0.19287109375 0.3310546875 0.0166015625 0.0458984375
11 0.2841796875 0.34423828125 0.00830078125 0.0068359375
11 0.27001953125 0.33837890625 0.00830078125 0.0068359375
11 0.25830078125 0.33837890625 0.00830078125 0.0068359375
11 0.24658203125 0.33837890625 0.00830078125 0.0068359375
11 0.45556640625 0.34716796875 0.00830078125 0.0068359375
11 0.42431640625 0.33544921875 0.00830078125 0.0068359375
11 0.525390625 0.33837890625 0.00830078125 0.0068359375
11 0.5029296875 0.34130859375 0.00830078125 0.00732421875
15 0.43994140625 0.3212890625 0.0078125 0.01171875
11 0.48583984375 0.34716796875 0.00830078125 0.0068359375
11 0.4736328125 0.34716796875 0.00830078125 0.0068359375
11 0.40869140625 0.33544921875 0.00830078125 0.0068359375
11 0.39306640625 0.33544921875 0.00830078125 0.0068359375
13 0.6240234375 0.404296875 0.01123046875 0.0068359375
13 0.6650390625 0.404296875 0.01123046875 0.0068359375
13 0.54150390625 0.404296875 0.01123046875 0.0068359375
13 0.5830078125 0.404296875 0.01123046875 0.0068359375
13 0.70654296875 0.404296875 0.01123046875 0.0068359375
13 0.78857421875 0.404296875 0.01123046875 0.0068359375
13 0.74755859375 0.404296875 0.01123046875 0.0068359375
11 0.31787109375 0.42529296875 0.00830078125 0.0068359375
11 0.30322265625 0.41943359375 0.00830078125 0.0068359375
11 0.28564453125 0.42529296875 0.00830078125 0.0068359375
11 0.353515625 0.42529296875 0.00830078125 0.0068359375
11 0.34326171875 0.41943359375 0.00830078125 0.0068359375
11 0.27099609375 0.41943359375 0.0078125 0.0068359375
11 0.3310546875 0.41943359375 0.00830078125 0.0068359375
10 0.19287109375 0.412109375 0.0166015625 0.0458984375
11 0.23095703125 0.41943359375 0.0078125 0.0068359375
11 0.2587890625 0.41943359375 0.00830078125 0.0068359375
11 0.2470703125 0.41943359375 0.0078125 0.0068359375
11 0.41748046875 0.4130859375 0.00830078125 0.0068359375
13 0.50048828125 0.404296875 0.01123046875 0.0068359375
11 0.458984375 0.4130859375 0.00830078125 0.0068359375
11 0.4384765625 0.4130859375 0.00830078125 0.0068359375
11 0.396484375 0.4130859375 0.00830078125 0.0068359375
11 0.3671875 0.41943359375 0.00830078125 0.0068359375
11 0.37744140625 0.42529296875 0.00830078125 0.0068359375
11 0.6552734375 0.49755859375 0.00830078125 0.0068359375
11 0.63916015625 0.494140625 0.00830078125 0.0068359375
11 0.62451171875 0.48828125 0.00830078125 0.0068359375
11 0.697265625 0.50048828125 0.00830078125 0.0068359375
11 0.697265625 0.50048828125 0.00830078125 0.0068359375
11 0.67138671875 0.50048828125 0.00830078125 0.0068359375
11 0.55712890625 0.4912109375 0.00830078125 0.0068359375
11 0.60595703125 0.50048828125 0.00830078125 0.0068359375
11 0.58935546875 0.49755859375 0.00830078125 0.0068359375
11 0.5732421875 0.494140625 0.00830078125 0.0068359375
11 0.80712890625 0.494140625 0.00830078125 0.0068359375
11 0.79052734375 0.494140625 0.00830078125 0.0068359375
11 0.7744140625 0.494140625 0.00830078125 0.0068359375
11 0.71826171875 0.494140625 0.00830078125 0.0068359375
11 0.75830078125 0.494140625 0.00830078125 0.0068359375
11 0.74658203125 0.494140625 0.00830078125 0.0068359375
11 0.73046875 0.494140625 0.00830078125 0.0068359375
11 0.33203125 0.50048828125 0.00830078125 0.0068359375
19 0.34423828125 0.48046875 0.00830078125 0.00390625
11 0.3173828125 0.494140625 0.00830078125 0.0068359375
11 0.3955078125 0.50341796875 0.00830078125 0.00732421875
11 0.37548828125 0.4912109375 0.00830078125 0.0068359375
10 0.19287109375 0.4931640625 0.0166015625 0.0458984375
22 0.2431640625 0.48388671875 0.00830078125 0.00390625
11 0.3037109375 0.50634765625 0.00830078125 0.0068359375
11 0.28369140625 0.494140625 0.00830078125 0.0068359375
11 0.48583984375 0.50927734375 0.00830078125 0.0068359375
11 0.466796875 0.50048828125 0.00830078125 0.0068359375
19 0.52685546875 0.48046875 0.00830078125 0.00390625
11 0.5146484375 0.50634765625 0.00830078125 0.0068359375
11 0.49951171875 0.50048828125 0.00830078125 0.0068359375
19 0.43603515625 0.48046875 0.00830078125 0.00390625
11 0.4091796875 0.48828125 0.00830078125 0.0068359375
11 0.423828125 0.49755859375 0.0087890625 0.0068359375
11 0.62890625 0.5751953125 0.00830078125 0.0068359375
11 0.61376953125 0.5751953125 0.00830078125 0.0068359375
11 0.60205078125 0.5751953125 0.00830078125 0.0068359375
11 0.685546875 0.5751953125 0.00830078125 0.0068359375
11 0.67041015625 0.5751953125 0.00830078125 0.0068359375
11 0.64013671875 0.5751953125 0.00830078125 0.0068359375
11 0.6552734375 0.5751953125 0.00830078125 0.0068359375
11 0.52197265625 0.5810546875 0.00830078125 0.0068359375
11 0.537109375 0.58447265625 0.00830078125 0.00732421875
11 0.5576171875 0.578125 0.00830078125 0.00732421875
11 0.5068359375 0.578125 0.00830078125 0.00732421875
11 0.5830078125 0.5810546875 0.00830078125 0.0068359375
11 0.79296875 0.5751953125 0.00830078125 0.0068359375
11 0.80810546875 0.5751953125 0.00830078125 0.0068359375
11 0.77783203125 0.5751953125 0.00830078125 0.0068359375
11 0.72509765625 0.5751953125 0.00830078125 0.0068359375
11 0.705078125 0.58447265625 0.00830078125 0.00732421875
11 0.7626953125 0.5751953125 0.00830078125 0.0068359375
11 0.75146484375 0.5751953125 0.00830078125 0.0068359375
11 0.736328125 0.5751953125 0.00830078125 0.0068359375
11 0.333984375 0.5751953125 0.00830078125 0.0068359375
11 0.31884765625 0.5751953125 0.00830078125 0.0068359375
11 0.3037109375 0.5751953125 0.00830078125 0.0068359375
11 0.28857421875 0.5751953125 0.00830078125 0.0068359375
11 0.353515625 0.58740234375 0.00830078125 0.0068359375
11 0.23095703125 0.58447265625 0.0078125 0.00732421875
10 0.19287109375 0.57373046875 0.0166015625 0.0458984375
11 0.27734375 0.5751953125 0.00830078125 0.0068359375
11 0.26220703125 0.5751953125 0.00830078125 0.0068359375
11 0.2509765625 0.5751953125 0.00830078125 0.0068359375
11 0.4267578125 0.5751953125 0.00830078125 0.0068359375
11 0.3740234375 0.5751953125 0.00830078125 0.0068359375
11 0.44189453125 0.5751953125 0.0078125 0.0068359375
11 0.4765625 0.572265625 0.00830078125 0.0068359375
11 0.45703125 0.5751953125 0.00830078125 0.0068359375
11 0.41162109375 0.5751953125 0.00830078125 0.0068359375
11 0.38525390625 0.5751953125 0.00830078125 0.0068359375
11 0.49169921875 0.5751953125 0.00830078125 0.0068359375
11 0.400390625 0.5751953125 0.00830078125 0.0068359375
11 0.62353515625 0.662109375 0.00830078125 0.0068359375
11 0.60693359375 0.662109375 0.00830078125 0.0068359375
11 0.64404296875 0.662109375 0.00830078125 0.0068359375
11 0.703125 0.662109375 0.00830078125 0.0068359375
9 0.6875 0.64990234375 0.0068359375 0.017578125
11 0.68115234375 0.662109375 0.00830078125 0.0068359375
11 0.66015625 0.662109375 0.00830078125 0.0068359375
9 0.65087890625 0.64990234375 0.0068359375 0.017578125
11 0.55126953125 0.662109375 0.00830078125 0.0068359375
11 0.53076171875 0.662109375 0.00830078125 0.0068359375
11 0.5146484375 0.662109375 0.00830078125 0.0068359375
11 0.5908203125 0.662109375 0.00830078125 0.0068359375
11 0.56787109375 0.662109375 0.00830078125 0.0068359375
11 0.80517578125 0.6591796875 0.00830078125 0.00732421875
11 0.7890625 0.662109375 0.00830078125 0.0068359375
11 0.7236328125 0.662109375 0.00830078125 0.0068359375
9 0.52099609375 0.64990234375 0.0068359375 0.017578125
11 0.7724609375 0.662109375 0.00830078125 0.0068359375
11 0.75634765625 0.662109375 0.00830078125 0.0068359375
11 0.73974609375 0.662109375 0.0078125 0.0068359375
11 0.32568359375 0.65625 0.00830078125 0.0068359375
11 0.30908203125 0.65625 0.00830078125 0.0068359375
11 0.29296875 0.65625 0.00830078125 0.0068359375
11 0.36328125 0.6533203125 0.00830078125 0.0068359375
11 0.341796875 0.65625 0.00830078125 0.0068359375
10 0.19287109375 0.65478515625 0.0166015625 0.0458984375
11 0.23095703125 0.66845703125 0.0078125 0.0068359375
11 0.28125 0.65625 0.00830078125 0.0068359375
11 0.2646484375 0.65625 0.00830078125 0.0068359375
11 0.494140625 0.662109375 0.00830078125 0.0068359375
11 0.2529296875 0.65625 0.00830078125 0.0068359375
11 0.4501953125 0.6591796875 0.00830078125 0.00732421875
11 0.4775390625 0.662109375 0.00830078125 0.0068359375
11 0.412109375 0.662109375 0.00830078125 0.0068359375
11 0.42822265625 0.6650390625 0.00830078125 0.00732421875
9 0.484375 0.64990234375 0.0068359375 0.017578125
11 0.37939453125 0.65625 0.00830078125 0.0068359375
11 0.3955078125 0.6591796875 0.00830078125 0.00732421875
13 0.64599609375 0.7431640625 0.01123046875 0.0068359375
13 0.6015625 0.740234375 0.01123046875 0.00732421875
11 0.51171875 0.740234375 0.00830078125 0.00732421875
11 0.52734375 0.740234375 0.00830078125 0.00732421875
11 0.49560546875 0.740234375 0.00830078125 0.00732421875
11 0.57421875 0.740234375 0.00830078125 0.00732421875
11 0.55859375 0.740234375 0.00830078125 0.00732421875
11 0.54296875 0.740234375 0.00830078125 0.00732421875
19 0.79833984375 0.7236328125 0.00830078125 0.00390625
21 0.779296875 0.72412109375 0.00634765625 0.0185546875
13 0.7255859375 0.74609375 0.01123046875 0.00732421875
13 0.685546875 0.7431640625 0.01123046875 0.0068359375
11 0.76025390625 0.7490234375 0.00830078125 0.0068359375
11 0.3193359375 0.7373046875 0.00830078125 0.0068359375
19 0.28955078125 0.7236328125 0.00830078125 0.00390625
11 0.35693359375 0.7431640625 0.00830078125 0.0068359375
11 0.34521484375 0.7431640625 0.00830078125 0.0068359375
11 0.32958984375 0.7431640625 0.00830078125 0.0068359375
11 0.23095703125 0.7373046875 0.0078125 0.0068359375
10 0.19287109375 0.73583984375 0.0166015625 0.0458984375
11 0.26953125 0.740234375 0.00830078125 0.00732421875
11 0.25830078125 0.7373046875 0.00830078125 0.0068359375
11 0.24658203125 0.734375 0.00830078125 0.0068359375
11 0.4580078125 0.734375 0.00830078125 0.0068359375
11 0.435546875 0.7431640625 0.00830078125 0.0068359375
11 0.48388671875 0.740234375 0.00830078125 0.00732421875
11 0.46826171875 0.740234375 0.00830078125 0.00732421875
11 0.404296875 0.7431640625 0.00830078125 0.0068359375
11 0.38818359375 0.7431640625 0.00830078125 0.0068359375
11 0.37255859375 0.7431640625 0.00830078125 0.0068359375
11 0.419921875 0.7431640625 0.00830078125 0.0068359375
11 0.673828125 0.830078125 0.00830078125 0.0068359375
11 0.64697265625 0.8271484375 0.00830078125 0.0068359375
11 0.6259765625 0.82421875 0.00830078125 0.0068359375
11 0.5625 0.82421875 0.00830078125 0.0068359375
11 0.5478515625 0.82421875 0.00830078125 0.0068359375
8 0.52685546875 0.833984375 0.00634765625 0.01806640625
11 0.52734375 0.82421875 0.00830078125 0.0068359375
11 0.61181640625 0.82421875 0.00830078125 0.0068359375
11 0.5869140625 0.8212890625 0.00830078125 0.00732421875
11 0.73388671875 0.8330078125 0.00830078125 0.0068359375
11 0.75439453125 0.8330078125 0.00830078125 0.0068359375
11 0.712890625 0.830078125 0.00830078125 0.0068359375
11 0.79345703125 0.830078125 0.0078125 0.0068359375
11 0.69873046875 0.830078125 0.00830078125 0.0068359375
11 0.7685546875 0.8330078125 0.00830078125 0.0068359375
13 0.3544921875 0.80908203125 0.01123046875 0.0068359375
11 0.35302734375 0.830078125 0.00830078125 0.0068359375
11 0.3271484375 0.81201171875 0.00830078125 0.0068359375
10 0.19287109375 0.81689453125 0.0166015625 0.0458984375
19 0.23095703125 0.8046875 0.00830078125 0.00390625
11 0.30517578125 0.818359375 0.0078125 0.0068359375
11 0.28564453125 0.81201171875 0.00830078125 0.0068359375
15 0.26513671875 0.80712890625 0.0078125 0.01171875
11 0.47265625 0.830078125 0.00830078125 0.0068359375
15 0.50634765625 0.794921875 0.0078125 0.01171875
11 0.3779296875 0.830078125 0.00830078125 0.0068359375
11 0.4482421875 0.8330078125 0.00830078125 0.0068359375
13 0.50830078125 0.80908203125 0.01123046875 0.0068359375
11 0.4130859375 0.8330078125 0.00830078125 0.0068359375
11 0.392578125 0.830078125 0.00830078125 0.0068359375
11 0.43408203125 0.8330078125 0.00830078125 0.0068359375
13 0.52001953125 0.89013671875 0.01123046875 0.0068359375
11 0.43603515625 0.8994140625 0.00830078125 0.0068359375
11 0.455078125 0.919921875 0.00830078125 0.0068359375
11 0.4736328125 0.919921875 0.00830078125 0.0068359375
11 0.4736328125 0.89306640625 0.00830078125 0.0068359375
13 0.60205078125 0.89013671875 0.01123046875 0.0068359375
11 0.310546875 0.9228515625 0.00830078125 0.00732421875
8 0.26025390625 0.93212890625 0.00634765625 0.017578125
11 0.291015625 0.9228515625 0.00830078125 0.00732421875
11 0.2607421875 0.9228515625 0.00830078125 0.00732421875
11 0.3408203125 0.919921875 0.00830078125 0.0068359375
11 0.43603515625 0.919921875 0.00830078125 0.0068359375
22 0.7392578125 0.88916015625 0.00830078125 0.00390625
10 0.19287109375 0.89794921875 0.0166015625 0.0458984375
15 0.23046875 0.88818359375 0.0078125 0.01171875
11 0.39794921875 0.919921875 0.00830078125 0.0068359375
11 0.39794921875 0.89306640625 0.00830078125 0.0068359375
11 0.4169921875 0.919921875 0.00830078125 0.0068359375
15 0.35986328125 0.94775390625 0.0078125 0.01171875
11 0.35986328125 0.919921875 0.00830078125 0.0068359375
11 0.37890625 0.919921875 0.00830078125 0.0068359375