12 0.64794921875 0.18603515625 0.0087890625 0.0068359375
11 0.64794921875 0.12646484375 0.00830078125 0.0068359375
11 0.666015625 0.12646484375 0.0078125 0.0068359375
11 0.67919921875 0.12646484375 0.00830078125 0.0068359375
11 0.5810546875 0.12353515625 0.00830078125 0.0068359375
11 0.56787109375 0.12353515625 0.00830078125 0.0068359375
21 0.62451171875 0.17578125 0.00634765625 0.0185546875
21 0.62451171875 0.1220703125 0.00634765625 0.0185546875
11 0.60693359375 0.12353515625 0.00830078125 0.0068359375
11 0.59375 0.12060546875 0.00830078125 0.0068359375
21 0.8046875 0.17578125 0.00634765625 0.0185546875
21 0.8046875 0.1220703125 0.00634765625 0.0185546875
11 0.787109375 0.12353515625 0.00830078125 0.0068359375
11 0.7744140625 0.12060546875 0.00830078125 0.0068359375
11 0.76171875 0.12353515625 0.00830078125 0.0068359375
12 0.73583984375 0.18310546875 0.0087890625 0.0068359375
11 0.7353515625 0.12353515625 0.00830078125 0.0068359375
11 0.70947265625 0.19482421875 0.00830078125 0.0068359375
11 0.70947265625 0.13525390625 0.00830078125 0.0068359375
11 0.6923828125 0.12646484375 0.00830078125 0.0068359375
11 0.74853515625 0.12353515625 0.00830078125 0.0068359375
12 0.37451171875 0.18310546875 0.0087890625 0.0068359375
11 0.3740234375 0.12353515625 0.00830078125 0.0068359375
11 0.34814453125 0.19482421875 0.00830078125 0.0068359375
11 0.34814453125 0.13525390625 0.00830078125 0.0068359375
11 0.39990234375 0.12353515625 0.00830078125 0.0068359375
11 0.38720703125 0.12353515625 0.00830078125 0.0068359375
11 0.3310546875 0.12646484375 0.00830078125 0.0068359375
1 0.24365234375 0.17529296875 0.017578125 0.02099609375
12 0.28662109375 0.18603515625 0.0087890625 0.0068359375
10 0.244140625 0.1220703125 0.0166015625 0.0458984375
11 0.28662109375 0.12646484375 0.00830078125 0.0068359375
0 0.22607421875 0.150390625 0.005859375 0.0791015625
11 0.3046875 0.12646484375 0.00830078125 0.0068359375
11 0.31787109375 0.12646484375 0.00830078125 0.0068359375
12 0.55517578125 0.18310546875 0.0087890625 0.0068359375
11 0.486328125 0.12060546875 0.00830078125 0.0068359375
11 0.52880859375 0.13525390625 0.00830078125 0.0068359375
11 0.5546875 0.12353515625 0.00830078125 0.0068359375
11 0.52880859375 0.19482421875 0.00830078125 0.0068359375
11 0.51220703125 0.12060546875 0.0078125 0.0068359375
11 0.4990234375 0.12060546875 0.00830078125 0.0068359375
21 0.443359375 0.17578125 0.00634765625 0.0185546875
21 0.443359375 0.1220703125 0.00634765625 0.0185546875
11 0.42626953125 0.12353515625 0.00830078125 0.0068359375
11 0.4130859375 0.12060546875 0.00830078125 0.0068359375
12 0.4677734375 0.18017578125 0.0087890625 0.0068359375
11 0.4677734375 0.12060546875 0.00830078125 0.0068359375
11 0.63427734375 0.24853515625 0.00830078125 0.0068359375
11 0.62060546875 0.24560546875 0.00830078125 0.0068359375
11 0.6064453125 0.24267578125 0.00830078125 0.0068359375
12 0.654296875 0.3173828125 0.0087890625 0.0068359375
12 0.654296875 0.2578125 0.0087890625 0.0068359375
13 0.5537109375 0.314453125 0.01123046875 0.0068359375
11 0.552734375 0.25439453125 0.00830078125 0.00732421875
11 0.533203125 0.24853515625 0.00830078125 0.0068359375
11 0.51904296875 0.24560546875 0.00830078125 0.0068359375
11 0.59228515625 0.23974609375 0.00830078125 0.00732421875
8 0.578125 0.251953125 0.00634765625 0.017578125
11 0.57861328125 0.23974609375 0.00830078125 0.00732421875
11 0.78125 0.24267578125 0.00830078125 0.0068359375
11 0.80908203125 0.24853515625 0.00830078125 0.0068359375
11 0.79541015625 0.24560546875 0.00830078125 0.0068359375
11 0.76708984375 0.24560546875 0.00830078125 0.0068359375
8 0.7529296875 0.25439453125 0.00634765625 0.017578125
11 0.6982421875 0.30517578125 0.00830078125 0.00732421875
11 0.72900390625 0.24560546875 0.0078125 0.0068359375
11 0.6982421875 0.24560546875 0.00830078125 0.0068359375
9 0.689453125 0.29345703125 0.0068359375 0.017578125
8 0.68212890625 0.2578125 0.00634765625 0.01806640625
11 0.6826171875 0.30517578125 0.00830078125 0.00732421875
11 0.75341796875 0.24267578125 0.00830078125 0.0068359375
11 0.6826171875 0.24560546875 0.00830078125 0.0068359375
13 0.73095703125 0.30517578125 0.01123046875 0.00732421875
11 0.29931640625 0.31103515625 0.00830078125 0.0068359375
11 0.29931640625 0.25146484375 0.00830078125 0.0068359375
11 0.28515625 0.30810546875 0.00830078125 0.0068359375
11 0.28515625 0.24853515625 0.00830078125 0.0068359375
12 0.328125 0.30517578125 0.0087890625 0.0068359375
11 0.32763671875 0.24560546875 0.00830078125 0.0068359375
10 0.19384765625 0.2470703125 0.0166015625 0.0458984375
11 0.21875 0.24560546875 0.00830078125 0.0068359375
1 0.193359375 0.30029296875 0.017578125 0.02099609375
12 0.21923828125 0.30517578125 0.0087890625 0.0068359375
0 0.17529296875 0.275390625 0.005859375 0.0791015625
11 0.27099609375 0.30517578125 0.00830078125 0.00732421875
11 0.27099609375 0.24560546875 0.00830078125 0.0068359375
11 0.2568359375 0.24267578125 0.00830078125 0.0068359375
11 0.2392578125 0.24560546875 0.00830078125 0.0068359375
11 0.45166015625 0.25146484375 0.00830078125 0.0068359375
13 0.453125 0.31103515625 0.01123046875 0.00732421875
11 0.40771484375 0.31103515625 0.00830078125 0.0068359375
11 0.40771484375 0.25146484375 0.00830078125 0.0068359375
11 0.47705078125 0.23974609375 0.00830078125 0.00732421875
11 0.50537109375 0.24267578125 0.00830078125 0.0068359375
11 0.4912109375 0.23974609375 0.00830078125 0.00732421875
8 0.4765625 0.251953125 0.00634765625 0.017578125
11 0.34814453125 0.24560546875 0.00830078125 0.0068359375
11 0.3662109375 0.24267578125 0.00830078125 0.0068359375
11 0.3798828125 0.24560546875 0.0078125 0.0068359375
11 0.39404296875 0.30810546875 0.00830078125 0.0068359375
11 0.3798828125 0.30517578125 0.0078125 0.00732421875
11 0.39404296875 0.24853515625 0.00830078125 0.0068359375
13 0.6171875 0.4306640625 0.01123046875 0.0068359375
13 0.6171875 0.37060546875 0.01123046875 0.00732421875
11 0.5908203125 0.36767578125 0.00830078125 0.0068359375
21 0.66015625 0.42626953125 0.00634765625 0.0185546875
11 0.6611328125 0.37109375 0.00830078125 0.0068359375
8 0.5322265625 0.3798828125 0.00634765625 0.01806640625
11 0.53271484375 0.36767578125 0.00830078125 0.0068359375
11 0.576171875 0.37109375 0.00830078125 0.0068359375
11 0.5615234375 0.36767578125 0.00830078125 0.0068359375
11 0.54736328125 0.37109375 0.00830078125 0.0068359375
11 0.75341796875 0.4365234375 0.00830078125 0.0068359375
11 0.75341796875 0.376953125 0.00830078125 0.00732421875
9 0.744140625 0.42431640625 0.0068359375 0.017578125
11 0.7373046875 0.4365234375 0.00830078125 0.0068359375
11 0.7373046875 0.376953125 0.00830078125 0.00732421875
11 0.67578125 0.3740234375 0.00830078125 0.0068359375
11 0.70458984375 0.4365234375 0.00830078125 0.0068359375
11 0.72314453125 0.3740234375 0.00830078125 0.0068359375
11 0.70458984375 0.3740234375 0.00830078125 0.0068359375
11 0.68994140625 0.37109375 0.00830078125 0.0068359375
13 0.3251953125 0.439453125 0.01123046875 0.0068359375
11 0.32373046875 0.3798828125 0.00830078125 0.0068359375
11 0.3037109375 0.3740234375 0.00830078125 0.0068359375
11 0.2890625 0.37109375 0.00830078125 0.0068359375
11 0.2744140625 0.36767578125 0.00830078125 0.0068359375
8 0.35009765625 0.376953125 0.00634765625 0.017578125
11 0.3505859375 0.36474609375 0.00830078125 0.0068359375
1 0.193359375 0.42578125 0.017578125 0.02099609375
10 0.19384765625 0.37255859375 0.0166015625 0.0458984375
0 0.17529296875 0.400390625 0.005859375 0.0791015625
11 0.26025390625 0.36474609375 0.00830078125 0.0068359375
8 0.2451171875 0.376953125 0.00634765625 0.017578125
11 0.24560546875 0.36474609375 0.00830078125 0.0068359375
13 0.22021484375 0.4365234375 0.01123046875 0.0068359375
11 0.21875 0.376953125 0.00830078125 0.00732421875
8 0.45849609375 0.3828125 0.00634765625 0.017578125
11 0.458984375 0.4306640625 0.00830078125 0.0068359375
11 0.458984375 0.37109375 0.00830078125 0.0068359375
9 0.4658203125 0.41845703125 0.0068359375 0.017578125
13 0.5087890625 0.4306640625 0.01123046875 0.0068359375
11 0.50732421875 0.37109375 0.00830078125 0.0068359375
11 0.365234375 0.36474609375 0.00830078125 0.0068359375
11 0.47509765625 0.4306640625 0.00830078125 0.0068359375
11 0.47509765625 0.37109375 0.00830078125 0.0068359375
11 0.3798828125 0.36767578125 0.00830078125 0.0068359375
11 0.40869140625 0.3740234375 0.00830078125 0.0068359375
11 0.39404296875 0.37109375 0.00830078125 0.0068359375
12 0.4287109375 0.4423828125 0.0087890625 0.0068359375
12 0.4287109375 0.3828125 0.0087890625 0.0068359375
11 0.6513671875 0.55859375 0.00830078125 0.0068359375
11 0.6513671875 0.4990234375 0.00830078125 0.00732421875
11 0.63623046875 0.4990234375 0.00830078125 0.00732421875
21 0.69677734375 0.55126953125 0.00634765625 0.01806640625
11 0.69775390625 0.4990234375 0.00830078125 0.00732421875
11 0.66748046875 0.55859375 0.00830078125 0.0068359375
11 0.66748046875 0.4990234375 0.00830078125 0.00732421875
9 0.65771484375 0.546875 0.0068359375 0.017578125
11 0.6171875 0.4990234375 0.00830078125 0.00732421875
21 0.57080078125 0.55126953125 0.00634765625 0.01806640625
11 0.572265625 0.49609375 0.00830078125 0.0068359375
11 0.6171875 0.55859375 0.00830078125 0.0068359375
11 0.60205078125 0.49609375 0.00830078125 0.0068359375
11 0.58740234375 0.4990234375 0.00830078125 0.00732421875
11 0.7880859375 0.55859375 0.00830078125 0.0068359375
11 0.7880859375 0.49609375 0.00830078125 0.0068359375
11 0.77294921875 0.55859375 0.00830078125 0.0068359375
11 0.77294921875 0.49609375 0.00830078125 0.0068359375
11 0.80712890625 0.55859375 0.00830078125 0.0068359375
11 0.80712890625 0.4990234375 0.00830078125 0.00732421875
11 0.712890625 0.4990234375 0.00830078125 0.00732421875
11 0.7431640625 0.49609375 0.00830078125 0.0068359375
11 0.75830078125 0.49609375 0.00830078125 0.0068359375
11 0.7431640625 0.55859375 0.00830078125 0.0068359375
11 0.7275390625 0.4990234375 0.00830078125 0.00732421875
11 0.28271484375 0.4990234375 0.00830078125 0.00732421875
11 0.2978515625 0.55859375 0.00830078125 0.0068359375
11 0.2978515625 0.4990234375 0.00830078125 0.00732421875
11 0.26416015625 0.55859375 0.0078125 0.0068359375
11 0.26416015625 0.4990234375 0.0078125 0.00732421875
11 0.314453125 0.55859375 0.00830078125 0.0068359375
11 0.314453125 0.4990234375 0.00830078125 0.00732421875
9 0.3046875 0.546875 0.0068359375 0.017578125
1 0.193359375 0.55078125 0.017578125 0.02099609375
10 0.19384765625 0.49755859375 0.0166015625 0.0458984375
0 0.17529296875 0.52587890625 0.005859375 0.0791015625
11 0.2490234375 0.49609375 0.00830078125 0.0068359375
11 0.23388671875 0.4990234375 0.00830078125 0.00732421875
21 0.2177734375 0.55126953125 0.00634765625 0.01806640625
11 0.21875 0.49609375 0.00830078125 0.0068359375
11 0.47412109375 0.5615234375 0.00830078125 0.0068359375
11 0.47412109375 0.501953125 0.00830078125 0.0068359375
11 0.45947265625 0.4990234375 0.00830078125 0.00732421875
11 0.43994140625 0.5615234375 0.00830078125 0.0068359375
11 0.43994140625 0.4990234375 0.00830078125 0.00732421875
11 0.49072265625 0.5615234375 0.00830078125 0.0068359375
11 0.49072265625 0.501953125 0.00830078125 0.0068359375
9 0.48095703125 0.5498046875 0.0068359375 0.017578125
11 0.4248046875 0.49609375 0.00830078125 0.0068359375
21 0.39404296875 0.55126953125 0.00634765625 0.01806640625
11 0.39501953125 0.49609375 0.00830078125 0.0068359375
11 0.41015625 0.4990234375 0.0078125 0.00732421875
11 0.62744140625 0.68994140625 0.00830078125 0.0068359375
11 0.615234375 0.68701171875 0.00830078125 0.0068359375
11 0.60302734375 0.68408203125 0.00830078125 0.0068359375
12 0.48779296875 0.68994140625 0.0087890625 0.0068359375
12 0.53515625 0.68701171875 0.0087890625 0.0068359375
11 0.51123046875 0.69873046875 0.0078125 0.0068359375
21 0.55859375 0.6796875 0.00634765625 0.0185546875
12 0.5810546875 0.68408203125 0.0087890625 0.0068359375
22 0.31591796875 0.623046875 0.00830078125 0.00390625
22 0.36279296875 0.623046875 0.00830078125 0.00390625
22 0.4091796875 0.623046875 0.00830078125 0.00390625
22 0.45556640625 0.623046875 0.00830078125 0.00390625
22 0.50244140625 0.623046875 0.00830078125 0.00390625
22 0.548828125 0.623046875 0.00830078125 0.00390625
22 0.607421875 0.623046875 0.00830078125 0.00390625
22 0.67724609375 0.623046875 0.00830078125 0.00390625
22 0.7451171875 0.623046875 0.00830078125 0.00390625
22 0.7451171875 0.6767578125 0.00830078125 0.00390625
11 0.673828125 0.68408203125 0.00830078125 0.0068359375
12 0.65185546875 0.68408203125 0.0087890625 0.0068359375
11 0.6982421875 0.68994140625 0.0078125 0.0068359375
11 0.68603515625 0.68701171875 0.00830078125 0.0068359375
11 0.2607421875 0.68994140625 0.00830078125 0.0068359375
11 0.2607421875 0.63037109375 0.00830078125 0.00732421875
11 0.24853515625 0.68701171875 0.00830078125 0.0068359375
11 0.24853515625 0.62744140625 0.00830078125 0.0068359375
12 0.3017578125 0.68994140625 0.0087890625 0.0068359375
21 0.27685546875 0.6796875 0.00634765625 0.0185546875
21 0.27685546875 0.6259765625 0.00634765625 0.0185546875
22 0.791015625 0.6767578125 0.00830078125 0.00390625
1 0.193359375 0.67919921875 0.017578125 0.02099609375
10 0.19384765625 0.6259765625 0.0166015625 0.0458984375
22 0.791015625 0.623046875 0.00830078125 0.00390625
0 0.17529296875 0.65380859375 0.005859375 0.0791015625
11 0.236328125 0.68701171875 0.00830078125 0.0068359375
11 0.236328125 0.62744140625 0.00830078125 0.0068359375
11 0.21875 0.68701171875 0.00830078125 0.0068359375
11 0.21875 0.62744140625 0.00830078125 0.0068359375
12 0.39453125 0.68408203125 0.0087890625 0.0068359375
21 0.37255859375 0.6796875 0.00634765625 0.0185546875
11 0.41796875 0.69873046875 0.00830078125 0.0068359375
12 0.44189453125 0.68701171875 0.0087890625 0.0068359375
11 0.3251953125 0.69873046875 0.00830078125 0.0068359375
21 0.4658203125 0.6796875 0.0068359375 0.0185546875
12 0.3486328125 0.68701171875 0.0087890625 0.0068359375