11 0.68017578125 0.29296875 0.01025390625 0.0087890625
11 0.68017578125 0.36669921875 0.01025390625 0.0087890625
11 0.68017578125 0.18212890625 0.01025390625 0.0087890625
11 0.703125 0.16748046875 0.01025390625 0.0087890625
11 0.6484375 0.17822265625 0.01025390625 0.00927734375
11 0.60498046875 0.37060546875 0.01025390625 0.00927734375
11 0.60498046875 0.29638671875 0.01025390625 0.0087890625
15 0.60498046875 0.17578125 0.009765625 0.0146484375
8 0.583984375 0.18603515625 0.0078125 0.02197265625
11 0.5849609375 0.2783203125 0.01025390625 0.0087890625
11 0.5849609375 0.1708984375 0.01025390625 0.00927734375
11 0.626953125 0.1708984375 0.01025390625 0.00927734375
11 0.703125 0.2822265625 0.01025390625 0.0087890625
11 0.626953125 0.28564453125 0.01025390625 0.0087890625
11 0.6484375 0.2783203125 0.01025390625 0.0087890625
11 0.80322265625 0.27490234375 0.009765625 0.0087890625
9 0.81103515625 0.1669921875 0.00830078125 0.02197265625
11 0.80322265625 0.18212890625 0.009765625 0.0087890625
11 0.78125 0.2822265625 0.01025390625 0.0087890625
11 0.78125 0.17822265625 0.01025390625 0.00927734375
11 0.7412109375 0.1708984375 0.00732421875 0.00634765625
8 0.724609375 0.18603515625 0.0078125 0.02197265625
11 0.72509765625 0.27490234375 0.01025390625 0.0087890625
11 0.72509765625 0.1708984375 0.01025390625 0.00927734375
11 0.7587890625 0.36328125 0.01025390625 0.0087890625
11 0.7587890625 0.29296875 0.01025390625 0.0087890625
11 0.7587890625 0.1748046875 0.01025390625 0.0087890625
9 0.74560546875 0.1572265625 0.01123046875 0.01953125
11 0.3837890625 0.35205078125 0.01025390625 0.00927734375
11 0.3837890625 0.29638671875 0.01025390625 0.0087890625
11 0.3837890625 0.17822265625 0.01025390625 0.00927734375
8 0.341796875 0.1884765625 0.0078125 0.02197265625
15 0.34228515625 0.3603515625 0.00927734375 0.0146484375
15 0.34228515625 0.275390625 0.00927734375 0.01416015625
11 0.3427734375 0.1748046875 0.01025390625 0.0087890625
11 0.40673828125 0.28564453125 0.01025390625 0.0087890625
11 0.30712890625 0.1708984375 0.01025390625 0.00927734375
1 0.24658203125 0.35693359375 0.021484375 0.02587890625
15 0.30712890625 0.3603515625 0.009765625 0.0146484375
10 0.24755859375 0.27294921875 0.0205078125 0.05615234375
15 0.30712890625 0.275390625 0.009765625 0.01416015625
10 0.24755859375 0.17333984375 0.0205078125 0.05615234375
0 0.22509765625 0.31689453125 0.0078125 0.11572265625
8 0.306640625 0.18603515625 0.0078125 0.02197265625
11 0.53857421875 0.35205078125 0.01025390625 0.00927734375
11 0.53857421875 0.29638671875 0.01025390625 0.0087890625
11 0.53857421875 0.16748046875 0.01025390625 0.0087890625
8 0.50537109375 0.1884765625 0.0078125 0.02197265625
11 0.50634765625 0.1748046875 0.01025390625 0.0087890625
11 0.5615234375 0.28564453125 0.009765625 0.0087890625
11 0.50634765625 0.2783203125 0.01025390625 0.0087890625
11 0.4599609375 0.35205078125 0.009765625 0.00927734375
11 0.4599609375 0.29638671875 0.009765625 0.0087890625
11 0.4599609375 0.17822265625 0.009765625 0.00927734375
9 0.4375 0.16357421875 0.00830078125 0.021484375
11 0.4296875 0.2783203125 0.01025390625 0.0087890625
11 0.4296875 0.17822265625 0.01025390625 0.00927734375
11 0.4833984375 0.28564453125 0.01025390625 0.0087890625
9 0.6572265625 0.66357421875 0.00830078125 0.02197265625
11 0.6494140625 0.7783203125 0.009765625 0.00927734375
11 0.6494140625 0.67822265625 0.009765625 0.0087890625
8 0.626953125 0.685546875 0.0078125 0.02197265625
11 0.6279296875 0.78515625 0.01025390625 0.0087890625
11 0.6279296875 0.6708984375 0.01025390625 0.0087890625
11 0.6806640625 0.86669921875 0.01025390625 0.00927734375
11 0.6806640625 0.79248046875 0.01025390625 0.0087890625
11 0.6806640625 0.681640625 0.01025390625 0.0087890625
11 0.56396484375 0.78515625 0.01025390625 0.0087890625
11 0.58642578125 0.6708984375 0.01025390625 0.0087890625
11 0.6064453125 0.8701171875 0.01025390625 0.0087890625
11 0.6064453125 0.79638671875 0.01025390625 0.00927734375
15 0.60595703125 0.67529296875 0.009765625 0.0146484375
8 0.5859375 0.685546875 0.00830078125 0.02197265625
11 0.58642578125 0.7783203125 0.01025390625 0.00927734375
9 0.80859375 0.6669921875 0.00830078125 0.02197265625
11 0.80078125 0.7744140625 0.01025390625 0.0087890625
11 0.80078125 0.681640625 0.01025390625 0.0087890625
11 0.779296875 0.78173828125 0.01025390625 0.0087890625
11 0.779296875 0.67822265625 0.01025390625 0.0087890625
8 0.72412109375 0.685546875 0.0078125 0.02197265625
11 0.72509765625 0.7744140625 0.01025390625 0.0087890625
11 0.72509765625 0.6708984375 0.01025390625 0.0087890625
11 0.703125 0.78173828125 0.01025390625 0.0087890625
11 0.703125 0.6669921875 0.01025390625 0.00927734375
11 0.7578125 0.79248046875 0.01025390625 0.0087890625
11 0.7578125 0.86279296875 0.01025390625 0.0087890625
11 0.7578125 0.67431640625 0.01025390625 0.0087890625
9 0.74462890625 0.6572265625 0.01123046875 0.02001953125
11 0.73974609375 0.6708984375 0.00732421875 0.00634765625
11 0.32275390625 0.85205078125 0.01025390625 0.0087890625
11 0.32275390625 0.79638671875 0.01025390625 0.00927734375
15 0.32275390625 0.67529296875 0.009765625 0.0146484375
11 0.30322265625 0.7783203125 0.01025390625 0.00927734375
15 0.30322265625 0.67529296875 0.00927734375 0.0146484375
11 0.28076171875 0.78515625 0.01025390625 0.0087890625
8 0.365234375 0.6884765625 0.00830078125 0.02197265625
11 0.36572265625 0.7783203125 0.01025390625 0.00927734375
11 0.36572265625 0.67431640625 0.01025390625 0.0087890625
8 0.34375 0.685546875 0.0078125 0.02197265625
11 0.34423828125 0.78515625 0.01025390625 0.0087890625
11 0.34423828125 0.6708984375 0.01025390625 0.0087890625
1 0.1962890625 0.85693359375 0.021484375 0.02587890625
10 0.19677734375 0.77294921875 0.0205078125 0.05615234375
10 0.19677734375 0.6728515625 0.0205078125 0.05615234375
0 0.1748046875 0.81689453125 0.00830078125 0.115234375
11 0.25830078125 0.85205078125 0.01025390625 0.0087890625
11 0.25830078125 0.79638671875 0.01025390625 0.00927734375
11 0.25830078125 0.67822265625 0.01025390625 0.0087890625
9 0.244140625 0.66650390625 0.01171875 0.01953125
11 0.23974609375 0.681640625 0.00732421875 0.00634765625
11 0.4873046875 0.78515625 0.01025390625 0.0087890625
11 0.46484375 0.85205078125 0.01025390625 0.0087890625
11 0.46484375 0.79638671875 0.01025390625 0.00927734375
11 0.46484375 0.67822265625 0.01025390625 0.0087890625
9 0.4501953125 0.66357421875 0.00830078125 0.02197265625
11 0.54150390625 0.85205078125 0.009765625 0.0087890625
11 0.54150390625 0.79638671875 0.009765625 0.00927734375
11 0.54150390625 0.6669921875 0.009765625 0.00927734375
8 0.50927734375 0.6884765625 0.0078125 0.02197265625
11 0.509765625 0.7783203125 0.01025390625 0.00927734375
11 0.509765625 0.67431640625 0.01025390625 0.0087890625
11 0.419921875 0.78515625 0.01025390625 0.0087890625
11 0.3974609375 0.79638671875 0.01025390625 0.00927734375
11 0.3974609375 0.67822265625 0.01025390625 0.0087890625
11 0.3974609375 0.85205078125 0.01025390625 0.0087890625
11 0.4423828125 0.67822265625 0.01025390625 0.0087890625
11 0.4423828125 0.7783203125 0.01025390625 0.00927734375