15 0.6259765625 0.12451171875 0.0078125 0.01171875
9 0.60205078125 0.25048828125 0.0068359375 0.017578125
11 0.6259765625 0.07666015625 0.00830078125 0.0068359375
15 0.5166015625 0.25439453125 0.0078125 0.01171875
15 0.6259765625 0.25439453125 0.0078125 0.01171875
11 0.6494140625 0.259765625 0.00830078125 0.0068359375
9 0.65625 0.24755859375 0.0068359375 0.017578125
11 0.67333984375 0.07080078125 0.00830078125 0.0068359375
15 0.6728515625 0.25439453125 0.0078125 0.01171875
11 0.67333984375 0.11474609375 0.00830078125 0.00732421875
11 0.6494140625 0.07373046875 0.00830078125 0.0068359375
11 0.6494140625 0.12060546875 0.00830078125 0.0068359375
11 0.54052734375 0.2626953125 0.00830078125 0.0068359375
9 0.54736328125 0.25048828125 0.0068359375 0.017578125
11 0.56396484375 0.07958984375 0.00830078125 0.0068359375
11 0.54052734375 0.07373046875 0.00830078125 0.0068359375
11 0.54052734375 0.11474609375 0.00830078125 0.00732421875
11 0.59521484375 0.07373046875 0.00830078125 0.0068359375
11 0.59521484375 0.11474609375 0.00830078125 0.00732421875
11 0.59521484375 0.2626953125 0.00830078125 0.0068359375
11 0.57958984375 0.07666015625 0.00830078125 0.0068359375
11 0.56396484375 0.11767578125 0.00830078125 0.0068359375
15 0.56396484375 0.25439453125 0.0078125 0.01171875
11 0.79833984375 0.07080078125 0.00830078125 0.0068359375
11 0.79833984375 0.11181640625 0.00830078125 0.0068359375
11 0.79833984375 0.259765625 0.00830078125 0.0068359375
9 0.80517578125 0.24755859375 0.0068359375 0.017578125
11 0.78271484375 0.07373046875 0.00830078125 0.0068359375
22 0.51416015625 0.1845703125 0.00830078125 0.00390625
9 0.70263671875 0.24755859375 0.0068359375 0.017578125
11 0.72021484375 0.07373046875 0.00830078125 0.0068359375
11 0.72021484375 0.10888671875 0.00830078125 0.0068359375
15 0.72021484375 0.25439453125 0.0078125 0.01171875
11 0.69580078125 0.07666015625 0.00830078125 0.0068359375
11 0.69580078125 0.12060546875 0.00830078125 0.0068359375
11 0.69580078125 0.259765625 0.00830078125 0.0068359375
9 0.75 0.24755859375 0.0068359375 0.017578125
11 0.76708984375 0.07666015625 0.00830078125 0.0068359375
11 0.76708984375 0.11474609375 0.00830078125 0.00732421875
15 0.76708984375 0.25439453125 0.0078125 0.01171875
11 0.74365234375 0.07080078125 0.00830078125 0.0068359375
11 0.74365234375 0.12060546875 0.00830078125 0.0068359375
11 0.74365234375 0.259765625 0.00830078125 0.0068359375
11 0.2890625 0.2626953125 0.00830078125 0.0068359375
9 0.29541015625 0.25048828125 0.0068359375 0.017578125
11 0.31298828125 0.07666015625 0.00830078125 0.0068359375
11 0.31298828125 0.11181640625 0.00830078125 0.0068359375
15 0.31298828125 0.25439453125 0.0078125 0.01171875
15 0.26611328125 0.25439453125 0.0078125 0.01171875
11 0.2890625 0.07958984375 0.00830078125 0.0068359375
11 0.2890625 0.1240234375 0.00830078125 0.0068359375
11 0.51708984375 0.11181640625 0.00830078125 0.0068359375
11 0.3603515625 0.07958984375 0.00830078125 0.0068359375
11 0.3603515625 0.11767578125 0.00830078125 0.0068359375
15 0.35986328125 0.25439453125 0.0078125 0.01171875
11 0.26611328125 0.11767578125 0.00830078125 0.0068359375
11 0.33642578125 0.07373046875 0.00830078125 0.0068359375
11 0.33642578125 0.1240234375 0.00830078125 0.0068359375
11 0.33642578125 0.2626953125 0.00830078125 0.0068359375
10 0.19287109375 0.1220703125 0.0166015625 0.0458984375
10 0.19287109375 0.1875 0.0166015625 0.0458984375
10 0.19287109375 0.25244140625 0.0166015625 0.0458984375
22 0.30615234375 0.1845703125 0.00830078125 0.00390625
22 0.71728515625 0.1845703125 0.00830078125 0.00390625
10 0.19287109375 0.0576171875 0.0166015625 0.0458984375
11 0.24169921875 0.2626953125 0.00830078125 0.0068359375
11 0.24169921875 0.1240234375 0.00830078125 0.0068359375
9 0.24853515625 0.25048828125 0.0068359375 0.017578125
11 0.26611328125 0.07373046875 0.00830078125 0.0068359375
11 0.21826171875 0.07958984375 0.00830078125 0.0068359375
15 0.21826171875 0.12451171875 0.0078125 0.01171875
15 0.21826171875 0.25439453125 0.0078125 0.01171875
9 0.3427734375 0.25048828125 0.0068359375 0.017578125
11 0.24169921875 0.07666015625 0.00830078125 0.0068359375
11 0.44580078125 0.1240234375 0.00830078125 0.0068359375
11 0.44580078125 0.2626953125 0.00830078125 0.0068359375
11 0.44580078125 0.07666015625 0.00830078125 0.0068359375
9 0.4521484375 0.25048828125 0.0068359375 0.017578125
11 0.4697265625 0.07373046875 0.00830078125 0.0068359375
11 0.49267578125 0.2626953125 0.00830078125 0.0068359375
11 0.49267578125 0.1240234375 0.00830078125 0.0068359375
9 0.49951171875 0.25048828125 0.0068359375 0.017578125
11 0.51708984375 0.07666015625 0.00830078125 0.0068359375
11 0.4697265625 0.11767578125 0.00830078125 0.0068359375
15 0.4697265625 0.25439453125 0.0078125 0.01171875
11 0.49267578125 0.07958984375 0.00830078125 0.0068359375
9 0.39794921875 0.25048828125 0.0068359375 0.017578125
11 0.3759765625 0.07666015625 0.00830078125 0.0068359375
11 0.3916015625 0.2626953125 0.00830078125 0.0068359375
11 0.3916015625 0.11474609375 0.00830078125 0.00732421875
11 0.3916015625 0.07373046875 0.00830078125 0.0068359375
15 0.421875 0.25439453125 0.0078125 0.01171875
15 0.421875 0.12451171875 0.0078125 0.01171875
11 0.42236328125 0.07958984375 0.00830078125 0.0068359375
15 0.62548828125 0.595703125 0.0078125 0.01171875
15 0.62548828125 0.4658203125 0.0078125 0.01171875
11 0.62548828125 0.4208984375 0.00830078125 0.0068359375
11 0.5166015625 0.41845703125 0.00830078125 0.0068359375
9 0.6015625 0.591796875 0.0068359375 0.017578125
9 0.65576171875 0.591796875 0.0068359375 0.017578125
11 0.6728515625 0.4150390625 0.00830078125 0.0068359375
11 0.6728515625 0.45654296875 0.00830078125 0.0068359375
15 0.6728515625 0.595703125 0.0078125 0.01171875
11 0.64892578125 0.41845703125 0.00830078125 0.0068359375
11 0.64892578125 0.453125 0.00830078125 0.0068359375
11 0.64892578125 0.60400390625 0.00830078125 0.0068359375
15 0.51611328125 0.595703125 0.0078125 0.01171875
9 0.546875 0.591796875 0.0068359375 0.017578125
11 0.5634765625 0.4208984375 0.00830078125 0.0068359375
11 0.5634765625 0.45947265625 0.00830078125 0.0068359375
11 0.5400390625 0.4150390625 0.00830078125 0.0068359375
11 0.5400390625 0.45654296875 0.00830078125 0.0068359375
11 0.5400390625 0.60400390625 0.00830078125 0.0068359375
11 0.5947265625 0.4150390625 0.00830078125 0.0068359375
11 0.5947265625 0.45654296875 0.00830078125 0.0068359375
11 0.5947265625 0.60400390625 0.00830078125 0.0068359375
15 0.5634765625 0.595703125 0.0078125 0.01171875
11 0.5166015625 0.453125 0.00830078125 0.0068359375
11 0.5791015625 0.41845703125 0.00830078125 0.0068359375
11 0.79833984375 0.46533203125 0.00830078125 0.0068359375
11 0.79833984375 0.60400390625 0.00830078125 0.0068359375
11 0.79833984375 0.4150390625 0.00830078125 0.0068359375
9 0.80517578125 0.591796875 0.0068359375 0.017578125
11 0.78271484375 0.41845703125 0.00830078125 0.0068359375
22 0.513671875 0.52587890625 0.00830078125 0.00390625
9 0.70263671875 0.591796875 0.0068359375 0.017578125
11 0.7197265625 0.41845703125 0.00830078125 0.0068359375
11 0.7197265625 0.45654296875 0.00830078125 0.0068359375
15 0.7197265625 0.595703125 0.0078125 0.01171875
11 0.6962890625 0.4208984375 0.00830078125 0.0068359375
11 0.6962890625 0.45947265625 0.00830078125 0.0068359375
11 0.6962890625 0.60400390625 0.00830078125 0.0068359375
9 0.75048828125 0.591796875 0.0068359375 0.017578125
11 0.76708984375 0.4208984375 0.00830078125 0.0068359375
11 0.76708984375 0.46240234375 0.00830078125 0.00732421875
15 0.7666015625 0.595703125 0.0078125 0.01171875
11 0.74365234375 0.4150390625 0.00830078125 0.0068359375
11 0.74365234375 0.45947265625 0.00830078125 0.0068359375
11 0.74365234375 0.60400390625 0.00830078125 0.0068359375
11 0.28857421875 0.41845703125 0.00830078125 0.0068359375
11 0.28857421875 0.46240234375 0.00830078125 0.00732421875
11 0.28857421875 0.60107421875 0.00830078125 0.0068359375
9 0.294921875 0.5888671875 0.0068359375 0.017578125
15 0.265625 0.595703125 0.0078125 0.01171875
11 0.3359375 0.46240234375 0.00830078125 0.00732421875
11 0.3359375 0.60107421875 0.00830078125 0.0068359375
11 0.3359375 0.412109375 0.00830078125 0.0068359375
9 0.3427734375 0.5888671875 0.0068359375 0.017578125
11 0.3125 0.4150390625 0.00830078125 0.0068359375
11 0.3125 0.4501953125 0.00830078125 0.0068359375
15 0.3125 0.595703125 0.0078125 0.01171875
11 0.265625 0.45654296875 0.00830078125 0.0068359375
10 0.19287109375 0.4638671875 0.0166015625 0.0458984375
10 0.19287109375 0.52880859375 0.0166015625 0.0458984375
10 0.19287109375 0.59375 0.0166015625 0.0458984375
22 0.30615234375 0.52587890625 0.00830078125 0.00390625
22 0.71728515625 0.52587890625 0.00830078125 0.00390625
10 0.19287109375 0.39892578125 0.0166015625 0.0458984375
11 0.24169921875 0.60107421875 0.00830078125 0.0068359375
11 0.24169921875 0.46240234375 0.00830078125 0.00732421875
9 0.24853515625 0.5888671875 0.0068359375 0.017578125
11 0.265625 0.412109375 0.00830078125 0.0068359375
11 0.21826171875 0.41845703125 0.00830078125 0.0068359375
15 0.21826171875 0.4658203125 0.0078125 0.01171875
15 0.21826171875 0.595703125 0.0078125 0.01171875
11 0.24169921875 0.4150390625 0.00830078125 0.0068359375
11 0.44580078125 0.41845703125 0.00830078125 0.0068359375
11 0.44580078125 0.4501953125 0.00830078125 0.0068359375
11 0.44580078125 0.60400390625 0.00830078125 0.0068359375
9 0.4521484375 0.591796875 0.0068359375 0.017578125
11 0.35986328125 0.41845703125 0.0078125 0.0068359375
11 0.49267578125 0.45654296875 0.00830078125 0.0068359375
11 0.49267578125 0.60400390625 0.00830078125 0.0068359375
11 0.49267578125 0.4208984375 0.00830078125 0.0068359375
9 0.4990234375 0.591796875 0.0068359375 0.017578125
11 0.46923828125 0.4150390625 0.00830078125 0.0068359375
11 0.46923828125 0.453125 0.00830078125 0.0068359375
15 0.46923828125 0.595703125 0.0078125 0.01171875
11 0.39111328125 0.412109375 0.00830078125 0.0068359375
11 0.39111328125 0.45947265625 0.00830078125 0.0068359375
11 0.39111328125 0.60107421875 0.00830078125 0.0068359375
11 0.35986328125 0.453125 0.0078125 0.0068359375
15 0.35986328125 0.595703125 0.0078125 0.01171875
11 0.37548828125 0.4150390625 0.00830078125 0.0068359375
15 0.421875 0.595703125 0.0078125 0.01171875
15 0.421875 0.4658203125 0.0078125 0.01171875
11 0.421875 0.4208984375 0.00830078125 0.0068359375
9 0.39794921875 0.5888671875 0.0068359375 0.017578125
15 0.62939453125 0.9375 0.0078125 0.01171875
11 0.62939453125 0.86279296875 0.00830078125 0.0068359375
11 0.62939453125 0.7626953125 0.00830078125 0.0068359375
9 0.60009765625 0.93017578125 0.0068359375 0.017578125
11 0.65234375 0.9453125 0.00830078125 0.0068359375
11 0.65234375 0.759765625 0.00830078125 0.0068359375
11 0.53955078125 0.75390625 0.00830078125 0.0068359375
9 0.5458984375 0.93017578125 0.0068359375 0.017578125
11 0.53955078125 0.9423828125 0.00830078125 0.0068359375
15 0.53955078125 0.8720703125 0.0078125 0.01171875
15 0.51611328125 0.9375 0.0078125 0.01171875
11 0.5166015625 0.7568359375 0.00830078125 0.00732421875
9 0.49951171875 0.93017578125 0.0068359375 0.017578125
11 0.59326171875 0.9423828125 0.00830078125 0.0068359375
11 0.59326171875 0.86865234375 0.00830078125 0.0068359375
11 0.59326171875 0.75390625 0.00830078125 0.0068359375
11 0.57763671875 0.7568359375 0.00830078125 0.00732421875
15 0.5625 0.9375 0.0078125 0.01171875
11 0.5625 0.86572265625 0.00830078125 0.0068359375
11 0.5625 0.759765625 0.00830078125 0.0068359375
11 0.79833984375 0.7568359375 0.00830078125 0.00732421875
9 0.80517578125 0.93359375 0.0068359375 0.017578125
8 0.79833984375 0.87451171875 0.00634765625 0.01806640625
11 0.79833984375 0.9453125 0.00830078125 0.0068359375
11 0.79833984375 0.86279296875 0.00830078125 0.0068359375
11 0.783203125 0.759765625 0.00830078125 0.0068359375
22 0.5107421875 0.80224609375 0.00830078125 0.00390625
15 0.767578125 0.9375 0.0078125 0.01171875
11 0.69873046875 0.86572265625 0.00830078125 0.0068359375
9 0.705078125 0.93359375 0.0068359375 0.017578125
8 0.6982421875 0.87744140625 0.00634765625 0.017578125
11 0.69873046875 0.9453125 0.00830078125 0.0068359375
11 0.69873046875 0.7626953125 0.00830078125 0.0068359375
15 0.67578125 0.9375 0.0078125 0.01171875
11 0.67626953125 0.7568359375 0.00830078125 0.00732421875
9 0.6591796875 0.93359375 0.0068359375 0.017578125
11 0.767578125 0.7626953125 0.00830078125 0.0068359375
9 0.75146484375 0.93359375 0.0068359375 0.017578125
11 0.7451171875 0.9453125 0.00830078125 0.0068359375
11 0.7451171875 0.7568359375 0.00830078125 0.00732421875
15 0.7216796875 0.9375 0.0078125 0.01171875
11 0.7216796875 0.86865234375 0.00830078125 0.0068359375
11 0.7216796875 0.759765625 0.00830078125 0.0068359375
11 0.287109375 0.87158203125 0.00830078125 0.00732421875
11 0.287109375 0.9423828125 0.00830078125 0.0068359375
11 0.287109375 0.759765625 0.00830078125 0.0068359375
8 0.287109375 0.8828125 0.00634765625 0.017578125
9 0.2939453125 0.93017578125 0.0068359375 0.017578125
15 0.2646484375 0.9375 0.0078125 0.01171875
11 0.2646484375 0.75390625 0.00830078125 0.0068359375
9 0.34033203125 0.93017578125 0.0068359375 0.017578125
11 0.333984375 0.9423828125 0.0078125 0.0068359375
11 0.333984375 0.75390625 0.0078125 0.0068359375
9 0.248046875 0.93017578125 0.0068359375 0.017578125
15 0.310546875 0.9375 0.0078125 0.01171875
11 0.31103515625 0.87158203125 0.00830078125 0.00732421875
11 0.31103515625 0.7568359375 0.00830078125 0.00732421875
10 0.19287109375 0.740234375 0.0166015625 0.0458984375
10 0.19287109375 0.80517578125 0.0166015625 0.0458984375
10 0.19287109375 0.8701171875 0.0166015625 0.0458984375
10 0.19287109375 0.93505859375 0.0166015625 0.0458984375
22 0.71630859375 0.80224609375 0.00830078125 0.00390625
22 0.30419921875 0.80224609375 0.00830078125 0.00390625
11 0.24169921875 0.9423828125 0.00830078125 0.0068359375
11 0.24169921875 0.7568359375 0.00830078125 0.00732421875
15 0.21826171875 0.9375 0.0078125 0.01171875
11 0.21826171875 0.86865234375 0.00830078125 0.0068359375
11 0.21826171875 0.759765625 0.00830078125 0.0068359375
11 0.447265625 0.9423828125 0.00830078125 0.0068359375
11 0.447265625 0.7568359375 0.00830078125 0.00732421875
11 0.4931640625 0.9423828125 0.00830078125 0.0068359375
11 0.4931640625 0.759765625 0.00830078125 0.0068359375
15 0.47021484375 0.9375 0.0078125 0.01171875
11 0.470703125 0.86865234375 0.00830078125 0.0068359375
11 0.470703125 0.75390625 0.00830078125 0.0068359375
9 0.45361328125 0.93017578125 0.0068359375 0.017578125
9 0.39404296875 0.93017578125 0.0068359375 0.017578125
9 0.39404296875 0.8623046875 0.0068359375 0.017578125
11 0.3876953125 0.9423828125 0.00830078125 0.0068359375
11 0.3876953125 0.87451171875 0.00830078125 0.0068359375
11 0.3876953125 0.75390625 0.00830078125 0.0068359375
11 0.3720703125 0.7568359375 0.00830078125 0.00732421875
11 0.3564453125 0.759765625 0.00830078125 0.0068359375
15 0.3564453125 0.9375 0.0078125 0.01171875
15 0.423828125 0.9375 0.0078125 0.01171875
11 0.423828125 0.759765625 0.00830078125 0.0068359375
11 0.423828125 0.87158203125 0.00830078125 0.00732421875