11 0.67333984375 0.19189453125 0.00830078125 0.0068359375
22 0.40234375 0.40771484375 0.00830078125 0.00390625
22 0.40234375 0.32568359375 0.00830078125 0.00390625
19 0.642578125 0.263671875 0.00830078125 0.00390625
11 0.642578125 0.18603515625 0.00830078125 0.00732421875
11 0.71435546875 0.25634765625 0.00830078125 0.0068359375
11 0.71435546875 0.18310546875 0.00830078125 0.0068359375
13 0.7158203125 0.103515625 0.01123046875 0.00732421875
22 0.40234375 0.26123046875 0.00830078125 0.00390625
22 0.31298828125 0.1142578125 0.00830078125 0.00390625
21 0.609375 0.263671875 0.00634765625 0.0185546875
11 0.6103515625 0.19189453125 0.00830078125 0.0068359375
19 0.77783203125 0.263671875 0.00830078125 0.00390625
12 0.7783203125 0.18310546875 0.0087890625 0.0068359375
22 0.6337890625 0.40771484375 0.00830078125 0.00390625
22 0.6337890625 0.32568359375 0.00830078125 0.00390625
22 0.50732421875 0.32568359375 0.00830078125 0.00390625
11 0.74560546875 0.19189453125 0.00830078125 0.0068359375
21 0.74462890625 0.263671875 0.00634765625 0.0185546875
22 0.50732421875 0.40771484375 0.00830078125 0.00390625
11 0.3681640625 0.18896484375 0.00830078125 0.0068359375
13 0.36962890625 0.1005859375 0.01123046875 0.0068359375
12 0.400390625 0.18896484375 0.0087890625 0.0068359375
0 0.22607421875 0.29736328125 0.005859375 0.08837890625
22 0.31298828125 0.40771484375 0.00830078125 0.00390625
22 0.7607421875 0.32568359375 0.00830078125 0.00390625
22 0.31298828125 0.32568359375 0.00830078125 0.00390625
22 0.31298828125 0.26123046875 0.00830078125 0.00390625
22 0.31298828125 0.1875 0.00830078125 0.00390625
1 0.24365234375 0.41015625 0.017578125 0.02099609375
1 0.24365234375 0.32763671875 0.017578125 0.02099609375
10 0.244140625 0.263671875 0.0166015625 0.0458984375
10 0.244140625 0.1904296875 0.0166015625 0.0458984375
10 0.244140625 0.1171875 0.0166015625 0.0458984375
22 0.7607421875 0.40771484375 0.00830078125 0.00390625
21 0.4921875 0.263671875 0.00634765625 0.0185546875
12 0.49365234375 0.20068359375 0.0087890625 0.0068359375
11 0.57763671875 0.244140625 0.00830078125 0.0068359375
11 0.57763671875 0.25048828125 0.00830078125 0.0068359375
11 0.57763671875 0.19775390625 0.00830078125 0.0068359375
13 0.5791015625 0.103515625 0.01123046875 0.00732421875
19 0.52392578125 0.263671875 0.00830078125 0.00390625
11 0.4609375 0.24755859375 0.00830078125 0.0068359375
11 0.4609375 0.25341796875 0.00830078125 0.00732421875
11 0.4609375 0.20068359375 0.00830078125 0.00732421875
13 0.46240234375 0.1005859375 0.01123046875 0.0068359375
12 0.6318359375 0.69140625 0.0087890625 0.0068359375
13 0.6904296875 0.91162109375 0.01123046875 0.0068359375
11 0.68896484375 0.69140625 0.0078125 0.0068359375
11 0.68896484375 0.61181640625 0.0078125 0.0068359375
13 0.58642578125 0.91162109375 0.01123046875 0.0068359375
12 0.5849609375 0.68505859375 0.0087890625 0.0068359375
13 0.58642578125 0.60595703125 0.01123046875 0.00732421875
22 0.38818359375 0.82177734375 0.00830078125 0.00390625
22 0.38818359375 0.904296875 0.00830078125 0.00390625
22 0.5107421875 0.75732421875 0.00830078125 0.00390625
22 0.5107421875 0.82177734375 0.00830078125 0.00390625
22 0.62451171875 0.75732421875 0.00830078125 0.00390625
22 0.62451171875 0.82177734375 0.00830078125 0.00390625
11 0.72216796875 0.6884765625 0.00830078125 0.00732421875
11 0.72216796875 0.60888671875 0.00830078125 0.0068359375
11 0.7890625 0.69140625 0.00830078125 0.0068359375
11 0.7890625 0.60595703125 0.00830078125 0.00732421875
11 0.755859375 0.68505859375 0.0078125 0.0068359375
11 0.755859375 0.60595703125 0.0078125 0.00732421875
21 0.25146484375 0.76025390625 0.00634765625 0.0185546875
11 0.21875 0.74365234375 0.00830078125 0.0068359375
13 0.22021484375 0.68212890625 0.01123046875 0.00732421875
13 0.22021484375 0.60302734375 0.01123046875 0.0068359375
11 0.33984375 0.73779296875 0.00830078125 0.0068359375
12 0.52978515625 0.68505859375 0.0087890625 0.0068359375
13 0.34130859375 0.69140625 0.01123046875 0.0068359375
13 0.34130859375 0.60302734375 0.01123046875 0.0068359375
19 0.2841796875 0.759765625 0.00830078125 0.00390625
22 0.74755859375 0.82177734375 0.00830078125 0.00390625
22 0.74755859375 0.75732421875 0.00830078125 0.00390625
22 0.26513671875 0.904296875 0.00830078125 0.00390625
22 0.26513671875 0.82177734375 0.00830078125 0.00390625
0 0.17529296875 0.7939453125 0.00634765625 0.08837890625
1 0.193359375 0.90673828125 0.017578125 0.02099609375
1 0.193359375 0.82421875 0.017578125 0.02099609375
10 0.19384765625 0.76025390625 0.0166015625 0.0458984375
10 0.19384765625 0.68701171875 0.0166015625 0.0458984375
10 0.19384765625 0.61328125 0.0166015625 0.0458984375
13 0.4619140625 0.91748046875 0.01123046875 0.0068359375
11 0.46044921875 0.7001953125 0.00830078125 0.0068359375
13 0.4619140625 0.60595703125 0.01123046875 0.00732421875
11 0.49560546875 0.69140625 0.00830078125 0.0068359375
21 0.3720703125 0.76025390625 0.00634765625 0.0185546875
19 0.4052734375 0.759765625 0.00830078125 0.00390625