11 0.64453125 0.10693359375 0.005859375 0.00537109375
11 0.64453125 0.0986328125 0.005859375 0.00537109375
11 0.64453125 0.08740234375 0.005859375 0.00537109375
11 0.6630859375 0.04443359375 0.005859375 0.00537109375
11 0.5498046875 0.05517578125 0.005859375 0.00537109375
11 0.681640625 0.04443359375 0.005859375 0.00537109375
11 0.67236328125 0.0400390625 0.005859375 0.00537109375
11 0.65380859375 0.0400390625 0.005859375 0.00537109375
11 0.572265625 0.0400390625 0.005859375 0.00537109375
11 0.59033203125 0.0400390625 0.005859375 0.00537109375
11 0.5810546875 0.04443359375 0.005859375 0.00537109375
11 0.5625 0.04443359375 0.005859375 0.00537109375
11 0.54443359375 0.048828125 0.005859375 0.00537109375
11 0.62744140625 0.0400390625 0.005859375 0.00537109375
11 0.6181640625 0.04443359375 0.005859375 0.00537109375
11 0.64453125 0.04443359375 0.005859375 0.00537109375
11 0.60888671875 0.0400390625 0.005859375 0.00537109375
11 0.599609375 0.04443359375 0.005859375 0.00537109375
11 0.8046875 0.0986328125 0.005859375 0.00537109375
11 0.8046875 0.11376953125 0.005859375 0.00537109375
11 0.8046875 0.033203125 0.005859375 0.00537109375
11 0.8046875 0.048828125 0.005859375 0.00537109375
15 0.78857421875 0.0966796875 0.005859375 0.0087890625
11 0.78857421875 0.03564453125 0.005859375 0.00537109375
11 0.78857421875 0.0400390625 0.005859375 0.00537109375
11 0.78857421875 0.05078125 0.005859375 0.00537109375
22 0.54443359375 0.09326171875 0.005859375 0.0029296875
9 0.8095703125 0.08935546875 0.0048828125 0.01318359375
11 0.71875 0.04443359375 0.005859375 0.00537109375
11 0.70947265625 0.0400390625 0.005859375 0.00537109375
11 0.72802734375 0.0400390625 0.005859375 0.00537109375
11 0.7001953125 0.04443359375 0.005859375 0.00537109375
11 0.69091796875 0.0400390625 0.005859375 0.00537109375
11 0.755859375 0.08056640625 0.005859375 0.00537109375
11 0.75048828125 0.0830078125 0.005859375 0.00537109375
11 0.755859375 0.08740234375 0.005859375 0.00537109375
11 0.755859375 0.033203125 0.005859375 0.00537109375
11 0.74658203125 0.0400390625 0.005859375 0.00537109375
11 0.73681640625 0.04443359375 0.005859375 0.00537109375
8 0.3037109375 0.10595703125 0.0048828125 0.01318359375
11 0.30419921875 0.0830078125 0.005859375 0.00537109375
11 0.30419921875 0.0986328125 0.005859375 0.00537109375
11 0.30419921875 0.05078125 0.005859375 0.00537109375
11 0.30419921875 0.0576171875 0.005859375 0.00537109375
11 0.30419921875 0.06201171875 0.005859375 0.00537109375
11 0.2880859375 0.05078125 0.005859375 0.00537109375
11 0.34423828125 0.0400390625 0.005859375 0.00537109375
11 0.54443359375 0.0576171875 0.005859375 0.00537109375
11 0.34423828125 0.10693359375 0.005859375 0.00537109375
11 0.34423828125 0.12255859375 0.005859375 0.00537109375
11 0.34423828125 0.04443359375 0.005859375 0.00537109375
11 0.34423828125 0.05078125 0.005859375 0.00537109375
15 0.3203125 0.0966796875 0.005859375 0.0087890625
15 0.3203125 0.044921875 0.005859375 0.0087890625
11 0.2177734375 0.06396484375 0.005859375 0.00537109375
1 0.18994140625 0.0947265625 0.0126953125 0.015625
10 0.1904296875 0.05224609375 0.01220703125 0.03369140625
11 0.2177734375 0.048828125 0.005859375 0.00537109375
0 0.1767578125 0.07470703125 0.00439453125 0.0615234375
11 0.26123046875 0.0986328125 0.005859375 0.00537109375
11 0.26123046875 0.11376953125 0.005859375 0.00537109375
11 0.26123046875 0.05322265625 0.005859375 0.00537109375
11 0.26123046875 0.06201171875 0.005859375 0.00537109375
11 0.26123046875 0.06640625 0.005859375 0.00537109375
8 0.2451171875 0.0595703125 0.00439453125 0.01318359375
15 0.2451171875 0.0966796875 0.005859375 0.0087890625
11 0.2451171875 0.05078125 0.005859375 0.00537109375
11 0.2177734375 0.09619140625 0.005859375 0.00537109375
11 0.2177734375 0.11181640625 0.005859375 0.00537109375
11 0.4736328125 0.05517578125 0.005859375 0.00537109375
11 0.46826171875 0.048828125 0.005859375 0.00537109375
11 0.46826171875 0.0576171875 0.005859375 0.00537109375
9 0.4443359375 0.04296875 0.0048828125 0.01318359375
11 0.439453125 0.05078125 0.005859375 0.00537109375
11 0.439453125 0.0595703125 0.005859375 0.00537109375
11 0.4130859375 0.048828125 0.005859375 0.00537109375
11 0.5283203125 0.05078125 0.005859375 0.00537109375
11 0.5283203125 0.0595703125 0.005859375 0.00537109375
15 0.51220703125 0.044921875 0.00537109375 0.0087890625
9 0.5 0.04150390625 0.0048828125 0.0126953125
11 0.4951171875 0.048828125 0.005859375 0.00537109375
11 0.50048828125 0.05517578125 0.005859375 0.00537109375
11 0.4951171875 0.0576171875 0.005859375 0.00537109375
21 0.36865234375 0.09521484375 0.0048828125 0.013671875
19 0.3955078125 0.09521484375 0.005859375 0.0029296875
11 0.3955078125 0.05078125 0.005859375 0.00537109375
11 0.3955078125 0.0595703125 0.005859375 0.00537109375
9 0.400390625 0.04296875 0.00537109375 0.01318359375
11 0.36962890625 0.048828125 0.005859375 0.00537109375
11 0.36962890625 0.0576171875 0.005859375 0.00537109375
11 0.375 0.05517578125 0.005859375 0.00537109375
11 0.41796875 0.05517578125 0.005859375 0.00537109375
11 0.4130859375 0.0576171875 0.005859375 0.00537109375
11 0.69140625 0.2373046875 0.005859375 0.00537109375
11 0.62744140625 0.1923828125 0.005859375 0.00537109375
11 0.61083984375 0.2177734375 0.005859375 0.00537109375
11 0.61083984375 0.1923828125 0.005859375 0.00537109375
11 0.61083984375 0.22900390625 0.005859375 0.00537109375
11 0.60546875 0.224609375 0.005859375 0.00537109375
11 0.61083984375 0.22216796875 0.005859375 0.00537109375
11 0.5947265625 0.18994140625 0.005859375 0.00537109375
9 0.6611328125 0.228515625 0.0048828125 0.01318359375
11 0.67138671875 0.18115234375 0.005859375 0.00537109375
15 0.67138671875 0.23583984375 0.00537109375 0.00830078125
11 0.69140625 0.18115234375 0.005859375 0.00537109375
11 0.69140625 0.24658203125 0.005859375 0.00537109375
11 0.6416015625 0.18994140625 0.005859375 0.00537109375
11 0.65625 0.185546875 0.005859375 0.00537109375
11 0.65625 0.2529296875 0.005859375 0.00537109375
11 0.65625 0.2373046875 0.005859375 0.00537109375
9 0.5341796875 0.228515625 0.0048828125 0.01318359375
11 0.529296875 0.2373046875 0.005859375 0.00537109375
11 0.546875 0.18798828125 0.005859375 0.00537109375
15 0.546875 0.23583984375 0.005859375 0.00830078125
11 0.51171875 0.1767578125 0.005859375 0.00537109375
11 0.498046875 0.185546875 0.005859375 0.00537109375
11 0.51171875 0.18798828125 0.005859375 0.00537109375
11 0.529296875 0.18798828125 0.005859375 0.00537109375
11 0.529296875 0.18115234375 0.005859375 0.00537109375
11 0.529296875 0.2529296875 0.005859375 0.00537109375
11 0.58203125 0.17919921875 0.005859375 0.00537109375
11 0.56689453125 0.23291015625 0.005859375 0.00537109375
11 0.56689453125 0.185546875 0.005859375 0.00537109375
11 0.56689453125 0.244140625 0.005859375 0.00537109375
11 0.8076171875 0.18798828125 0.005859375 0.00537109375
11 0.8076171875 0.244140625 0.005859375 0.00537109375
11 0.771484375 0.18115234375 0.005859375 0.00537109375
11 0.78271484375 0.18359375 0.005859375 0.00537109375
11 0.7939453125 0.185546875 0.005859375 0.00537109375
11 0.7939453125 0.244140625 0.005859375 0.00537109375
11 0.7939453125 0.23095703125 0.005859375 0.00537109375
11 0.7939453125 0.224609375 0.005859375 0.00537109375
11 0.705078125 0.18359375 0.005859375 0.00537109375
11 0.7138671875 0.18115234375 0.005859375 0.00537109375
8 0.69091796875 0.18994140625 0.00439453125 0.01318359375
11 0.76025390625 0.18359375 0.005859375 0.00537109375
11 0.72314453125 0.18359375 0.005859375 0.00537109375
11 0.7314453125 0.185546875 0.005859375 0.00537109375
11 0.69140625 0.2265625 0.005859375 0.00537109375
11 0.74658203125 0.18115234375 0.005859375 0.00537109375
11 0.74658203125 0.244140625 0.005859375 0.00537109375
11 0.74658203125 0.23095703125 0.005859375 0.00537109375
11 0.74658203125 0.224609375 0.005859375 0.00537109375
11 0.3046875 0.18359375 0.005859375 0.00537109375
11 0.29638671875 0.17919921875 0.005859375 0.00537109375
11 0.3134765625 0.17919921875 0.005859375 0.00537109375
11 0.27880859375 0.17919921875 0.005859375 0.00537109375
11 0.28759765625 0.18359375 0.005859375 0.00537109375
15 0.28759765625 0.23583984375 0.005859375 0.00830078125
11 0.33984375 0.18359375 0.005859375 0.00537109375
11 0.34814453125 0.17919921875 0.005859375 0.00537109375
11 0.35693359375 0.17236328125 0.005859375 0.00537109375
11 0.35693359375 0.18359375 0.005859375 0.00537109375
11 0.322265625 0.18359375 0.005859375 0.00537109375
11 0.322265625 0.24169921875 0.005859375 0.00537109375
11 0.322265625 0.23095703125 0.005859375 0.00537109375
11 0.322265625 0.22216796875 0.005859375 0.00537109375
11 0.27001953125 0.18359375 0.005859375 0.00537109375
11 0.3310546875 0.17919921875 0.005859375 0.00537109375
11 0.2177734375 0.18359375 0.005859375 0.00537109375
12 0.21826171875 0.17236328125 0.00634765625 0.00537109375
1 0.18994140625 0.23388671875 0.0126953125 0.01513671875
11 0.2177734375 0.26171875 0.005859375 0.00537109375
11 0.2177734375 0.24658203125 0.005859375 0.00537109375
0 0.1767578125 0.2138671875 0.00439453125 0.0615234375
10 0.1904296875 0.19091796875 0.01220703125 0.03369140625
11 0.244140625 0.17919921875 0.005859375 0.00537109375
11 0.2529296875 0.18359375 0.005859375 0.00537109375
11 0.26171875 0.17919921875 0.005859375 0.00537109375
11 0.22705078125 0.17919921875 0.005859375 0.00537109375
11 0.2353515625 0.18359375 0.005859375 0.00537109375
8 0.4052734375 0.25048828125 0.00439453125 0.01318359375
11 0.41943359375 0.17236328125 0.005859375 0.00537109375
15 0.4189453125 0.23583984375 0.005859375 0.00830078125
15 0.43994140625 0.18408203125 0.005859375 0.0087890625
11 0.43994140625 0.244140625 0.005859375 0.00537109375
11 0.43994140625 0.23291015625 0.005859375 0.00537109375
11 0.43994140625 0.224609375 0.005859375 0.00537109375
11 0.48486328125 0.1767578125 0.005859375 0.00537109375
11 0.48486328125 0.22900390625 0.005859375 0.00537109375
11 0.47998046875 0.224609375 0.005859375 0.00537109375
11 0.48486328125 0.22216796875 0.005859375 0.00537109375
11 0.48486328125 0.2177734375 0.005859375 0.00537109375
11 0.45751953125 0.185546875 0.005859375 0.00537109375
11 0.45751953125 0.17431640625 0.005859375 0.00537109375
11 0.47119140625 0.185546875 0.005859375 0.00537109375
11 0.47119140625 0.17236328125 0.005859375 0.00537109375
11 0.3916015625 0.18798828125 0.005859375 0.00537109375
11 0.38330078125 0.17919921875 0.005859375 0.00537109375
11 0.3916015625 0.17919921875 0.005859375 0.00537109375
11 0.3916015625 0.17431640625 0.005859375 0.00537109375
15 0.3916015625 0.23583984375 0.005859375 0.00830078125
11 0.36572265625 0.17919921875 0.005859375 0.00537109375
11 0.37451171875 0.18359375 0.005859375 0.00537109375
11 0.4052734375 0.2265625 0.005859375 0.00537109375
11 0.4052734375 0.23095703125 0.005859375 0.00537109375
11 0.4052734375 0.244140625 0.005859375 0.00537109375
11 0.4052734375 0.17041015625 0.005859375 0.00537109375
11 0.4052734375 0.18359375 0.005859375 0.00537109375
11 0.62841796875 0.318359375 0.005859375 0.00537109375
11 0.63671875 0.3134765625 0.005859375 0.00537109375
11 0.61962890625 0.3134765625 0.005859375 0.00537109375
11 0.611328125 0.318359375 0.005859375 0.00537109375
11 0.6796875 0.318359375 0.005859375 0.00537109375
11 0.67138671875 0.3134765625 0.005859375 0.00537109375
11 0.66259765625 0.318359375 0.005859375 0.00537109375
11 0.654296875 0.3134765625 0.005859375 0.00537109375
11 0.6455078125 0.318359375 0.005859375 0.00537109375
11 0.59375 0.318359375 0.005859375 0.00537109375
11 0.57861328125 0.3134765625 0.005859375 0.00537109375
11 0.5703125 0.318359375 0.005859375 0.00537109375
11 0.59375 0.3857421875 0.005859375 0.00537109375
11 0.5615234375 0.3134765625 0.005859375 0.00537109375
11 0.552734375 0.318359375 0.005859375 0.00537109375
11 0.6025390625 0.3134765625 0.005859375 0.00537109375
11 0.59375 0.36572265625 0.005859375 0.00537109375
11 0.59375 0.37646484375 0.005859375 0.00537109375
11 0.80029296875 0.37646484375 0.005859375 0.00537109375
11 0.80029296875 0.39208984375 0.005859375 0.00537109375
11 0.80029296875 0.30712890625 0.005859375 0.00537109375
11 0.79150390625 0.3134765625 0.005859375 0.00537109375
11 0.78271484375 0.318359375 0.005859375 0.00537109375
11 0.7744140625 0.3134765625 0.005859375 0.00537109375
11 0.765625 0.318359375 0.005859375 0.00537109375
22 0.50634765625 0.37109375 0.00634765625 0.0029296875
11 0.7138671875 0.318359375 0.005859375 0.00537109375
11 0.70556640625 0.3134765625 0.005859375 0.00537109375
11 0.69677734375 0.3544921875 0.005859375 0.00537109375
11 0.69677734375 0.361328125 0.005859375 0.00537109375
11 0.69677734375 0.36572265625 0.005859375 0.00537109375
11 0.69677734375 0.318359375 0.005859375 0.00537109375
11 0.73974609375 0.3134765625 0.005859375 0.00537109375
11 0.75732421875 0.3134765625 0.005859375 0.00537109375
11 0.74853515625 0.318359375 0.005859375 0.00537109375
11 0.6884765625 0.3134765625 0.005859375 0.00537109375
11 0.7314453125 0.318359375 0.005859375 0.00537109375
11 0.72265625 0.3134765625 0.005859375 0.00537109375
11 0.294921875 0.37646484375 0.005859375 0.00537109375
11 0.294921875 0.39208984375 0.005859375 0.00537109375
11 0.32275390625 0.32275390625 0.005859375 0.00537109375
11 0.32275390625 0.3857421875 0.005859375 0.00537109375
11 0.32275390625 0.37646484375 0.005859375 0.00537109375
11 0.32275390625 0.36572265625 0.005859375 0.00537109375
11 0.294921875 0.3203125 0.005859375 0.00537109375
11 0.294921875 0.3271484375 0.005859375 0.00537109375
8 0.28125 0.337890625 0.00439453125 0.01318359375
11 0.28125 0.3203125 0.005859375 0.00537109375
11 0.28125 0.32470703125 0.005859375 0.00537109375
11 0.28125 0.3291015625 0.005859375 0.00537109375
21 0.27001953125 0.37353515625 0.0048828125 0.013671875
11 0.54443359375 0.3134765625 0.005859375 0.00537109375
11 0.34814453125 0.3115234375 0.005859375 0.00537109375
11 0.34814453125 0.318359375 0.005859375 0.00537109375
11 0.3427734375 0.3203125 0.005859375 0.00537109375
11 0.2177734375 0.36328125 0.005859375 0.00537109375
11 0.2177734375 0.3720703125 0.005859375 0.00537109375
11 0.2177734375 0.38330078125 0.005859375 0.00537109375
11 0.2177734375 0.3291015625 0.005859375 0.00537109375
1 0.18994140625 0.373046875 0.0126953125 0.015625
10 0.1904296875 0.330078125 0.01220703125 0.03369140625
0 0.1767578125 0.35302734375 0.00439453125 0.0615234375
11 0.25732421875 0.3271484375 0.005859375 0.00537109375
8 0.25732421875 0.38427734375 0.00439453125 0.01318359375
11 0.25732421875 0.35693359375 0.005859375 0.00537109375
11 0.25732421875 0.36328125 0.005859375 0.00537109375
11 0.25732421875 0.36767578125 0.005859375 0.00537109375
11 0.25732421875 0.37646484375 0.005859375 0.00537109375
11 0.25732421875 0.3203125 0.005859375 0.00537109375
15 0.34765625 0.375 0.005859375 0.00830078125
8 0.23974609375 0.32470703125 0.0048828125 0.01318359375
11 0.240234375 0.3134765625 0.005859375 0.00537109375
11 0.4892578125 0.3134765625 0.005859375 0.00537109375
11 0.4892578125 0.32275390625 0.005859375 0.00537109375
11 0.4677734375 0.3115234375 0.005859375 0.00537109375
11 0.4677734375 0.318359375 0.005859375 0.00537109375
11 0.462890625 0.3203125 0.005859375 0.00537109375
11 0.44677734375 0.3115234375 0.005859375 0.00537109375
11 0.44677734375 0.318359375 0.005859375 0.00537109375
11 0.44140625 0.3203125 0.005859375 0.00537109375
11 0.53564453125 0.318359375 0.005859375 0.00537109375
11 0.52734375 0.3134765625 0.005859375 0.00537109375
15 0.361328125 0.375 0.005859375 0.00830078125
11 0.5185546875 0.318359375 0.005859375 0.00537109375
11 0.5048828125 0.3115234375 0.005859375 0.00537109375
11 0.5048828125 0.318359375 0.005859375 0.00537109375
11 0.49951171875 0.3203125 0.005859375 0.00537109375
19 0.37451171875 0.373046875 0.005859375 0.0029296875
15 0.4033203125 0.3232421875 0.005859375 0.00830078125
11 0.39013671875 0.3115234375 0.005859375 0.00537109375
11 0.39013671875 0.318359375 0.005859375 0.00537109375
11 0.384765625 0.3203125 0.005859375 0.00537109375
11 0.4169921875 0.3134765625 0.005859375 0.00537109375
8 0.41650390625 0.33154296875 0.0048828125 0.01318359375
11 0.4169921875 0.32275390625 0.005859375 0.00537109375
11 0.37451171875 0.3134765625 0.005859375 0.00537109375
11 0.37451171875 0.32275390625 0.005859375 0.00537109375
8 0.62451171875 0.52490234375 0.00439453125 0.01318359375
11 0.625 0.474609375 0.005859375 0.00537109375
11 0.625 0.50244140625 0.005859375 0.00537109375
11 0.625 0.46826171875 0.005859375 0.00537109375
11 0.625 0.51806640625 0.005859375 0.00537109375
11 0.625 0.50927734375 0.005859375 0.00537109375
21 0.6484375 0.5126953125 0.0048828125 0.013671875
11 0.6494140625 0.47705078125 0.005859375 0.00537109375
11 0.5625 0.47705078125 0.005859375 0.00537109375
11 0.5380859375 0.4638671875 0.005859375 0.00537109375
11 0.5380859375 0.474609375 0.005859375 0.00537109375
11 0.5625 0.46826171875 0.005859375 0.00537109375
11 0.513671875 0.4638671875 0.005859375 0.00537109375
11 0.513671875 0.47265625 0.005859375 0.00537109375
11 0.59033203125 0.4658203125 0.005859375 0.00537109375
11 0.59033203125 0.47705078125 0.005859375 0.00537109375
11 0.5625 0.50927734375 0.005859375 0.00537109375
11 0.5625 0.515625 0.005859375 0.00537109375
11 0.5625 0.5244140625 0.005859375 0.00537109375
8 0.7734375 0.52490234375 0.00439453125 0.01318359375
15 0.7978515625 0.51416015625 0.005859375 0.0087890625
11 0.7978515625 0.4658203125 0.005859375 0.00537109375
11 0.7978515625 0.47265625 0.005859375 0.00537109375
11 0.77392578125 0.50244140625 0.005859375 0.00537109375
11 0.77392578125 0.51806640625 0.005859375 0.00537109375
11 0.77392578125 0.4658203125 0.005859375 0.00537109375
11 0.77392578125 0.47265625 0.005859375 0.00537109375
11 0.69775390625 0.498046875 0.005859375 0.00537109375
8 0.69775390625 0.51806640625 0.00439453125 0.01318359375
11 0.72509765625 0.47265625 0.005859375 0.00537109375
11 0.69775390625 0.50244140625 0.005859375 0.00537109375
11 0.69775390625 0.50927734375 0.005859375 0.00537109375
11 0.69775390625 0.474609375 0.005859375 0.00537109375
11 0.67333984375 0.4658203125 0.005859375 0.00537109375
11 0.67333984375 0.474609375 0.005859375 0.00537109375
11 0.74951171875 0.46826171875 0.005859375 0.00537109375
11 0.74951171875 0.474609375 0.005859375 0.00537109375
21 0.72412109375 0.5126953125 0.0048828125 0.013671875
11 0.72509765625 0.4658203125 0.005859375 0.00537109375
11 0.2890625 0.4658203125 0.005859375 0.00537109375
11 0.2890625 0.49365234375 0.005859375 0.00537109375
11 0.2890625 0.50048828125 0.005859375 0.00537109375
11 0.2890625 0.5048828125 0.005859375 0.00537109375
11 0.2890625 0.45751953125 0.005859375 0.00537109375
11 0.26611328125 0.45068359375 0.005859375 0.00537109375
11 0.337890625 0.45068359375 0.005859375 0.00537109375
11 0.337890625 0.4658203125 0.005859375 0.00537109375
11 0.3134765625 0.453125 0.005859375 0.00537109375
11 0.3134765625 0.4658203125 0.005859375 0.00537109375
1 0.18994140625 0.51220703125 0.0126953125 0.015625
10 0.1904296875 0.46923828125 0.01220703125 0.03369140625
0 0.1767578125 0.4921875 0.00439453125 0.0615234375
11 0.24169921875 0.453125 0.005859375 0.00537109375
11 0.2177734375 0.5048828125 0.005859375 0.00537109375
11 0.2177734375 0.515625 0.005859375 0.00537109375
11 0.2177734375 0.5244140625 0.005859375 0.00537109375
15 0.2177734375 0.4619140625 0.00537109375 0.0087890625
11 0.44775390625 0.4482421875 0.005859375 0.00537109375
11 0.44775390625 0.4638671875 0.005859375 0.00537109375
11 0.3623046875 0.46826171875 0.005859375 0.00537109375
11 0.48974609375 0.49609375 0.005859375 0.00537109375
8 0.4892578125 0.47705078125 0.00439453125 0.01318359375
11 0.48974609375 0.50048828125 0.005859375 0.00537109375
11 0.48974609375 0.5048828125 0.005859375 0.00537109375
11 0.48974609375 0.50927734375 0.005859375 0.00537109375
11 0.48974609375 0.46826171875 0.005859375 0.00537109375
11 0.38623046875 0.45751953125 0.005859375 0.00537109375
11 0.38623046875 0.46826171875 0.005859375 0.00537109375
11 0.3623046875 0.50244140625 0.005859375 0.00537109375
11 0.3623046875 0.50927734375 0.005859375 0.00537109375
11 0.3623046875 0.51806640625 0.005859375 0.00537109375
11 0.3623046875 0.453125 0.005859375 0.00537109375
15 0.42041015625 0.4619140625 0.005859375 0.0087890625
11 0.4208984375 0.515625 0.005859375 0.00537109375
11 0.4208984375 0.5068359375 0.005859375 0.00537109375
11 0.4208984375 0.50048828125 0.005859375 0.00537109375
11 0.5947265625 0.6494140625 0.005859375 0.00537109375
11 0.56884765625 0.6474609375 0.005859375 0.00537109375
11 0.5947265625 0.6650390625 0.005859375 0.00537109375
11 0.5947265625 0.6005859375 0.005859375 0.00537109375
11 0.62109375 0.65185546875 0.005859375 0.00537109375
11 0.62109375 0.6669921875 0.005859375 0.00537109375
11 0.62109375 0.59619140625 0.005859375 0.00537109375
19 0.47021484375 0.599609375 0.005859375 0.0029296875
11 0.49267578125 0.6494140625 0.005859375 0.00537109375
11 0.49267578125 0.6650390625 0.005859375 0.00537109375
11 0.56884765625 0.60498046875 0.005859375 0.00537109375
11 0.54345703125 0.64501953125 0.005859375 0.00537109375
11 0.54345703125 0.66064453125 0.005859375 0.00537109375
11 0.56884765625 0.66259765625 0.005859375 0.00537109375
11 0.51806640625 0.6474609375 0.005859375 0.00537109375
11 0.51806640625 0.66259765625 0.005859375 0.00537109375
12 0.7509765625 0.66943359375 0.00634765625 0.00537109375
12 0.7509765625 0.6845703125 0.00634765625 0.00537109375
12 0.7509765625 0.62060546875 0.00634765625 0.00537109375
12 0.7509765625 0.6357421875 0.00634765625 0.00537109375
11 0.66162109375 0.65380859375 0.005859375 0.00537109375
11 0.66162109375 0.66943359375 0.005859375 0.00537109375
11 0.66162109375 0.62060546875 0.005859375 0.00537109375
21 0.7060546875 0.65283203125 0.0048828125 0.013671875
21 0.7060546875 0.599609375 0.0048828125 0.013671875
11 0.2705078125 0.609375 0.005859375 0.00537109375
11 0.2705078125 0.64501953125 0.005859375 0.00537109375
11 0.2705078125 0.66064453125 0.005859375 0.00537109375
11 0.2705078125 0.60302734375 0.005859375 0.00537109375
11 0.2705078125 0.6162109375 0.005859375 0.00537109375
11 0.2431640625 0.61181640625 0.005859375 0.00537109375
11 0.29931640625 0.64501953125 0.005859375 0.00537109375
11 0.29931640625 0.66064453125 0.005859375 0.00537109375
11 0.29931640625 0.60498046875 0.005859375 0.00537109375
1 0.18994140625 0.65234375 0.0126953125 0.015625
10 0.1904296875 0.6083984375 0.01220703125 0.03369140625
0 0.1767578125 0.6318359375 0.00439453125 0.06298828125
11 0.2177734375 0.65625 0.005859375 0.00537109375
11 0.2177734375 0.640625 0.005859375 0.00537109375
11 0.2177734375 0.607421875 0.005859375 0.00537109375
11 0.2177734375 0.61181640625 0.005859375 0.00537109375
11 0.4072265625 0.61376953125 0.005859375 0.00537109375
11 0.3818359375 0.65625 0.005859375 0.00537109375
11 0.3818359375 0.67138671875 0.005859375 0.00537109375
11 0.3818359375 0.61181640625 0.005859375 0.00537109375
9 0.44873046875 0.607421875 0.00537109375 0.01318359375
11 0.44384765625 0.6494140625 0.005859375 0.00537109375
11 0.44384765625 0.6650390625 0.005859375 0.00537109375
11 0.44384765625 0.6162109375 0.005859375 0.00537109375
11 0.33203125 0.6474609375 0.005859375 0.00537109375
11 0.33203125 0.66259765625 0.005859375 0.00537109375
11 0.3818359375 0.6181640625 0.005859375 0.00537109375
11 0.33203125 0.60498046875 0.005859375 0.00537109375
11 0.357421875 0.607421875 0.005859375 0.00537109375
11 0.33203125 0.609375 0.005859375 0.00537109375
11 0.33203125 0.6181640625 0.005859375 0.00537109375