11 0.634765625 0.1181640625 0.00830078125 0.0068359375
11 0.64794921875 0.12109375 0.00830078125 0.00732421875
11 0.623046875 0.1123046875 0.00830078125 0.0068359375
11 0.6787109375 0.1328125 0.00830078125 0.0068359375
11 0.66015625 0.126953125 0.00830078125 0.0068359375
11 0.59228515625 0.10009765625 0.00830078125 0.00732421875
11 0.5751953125 0.10302734375 0.00830078125 0.0068359375
11 0.56494140625 0.1064453125 0.00830078125 0.00732421875
11 0.6044921875 0.1064453125 0.00830078125 0.00732421875
11 0.80322265625 0.1064453125 0.00830078125 0.00732421875
12 0.7841796875 0.1181640625 0.0087890625 0.0068359375
11 0.78369140625 0.10302734375 0.00830078125 0.0068359375
11 0.7255859375 0.1328125 0.00830078125 0.0068359375
11 0.7705078125 0.10302734375 0.00830078125 0.0068359375
11 0.693359375 0.12109375 0.00830078125 0.00732421875
11 0.75537109375 0.1181640625 0.00830078125 0.0068359375
11 0.37939453125 0.109375 0.00830078125 0.0068359375
11 0.3603515625 0.10302734375 0.00830078125 0.0068359375
11 0.43359375 0.1298828125 0.00830078125 0.0068359375
11 0.39794921875 0.1181640625 0.00830078125 0.0068359375
12 0.29541015625 0.09130859375 0.0087890625 0.0068359375
12 0.29541015625 0.1064453125 0.0087890625 0.00732421875
12 0.29541015625 0.12109375 0.0087890625 0.00732421875
12 0.29541015625 0.1328125 0.0087890625 0.0068359375
11 0.3486328125 0.09716796875 0.00830078125 0.0068359375
11 0.41552734375 0.1240234375 0.00830078125 0.0068359375
21 0.31982421875 0.1015625 0.00634765625 0.01806640625
11 0.51220703125 0.115234375 0.00830078125 0.0068359375
11 0.52294921875 0.1181640625 0.0078125 0.0068359375
11 0.49560546875 0.1123046875 0.00830078125 0.0068359375
11 0.55419921875 0.109375 0.00830078125 0.0068359375
11 0.5439453125 0.1123046875 0.00830078125 0.0068359375
11 0.533203125 0.115234375 0.00830078125 0.0068359375
12 0.46728515625 0.1181640625 0.0087890625 0.0068359375
12 0.46728515625 0.126953125 0.0087890625 0.0068359375
12 0.46728515625 0.1328125 0.0087890625 0.0068359375
12 0.62939453125 0.2255859375 0.0087890625 0.0068359375
9 0.61181640625 0.21240234375 0.0048828125 0.0126953125
11 0.607421875 0.22265625 0.005859375 0.00537109375
11 0.689453125 0.22265625 0.005859375 0.00537109375
11 0.67041015625 0.2109375 0.00830078125 0.0068359375
12 0.62939453125 0.23193359375 0.0087890625 0.0068359375
21 0.65234375 0.21826171875 0.00634765625 0.0185546875
11 0.52880859375 0.2138671875 0.00830078125 0.00732421875
11 0.5419921875 0.216796875 0.00830078125 0.0068359375
11 0.583984375 0.2255859375 0.00830078125 0.0068359375
11 0.59423828125 0.22265625 0.00830078125 0.0068359375
11 0.56494140625 0.22265625 0.00830078125 0.0068359375
11 0.5546875 0.2197265625 0.00830078125 0.0068359375
11 0.81201171875 0.2109375 0.00830078125 0.0068359375
11 0.80078125 0.2080078125 0.00830078125 0.0068359375
11 0.78955078125 0.20458984375 0.00830078125 0.0068359375
11 0.7177734375 0.2021484375 0.00830078125 0.0068359375
11 0.7080078125 0.2109375 0.005859375 0.0048828125
11 0.69873046875 0.216796875 0.005859375 0.0048828125
11 0.7783203125 0.2021484375 0.00830078125 0.0068359375
11 0.76708984375 0.19873046875 0.00830078125 0.00732421875
11 0.755859375 0.19580078125 0.00830078125 0.0068359375
11 0.7373046875 0.19580078125 0.00830078125 0.0068359375
11 0.3291015625 0.20458984375 0.00830078125 0.0068359375
11 0.3291015625 0.2138671875 0.00830078125 0.00732421875
11 0.3037109375 0.20458984375 0.00830078125 0.0068359375
11 0.3681640625 0.2080078125 0.00830078125 0.0068359375
12 0.5048828125 0.22265625 0.0087890625 0.0068359375
11 0.353515625 0.22265625 0.00830078125 0.0068359375
11 0.341796875 0.2080078125 0.00830078125 0.0068359375
11 0.22998046875 0.2080078125 0.00830078125 0.0068359375
11 0.22998046875 0.19873046875 0.00830078125 0.00732421875
10 0.19287109375 0.20654296875 0.0166015625 0.0458984375
12 0.28564453125 0.216796875 0.0087890625 0.0068359375
11 0.28564453125 0.2021484375 0.00830078125 0.0068359375
11 0.2685546875 0.2021484375 0.00830078125 0.0068359375
11 0.25439453125 0.216796875 0.00830078125 0.0068359375
11 0.24267578125 0.2021484375 0.00830078125 0.0068359375
11 0.44287109375 0.2109375 0.00830078125 0.0068359375
11 0.44287109375 0.2255859375 0.00830078125 0.0068359375
11 0.46044921875 0.216796875 0.00830078125 0.0068359375
12 0.5048828125 0.22900390625 0.0087890625 0.0068359375
12 0.5048828125 0.2109375 0.0087890625 0.0068359375
11 0.4794921875 0.2255859375 0.00830078125 0.0068359375
11 0.4794921875 0.2109375 0.00830078125 0.0068359375
11 0.46044921875 0.22265625 0.00830078125 0.0068359375
11 0.42431640625 0.2138671875 0.00830078125 0.00732421875
11 0.3994140625 0.2109375 0.00830078125 0.0068359375
11 0.3994140625 0.216796875 0.00830078125 0.0068359375
11 0.380859375 0.2138671875 0.00830078125 0.00732421875
11 0.380859375 0.2080078125 0.00830078125 0.0068359375
11 0.42431640625 0.2197265625 0.00830078125 0.0068359375
11 0.62744140625 0.28564453125 0.00830078125 0.0068359375
11 0.61279296875 0.294921875 0.00830078125 0.0068359375
11 0.59912109375 0.30078125 0.00830078125 0.0068359375
11 0.51123046875 0.2978515625 0.00830078125 0.00732421875
9 0.671875 0.28076171875 0.0048828125 0.0126953125
11 0.66748046875 0.28857421875 0.005859375 0.0048828125
11 0.65380859375 0.28564453125 0.00830078125 0.0068359375
11 0.64208984375 0.27978515625 0.00830078125 0.0068359375
11 0.55517578125 0.32177734375 0.00830078125 0.0068359375
11 0.53466796875 0.3095703125 0.00830078125 0.0068359375
11 0.52294921875 0.3037109375 0.00830078125 0.0068359375
11 0.58447265625 0.306640625 0.00830078125 0.0068359375
11 0.56982421875 0.3154296875 0.00830078125 0.0068359375
11 0.8037109375 0.3125 0.00830078125 0.00732421875
11 0.78515625 0.3154296875 0.00830078125 0.0068359375
11 0.7216796875 0.318359375 0.00830078125 0.0068359375
21 0.7041015625 0.28759765625 0.0068359375 0.0185546875
11 0.74755859375 0.3095703125 0.00830078125 0.0068359375
12 0.68017578125 0.2919921875 0.0087890625 0.0068359375
11 0.76611328125 0.318359375 0.00830078125 0.0068359375
12 0.7666015625 0.3095703125 0.0087890625 0.0068359375
11 0.34228515625 0.3125 0.00830078125 0.00732421875
11 0.32275390625 0.30078125 0.00830078125 0.0068359375
11 0.30810546875 0.3095703125 0.00830078125 0.0068359375
11 0.29638671875 0.30078125 0.00830078125 0.0068359375
11 0.3720703125 0.28564453125 0.00830078125 0.0068359375
11 0.35693359375 0.30078125 0.00830078125 0.0068359375
11 0.22998046875 0.2978515625 0.00830078125 0.00732421875
10 0.19287109375 0.29931640625 0.0166015625 0.0458984375
11 0.28173828125 0.306640625 0.00830078125 0.0068359375
11 0.26953125 0.30078125 0.00830078125 0.0068359375
11 0.255859375 0.3037109375 0.00830078125 0.0068359375
11 0.2431640625 0.30078125 0.00830078125 0.0068359375
11 0.44580078125 0.30078125 0.00830078125 0.0068359375
11 0.42724609375 0.30078125 0.00830078125 0.0068359375
11 0.48486328125 0.3037109375 0.00830078125 0.0068359375
11 0.47216796875 0.306640625 0.00830078125 0.0068359375
11 0.40234375 0.29150390625 0.00830078125 0.00732421875
11 0.49658203125 0.32470703125 0.00830078125 0.0068359375
11 0.390625 0.28564453125 0.00830078125 0.0068359375
11 0.4140625 0.2978515625 0.00830078125 0.00732421875
11 0.45849609375 0.3037109375 0.00830078125 0.0068359375
11 0.64892578125 0.3935546875 0.0078125 0.0068359375
11 0.61767578125 0.396484375 0.00830078125 0.0068359375
11 0.6328125 0.3994140625 0.00830078125 0.0068359375
11 0.6787109375 0.390625 0.00830078125 0.00732421875
11 0.70068359375 0.40234375 0.00830078125 0.0068359375
11 0.66259765625 0.4052734375 0.00830078125 0.00732421875
11 0.57177734375 0.396484375 0.00830078125 0.0068359375
11 0.55126953125 0.3935546875 0.0078125 0.0068359375
11 0.5361328125 0.390625 0.00830078125 0.00732421875
11 0.6015625 0.40234375 0.00830078125 0.0068359375
11 0.587890625 0.390625 0.00830078125 0.00732421875
11 0.806640625 0.3994140625 0.00830078125 0.0068359375
11 0.7900390625 0.41455078125 0.00830078125 0.0068359375
11 0.73046875 0.408203125 0.00830078125 0.0068359375
11 0.71728515625 0.396484375 0.00830078125 0.0068359375
11 0.77685546875 0.396484375 0.00830078125 0.0068359375
11 0.76025390625 0.4111328125 0.00830078125 0.0068359375
11 0.7470703125 0.3935546875 0.00830078125 0.0068359375
11 0.3369140625 0.390625 0.00830078125 0.00732421875
11 0.30908203125 0.390625 0.00830078125 0.00732421875
12 0.279296875 0.38720703125 0.0087890625 0.0068359375
11 0.3818359375 0.396484375 0.00830078125 0.0068359375
12 0.3740234375 0.3935546875 0.0087890625 0.0068359375
11 0.3544921875 0.3935546875 0.00830078125 0.0068359375
11 0.22998046875 0.408203125 0.00830078125 0.0068359375
10 0.19287109375 0.39208984375 0.0166015625 0.04541015625
11 0.25537109375 0.3935546875 0.00830078125 0.0068359375
11 0.26806640625 0.38720703125 0.00830078125 0.0068359375
11 0.2421875 0.40234375 0.00830078125 0.0068359375
11 0.4873046875 0.37841796875 0.00830078125 0.0068359375
11 0.45458984375 0.4052734375 0.00830078125 0.00732421875
11 0.50927734375 0.37841796875 0.00830078125 0.0068359375
11 0.47119140625 0.390625 0.00830078125 0.00732421875
11 0.52294921875 0.384765625 0.00830078125 0.0068359375
11 0.40380859375 0.3994140625 0.00830078125 0.0068359375
11 0.42626953125 0.40234375 0.00830078125 0.0068359375
11 0.58056640625 0.5009765625 0.00830078125 0.0068359375
11 0.609375 0.486328125 0.00830078125 0.0068359375
11 0.5947265625 0.4921875 0.00830078125 0.0068359375
11 0.666015625 0.45947265625 0.00830078125 0.0068359375
11 0.6513671875 0.46533203125 0.00830078125 0.0068359375
11 0.62255859375 0.47998046875 0.00830078125 0.0068359375
11 0.63720703125 0.47119140625 0.00830078125 0.0068359375
11 0.52001953125 0.4951171875 0.00830078125 0.0068359375
11 0.53271484375 0.498046875 0.00830078125 0.0068359375
11 0.50732421875 0.4921875 0.00830078125 0.0068359375
11 0.56591796875 0.5068359375 0.00830078125 0.0068359375
11 0.5458984375 0.4951171875 0.00830078125 0.0068359375
11 0.8046875 0.4921875 0.00830078125 0.0068359375
11 0.7861328125 0.4892578125 0.00830078125 0.0068359375
12 0.7783203125 0.486328125 0.0087890625 0.0068359375
12 0.70947265625 0.4921875 0.0087890625 0.0068359375
12 0.68359375 0.50390625 0.0087890625 0.00732421875
11 0.759765625 0.4892578125 0.00830078125 0.0068359375
11 0.759765625 0.4833984375 0.00830078125 0.00732421875
11 0.740234375 0.4951171875 0.0078125 0.0068359375
11 0.3232421875 0.4833984375 0.00830078125 0.00732421875
11 0.34228515625 0.4951171875 0.00830078125 0.0068359375
11 0.30859375 0.498046875 0.00830078125 0.0068359375
11 0.29736328125 0.486328125 0.00830078125 0.0068359375
11 0.35693359375 0.4892578125 0.00830078125 0.0068359375
11 0.22998046875 0.509765625 0.00830078125 0.0068359375
10 0.19287109375 0.48486328125 0.0166015625 0.0458984375
11 0.28271484375 0.4921875 0.00830078125 0.0068359375
11 0.27001953125 0.4892578125 0.00830078125 0.0068359375
11 0.25537109375 0.4951171875 0.00830078125 0.0068359375
11 0.244140625 0.4833984375 0.00830078125 0.00732421875
11 0.4541015625 0.509765625 0.00830078125 0.0068359375
11 0.3681640625 0.5009765625 0.00830078125 0.0068359375
11 0.43408203125 0.4921875 0.00830078125 0.0068359375
11 0.419921875 0.5068359375 0.00830078125 0.0068359375
11 0.494140625 0.4892578125 0.00830078125 0.0068359375
11 0.4814453125 0.486328125 0.00830078125 0.0068359375
11 0.46875 0.4833984375 0.00830078125 0.00732421875
11 0.3828125 0.486328125 0.00830078125 0.0068359375
11 0.39404296875 0.50390625 0.00830078125 0.00732421875
11 0.408203125 0.4892578125 0.00830078125 0.0068359375
11 0.68505859375 0.56689453125 0.00830078125 0.00732421875
12 0.51708984375 0.5849609375 0.0087890625 0.0068359375
11 0.71630859375 0.5849609375 0.00830078125 0.0068359375
11 0.71630859375 0.5791015625 0.00830078125 0.0068359375
12 0.51708984375 0.5908203125 0.0087890625 0.0068359375
11 0.7001953125 0.58203125 0.00830078125 0.00732421875
11 0.7001953125 0.576171875 0.00830078125 0.0068359375
21 0.537109375 0.5654296875 0.00634765625 0.0185546875
12 0.51708984375 0.56982421875 0.0087890625 0.0068359375
11 0.615234375 0.576171875 0.00830078125 0.0068359375
11 0.8056640625 0.5849609375 0.00830078125 0.0068359375
11 0.8056640625 0.5791015625 0.00830078125 0.0068359375
11 0.7880859375 0.5966796875 0.00830078125 0.00732421875
11 0.7880859375 0.5908203125 0.00830078125 0.0068359375
11 0.75537109375 0.5908203125 0.00830078125 0.0068359375
11 0.75537109375 0.5849609375 0.00830078125 0.0068359375
11 0.73291015625 0.587890625 0.00830078125 0.0068359375
11 0.73291015625 0.58203125 0.00830078125 0.00732421875
11 0.771484375 0.59375 0.00830078125 0.0068359375
11 0.771484375 0.587890625 0.00830078125 0.0068359375
11 0.3076171875 0.5908203125 0.00830078125 0.0068359375
11 0.32666015625 0.587890625 0.00830078125 0.0068359375
11 0.2939453125 0.5966796875 0.00830078125 0.00732421875
11 0.3447265625 0.576171875 0.00830078125 0.0068359375
11 0.3447265625 0.58203125 0.00830078125 0.00732421875
11 0.23779296875 0.5849609375 0.00830078125 0.0068359375
12 0.22998046875 0.58203125 0.0087890625 0.00732421875
10 0.19287109375 0.57763671875 0.0166015625 0.0458984375
11 0.28369140625 0.5849609375 0.00830078125 0.0068359375
11 0.2705078125 0.599609375 0.00830078125 0.0068359375
11 0.25439453125 0.587890625 0.00830078125 0.0068359375
11 0.4716796875 0.5966796875 0.00830078125 0.00732421875
11 0.44775390625 0.599609375 0.0078125 0.0068359375
11 0.4609375 0.5849609375 0.00830078125 0.0068359375
11 0.431640625 0.587890625 0.00830078125 0.0068359375
11 0.38525390625 0.5849609375 0.00830078125 0.0068359375
11 0.369140625 0.58203125 0.00830078125 0.00732421875
12 0.361328125 0.5791015625 0.0087890625 0.0068359375
11 0.41552734375 0.5849609375 0.00830078125 0.0068359375
12 0.40771484375 0.58203125 0.0087890625 0.00732421875
11 0.48486328125 0.5908203125 0.0078125 0.0068359375
11 0.64111328125 0.671875 0.00830078125 0.0068359375
11 0.62548828125 0.677734375 0.00830078125 0.0068359375
11 0.61279296875 0.671875 0.00830078125 0.0068359375
11 0.69775390625 0.671875 0.00830078125 0.0068359375
11 0.68212890625 0.689453125 0.00830078125 0.0068359375
11 0.66943359375 0.671875 0.00830078125 0.0068359375
11 0.65380859375 0.68359375 0.00830078125 0.0068359375
11 0.56494140625 0.66259765625 0.00830078125 0.0068359375
11 0.55078125 0.65966796875 0.00830078125 0.00732421875
11 0.53662109375 0.65673828125 0.00830078125 0.0068359375
11 0.5224609375 0.65380859375 0.00830078125 0.0068359375
11 0.5986328125 0.6689453125 0.00830078125 0.0068359375
11 0.5791015625 0.66552734375 0.00830078125 0.0068359375
11 0.8095703125 0.66552734375 0.00830078125 0.0068359375
11 0.79541015625 0.6689453125 0.00830078125 0.0068359375
11 0.73828125 0.6806640625 0.00830078125 0.0068359375
11 0.71923828125 0.6748046875 0.00830078125 0.00732421875
11 0.78125 0.671875 0.00830078125 0.0068359375
11 0.76708984375 0.6748046875 0.00830078125 0.00732421875
11 0.75244140625 0.677734375 0.00830078125 0.0068359375
11 0.33349609375 0.66552734375 0.00830078125 0.0068359375
11 0.3193359375 0.66259765625 0.00830078125 0.0068359375
11 0.30517578125 0.65966796875 0.00830078125 0.00732421875
11 0.291015625 0.65673828125 0.00830078125 0.0068359375
11 0.36865234375 0.671875 0.00830078125 0.0068359375
11 0.3544921875 0.6689453125 0.00830078125 0.0068359375
11 0.22998046875 0.6806640625 0.00830078125 0.0068359375
11 0.22998046875 0.6748046875 0.00830078125 0.00732421875
10 0.19287109375 0.67041015625 0.0166015625 0.0458984375
11 0.27685546875 0.65380859375 0.00830078125 0.0068359375
11 0.26123046875 0.65966796875 0.00830078125 0.00732421875
11 0.24560546875 0.6689453125 0.00830078125 0.0068359375
11 0.45361328125 0.671875 0.00830078125 0.0068359375
11 0.4755859375 0.6748046875 0.00830078125 0.00732421875
11 0.43798828125 0.689453125 0.00830078125 0.0068359375
11 0.5068359375 0.65966796875 0.00830078125 0.00732421875
11 0.4912109375 0.6689453125 0.00830078125 0.0068359375
11 0.40966796875 0.68359375 0.00830078125 0.0068359375
11 0.39697265625 0.671875 0.00830078125 0.0068359375
11 0.38134765625 0.677734375 0.00830078125 0.0068359375
11 0.42529296875 0.671875 0.00830078125 0.0068359375
11 0.669921875 0.76416015625 0.00830078125 0.0068359375
11 0.64892578125 0.76171875 0.00830078125 0.0068359375
11 0.72509765625 0.7705078125 0.00830078125 0.0068359375
11 0.6328125 0.75830078125 0.00830078125 0.00732421875
11 0.7021484375 0.767578125 0.00830078125 0.0068359375
11 0.6875 0.75830078125 0.00830078125 0.00732421875
11 0.58984375 0.75537109375 0.00830078125 0.0068359375
11 0.61865234375 0.75244140625 0.00830078125 0.00732421875
11 0.56982421875 0.75830078125 0.00830078125 0.00732421875
11 0.5498046875 0.76171875 0.00830078125 0.0068359375
11 0.7587890625 0.767578125 0.00830078125 0.0068359375
11 0.77294921875 0.7763671875 0.00830078125 0.0068359375
11 0.74267578125 0.76416015625 0.00830078125 0.0068359375
11 0.80517578125 0.779296875 0.0078125 0.0068359375
11 0.79052734375 0.76416015625 0.00830078125 0.0068359375
11 0.330078125 0.7734375 0.00830078125 0.00732421875
11 0.306640625 0.7705078125 0.00830078125 0.0068359375
11 0.29052734375 0.767578125 0.00830078125 0.0068359375
11 0.3681640625 0.779296875 0.00830078125 0.0068359375
11 0.3525390625 0.7763671875 0.00830078125 0.0068359375
10 0.19287109375 0.76318359375 0.0166015625 0.0458984375
11 0.2314453125 0.75537109375 0.00830078125 0.0068359375
11 0.2763671875 0.76171875 0.00830078125 0.0068359375
11 0.26025390625 0.767578125 0.0078125 0.0068359375
11 0.24560546875 0.76171875 0.00830078125 0.0068359375
11 0.46337890625 0.779296875 0.00830078125 0.0068359375
11 0.529296875 0.76416015625 0.00830078125 0.0068359375
11 0.50634765625 0.76416015625 0.00830078125 0.0068359375
11 0.48486328125 0.7705078125 0.00830078125 0.0068359375
11 0.416015625 0.7880859375 0.00830078125 0.00732421875
11 0.400390625 0.78515625 0.00830078125 0.0068359375
11 0.38427734375 0.7822265625 0.00830078125 0.0068359375
11 0.44189453125 0.79150390625 0.00830078125 0.0068359375
12 0.6650390625 0.84521484375 0.0087890625 0.0068359375
11 0.6650390625 0.83642578125 0.00830078125 0.00732421875
11 0.634765625 0.83642578125 0.00830078125 0.00732421875
11 0.68359375 0.83935546875 0.00830078125 0.0068359375
11 0.55859375 0.8603515625 0.00830078125 0.0068359375
11 0.53515625 0.84814453125 0.00830078125 0.0068359375
12 0.6162109375 0.84814453125 0.0087890625 0.0068359375
11 0.6162109375 0.83349609375 0.00830078125 0.0068359375
11 0.60302734375 0.83349609375 0.00830078125 0.0068359375
11 0.587890625 0.83935546875 0.00830078125 0.0068359375
11 0.5732421875 0.84814453125 0.00830078125 0.0068359375
11 0.8037109375 0.84814453125 0.00830078125 0.0068359375
12 0.78515625 0.8603515625 0.0087890625 0.0068359375
11 0.78466796875 0.84521484375 0.0078125 0.0068359375
12 0.7470703125 0.85107421875 0.0087890625 0.00732421875
11 0.7470703125 0.84228515625 0.00830078125 0.0068359375
11 0.72119140625 0.84228515625 0.00830078125 0.0068359375
12 0.70263671875 0.8544921875 0.0087890625 0.0068359375
11 0.70263671875 0.83935546875 0.00830078125 0.0068359375
11 0.765625 0.84521484375 0.00830078125 0.0068359375
11 0.34326171875 0.8720703125 0.005859375 0.00537109375
11 0.3291015625 0.8603515625 0.00830078125 0.0068359375
11 0.3154296875 0.85693359375 0.00830078125 0.0068359375
11 0.29931640625 0.8544921875 0.00830078125 0.0068359375
11 0.361328125 0.8603515625 0.005859375 0.00537109375
11 0.35205078125 0.8662109375 0.005859375 0.00537109375
11 0.22998046875 0.875 0.00830078125 0.0068359375
11 0.24462890625 0.869140625 0.00830078125 0.0068359375
10 0.19287109375 0.85595703125 0.0166015625 0.0458984375
11 0.28759765625 0.84814453125 0.00830078125 0.0068359375
11 0.27392578125 0.8544921875 0.00830078125 0.0068359375
11 0.25927734375 0.8603515625 0.00830078125 0.0068359375
9 0.47607421875 0.849609375 0.0048828125 0.0126953125
11 0.47119140625 0.8603515625 0.005859375 0.00537109375
11 0.45263671875 0.85693359375 0.00830078125 0.0068359375
9 0.43798828125 0.84521484375 0.0048828125 0.0126953125
11 0.43310546875 0.8544921875 0.005859375 0.0048828125
21 0.51708984375 0.84375 0.00634765625 0.0185546875
12 0.49365234375 0.869140625 0.0087890625 0.0068359375
12 0.49365234375 0.86328125 0.0087890625 0.0068359375
11 0.3916015625 0.84521484375 0.00830078125 0.0068359375
11 0.40576171875 0.84814453125 0.005859375 0.0048828125
9 0.41064453125 0.84033203125 0.0048828125 0.0126953125
11 0.37109375 0.85107421875 0.00830078125 0.00732421875
11 0.4189453125 0.85107421875 0.00830078125 0.00732421875
11 0.6279296875 0.94677734375 0.00830078125 0.0068359375
11 0.6064453125 0.94384765625 0.00830078125 0.00732421875
11 0.64453125 0.94091796875 0.00830078125 0.0068359375
11 0.65869140625 0.953125 0.00830078125 0.0068359375
11 0.5458984375 0.93505859375 0.00830078125 0.0068359375
11 0.525390625 0.94384765625 0.00830078125 0.00732421875
11 0.59130859375 0.94091796875 0.00830078125 0.0068359375
11 0.57763671875 0.93505859375 0.00830078125 0.0068359375
11 0.56396484375 0.92919921875 0.00830078125 0.00732421875
12 0.79248046875 0.94970703125 0.0087890625 0.0068359375
11 0.70458984375 0.93798828125 0.00830078125 0.0068359375
11 0.68798828125 0.96484375 0.00830078125 0.00732421875
11 0.67529296875 0.94677734375 0.00830078125 0.0068359375
12 0.759765625 0.9619140625 0.0087890625 0.0068359375
11 0.73681640625 0.94970703125 0.00830078125 0.0068359375
11 0.71875 0.94384765625 0.00830078125 0.00732421875
11 0.33642578125 0.9677734375 0.00830078125 0.0068359375
11 0.30126953125 0.94677734375 0.00830078125 0.0068359375
11 0.36669921875 0.96484375 0.00830078125 0.00732421875
10 0.19287109375 0.94873046875 0.0166015625 0.0458984375
12 0.23291015625 0.9560546875 0.0087890625 0.0068359375
11 0.232421875 0.94091796875 0.00830078125 0.0068359375
12 0.2783203125 0.953125 0.0087890625 0.0068359375
11 0.2783203125 0.94384765625 0.00830078125 0.00732421875
11 0.25537109375 0.94384765625 0.00830078125 0.00732421875
11 0.49072265625 0.9560546875 0.00830078125 0.0068359375
11 0.46240234375 0.953125 0.00830078125 0.0068359375
11 0.44873046875 0.93798828125 0.00830078125 0.0068359375
11 0.5087890625 0.94970703125 0.00830078125 0.0068359375
11 0.41552734375 0.94970703125 0.00830078125 0.0068359375
11 0.43212890625 0.94384765625 0.00830078125 0.00732421875
11 0.39990234375 0.953125 0.00830078125 0.0068359375
11 0.38330078125 0.958984375 0.00830078125 0.0068359375