11 0.63427734375 0.04541015625 0.00537109375 0.00439453125
11 0.63427734375 0.0869140625 0.00537109375 0.00439453125
11 0.63427734375 0.17724609375 0.00537109375 0.00439453125
11 0.63427734375 0.2265625 0.00537109375 0.00439453125
11 0.63427734375 0.29931640625 0.00537109375 0.00439453125
11 0.63427734375 0.3486328125 0.00537109375 0.0048828125
11 0.63427734375 0.30712890625 0.00537109375 0.0048828125
11 0.63427734375 0.30322265625 0.00537109375 0.0048828125
11 0.61328125 0.29931640625 0.00537109375 0.00439453125
11 0.62255859375 0.17724609375 0.00537109375 0.00439453125
9 0.67041015625 0.16748046875 0.00439453125 0.01171875
11 0.52685546875 0.17138671875 0.00537109375 0.00439453125
11 0.66650390625 0.04345703125 0.00537109375 0.00439453125
11 0.66650390625 0.0869140625 0.00537109375 0.00439453125
11 0.66650390625 0.17529296875 0.00537109375 0.00439453125
11 0.66650390625 0.220703125 0.00537109375 0.00439453125
11 0.66650390625 0.30126953125 0.00537109375 0.00439453125
11 0.66650390625 0.296875 0.00537109375 0.00439453125
11 0.66650390625 0.30712890625 0.00537109375 0.0048828125
11 0.66650390625 0.3427734375 0.00537109375 0.00439453125
9 0.53076171875 0.28515625 0.00439453125 0.01171875
11 0.54541015625 0.29541015625 0.00537109375 0.00439453125
11 0.54541015625 0.17333984375 0.00537109375 0.0048828125
11 0.52685546875 0.3505859375 0.00537109375 0.00439453125
11 0.52685546875 0.30126953125 0.00537109375 0.00439453125
11 0.52685546875 0.30517578125 0.00537109375 0.00439453125
11 0.52685546875 0.29296875 0.00537109375 0.0048828125
11 0.52685546875 0.228515625 0.00537109375 0.0048828125
9 0.53076171875 0.16357421875 0.00439453125 0.01171875
9 0.580078125 0.2890625 0.00439453125 0.01171875
9 0.580078125 0.16748046875 0.00439453125 0.01171875
11 0.5947265625 0.3505859375 0.0048828125 0.00439453125
8 0.57568359375 0.05126953125 0.00439453125 0.01171875
11 0.5947265625 0.30126953125 0.0048828125 0.00439453125
11 0.5947265625 0.30517578125 0.0048828125 0.00439453125
11 0.5947265625 0.296875 0.0048828125 0.00439453125
11 0.5947265625 0.228515625 0.0048828125 0.0048828125
11 0.5947265625 0.17529296875 0.0048828125 0.00439453125
11 0.5947265625 0.0849609375 0.0048828125 0.00439453125
11 0.5947265625 0.04345703125 0.0048828125 0.00439453125
11 0.55810546875 0.30712890625 0.00537109375 0.0048828125
11 0.55810546875 0.3564453125 0.00537109375 0.00439453125
11 0.55810546875 0.30126953125 0.00537109375 0.00439453125
11 0.55810546875 0.23486328125 0.00537109375 0.00439453125
11 0.55810546875 0.0810546875 0.00537109375 0.0048828125
11 0.57568359375 0.296875 0.00537109375 0.00439453125
11 0.57568359375 0.17529296875 0.00537109375 0.00439453125
11 0.57568359375 0.0869140625 0.00537109375 0.00439453125
11 0.57568359375 0.04345703125 0.00537109375 0.00439453125
11 0.80126953125 0.04931640625 0.00537109375 0.0048828125
11 0.80126953125 0.1533203125 0.00537109375 0.00439453125
8 0.80126953125 0.1630859375 0.00390625 0.01171875
11 0.810546875 0.0927734375 0.00537109375 0.00439453125
11 0.7626953125 0.1513671875 0.00537109375 0.00439453125
11 0.7626953125 0.06103515625 0.00537109375 0.00439453125
11 0.78173828125 0.3525390625 0.00537109375 0.00439453125
11 0.78173828125 0.29296875 0.00537109375 0.0048828125
11 0.78173828125 0.30126953125 0.00537109375 0.00439453125
11 0.78173828125 0.23046875 0.00537109375 0.00439453125
11 0.78173828125 0.09130859375 0.00537109375 0.00439453125
11 0.78173828125 0.06298828125 0.00537109375 0.0048828125
11 0.7041015625 0.29296875 0.00537109375 0.0048828125
11 0.7041015625 0.2265625 0.00537109375 0.00439453125
11 0.7041015625 0.10107421875 0.00537109375 0.00439453125
11 0.7041015625 0.05908203125 0.00537109375 0.00439453125
11 0.7041015625 0.28955078125 0.00537109375 0.00439453125
11 0.7041015625 0.3486328125 0.00537109375 0.0048828125
11 0.7041015625 0.29296875 0.00537109375 0.0048828125
11 0.7041015625 0.296875 0.00537109375 0.00439453125
11 0.685546875 0.287109375 0.00537109375 0.00439453125
11 0.685546875 0.296875 0.00537109375 0.00439453125
11 0.685546875 0.29296875 0.00537109375 0.0048828125
11 0.685546875 0.16162109375 0.00537109375 0.00439453125
11 0.685546875 0.05712890625 0.00537109375 0.00439453125
11 0.74462890625 0.3466796875 0.00537109375 0.00439453125
11 0.74462890625 0.291015625 0.00537109375 0.00439453125
11 0.74462890625 0.296875 0.00537109375 0.00439453125
11 0.74462890625 0.30126953125 0.00537109375 0.00439453125
11 0.74462890625 0.224609375 0.00537109375 0.00439453125
11 0.74462890625 0.16552734375 0.00537109375 0.00439453125
11 0.74462890625 0.10498046875 0.00537109375 0.0048828125
11 0.74462890625 0.04736328125 0.00537109375 0.00439453125
11 0.73291015625 0.10302734375 0.00537109375 0.00439453125
8 0.74462890625 0.17333984375 0.00390625 0.01171875
11 0.7236328125 0.04541015625 0.00537109375 0.00439453125
8 0.72314453125 0.16943359375 0.00390625 0.01171875
11 0.7236328125 0.29541015625 0.00537109375 0.00439453125
11 0.7236328125 0.29931640625 0.00537109375 0.00439453125
11 0.7236328125 0.16162109375 0.00537109375 0.00439453125
11 0.3056640625 0.03369140625 0.00537109375 0.00439453125
11 0.3056640625 0.3505859375 0.00537109375 0.00439453125
11 0.3056640625 0.30126953125 0.00537109375 0.00439453125
11 0.3056640625 0.30517578125 0.00537109375 0.00439453125
11 0.3056640625 0.296875 0.00537109375 0.00439453125
11 0.3056640625 0.228515625 0.00537109375 0.0048828125
11 0.3056640625 0.17333984375 0.00537109375 0.0048828125
11 0.3056640625 0.10498046875 0.00537109375 0.0048828125
11 0.2939453125 0.17138671875 0.00537109375 0.00439453125
9 0.2890625 0.2890625 0.00439453125 0.01171875
9 0.2890625 0.09716796875 0.00439453125 0.01171875
11 0.28466796875 0.296875 0.00537109375 0.00439453125
11 0.28466796875 0.10498046875 0.00537109375 0.0048828125
11 0.28466796875 0.03564453125 0.00537109375 0.00439453125
11 0.34619140625 0.3486328125 0.00537109375 0.0048828125
11 0.34619140625 0.30322265625 0.00537109375 0.0048828125
11 0.34619140625 0.30712890625 0.00537109375 0.0048828125
11 0.34619140625 0.29931640625 0.00537109375 0.00439453125
11 0.34619140625 0.2265625 0.00537109375 0.00439453125
11 0.34619140625 0.16748046875 0.00537109375 0.00439453125
11 0.52685546875 0.0849609375 0.00537109375 0.00439453125
11 0.3251953125 0.29931640625 0.0048828125 0.00439453125
11 0.3251953125 0.16552734375 0.0048828125 0.00439453125
11 0.34619140625 0.10693359375 0.00537109375 0.00439453125
11 0.34619140625 0.03564453125 0.00537109375 0.00439453125
11 0.33447265625 0.10693359375 0.0048828125 0.00439453125
1 0.18896484375 0.34130859375 0.01171875 0.013671875
10 0.189453125 0.29052734375 0.0107421875 0.0302734375
1 0.18896484375 0.2197265625 0.01171875 0.013671875
10 0.189453125 0.16845703125 0.0107421875 0.0302734375
11 0.21826171875 0.10107421875 0.00537109375 0.00439453125
11 0.21826171875 0.3505859375 0.00537109375 0.00439453125
11 0.21826171875 0.30126953125 0.00537109375 0.00439453125
11 0.21826171875 0.30517578125 0.00537109375 0.00439453125
11 0.21826171875 0.29296875 0.00537109375 0.0048828125
11 0.21826171875 0.228515625 0.00537109375 0.0048828125
11 0.21826171875 0.16552734375 0.00537109375 0.00439453125
11 0.21826171875 0.03369140625 0.00537109375 0.00439453125
0 0.1767578125 0.31689453125 0.00439453125 0.068359375
0 0.171875 0.0732421875 0.00439453125 0.068359375
10 0.189453125 0.09814453125 0.0107421875 0.0302734375
10 0.189453125 0.04638671875 0.0107421875 0.0302734375
11 0.24365234375 0.29541015625 0.00537109375 0.00439453125
11 0.24365234375 0.16943359375 0.00537109375 0.00439453125
11 0.24365234375 0.10302734375 0.00537109375 0.00439453125
11 0.26708984375 0.17138671875 0.00537109375 0.00439453125
11 0.26708984375 0.3564453125 0.00537109375 0.00439453125
11 0.26708984375 0.30126953125 0.00537109375 0.00439453125
11 0.26708984375 0.30712890625 0.00537109375 0.0048828125
11 0.26708984375 0.23486328125 0.00537109375 0.00439453125
11 0.26708984375 0.02978515625 0.00537109375 0.0048828125
11 0.25537109375 0.16748046875 0.0048828125 0.00439453125
9 0.22265625 0.28515625 0.00439453125 0.01171875
9 0.22265625 0.0927734375 0.00439453125 0.01171875
11 0.23193359375 0.16748046875 0.00537109375 0.00439453125
8 0.45361328125 0.10302734375 0.00390625 0.01171875
11 0.45361328125 0.3466796875 0.0048828125 0.00439453125
11 0.45361328125 0.296875 0.0048828125 0.00439453125
11 0.45361328125 0.30126953125 0.0048828125 0.00439453125
11 0.47265625 0.0810546875 0.00537109375 0.0048828125
11 0.45361328125 0.28955078125 0.0048828125 0.00439453125
9 0.4580078125 0.2822265625 0.00439453125 0.01171875
9 0.43701171875 0.2822265625 0.00439453125 0.01171875
8 0.4326171875 0.0986328125 0.00390625 0.01171875
11 0.4326171875 0.29931640625 0.00537109375 0.00439453125
11 0.4326171875 0.28955078125 0.00537109375 0.00439453125
11 0.4326171875 0.29541015625 0.00537109375 0.00439453125
11 0.4326171875 0.16748046875 0.00537109375 0.00439453125
11 0.4326171875 0.09130859375 0.00537109375 0.00439453125
11 0.44189453125 0.05126953125 0.00537109375 0.00439453125
11 0.45361328125 0.224609375 0.0048828125 0.00439453125
11 0.45361328125 0.09521484375 0.0048828125 0.0048828125
11 0.45361328125 0.05322265625 0.0048828125 0.0048828125
11 0.47265625 0.16943359375 0.00537109375 0.00439453125
8 0.4326171875 0.3046875 0.00390625 0.01171875
9 0.5048828125 0.28515625 0.00439453125 0.01171875
9 0.5048828125 0.16357421875 0.00439453125 0.01171875
8 0.50048828125 0.0927734375 0.00390625 0.01171875
11 0.50048828125 0.29931640625 0.00537109375 0.00439453125
11 0.50048828125 0.30322265625 0.00537109375 0.0048828125
11 0.52685546875 0.04345703125 0.00537109375 0.00439453125
11 0.509765625 0.04150390625 0.00537109375 0.00439453125
11 0.50048828125 0.29296875 0.00537109375 0.0048828125
8 0.50048828125 0.30908203125 0.00390625 0.01171875
11 0.4853515625 0.3525390625 0.00537109375 0.00439453125
11 0.4853515625 0.23046875 0.00537109375 0.00439453125
11 0.4853515625 0.03955078125 0.00537109375 0.0048828125
11 0.47265625 0.291015625 0.00537109375 0.00439453125
11 0.50048828125 0.17138671875 0.00537109375 0.00439453125
11 0.50048828125 0.0830078125 0.00537109375 0.00439453125
9 0.39013671875 0.2890625 0.00439453125 0.01171875
8 0.3857421875 0.17333984375 0.00390625 0.01171875
8 0.3857421875 0.31298828125 0.00390625 0.01171875
11 0.38623046875 0.296875 0.0048828125 0.00439453125
11 0.38623046875 0.30126953125 0.0048828125 0.00439453125
11 0.38623046875 0.220703125 0.0048828125 0.00439453125
11 0.38623046875 0.16552734375 0.0048828125 0.00439453125
11 0.38623046875 0.10498046875 0.0048828125 0.0048828125
11 0.38623046875 0.03564453125 0.0048828125 0.00439453125
11 0.38623046875 0.30712890625 0.0048828125 0.0048828125
11 0.369140625 0.16748046875 0.00537109375 0.00439453125
9 0.39013671875 0.09716796875 0.00439453125 0.01171875
11 0.38623046875 0.3427734375 0.0048828125 0.00439453125
11 0.41748046875 0.3486328125 0.00537109375 0.0048828125
11 0.41748046875 0.2265625 0.00537109375 0.00439453125
11 0.41748046875 0.04931640625 0.00537109375 0.0048828125
11 0.40478515625 0.09130859375 0.00537109375 0.00439453125
11 0.40478515625 0.16552734375 0.00537109375 0.00439453125
11 0.40478515625 0.29296875 0.00537109375 0.0048828125
11 0.40478515625 0.287109375 0.00537109375 0.00439453125
11 0.40478515625 0.296875 0.00537109375 0.00439453125
11 0.619140625 0.64111328125 0.00537109375 0.0048828125
11 0.619140625 0.58544921875 0.00537109375 0.0048828125
11 0.619140625 0.70166015625 0.00537109375 0.00439453125
11 0.60009765625 0.89306640625 0.00537109375 0.00439453125
11 0.60009765625 0.87890625 0.00537109375 0.00439453125
11 0.67041015625 0.57763671875 0.00537109375 0.00439453125
11 0.63916015625 0.873046875 0.0048828125 0.00439453125
8 0.619140625 0.70947265625 0.00390625 0.01171875
11 0.63916015625 0.587890625 0.0048828125 0.00439453125
11 0.63916015625 0.64306640625 0.0048828125 0.00439453125
11 0.63916015625 0.70166015625 0.0048828125 0.00439453125
11 0.63916015625 0.76513671875 0.0048828125 0.00439453125
11 0.63916015625 0.84130859375 0.0048828125 0.00439453125
11 0.63916015625 0.83740234375 0.0048828125 0.00439453125
11 0.66015625 0.63525390625 0.00537109375 0.00439453125
11 0.6435546875 0.83544921875 0.00537109375 0.0048828125
11 0.63916015625 0.82763671875 0.0048828125 0.00439453125
11 0.63916015625 0.88720703125 0.0048828125 0.00439453125
11 0.63916015625 0.87744140625 0.0048828125 0.00439453125
11 0.55908203125 0.76513671875 0.00537109375 0.00439453125
11 0.55908203125 0.84130859375 0.00537109375 0.00439453125
11 0.55908203125 0.83740234375 0.00537109375 0.00439453125
11 0.55908203125 0.83154296875 0.00537109375 0.00439453125
11 0.55908203125 0.88720703125 0.00537109375 0.00439453125
11 0.55908203125 0.87890625 0.00537109375 0.00439453125
11 0.55908203125 0.70166015625 0.00537109375 0.00439453125
11 0.529296875 0.58154296875 0.00537109375 0.0048828125
11 0.529296875 0.63720703125 0.00537109375 0.0048828125
11 0.5390625 0.69970703125 0.00537109375 0.00439453125
11 0.55908203125 0.58349609375 0.00537109375 0.00439453125
11 0.55908203125 0.63916015625 0.00537109375 0.00439453125
11 0.580078125 0.56982421875 0.00537109375 0.00439453125
11 0.580078125 0.62548828125 0.00537109375 0.00439453125
11 0.60009765625 0.57177734375 0.00537109375 0.0048828125
11 0.60009765625 0.62744140625 0.00537109375 0.0048828125
11 0.60009765625 0.77099609375 0.00537109375 0.0048828125
11 0.60009765625 0.84326171875 0.00537109375 0.00439453125
11 0.60009765625 0.83740234375 0.00537109375 0.00439453125
11 0.60009765625 0.83349609375 0.00537109375 0.00439453125
11 0.60009765625 0.82958984375 0.00537109375 0.00439453125
19 0.7666015625 0.755859375 0.00537109375 0.00244140625
19 0.7666015625 0.57470703125 0.00537109375 0.00244140625
19 0.7666015625 0.62646484375 0.00537109375 0.00244140625
19 0.7666015625 0.69677734375 0.00537109375 0.00244140625
19 0.7666015625 0.81884765625 0.00537109375 0.00244140625
19 0.7666015625 0.8779296875 0.00537109375 0.00244140625
11 0.7021484375 0.58544921875 0.00537109375 0.0048828125
11 0.7021484375 0.62939453125 0.00537109375 0.00439453125
11 0.681640625 0.884765625 0.00537109375 0.00439453125
11 0.681640625 0.58544921875 0.00537109375 0.0048828125
11 0.681640625 0.64111328125 0.00537109375 0.0048828125
11 0.681640625 0.70361328125 0.00537109375 0.00439453125
11 0.681640625 0.76318359375 0.00537109375 0.00439453125
11 0.681640625 0.84326171875 0.00537109375 0.00439453125
11 0.681640625 0.83935546875 0.00537109375 0.0048828125
11 0.681640625 0.83544921875 0.00537109375 0.0048828125
11 0.681640625 0.82958984375 0.00537109375 0.00439453125
11 0.681640625 0.87744140625 0.00537109375 0.00439453125
11 0.681640625 0.873046875 0.00537109375 0.00439453125
12 0.73095703125 0.83349609375 0.005859375 0.00439453125
12 0.73095703125 0.58544921875 0.005859375 0.0048828125
12 0.73095703125 0.62744140625 0.005859375 0.0048828125
12 0.73095703125 0.70166015625 0.005859375 0.00439453125
12 0.73095703125 0.75732421875 0.005859375 0.00439453125
12 0.73095703125 0.84326171875 0.005859375 0.00439453125
12 0.73095703125 0.83740234375 0.005859375 0.00439453125
12 0.73095703125 0.82958984375 0.005859375 0.00439453125
12 0.73095703125 0.89306640625 0.005859375 0.00439453125
12 0.73095703125 0.884765625 0.005859375 0.00439453125
12 0.73095703125 0.875 0.005859375 0.00439453125
11 0.298828125 0.58935546875 0.00537109375 0.00439453125
11 0.298828125 0.63134765625 0.00537109375 0.00439453125
11 0.298828125 0.69189453125 0.00537109375 0.0048828125
11 0.298828125 0.76513671875 0.00537109375 0.00439453125
11 0.298828125 0.83740234375 0.00537109375 0.00439453125
11 0.30322265625 0.83544921875 0.00537109375 0.0048828125
11 0.298828125 0.82763671875 0.00537109375 0.00439453125
11 0.298828125 0.88720703125 0.00537109375 0.00439453125
11 0.27880859375 0.69384765625 0.00537109375 0.00439453125
11 0.27880859375 0.58935546875 0.00537109375 0.00439453125
11 0.27880859375 0.63134765625 0.00537109375 0.00439453125
8 0.2783203125 0.63916015625 0.00390625 0.01171875
11 0.35986328125 0.57763671875 0.00537109375 0.00439453125
11 0.38623046875 0.57568359375 0.00537109375 0.00439453125
11 0.38623046875 0.63134765625 0.00537109375 0.00439453125
11 0.38623046875 0.69384765625 0.00537109375 0.00439453125
11 0.38623046875 0.75732421875 0.00537109375 0.00439453125
11 0.3388671875 0.69384765625 0.00537109375 0.00439453125
11 0.31982421875 0.58154296875 0.00537109375 0.0048828125
11 0.3388671875 0.58935546875 0.00537109375 0.00439453125
11 0.3388671875 0.63330078125 0.00537109375 0.00439453125
11 0.3388671875 0.76318359375 0.00537109375 0.00439453125
11 0.3388671875 0.83935546875 0.00537109375 0.0048828125
11 0.3388671875 0.83544921875 0.00537109375 0.0048828125
11 0.3388671875 0.82958984375 0.00537109375 0.00439453125
11 0.3388671875 0.884765625 0.00537109375 0.00439453125
10 0.189453125 0.82666015625 0.0107421875 0.0302734375
10 0.189453125 0.63427734375 0.0107421875 0.0302734375
10 0.189453125 0.70458984375 0.0107421875 0.0302734375
1 0.18896484375 0.755859375 0.01171875 0.013671875
1 0.18896484375 0.8779296875 0.01171875 0.013671875
11 0.21826171875 0.587890625 0.00537109375 0.00439453125
0 0.171875 0.609375 0.00439453125 0.068359375
11 0.21826171875 0.63134765625 0.00537109375 0.00439453125
0 0.1767578125 0.853515625 0.00439453125 0.068359375
10 0.189453125 0.5830078125 0.0107421875 0.0302734375
11 0.25927734375 0.77099609375 0.00537109375 0.0048828125
11 0.2392578125 0.57373046875 0.00537109375 0.00439453125
11 0.25927734375 0.57568359375 0.00537109375 0.00439453125
11 0.25927734375 0.68798828125 0.00537109375 0.00439453125
11 0.25927734375 0.83740234375 0.00537109375 0.00439453125
11 0.25927734375 0.83349609375 0.00537109375 0.00439453125
11 0.25927734375 0.82958984375 0.00537109375 0.00439453125
11 0.25927734375 0.89306640625 0.00537109375 0.00439453125
11 0.21826171875 0.69189453125 0.00537109375 0.0048828125
11 0.21826171875 0.76513671875 0.00537109375 0.00439453125
11 0.21826171875 0.83740234375 0.00537109375 0.00439453125
11 0.21826171875 0.83154296875 0.00537109375 0.00439453125
11 0.21826171875 0.82763671875 0.00537109375 0.00439453125
11 0.21826171875 0.88720703125 0.00537109375 0.00439453125
11 0.46923828125 0.63525390625 0.00537109375 0.00439453125
11 0.46923828125 0.71142578125 0.00537109375 0.00439453125
11 0.46923828125 0.76123046875 0.00537109375 0.0048828125
11 0.46923828125 0.83740234375 0.00537109375 0.00439453125
11 0.46923828125 0.83349609375 0.00537109375 0.00439453125
11 0.46923828125 0.82763671875 0.00537109375 0.00439453125
11 0.46923828125 0.88330078125 0.00537109375 0.00439453125
11 0.46923828125 0.875 0.00537109375 0.00439453125
11 0.46923828125 0.57958984375 0.00537109375 0.00439453125
11 0.38623046875 0.83740234375 0.00537109375 0.00439453125
11 0.44677734375 0.57763671875 0.0048828125 0.00439453125
11 0.44677734375 0.63330078125 0.0048828125 0.00439453125
11 0.45654296875 0.70947265625 0.00537109375 0.00439453125
11 0.50830078125 0.83349609375 0.00537109375 0.00439453125
11 0.50830078125 0.82958984375 0.00537109375 0.00439453125
11 0.50830078125 0.88916015625 0.00537109375 0.00439453125
11 0.50830078125 0.875 0.00537109375 0.00439453125
11 0.50830078125 0.83935546875 0.00537109375 0.0048828125
11 0.48779296875 0.59375 0.00537109375 0.00439453125
11 0.48779296875 0.64892578125 0.00537109375 0.00439453125
11 0.50830078125 0.595703125 0.00537109375 0.0048828125
11 0.50830078125 0.65087890625 0.00537109375 0.0048828125
11 0.50830078125 0.69775390625 0.00537109375 0.00439453125
11 0.50830078125 0.76708984375 0.00537109375 0.00439453125
11 0.4052734375 0.58935546875 0.00537109375 0.00439453125
11 0.4052734375 0.64501953125 0.00537109375 0.00439453125
11 0.42529296875 0.884765625 0.00537109375 0.00439453125
11 0.38623046875 0.87890625 0.00537109375 0.00439453125
11 0.42529296875 0.87109375 0.00537109375 0.0048828125
11 0.38623046875 0.82958984375 0.00537109375 0.00439453125
11 0.38623046875 0.83349609375 0.00537109375 0.00439453125
11 0.42529296875 0.591796875 0.00537109375 0.00439453125
11 0.42529296875 0.82568359375 0.00537109375 0.0048828125
11 0.42529296875 0.64697265625 0.00537109375 0.00439453125
11 0.42529296875 0.70751953125 0.00537109375 0.00439453125
11 0.42529296875 0.76318359375 0.00537109375 0.00439453125
11 0.42529296875 0.83544921875 0.00537109375 0.0048828125
11 0.42529296875 0.82958984375 0.00537109375 0.00439453125