11 0.6630859375 0.19677734375 0.00830078125 0.00732421875
11 0.6630859375 0.15966796875 0.00830078125 0.0068359375
11 0.64404296875 0.208984375 0.00830078125 0.0068359375
15 0.6435546875 0.1513671875 0.0078125 0.01171875
11 0.62646484375 0.19677734375 0.00830078125 0.00732421875
11 0.6875 0.220703125 0.00830078125 0.0068359375
11 0.6875 0.171875 0.00830078125 0.0068359375
9 0.669921875 0.1474609375 0.0068359375 0.017578125
11 0.5810546875 0.15966796875 0.00830078125 0.0068359375
11 0.56787109375 0.15673828125 0.00830078125 0.0068359375
11 0.5810546875 0.19677734375 0.00830078125 0.00732421875
11 0.60595703125 0.2119140625 0.00830078125 0.0068359375
11 0.60595703125 0.16259765625 0.00830078125 0.0068359375
11 0.59423828125 0.15673828125 0.00830078125 0.0068359375
11 0.79443359375 0.19970703125 0.00830078125 0.0068359375
11 0.79443359375 0.171875 0.00830078125 0.0068359375
11 0.78125 0.16845703125 0.00830078125 0.00732421875
11 0.80810546875 0.1748046875 0.00830078125 0.00732421875
11 0.72509765625 0.2060546875 0.00830078125 0.0068359375
11 0.72509765625 0.15673828125 0.00830078125 0.0068359375
11 0.7080078125 0.19970703125 0.00830078125 0.0068359375
11 0.76806640625 0.2177734375 0.00830078125 0.00732421875
11 0.76806640625 0.16552734375 0.00830078125 0.0068359375
11 0.7548828125 0.16259765625 0.00830078125 0.0068359375
11 0.74560546875 0.19970703125 0.0078125 0.0068359375
11 0.3779296875 0.208984375 0.00830078125 0.0068359375
15 0.37744140625 0.1513671875 0.0078125 0.01171875
11 0.3603515625 0.19677734375 0.00830078125 0.00732421875
11 0.42138671875 0.15380859375 0.00830078125 0.00732421875
11 0.42138671875 0.2177734375 0.00830078125 0.00732421875
11 0.33984375 0.2119140625 0.00830078125 0.0068359375
9 0.40380859375 0.1474609375 0.0068359375 0.017578125
11 0.3974609375 0.19677734375 0.00830078125 0.00732421875
11 0.3974609375 0.15966796875 0.00830078125 0.0068359375
1 0.24365234375 0.20703125 0.017578125 0.02099609375
11 0.30224609375 0.208984375 0.0078125 0.0068359375
10 0.244140625 0.1494140625 0.0166015625 0.0458984375
11 0.30224609375 0.16552734375 0.0078125 0.0068359375
0 0.22607421875 0.1796875 0.005859375 0.0830078125
11 0.32177734375 0.16552734375 0.00830078125 0.0068359375
11 0.33984375 0.16259765625 0.00830078125 0.0068359375
11 0.32177734375 0.19677734375 0.00830078125 0.00732421875
11 0.5107421875 0.208984375 0.00830078125 0.0068359375
15 0.5107421875 0.1513671875 0.0078125 0.01171875
11 0.49365234375 0.19677734375 0.00830078125 0.00732421875
11 0.47314453125 0.2119140625 0.00830078125 0.0068359375
11 0.47314453125 0.16259765625 0.00830078125 0.0068359375
11 0.5546875 0.2177734375 0.00830078125 0.00732421875
11 0.5546875 0.15380859375 0.00830078125 0.00732421875
9 0.53662109375 0.1474609375 0.0068359375 0.017578125
11 0.5302734375 0.19677734375 0.00830078125 0.00732421875
11 0.5302734375 0.15966796875 0.00830078125 0.0068359375
11 0.4345703125 0.15673828125 0.00830078125 0.0068359375
11 0.4482421875 0.15966796875 0.00830078125 0.0068359375
11 0.4482421875 0.19677734375 0.00830078125 0.00732421875
11 0.46142578125 0.15673828125 0.00830078125 0.0068359375
11 0.677734375 0.37841796875 0.00830078125 0.0068359375
11 0.52783203125 0.3876953125 0.00830078125 0.00732421875
11 0.63037109375 0.390625 0.00830078125 0.0068359375
11 0.63037109375 0.314453125 0.00830078125 0.0068359375
11 0.63037109375 0.33544921875 0.00830078125 0.0068359375
11 0.66162109375 0.384765625 0.00830078125 0.0068359375
11 0.66162109375 0.3203125 0.00830078125 0.0068359375
11 0.646484375 0.37841796875 0.00830078125 0.0068359375
11 0.646484375 0.31787109375 0.00830078125 0.0068359375
11 0.677734375 0.31787109375 0.00830078125 0.0068359375
11 0.5751953125 0.32666015625 0.00830078125 0.0068359375
11 0.5595703125 0.390625 0.00830078125 0.0068359375
11 0.5595703125 0.3203125 0.00830078125 0.0068359375
11 0.5751953125 0.37841796875 0.00830078125 0.0068359375
11 0.544921875 0.37841796875 0.00830078125 0.0068359375
11 0.544921875 0.31787109375 0.00830078125 0.0068359375
11 0.60791015625 0.37841796875 0.00830078125 0.0068359375
11 0.60791015625 0.314453125 0.00830078125 0.0068359375
11 0.5908203125 0.384765625 0.00830078125 0.0068359375
11 0.5908203125 0.3203125 0.00830078125 0.0068359375
11 0.80810546875 0.37841796875 0.00830078125 0.0068359375
11 0.791015625 0.384765625 0.00830078125 0.0068359375
11 0.791015625 0.314453125 0.00830078125 0.0068359375
11 0.77978515625 0.314453125 0.00830078125 0.0068359375
11 0.77197265625 0.37841796875 0.00830078125 0.0068359375
11 0.72314453125 0.3876953125 0.00830078125 0.00732421875
11 0.708984375 0.37841796875 0.00830078125 0.0068359375
11 0.69189453125 0.3935546875 0.00830078125 0.0068359375
11 0.69189453125 0.32373046875 0.00830078125 0.00732421875
11 0.69189453125 0.33544921875 0.00830078125 0.0068359375
11 0.7548828125 0.390625 0.00830078125 0.0068359375
11 0.7548828125 0.3203125 0.00830078125 0.0068359375
11 0.740234375 0.37841796875 0.00830078125 0.0068359375
11 0.740234375 0.31787109375 0.00830078125 0.0068359375
11 0.33251953125 0.3876953125 0.00830078125 0.00732421875
11 0.318359375 0.37841796875 0.00830078125 0.0068359375
11 0.30126953125 0.3935546875 0.00830078125 0.0068359375
11 0.30126953125 0.32373046875 0.00830078125 0.00732421875
11 0.30126953125 0.33544921875 0.00830078125 0.0068359375
11 0.3642578125 0.3203125 0.00830078125 0.0068359375
11 0.38134765625 0.37841796875 0.0078125 0.0068359375
11 0.3642578125 0.390625 0.00830078125 0.0068359375
11 0.3642578125 0.33544921875 0.00830078125 0.0068359375
11 0.349609375 0.37841796875 0.00830078125 0.0068359375
11 0.349609375 0.31787109375 0.00830078125 0.0068359375
11 0.23828125 0.390625 0.00830078125 0.0068359375
11 0.23828125 0.32666015625 0.00830078125 0.0068359375
11 0.23828125 0.33544921875 0.00830078125 0.0068359375
11 0.23828125 0.34130859375 0.00830078125 0.0068359375
1 0.193359375 0.388671875 0.017578125 0.02099609375
10 0.19384765625 0.3310546875 0.0166015625 0.0458984375
0 0.17529296875 0.361328125 0.005859375 0.0830078125
11 0.28662109375 0.37841796875 0.00830078125 0.0068359375
11 0.28662109375 0.3203125 0.00830078125 0.0068359375
11 0.26953125 0.384765625 0.00830078125 0.0068359375
11 0.25537109375 0.37841796875 0.00830078125 0.0068359375
11 0.482421875 0.37841796875 0.00830078125 0.0068359375
11 0.482421875 0.31787109375 0.00830078125 0.0068359375
11 0.46630859375 0.3876953125 0.00830078125 0.00732421875
11 0.46630859375 0.3203125 0.00830078125 0.0068359375
11 0.451171875 0.37841796875 0.00830078125 0.0068359375
11 0.451171875 0.31787109375 0.00830078125 0.0068359375
11 0.513671875 0.37841796875 0.00830078125 0.0068359375
11 0.49658203125 0.3935546875 0.00830078125 0.0068359375
11 0.49658203125 0.32373046875 0.00830078125 0.00732421875
11 0.49658203125 0.33544921875 0.00830078125 0.0068359375
11 0.43505859375 0.3994140625 0.00830078125 0.0068359375
11 0.43505859375 0.314453125 0.00830078125 0.0068359375
11 0.43505859375 0.33544921875 0.00830078125 0.0068359375
11 0.41259765625 0.37841796875 0.00830078125 0.0068359375
11 0.41259765625 0.314453125 0.00830078125 0.0068359375
11 0.3955078125 0.384765625 0.00830078125 0.0068359375
11 0.642578125 0.50537109375 0.00830078125 0.0068359375
11 0.65576171875 0.50830078125 0.00830078125 0.0068359375
11 0.62939453125 0.50244140625 0.00830078125 0.0068359375
11 0.6162109375 0.49951171875 0.00830078125 0.00732421875
11 0.6748046875 0.5634765625 0.00830078125 0.0068359375
11 0.6748046875 0.5693359375 0.00830078125 0.0068359375
11 0.6748046875 0.50830078125 0.00830078125 0.0068359375
11 0.564453125 0.56640625 0.00830078125 0.0068359375
11 0.564453125 0.572265625 0.00830078125 0.00732421875
11 0.564453125 0.4931640625 0.00830078125 0.00732421875
11 0.55078125 0.560546875 0.00830078125 0.0068359375
11 0.55078125 0.50244140625 0.00830078125 0.0068359375
19 0.59130859375 0.5703125 0.00830078125 0.00390625
11 0.59130859375 0.49658203125 0.00830078125 0.0068359375
11 0.578125 0.560546875 0.00830078125 0.0068359375
11 0.578125 0.49658203125 0.00830078125 0.0068359375
11 0.7958984375 0.50537109375 0.00830078125 0.0068359375
11 0.78125 0.51123046875 0.00830078125 0.0068359375
11 0.810546875 0.49951171875 0.00830078125 0.00732421875
11 0.7666015625 0.51708984375 0.00830078125 0.0068359375
11 0.7529296875 0.52001953125 0.0078125 0.0068359375
11 0.70166015625 0.5634765625 0.00830078125 0.0068359375
11 0.70166015625 0.5693359375 0.00830078125 0.0068359375
11 0.70166015625 0.51416015625 0.00830078125 0.00732421875
11 0.6884765625 0.560546875 0.00830078125 0.0068359375
11 0.6884765625 0.51123046875 0.00830078125 0.0068359375
19 0.72802734375 0.5703125 0.00830078125 0.00390625
11 0.72802734375 0.51708984375 0.00830078125 0.0068359375
11 0.71484375 0.560546875 0.00830078125 0.0068359375
11 0.71484375 0.51708984375 0.00830078125 0.0068359375
11 0.31396484375 0.5810546875 0.00830078125 0.0068359375
15 0.29541015625 0.57275390625 0.0078125 0.01171875
12 0.2958984375 0.50830078125 0.0087890625 0.0068359375
12 0.2958984375 0.5234375 0.0087890625 0.0068359375
11 0.28515625 0.51123046875 0.005859375 0.0048828125
11 0.28515625 0.52001953125 0.005859375 0.00537109375
11 0.28515625 0.5263671875 0.005859375 0.0048828125
11 0.2763671875 0.51123046875 0.00830078125 0.0068359375
9 0.38720703125 0.5048828125 0.0068359375 0.017578125
11 0.380859375 0.5693359375 0.0078125 0.0068359375
11 0.380859375 0.5751953125 0.0078125 0.0068359375
11 0.380859375 0.51708984375 0.0078125 0.0068359375
11 0.3330078125 0.572265625 0.00830078125 0.00732421875
9 0.32080078125 0.5693359375 0.0068359375 0.017578125
11 0.23828125 0.583984375 0.00830078125 0.0068359375
11 0.23828125 0.51416015625 0.00830078125 0.00732421875
1 0.193359375 0.5703125 0.017578125 0.02099609375
11 0.23828125 0.5693359375 0.00830078125 0.0068359375
10 0.19384765625 0.5126953125 0.0166015625 0.0458984375
0 0.17529296875 0.54345703125 0.005859375 0.0830078125
11 0.2646484375 0.5810546875 0.00830078125 0.0068359375
11 0.2646484375 0.50537109375 0.00830078125 0.0068359375
11 0.2529296875 0.49951171875 0.00830078125 0.00732421875
11 0.4736328125 0.51708984375 0.00830078125 0.0068359375
11 0.50341796875 0.50537109375 0.00830078125 0.0068359375
11 0.48828125 0.51123046875 0.00830078125 0.0068359375
11 0.46044921875 0.51416015625 0.00830078125 0.00732421875
11 0.447265625 0.51123046875 0.00830078125 0.0068359375
11 0.537109375 0.56640625 0.00830078125 0.0068359375
11 0.537109375 0.572265625 0.00830078125 0.00732421875
11 0.537109375 0.49951171875 0.00830078125 0.00732421875
11 0.51806640625 0.49951171875 0.00830078125 0.00732421875
11 0.4072265625 0.5693359375 0.00830078125 0.0068359375
11 0.4072265625 0.5751953125 0.00830078125 0.0068359375
11 0.4072265625 0.51708984375 0.00830078125 0.0068359375
11 0.3955078125 0.560546875 0.00830078125 0.0068359375
11 0.421875 0.560546875 0.00830078125 0.0068359375
19 0.435546875 0.5703125 0.00830078125 0.00390625
11 0.63525390625 0.705078125 0.00830078125 0.00732421875
11 0.63525390625 0.7109375 0.00830078125 0.0068359375
11 0.63525390625 0.68994140625 0.00830078125 0.0068359375
11 0.67578125 0.67822265625 0.00830078125 0.0068359375
11 0.6591796875 0.705078125 0.00830078125 0.00732421875
11 0.6591796875 0.7109375 0.00830078125 0.0068359375
11 0.6591796875 0.68408203125 0.00830078125 0.00732421875
11 0.53125 0.69287109375 0.0078125 0.0068359375
11 0.56201171875 0.69921875 0.00830078125 0.0068359375
11 0.546875 0.69580078125 0.00830078125 0.0068359375
21 0.56103515625 0.755859375 0.00634765625 0.0185546875
11 0.51611328125 0.68994140625 0.00830078125 0.0068359375
11 0.6083984375 0.7080078125 0.00830078125 0.0068359375
11 0.5927734375 0.705078125 0.00830078125 0.00732421875
11 0.57763671875 0.7021484375 0.00830078125 0.0068359375
11 0.80712890625 0.68701171875 0.00830078125 0.0068359375
8 0.791015625 0.72900390625 0.00634765625 0.01806640625
11 0.79150390625 0.7080078125 0.00830078125 0.0068359375
11 0.79150390625 0.7197265625 0.00830078125 0.00732421875
11 0.79150390625 0.68408203125 0.00830078125 0.00732421875
11 0.71142578125 0.67822265625 0.00830078125 0.0068359375
11 0.72705078125 0.6748046875 0.00830078125 0.0068359375
11 0.6962890625 0.7080078125 0.00830078125 0.0068359375
11 0.6962890625 0.7138671875 0.00830078125 0.0068359375
11 0.6962890625 0.68115234375 0.00830078125 0.0068359375
15 0.7578125 0.75830078125 0.0078125 0.01171875
11 0.77587890625 0.68115234375 0.00830078125 0.0068359375
11 0.7578125 0.67822265625 0.00830078125 0.0068359375
11 0.7421875 0.67822265625 0.00830078125 0.0068359375
11 0.2998046875 0.74853515625 0.00830078125 0.0068359375
11 0.31689453125 0.74267578125 0.0078125 0.0068359375
11 0.2998046875 0.68701171875 0.00830078125 0.0068359375
11 0.2861328125 0.74267578125 0.00830078125 0.0068359375
11 0.34765625 0.74267578125 0.00830078125 0.0068359375
11 0.3681640625 0.74853515625 0.0078125 0.0068359375
11 0.3681640625 0.69580078125 0.0078125 0.0068359375
11 0.2861328125 0.68115234375 0.00830078125 0.0068359375
11 0.34765625 0.68115234375 0.00830078125 0.0068359375
11 0.33056640625 0.74853515625 0.00830078125 0.0068359375
10 0.19384765625 0.69482421875 0.0166015625 0.0458984375
1 0.193359375 0.75537109375 0.017578125 0.02099609375
11 0.23828125 0.6748046875 0.00830078125 0.0068359375
0 0.17529296875 0.7265625 0.005859375 0.08544921875
11 0.26904296875 0.74853515625 0.00830078125 0.0068359375
11 0.25537109375 0.74267578125 0.00830078125 0.0068359375
11 0.23828125 0.74853515625 0.00830078125 0.0068359375
11 0.4375 0.74560546875 0.00830078125 0.0068359375
11 0.4375 0.68994140625 0.00830078125 0.0068359375
11 0.5009765625 0.7666015625 0.00830078125 0.0068359375
11 0.5009765625 0.68701171875 0.00830078125 0.0068359375
11 0.4853515625 0.68408203125 0.00830078125 0.00732421875
11 0.4697265625 0.68115234375 0.00830078125 0.0068359375
11 0.453125 0.69287109375 0.00830078125 0.0068359375
11 0.3984375 0.74853515625 0.00830078125 0.0068359375
11 0.384765625 0.74267578125 0.00830078125 0.0068359375
11 0.41552734375 0.74267578125 0.00830078125 0.0068359375
11 0.41552734375 0.68994140625 0.00830078125 0.0068359375
11 0.61669921875 0.89306640625 0.00830078125 0.0068359375
11 0.61669921875 0.90478515625 0.00830078125 0.0068359375
11 0.61669921875 0.869140625 0.00830078125 0.0068359375
11 0.60009765625 0.8662109375 0.00830078125 0.0068359375
11 0.65625 0.875 0.00830078125 0.0068359375
11 0.65625 0.89013671875 0.00830078125 0.0068359375
11 0.65625 0.89599609375 0.00830078125 0.0068359375
11 0.6328125 0.8720703125 0.00830078125 0.0068359375
8 0.6162109375 0.9140625 0.00634765625 0.017578125
11 0.5322265625 0.86328125 0.00830078125 0.00732421875
11 0.51611328125 0.89306640625 0.00830078125 0.0068359375
11 0.51611328125 0.89892578125 0.00830078125 0.00732421875
11 0.51611328125 0.8662109375 0.00830078125 0.0068359375
11 0.49462890625 0.86328125 0.00830078125 0.00732421875
11 0.56494140625 0.86328125 0.00830078125 0.00732421875
15 0.5810546875 0.94189453125 0.0078125 0.01171875
11 0.5810546875 0.86328125 0.00830078125 0.00732421875
11 0.54833984375 0.8603515625 0.00830078125 0.0068359375
11 0.75341796875 0.9501953125 0.00830078125 0.0068359375
11 0.77880859375 0.94091796875 0.00830078125 0.00732421875
9 0.76025390625 0.93798828125 0.0068359375 0.017578125
15 0.728515625 0.94189453125 0.0078125 0.01171875
12 0.72900390625 0.875 0.0087890625 0.0068359375
12 0.72900390625 0.89013671875 0.0087890625 0.0068359375
11 0.68896484375 0.89306640625 0.00830078125 0.0068359375
11 0.68896484375 0.90478515625 0.00830078125 0.0068359375
11 0.68896484375 0.88427734375 0.00830078125 0.00732421875
11 0.67431640625 0.869140625 0.00830078125 0.0068359375
11 0.70703125 0.87841796875 0.00830078125 0.0068359375
11 0.71875 0.8779296875 0.005859375 0.00537109375
11 0.71875 0.88720703125 0.005859375 0.0048828125
11 0.71875 0.89306640625 0.005859375 0.00537109375
11 0.3095703125 0.89306640625 0.00830078125 0.0068359375
11 0.3095703125 0.89892578125 0.00830078125 0.00732421875
11 0.3095703125 0.875 0.00830078125 0.0068359375
11 0.28857421875 0.869140625 0.00830078125 0.0068359375
11 0.35888671875 0.8720703125 0.00830078125 0.0068359375
11 0.34228515625 0.869140625 0.00830078125 0.0068359375
11 0.326171875 0.8720703125 0.00830078125 0.0068359375
1 0.193359375 0.93896484375 0.017578125 0.02099609375
10 0.19384765625 0.8798828125 0.0166015625 0.0458984375
0 0.17529296875 0.9111328125 0.005859375 0.0849609375
11 0.27099609375 0.89013671875 0.00830078125 0.0068359375
11 0.27099609375 0.89599609375 0.00830078125 0.0068359375
11 0.27099609375 0.875 0.00830078125 0.0068359375
11 0.25439453125 0.87841796875 0.00830078125 0.0068359375
11 0.23828125 0.89013671875 0.00830078125 0.0068359375
11 0.23828125 0.89599609375 0.00830078125 0.0068359375
11 0.23828125 0.875 0.00830078125 0.0068359375
11 0.4267578125 0.88427734375 0.00830078125 0.00732421875
11 0.451171875 0.875 0.00830078125 0.0068359375
11 0.47705078125 0.869140625 0.00830078125 0.0068359375
11 0.47705078125 0.89599609375 0.00830078125 0.0068359375
8 0.41015625 0.9140625 0.00634765625 0.017578125
11 0.451171875 0.89013671875 0.00830078125 0.0068359375
11 0.451171875 0.89599609375 0.00830078125 0.0068359375
15 0.37744140625 0.94189453125 0.0078125 0.01171875
11 0.3779296875 0.875 0.00830078125 0.0068359375
11 0.47705078125 0.89013671875 0.00830078125 0.0068359375
11 0.41015625 0.89306640625 0.00830078125 0.0068359375
11 0.41015625 0.90478515625 0.00830078125 0.0068359375
11 0.41015625 0.88134765625 0.00830078125 0.0068359375
11 0.39404296875 0.87841796875 0.00830078125 0.0068359375