11 0.6298828125 0.14306640625 0.00537109375 0.00439453125
11 0.6298828125 0.10009765625 0.00537109375 0.00439453125
11 0.60986328125 0.09814453125 0.00537109375 0.0048828125
11 0.60986328125 0.14111328125 0.00537109375 0.0048828125
11 0.6298828125 0.03173828125 0.00537109375 0.00439453125
11 0.5859375 0.09423828125 0.00537109375 0.00439453125
11 0.5859375 0.13720703125 0.00537109375 0.00439453125
11 0.59814453125 0.09619140625 0.00537109375 0.00439453125
11 0.59814453125 0.13916015625 0.00537109375 0.00439453125
11 0.6416015625 0.14111328125 0.00537109375 0.0048828125
11 0.6298828125 0.251953125 0.00537109375 0.00439453125
11 0.6298828125 0.24609375 0.00537109375 0.00439453125
11 0.6298828125 0.2421875 0.00537109375 0.0048828125
11 0.6298828125 0.27685546875 0.00537109375 0.00439453125
11 0.6298828125 0.185546875 0.00537109375 0.00439453125
11 0.513671875 0.24609375 0.00537109375 0.00439453125
11 0.513671875 0.240234375 0.00537109375 0.00439453125
11 0.513671875 0.28466796875 0.00537109375 0.00439453125
11 0.513671875 0.25 0.00537109375 0.00439453125
11 0.525390625 0.10009765625 0.00537109375 0.00439453125
11 0.525390625 0.14697265625 0.00537109375 0.00439453125
11 0.501953125 0.14306640625 0.00537109375 0.00439453125
11 0.48974609375 0.09423828125 0.00537109375 0.00439453125
11 0.48974609375 0.14111328125 0.00537109375 0.0048828125
11 0.501953125 0.09619140625 0.00537109375 0.00439453125
11 0.513671875 0.03564453125 0.00537109375 0.0048828125
11 0.513671875 0.09814453125 0.00537109375 0.0048828125
11 0.513671875 0.14501953125 0.00537109375 0.00439453125
11 0.513671875 0.193359375 0.00537109375 0.00439453125
11 0.57373046875 0.28271484375 0.00537109375 0.00439453125
11 0.57373046875 0.03369140625 0.00537109375 0.00439453125
11 0.57373046875 0.09619140625 0.00537109375 0.00439453125
11 0.57373046875 0.14111328125 0.00537109375 0.0048828125
11 0.57373046875 0.19140625 0.00537109375 0.00439453125
11 0.57373046875 0.251953125 0.00537109375 0.00439453125
11 0.57373046875 0.248046875 0.00537109375 0.00439453125
11 0.57373046875 0.244140625 0.00537109375 0.00439453125
11 0.53759765625 0.10205078125 0.00537109375 0.0048828125
11 0.53759765625 0.14892578125 0.00537109375 0.00439453125
11 0.5615234375 0.09423828125 0.00537109375 0.00439453125
11 0.5615234375 0.13916015625 0.00537109375 0.00439453125
11 0.7861328125 0.13720703125 0.00537109375 0.00439453125
11 0.79833984375 0.13916015625 0.00537109375 0.00439453125
8 0.75048828125 0.09814453125 0.00390625 0.01171875
11 0.76220703125 0.13720703125 0.00537109375 0.00439453125
11 0.810546875 0.14111328125 0.00537109375 0.0048828125
11 0.7744140625 0.04541015625 0.00537109375 0.00439453125
11 0.7744140625 0.08642578125 0.00537109375 0.00439453125
11 0.7744140625 0.13525390625 0.00537109375 0.00439453125
11 0.7744140625 0.1953125 0.00537109375 0.00439453125
11 0.7744140625 0.24609375 0.00537109375 0.00439453125
11 0.7744140625 0.23828125 0.00537109375 0.00439453125
11 0.7744140625 0.28662109375 0.00537109375 0.00439453125
8 0.75048828125 0.056640625 0.00390625 0.01171875
11 0.677734375 0.28271484375 0.00537109375 0.00439453125
11 0.677734375 0.23828125 0.00537109375 0.00439453125
11 0.677734375 0.244140625 0.00537109375 0.00439453125
11 0.677734375 0.248046875 0.00537109375 0.00439453125
11 0.677734375 0.19140625 0.00537109375 0.00439453125
11 0.677734375 0.13525390625 0.00537109375 0.00439453125
11 0.677734375 0.08837890625 0.00537109375 0.0048828125
11 0.65380859375 0.04541015625 0.00537109375 0.00439453125
11 0.65380859375 0.08642578125 0.00537109375 0.00439453125
11 0.65380859375 0.13916015625 0.00537109375 0.00439453125
11 0.6884765625 0.14111328125 0.00537109375 0.0048828125
11 0.66552734375 0.13720703125 0.00537109375 0.00439453125
11 0.677734375 0.04736328125 0.00537109375 0.00439453125
11 0.73828125 0.13330078125 0.00537109375 0.00439453125
11 0.75048828125 0.04931640625 0.00537109375 0.0048828125
11 0.75048828125 0.09033203125 0.00537109375 0.00439453125
11 0.75048828125 0.13525390625 0.00537109375 0.00439453125
11 0.70166015625 0.13525390625 0.00537109375 0.00439453125
11 0.71337890625 0.13720703125 0.00537109375 0.00439453125
15 0.7255859375 0.0419921875 0.0048828125 0.00732421875
15 0.7255859375 0.0869140625 0.0048828125 0.0078125
11 0.7255859375 0.13916015625 0.00537109375 0.00439453125
11 0.7255859375 0.189453125 0.00537109375 0.0048828125
11 0.7255859375 0.24609375 0.00537109375 0.00439453125
11 0.7255859375 0.2421875 0.00537109375 0.0048828125
11 0.7255859375 0.28076171875 0.00537109375 0.0048828125
11 0.27783203125 0.14697265625 0.00537109375 0.00439453125
11 0.27783203125 0.10205078125 0.00537109375 0.0048828125
11 0.2900390625 0.09619140625 0.00537109375 0.00439453125
11 0.2900390625 0.15283203125 0.00537109375 0.00439453125
11 0.265625 0.04345703125 0.00537109375 0.00439453125
11 0.265625 0.09619140625 0.00537109375 0.00439453125
11 0.265625 0.15673828125 0.00537109375 0.00439453125
11 0.265625 0.19140625 0.00537109375 0.00439453125
11 0.265625 0.248046875 0.00537109375 0.00439453125
11 0.265625 0.244140625 0.00537109375 0.00439453125
11 0.265625 0.23828125 0.00537109375 0.00439453125
11 0.265625 0.28271484375 0.00537109375 0.00439453125
11 0.3017578125 0.09814453125 0.00537109375 0.0048828125
11 0.326171875 0.14111328125 0.00537109375 0.0048828125
11 0.326171875 0.09423828125 0.00537109375 0.00439453125
11 0.33837890625 0.04541015625 0.00537109375 0.00439453125
11 0.33837890625 0.09619140625 0.00537109375 0.00439453125
11 0.33837890625 0.14306640625 0.00537109375 0.00439453125
8 0.337890625 0.05322265625 0.00390625 0.01171875
11 0.3134765625 0.24609375 0.00537109375 0.00439453125
11 0.3017578125 0.15087890625 0.00537109375 0.0048828125
15 0.31298828125 0.0419921875 0.0048828125 0.00732421875
11 0.3134765625 0.10009765625 0.00537109375 0.00439453125
11 0.3134765625 0.15478515625 0.00537109375 0.0048828125
11 0.3134765625 0.189453125 0.00537109375 0.0048828125
11 0.3134765625 0.2421875 0.00537109375 0.0048828125
11 0.3134765625 0.28076171875 0.00537109375 0.0048828125
1 0.18896484375 0.275390625 0.01171875 0.013671875
10 0.189453125 0.2353515625 0.0107421875 0.0302734375
1 0.18896484375 0.18408203125 0.01171875 0.013671875
10 0.189453125 0.14404296875 0.0107421875 0.0302734375
11 0.21826171875 0.0556640625 0.00537109375 0.00439453125
11 0.21826171875 0.10400390625 0.00537109375 0.00439453125
11 0.21826171875 0.14111328125 0.00537109375 0.0048828125
11 0.21826171875 0.185546875 0.00537109375 0.00439453125
11 0.21826171875 0.251953125 0.00537109375 0.00439453125
11 0.21826171875 0.24609375 0.00537109375 0.00439453125
11 0.21826171875 0.2421875 0.00537109375 0.0048828125
0 0.17724609375 0.25634765625 0.00390625 0.056640625
0 0.17236328125 0.07177734375 0.00390625 0.0615234375
11 0.21826171875 0.27685546875 0.00537109375 0.00439453125
10 0.189453125 0.04833984375 0.0107421875 0.0302734375
10 0.189453125 0.09326171875 0.0107421875 0.0302734375
11 0.2421875 0.04150390625 0.00537109375 0.00439453125
11 0.2421875 0.14111328125 0.00537109375 0.0048828125
11 0.2421875 0.10009765625 0.00537109375 0.00439453125
11 0.25390625 0.09814453125 0.00537109375 0.0048828125
11 0.25390625 0.15478515625 0.00537109375 0.0048828125
11 0.23046875 0.10205078125 0.00537109375 0.0048828125
11 0.23046875 0.14306640625 0.00537109375 0.00439453125
11 0.4287109375 0.1083984375 0.00537109375 0.00439453125
11 0.4287109375 0.13720703125 0.00537109375 0.00439453125
11 0.44140625 0.09423828125 0.00537109375 0.00439453125
11 0.44140625 0.13916015625 0.00537109375 0.00439453125
11 0.47802734375 0.09228515625 0.00537109375 0.00439453125
11 0.47802734375 0.13916015625 0.00537109375 0.00439453125
11 0.4541015625 0.09228515625 0.00537109375 0.00439453125
11 0.4541015625 0.13525390625 0.00537109375 0.00439453125
11 0.4658203125 0.03759765625 0.00537109375 0.00439453125
11 0.4658203125 0.09033203125 0.00537109375 0.00439453125
11 0.4658203125 0.13720703125 0.00537109375 0.00439453125
11 0.4658203125 0.19921875 0.00537109375 0.00439453125
11 0.4658203125 0.251953125 0.00537109375 0.00439453125
11 0.4658203125 0.24609375 0.00537109375 0.00439453125
11 0.4658203125 0.2421875 0.00537109375 0.0048828125
11 0.4658203125 0.29052734375 0.00537109375 0.0048828125
11 0.3623046875 0.28662109375 0.00537109375 0.00439453125
11 0.3623046875 0.2421875 0.00537109375 0.0048828125
11 0.37451171875 0.09814453125 0.00537109375 0.0048828125
11 0.37451171875 0.13720703125 0.00537109375 0.00439453125
11 0.35009765625 0.09814453125 0.00537109375 0.0048828125
11 0.35009765625 0.14501953125 0.00537109375 0.00439453125
11 0.3623046875 0.04150390625 0.00537109375 0.00439453125
11 0.3623046875 0.09619140625 0.00537109375 0.00439453125
11 0.3623046875 0.14306640625 0.00537109375 0.00439453125
11 0.3623046875 0.1953125 0.00537109375 0.00439453125
11 0.3623046875 0.251953125 0.00537109375 0.00439453125
11 0.3623046875 0.248046875 0.00537109375 0.00439453125
11 0.41748046875 0.10400390625 0.00537109375 0.00439453125
11 0.41748046875 0.03564453125 0.00537109375 0.0048828125
11 0.38720703125 0.10009765625 0.0048828125 0.00439453125
11 0.38720703125 0.13330078125 0.0048828125 0.00439453125
11 0.41748046875 0.13525390625 0.00537109375 0.00439453125
11 0.39892578125 0.13134765625 0.00537109375 0.0048828125
11 0.41748046875 0.28466796875 0.00537109375 0.00439453125
11 0.41748046875 0.24609375 0.00537109375 0.00439453125
11 0.41748046875 0.25 0.00537109375 0.00439453125
11 0.39892578125 0.10205078125 0.00537109375 0.0048828125
11 0.41748046875 0.193359375 0.00537109375 0.00439453125
11 0.615234375 0.3818359375 0.00537109375 0.0048828125
11 0.6044921875 0.3837890625 0.00537109375 0.00439453125
11 0.62646484375 0.3798828125 0.00537109375 0.00439453125
11 0.5830078125 0.3876953125 0.00537109375 0.00439453125
11 0.59375 0.3857421875 0.00537109375 0.00439453125
11 0.65869140625 0.6162109375 0.00537109375 0.00439453125
11 0.65869140625 0.57177734375 0.00537109375 0.00439453125
11 0.63720703125 0.3779296875 0.00537109375 0.00439453125
11 0.64794921875 0.3759765625 0.00537109375 0.00439453125
11 0.65869140625 0.3779296875 0.00537109375 0.00439453125
15 0.65869140625 0.42236328125 0.0048828125 0.0078125
15 0.65869140625 0.47314453125 0.0048828125 0.0078125
11 0.65869140625 0.52490234375 0.00537109375 0.00439453125
11 0.65869140625 0.58154296875 0.00537109375 0.00439453125
11 0.65869140625 0.57763671875 0.00537109375 0.00439453125
11 0.53515625 0.42578125 0.00537109375 0.00439453125
11 0.53515625 0.4609375 0.00537109375 0.0048828125
11 0.53515625 0.3740234375 0.00537109375 0.00439453125
11 0.513671875 0.3779296875 0.00537109375 0.00439453125
11 0.5244140625 0.3759765625 0.00537109375 0.00439453125
11 0.57275390625 0.5693359375 0.00537109375 0.00439453125
11 0.57275390625 0.3740234375 0.00537109375 0.00439453125
11 0.57275390625 0.427734375 0.00537109375 0.00439453125
11 0.57275390625 0.474609375 0.00537109375 0.0048828125
11 0.57275390625 0.52685546875 0.00537109375 0.0048828125
11 0.57275390625 0.57958984375 0.00537109375 0.00439453125
11 0.57275390625 0.57373046875 0.00537109375 0.00439453125
11 0.57275390625 0.6181640625 0.00537109375 0.00439453125
11 0.55126953125 0.3779296875 0.00537109375 0.00439453125
11 0.56201171875 0.3759765625 0.00537109375 0.00439453125
11 0.7880859375 0.3916015625 0.00537109375 0.00439453125
11 0.798828125 0.3896484375 0.00537109375 0.00439453125
11 0.8095703125 0.3876953125 0.00537109375 0.00439453125
11 0.755859375 0.3876953125 0.00537109375 0.00439453125
11 0.7666015625 0.3896484375 0.00537109375 0.00439453125
11 0.77783203125 0.3876953125 0.00537109375 0.00439453125
11 0.7451171875 0.3857421875 0.00537109375 0.00439453125
8 0.6962890625 0.43701171875 0.00439453125 0.01171875
8 0.6962890625 0.484375 0.00439453125 0.01171875
11 0.71240234375 0.3916015625 0.00537109375 0.00439453125
11 0.6748046875 0.3818359375 0.00537109375 0.0048828125
11 0.685546875 0.3798828125 0.00537109375 0.00439453125
11 0.69677734375 0.3779296875 0.00537109375 0.00439453125
11 0.69677734375 0.4296875 0.00537109375 0.00439453125
11 0.69677734375 0.4765625 0.00537109375 0.00439453125
11 0.734375 0.3876953125 0.00537109375 0.00439453125
11 0.72314453125 0.3896484375 0.00537109375 0.00439453125
11 0.734375 0.42578125 0.00537109375 0.00439453125
11 0.734375 0.47265625 0.00537109375 0.00439453125
11 0.734375 0.53076171875 0.00537109375 0.00439453125
11 0.734375 0.58154296875 0.00537109375 0.00439453125
11 0.734375 0.57373046875 0.00537109375 0.00439453125
11 0.734375 0.6220703125 0.00537109375 0.00439453125
11 0.2861328125 0.58154296875 0.00537109375 0.00439453125
11 0.2861328125 0.57763671875 0.00537109375 0.00439453125
11 0.2861328125 0.6259765625 0.00537109375 0.00439453125
11 0.2861328125 0.58740234375 0.00537109375 0.00439453125
11 0.234375 0.482421875 0.00537109375 0.00439453125
11 0.25244140625 0.46875 0.00537109375 0.00439453125
11 0.26904296875 0.466796875 0.00537109375 0.00439453125
11 0.2861328125 0.41796875 0.00537109375 0.00439453125
11 0.2861328125 0.46484375 0.00537109375 0.0048828125
11 0.2861328125 0.53466796875 0.00537109375 0.00439453125
11 0.353515625 0.57177734375 0.00537109375 0.00439453125
11 0.353515625 0.3818359375 0.00537109375 0.0048828125
11 0.353515625 0.416015625 0.00537109375 0.00439453125
11 0.353515625 0.47265625 0.00537109375 0.00439453125
11 0.353515625 0.52880859375 0.00537109375 0.00439453125
11 0.353515625 0.58154296875 0.00537109375 0.00439453125
11 0.35791015625 0.57958984375 0.00537109375 0.00439453125
11 0.353515625 0.6201171875 0.00537109375 0.00439453125
11 0.302734375 0.466796875 0.00537109375 0.00439453125
11 0.31982421875 0.3818359375 0.00537109375 0.0048828125
11 0.31982421875 0.46875 0.00537109375 0.00439453125
8 0.31982421875 0.3896484375 0.00390625 0.01171875
11 0.3369140625 0.470703125 0.00537109375 0.00439453125
10 0.189453125 0.384765625 0.0107421875 0.0302734375
10 0.189453125 0.4287109375 0.0107421875 0.0302734375
1 0.18896484375 0.51953125 0.01171875 0.013671875
10 0.189453125 0.57080078125 0.0107421875 0.0302734375
0 0.17236328125 0.40771484375 0.00390625 0.060546875
0 0.17724609375 0.591796875 0.00390625 0.056640625
11 0.21826171875 0.3818359375 0.00537109375 0.0048828125
1 0.18896484375 0.61083984375 0.01171875 0.013671875
11 0.21826171875 0.416015625 0.00537109375 0.00439453125
11 0.21826171875 0.478515625 0.00537109375 0.00439453125
11 0.21826171875 0.52880859375 0.00537109375 0.00439453125
11 0.21826171875 0.58154296875 0.00537109375 0.00439453125
11 0.21826171875 0.57568359375 0.00537109375 0.0048828125
11 0.21826171875 0.57177734375 0.00537109375 0.00439453125
11 0.21826171875 0.6201171875 0.00537109375 0.00439453125
11 0.47314453125 0.47265625 0.00537109375 0.00439453125
11 0.49755859375 0.3740234375 0.00537109375 0.00439453125
11 0.49755859375 0.412109375 0.00537109375 0.0048828125
11 0.49755859375 0.474609375 0.00537109375 0.0048828125
11 0.49755859375 0.52099609375 0.00537109375 0.00439453125
11 0.49755859375 0.58154296875 0.00537109375 0.00439453125
11 0.49755859375 0.57763671875 0.00537109375 0.00439453125
11 0.49755859375 0.57373046875 0.00537109375 0.00439453125
11 0.49755859375 0.6123046875 0.00537109375 0.00439453125
11 0.43896484375 0.46875 0.00537109375 0.00439453125
11 0.4560546875 0.3740234375 0.00537109375 0.00439453125
11 0.4560546875 0.470703125 0.00537109375 0.00439453125
11 0.37060546875 0.474609375 0.00537109375 0.0048828125
11 0.4052734375 0.46875 0.00537109375 0.00439453125
11 0.42236328125 0.3798828125 0.00537109375 0.00439453125
11 0.42236328125 0.4140625 0.00537109375 0.00439453125
11 0.42236328125 0.470703125 0.00537109375 0.00439453125
11 0.38720703125 0.4765625 0.0048828125 0.00439453125
11 0.38720703125 0.3759765625 0.0048828125 0.00439453125
11 0.42236328125 0.52685546875 0.00537109375 0.0048828125
11 0.42236328125 0.58349609375 0.00537109375 0.00439453125
11 0.42236328125 0.57958984375 0.00537109375 0.00439453125
11 0.42236328125 0.57373046875 0.00537109375 0.00439453125
11 0.42236328125 0.6181640625 0.00537109375 0.00439453125
11 0.65478515625 0.72314453125 0.00537109375 0.00439453125
11 0.64599609375 0.72119140625 0.00537109375 0.00439453125
11 0.64599609375 0.7666015625 0.00537109375 0.0048828125
11 0.66162109375 0.7705078125 0.00537109375 0.00439453125
11 0.66162109375 0.72509765625 0.00537109375 0.00439453125
8 0.6953125 0.8173828125 0.00439453125 0.01171875
11 0.65478515625 0.7685546875 0.00537109375 0.00439453125
11 0.6328125 0.7626953125 0.00537109375 0.00439453125
11 0.6328125 0.71728515625 0.00537109375 0.00439453125
11 0.63916015625 0.71923828125 0.00537109375 0.0048828125
11 0.63916015625 0.7646484375 0.00537109375 0.00439453125
11 0.68896484375 0.7705078125 0.00537109375 0.00439453125
11 0.68896484375 0.72509765625 0.00537109375 0.00439453125
11 0.68212890625 0.7724609375 0.00537109375 0.00439453125
11 0.68212890625 0.72705078125 0.00537109375 0.00439453125
11 0.69580078125 0.8095703125 0.00537109375 0.0048828125
11 0.69580078125 0.7685546875 0.00537109375 0.00439453125
11 0.69580078125 0.72314453125 0.00537109375 0.00439453125
11 0.66845703125 0.91015625 0.00537109375 0.0048828125
11 0.66845703125 0.958984375 0.00537109375 0.0048828125
11 0.66845703125 0.9140625 0.00537109375 0.00439453125
11 0.66845703125 0.92041015625 0.00537109375 0.0048828125
11 0.66845703125 0.86767578125 0.00537109375 0.0048828125
11 0.66845703125 0.7685546875 0.00537109375 0.00439453125
11 0.66845703125 0.72314453125 0.00537109375 0.00439453125
11 0.67529296875 0.7705078125 0.0048828125 0.00439453125
11 0.67529296875 0.72509765625 0.0048828125 0.00439453125
11 0.56982421875 0.7626953125 0.00537109375 0.00439453125
11 0.56982421875 0.72509765625 0.00537109375 0.00439453125
11 0.58349609375 0.7666015625 0.00537109375 0.0048828125
11 0.58349609375 0.72900390625 0.00537109375 0.0048828125
11 0.57666015625 0.7646484375 0.00537109375 0.00439453125
11 0.57666015625 0.72705078125 0.00537109375 0.00439453125
11 0.55615234375 0.7666015625 0.00537109375 0.0048828125
11 0.55615234375 0.72900390625 0.00537109375 0.0048828125
11 0.54931640625 0.7685546875 0.00537109375 0.00439453125
11 0.54931640625 0.73095703125 0.00537109375 0.00439453125
11 0.56298828125 0.955078125 0.00537109375 0.00439453125
11 0.56298828125 0.90673828125 0.00537109375 0.00439453125
11 0.56298828125 0.9140625 0.00537109375 0.00439453125
11 0.56298828125 0.92041015625 0.00537109375 0.0048828125
11 0.56298828125 0.86376953125 0.00537109375 0.00439453125
11 0.56298828125 0.8095703125 0.00537109375 0.0048828125
11 0.56298828125 0.7646484375 0.00537109375 0.00439453125
11 0.56298828125 0.72705078125 0.00537109375 0.00439453125
11 0.62255859375 0.8095703125 0.00537109375 0.0048828125
11 0.62255859375 0.95263671875 0.00537109375 0.00439453125
11 0.62255859375 0.908203125 0.00537109375 0.00439453125
11 0.62255859375 0.9140625 0.00537109375 0.00439453125
11 0.62255859375 0.91845703125 0.00537109375 0.00439453125
11 0.62255859375 0.86181640625 0.00537109375 0.00439453125
11 0.62255859375 0.7666015625 0.00537109375 0.0048828125
11 0.62255859375 0.72119140625 0.00537109375 0.00439453125
11 0.59716796875 0.7685546875 0.00537109375 0.00439453125
11 0.59716796875 0.71728515625 0.00537109375 0.00439453125
11 0.59033203125 0.7646484375 0.00537109375 0.00439453125
11 0.59033203125 0.72705078125 0.00537109375 0.00439453125
11 0.61083984375 0.7646484375 0.00537109375 0.00439453125
11 0.61083984375 0.71728515625 0.00537109375 0.00439453125
11 0.60400390625 0.7666015625 0.00537109375 0.0048828125
11 0.60400390625 0.71923828125 0.00537109375 0.0048828125
11 0.80810546875 0.7529296875 0.00537109375 0.0048828125
11 0.80810546875 0.72119140625 0.00537109375 0.00439453125
11 0.8017578125 0.7548828125 0.00537109375 0.00439453125
11 0.8017578125 0.71728515625 0.00537109375 0.00439453125
11 0.81494140625 0.7509765625 0.00537109375 0.00439453125
11 0.81494140625 0.71923828125 0.00537109375 0.0048828125
11 0.7880859375 0.7587890625 0.00537109375 0.00439453125
11 0.7880859375 0.71728515625 0.00537109375 0.00439453125
11 0.78125 0.7607421875 0.00537109375 0.00439453125
11 0.78125 0.71533203125 0.00537109375 0.0048828125
11 0.794921875 0.8017578125 0.00537109375 0.00439453125
11 0.794921875 0.7568359375 0.00537109375 0.0048828125
11 0.794921875 0.71923828125 0.00537109375 0.0048828125
11 0.72265625 0.95263671875 0.00537109375 0.00439453125
11 0.73876953125 0.7646484375 0.00537109375 0.00439453125
11 0.73876953125 0.71923828125 0.00537109375 0.0048828125
11 0.72265625 0.908203125 0.00537109375 0.00439453125
11 0.732421875 0.7626953125 0.00537109375 0.00439453125
11 0.732421875 0.71728515625 0.00537109375 0.00439453125
11 0.70947265625 0.7646484375 0.00537109375 0.00439453125
11 0.70947265625 0.71923828125 0.00537109375 0.0048828125
11 0.70263671875 0.7666015625 0.00537109375 0.0048828125
11 0.70263671875 0.72119140625 0.00537109375 0.00439453125
11 0.72265625 0.9140625 0.00537109375 0.00439453125
11 0.72265625 0.91845703125 0.00537109375 0.00439453125
11 0.72265625 0.86181640625 0.00537109375 0.00439453125
11 0.72265625 0.8095703125 0.00537109375 0.0048828125
11 0.72265625 0.7666015625 0.00537109375 0.0048828125
11 0.72265625 0.72119140625 0.00537109375 0.00439453125
11 0.7158203125 0.7626953125 0.00537109375 0.00439453125
11 0.7158203125 0.71728515625 0.00537109375 0.00439453125
11 0.767578125 0.91259765625 0.00537109375 0.00439453125
11 0.767578125 0.951171875 0.00537109375 0.00439453125
11 0.767578125 0.91650390625 0.00537109375 0.00439453125
11 0.767578125 0.85986328125 0.00537109375 0.00439453125
11 0.767578125 0.8076171875 0.00537109375 0.00439453125
11 0.767578125 0.7646484375 0.00537109375 0.00439453125
11 0.767578125 0.71923828125 0.00537109375 0.0048828125
11 0.7744140625 0.7626953125 0.00537109375 0.00439453125
11 0.7744140625 0.71728515625 0.00537109375 0.00439453125
11 0.74609375 0.80322265625 0.00537109375 0.00439453125
11 0.74609375 0.7626953125 0.00537109375 0.00439453125
11 0.74609375 0.71728515625 0.00537109375 0.00439453125
11 0.76123046875 0.7587890625 0.00537109375 0.00439453125
11 0.76123046875 0.72119140625 0.00537109375 0.00439453125
11 0.7548828125 0.7607421875 0.00537109375 0.00439453125
11 0.7548828125 0.71923828125 0.00537109375 0.0048828125
11 0.34130859375 0.7529296875 0.00537109375 0.0048828125
11 0.34130859375 0.72119140625 0.00537109375 0.00439453125
11 0.33447265625 0.72314453125 0.00537109375 0.00439453125
11 0.328125 0.72119140625 0.00537109375 0.00439453125
11 0.36328125 0.7568359375 0.00537109375 0.0048828125
11 0.36328125 0.72314453125 0.00537109375 0.00439453125
11 0.35693359375 0.71728515625 0.00537109375 0.00439453125
11 0.35009765625 0.71923828125 0.00537109375 0.0048828125
11 0.31787109375 0.86181640625 0.00537109375 0.00439453125
11 0.31787109375 0.79931640625 0.00537109375 0.00439453125
11 0.31787109375 0.7587890625 0.00537109375 0.00439453125
11 0.31787109375 0.72509765625 0.00537109375 0.00439453125
11 0.3115234375 0.72119140625 0.00537109375 0.00439453125
11 0.31787109375 0.9140625 0.00537109375 0.00439453125
11 0.3046875 0.72314453125 0.00537109375 0.00439453125
11 0.2978515625 0.72509765625 0.00537109375 0.00439453125
11 0.36328125 0.79736328125 0.00537109375 0.00439453125
11 0.31787109375 0.95263671875 0.00537109375 0.00439453125
11 0.31787109375 0.904296875 0.00537109375 0.00439453125
11 0.31787109375 0.908203125 0.00537109375 0.00439453125
11 0.3974609375 0.71337890625 0.00537109375 0.00439453125
11 0.404296875 0.71142578125 0.00537109375 0.00439453125
11 0.390625 0.7509765625 0.00537109375 0.00439453125
11 0.390625 0.71533203125 0.00537109375 0.0048828125
11 0.42333984375 0.9453125 0.00537109375 0.00439453125
11 0.42333984375 0.90673828125 0.00537109375 0.00439453125
11 0.42333984375 0.91015625 0.00537109375 0.0048828125
11 0.42333984375 0.9140625 0.00537109375 0.00439453125
11 0.42333984375 0.85400390625 0.00537109375 0.00439453125
11 0.42333984375 0.79541015625 0.00537109375 0.0048828125
11 0.42333984375 0.7509765625 0.00537109375 0.00439453125
11 0.42333984375 0.71337890625 0.00537109375 0.00439453125
11 0.41064453125 0.70947265625 0.00537109375 0.00439453125
11 0.36328125 0.951171875 0.00537109375 0.00439453125
11 0.36328125 0.90673828125 0.00537109375 0.00439453125
11 0.36328125 0.91259765625 0.00537109375 0.00439453125
11 0.36328125 0.91650390625 0.00537109375 0.00439453125
11 0.36328125 0.85986328125 0.00537109375 0.00439453125
11 0.3837890625 0.71728515625 0.00537109375 0.00439453125
11 0.376953125 0.71923828125 0.00537109375 0.0048828125
11 0.3701171875 0.72119140625 0.00537109375 0.00439453125
11 0.21826171875 0.72509765625 0.00537109375 0.00439453125
11 0.21826171875 0.95263671875 0.00537109375 0.00439453125
11 0.21826171875 0.904296875 0.00537109375 0.00439453125
11 0.21826171875 0.908203125 0.00537109375 0.00439453125
11 0.21826171875 0.9140625 0.00537109375 0.00439453125
11 0.21826171875 0.86181640625 0.00537109375 0.00439453125
11 0.21826171875 0.79931640625 0.00537109375 0.00439453125
11 0.21826171875 0.7587890625 0.00537109375 0.00439453125
1 0.18896484375 0.94384765625 0.01171875 0.013671875
0 0.17724609375 0.9248046875 0.00390625 0.056640625
0 0.17236328125 0.74169921875 0.00390625 0.0576171875
10 0.189453125 0.8125 0.0107421875 0.0302734375
10 0.189453125 0.90380859375 0.0107421875 0.0302734375
1 0.18896484375 0.8525390625 0.01171875 0.013671875
10 0.189453125 0.76171875 0.0107421875 0.0302734375
10 0.189453125 0.72021484375 0.0107421875 0.0302734375
11 0.27783203125 0.73095703125 0.00537109375 0.00439453125
11 0.27099609375 0.72900390625 0.00537109375 0.0048828125
11 0.29150390625 0.7587890625 0.00537109375 0.00439453125
8 0.291015625 0.7666015625 0.00390625 0.01171875
11 0.29150390625 0.72705078125 0.00537109375 0.00439453125
11 0.28466796875 0.72900390625 0.00537109375 0.0048828125
11 0.25048828125 0.72705078125 0.00537109375 0.00439453125
11 0.24169921875 0.72509765625 0.00537109375 0.00439453125
11 0.23486328125 0.72314453125 0.00537109375 0.00439453125
11 0.22802734375 0.72119140625 0.00537109375 0.00439453125
11 0.26416015625 0.86767578125 0.00537109375 0.0048828125
11 0.26416015625 0.958984375 0.00537109375 0.0048828125
11 0.26416015625 0.90673828125 0.00537109375 0.00439453125
11 0.26416015625 0.91015625 0.00537109375 0.0048828125
11 0.26416015625 0.9140625 0.00537109375 0.00439453125
11 0.26416015625 0.8017578125 0.00537109375 0.00439453125
11 0.26416015625 0.72705078125 0.00537109375 0.00439453125
11 0.25732421875 0.72900390625 0.00537109375 0.0048828125
11 0.5 0.7568359375 0.00537109375 0.0048828125
11 0.5 0.71533203125 0.00537109375 0.0048828125
11 0.4931640625 0.7587890625 0.00537109375 0.00439453125
11 0.4931640625 0.71337890625 0.00537109375 0.00439453125
11 0.513671875 0.7529296875 0.00537109375 0.0048828125
11 0.513671875 0.71923828125 0.00537109375 0.0048828125
11 0.5068359375 0.7548828125 0.00537109375 0.00439453125
11 0.5068359375 0.71728515625 0.00537109375 0.00439453125
11 0.47265625 0.71923828125 0.00537109375 0.0048828125
11 0.486328125 0.7607421875 0.00537109375 0.00439453125
11 0.486328125 0.71533203125 0.00537109375 0.0048828125
11 0.4794921875 0.7626953125 0.00537109375 0.00439453125
11 0.4794921875 0.71728515625 0.00537109375 0.00439453125
11 0.53466796875 0.71923828125 0.00537109375 0.0048828125
11 0.53466796875 0.7568359375 0.00537109375 0.0048828125
11 0.5419921875 0.71728515625 0.00537109375 0.00439453125
8 0.54150390625 0.82080078125 0.00439453125 0.01171875
11 0.5283203125 0.7587890625 0.00537109375 0.00439453125
11 0.5419921875 0.8134765625 0.00537109375 0.00439453125
11 0.5419921875 0.7548828125 0.00537109375 0.00439453125
11 0.5205078125 0.7548828125 0.00537109375 0.00439453125
11 0.5205078125 0.94921875 0.00537109375 0.0048828125
11 0.5205078125 0.91015625 0.00537109375 0.0048828125
11 0.5205078125 0.9140625 0.00537109375 0.00439453125
11 0.5205078125 0.91845703125 0.00537109375 0.00439453125
11 0.5205078125 0.85791015625 0.00537109375 0.0048828125
15 0.5205078125 0.8056640625 0.0048828125 0.0078125
11 0.5205078125 0.71728515625 0.00537109375 0.00439453125
11 0.5283203125 0.72119140625 0.00537109375 0.00439453125
11 0.47265625 0.7646484375 0.00537109375 0.00439453125
11 0.4375 0.7529296875 0.00537109375 0.0048828125
11 0.4375 0.71533203125 0.00537109375 0.0048828125
11 0.43115234375 0.7548828125 0.00537109375 0.00439453125
11 0.43115234375 0.71728515625 0.00537109375 0.00439453125
11 0.44482421875 0.8095703125 0.00537109375 0.0048828125
11 0.44482421875 0.7509765625 0.00537109375 0.00439453125
11 0.44482421875 0.71337890625 0.00537109375 0.00439453125
11 0.46630859375 0.85986328125 0.00537109375 0.00439453125
11 0.45263671875 0.71533203125 0.00537109375 0.0048828125
11 0.45263671875 0.7548828125 0.00537109375 0.00439453125
11 0.46630859375 0.8115234375 0.00537109375 0.00439453125
11 0.46630859375 0.7509765625 0.00537109375 0.00439453125
11 0.46630859375 0.71533203125 0.00537109375 0.0048828125
11 0.45947265625 0.71728515625 0.00537109375 0.00439453125
11 0.45947265625 0.7529296875 0.00537109375 0.0048828125
11 0.46630859375 0.90673828125 0.00537109375 0.00439453125
11 0.46630859375 0.951171875 0.00537109375 0.00439453125
11 0.46630859375 0.91259765625 0.00537109375 0.00439453125
11 0.46630859375 0.91650390625 0.00537109375 0.00439453125