11 0.615234375 0.21630859375 0.00537109375 0.0048828125
11 0.62744140625 0.12158203125 0.00537109375 0.0048828125
11 0.62744140625 0.08349609375 0.00537109375 0.00439453125
11 0.62744140625 0.06298828125 0.00537109375 0.00439453125
11 0.615234375 0.2412109375 0.00537109375 0.00439453125
11 0.615234375 0.20849609375 0.00537109375 0.00439453125
11 0.615234375 0.21240234375 0.00537109375 0.00439453125
11 0.6669921875 0.2470703125 0.00537109375 0.00439453125
11 0.6669921875 0.20458984375 0.00537109375 0.00439453125
11 0.6669921875 0.20849609375 0.00537109375 0.00439453125
11 0.6669921875 0.21435546875 0.00537109375 0.00439453125
11 0.6669921875 0.171875 0.00537109375 0.00439453125
11 0.6669921875 0.12158203125 0.00537109375 0.0048828125
11 0.6669921875 0.08544921875 0.00537109375 0.0048828125
11 0.6669921875 0.06494140625 0.00537109375 0.0048828125
11 0.64404296875 0.12158203125 0.00537109375 0.0048828125
11 0.64404296875 0.08349609375 0.00537109375 0.00439453125
11 0.64404296875 0.05908203125 0.00537109375 0.00439453125
11 0.6357421875 0.06103515625 0.00537109375 0.00439453125
11 0.6552734375 0.12158203125 0.00537109375 0.0048828125
11 0.6552734375 0.08349609375 0.00537109375 0.00439453125
11 0.6552734375 0.06298828125 0.00537109375 0.00439453125
11 0.54296875 0.12158203125 0.00537109375 0.0048828125
11 0.54296875 0.09130859375 0.00537109375 0.00439453125
11 0.54296875 0.03955078125 0.00537109375 0.00439453125
11 0.5546875 0.12548828125 0.00537109375 0.00439453125
11 0.5546875 0.2470703125 0.00537109375 0.00439453125
11 0.5546875 0.20849609375 0.00537109375 0.00439453125
11 0.5546875 0.21435546875 0.00537109375 0.00439453125
11 0.5546875 0.21826171875 0.00537109375 0.00439453125
11 0.5546875 0.171875 0.00537109375 0.00439453125
11 0.5546875 0.09326171875 0.00537109375 0.00439453125
11 0.5546875 0.03759765625 0.00537109375 0.00439453125
11 0.52001953125 0.12158203125 0.00537109375 0.0048828125
11 0.52001953125 0.08740234375 0.00537109375 0.00439453125
11 0.52001953125 0.03955078125 0.00537109375 0.00439453125
11 0.53125 0.12353515625 0.00537109375 0.00439453125
11 0.53125 0.09130859375 0.00537109375 0.00439453125
11 0.53125 0.03955078125 0.00537109375 0.00439453125
11 0.5888671875 0.13330078125 0.0048828125 0.00439453125
11 0.5888671875 0.08935546875 0.0048828125 0.0048828125
11 0.5888671875 0.05126953125 0.0048828125 0.00439453125
11 0.57763671875 0.13525390625 0.00537109375 0.0048828125
11 0.615234375 0.12548828125 0.00537109375 0.00439453125
11 0.615234375 0.09326171875 0.00537109375 0.00439453125
11 0.615234375 0.04931640625 0.00537109375 0.00439453125
11 0.57763671875 0.08544921875 0.00537109375 0.0048828125
11 0.57763671875 0.05126953125 0.00537109375 0.00439453125
11 0.615234375 0.166015625 0.00537109375 0.00439453125
11 0.5654296875 0.13330078125 0.00537109375 0.00439453125
11 0.5654296875 0.09326171875 0.00537109375 0.00439453125
11 0.5654296875 0.05126953125 0.00537109375 0.00439453125
11 0.7900390625 0.05712890625 0.00537109375 0.00439453125
11 0.79833984375 0.12158203125 0.00537109375 0.0048828125
11 0.79833984375 0.07958984375 0.00537109375 0.00439453125
11 0.79833984375 0.05908203125 0.00537109375 0.00439453125
11 0.81005859375 0.12158203125 0.00537109375 0.0048828125
11 0.81005859375 0.07958984375 0.00537109375 0.00439453125
11 0.81005859375 0.06103515625 0.00537109375 0.00439453125
11 0.76953125 0.2509765625 0.00537109375 0.00439453125
11 0.76953125 0.20849609375 0.00537109375 0.00439453125
11 0.76953125 0.21240234375 0.00537109375 0.00439453125
11 0.76953125 0.21630859375 0.00537109375 0.0048828125
11 0.76953125 0.17626953125 0.00537109375 0.00439453125
11 0.78173828125 0.12548828125 0.00537109375 0.00439453125
11 0.78173828125 0.07958984375 0.00537109375 0.00439453125
11 0.78173828125 0.05517578125 0.00537109375 0.0048828125
11 0.76953125 0.12548828125 0.00537109375 0.00439453125
11 0.70703125 0.12158203125 0.00537109375 0.0048828125
11 0.70703125 0.08544921875 0.00537109375 0.0048828125
11 0.70703125 0.05126953125 0.00537109375 0.00439453125
11 0.71826171875 0.20654296875 0.00537109375 0.0048828125
11 0.71826171875 0.2451171875 0.00537109375 0.00439453125
11 0.71826171875 0.21240234375 0.00537109375 0.00439453125
11 0.71826171875 0.21630859375 0.00537109375 0.0048828125
11 0.71826171875 0.169921875 0.00537109375 0.0048828125
11 0.71826171875 0.12548828125 0.00537109375 0.00439453125
11 0.71826171875 0.08740234375 0.00537109375 0.00439453125
11 0.71826171875 0.05322265625 0.00537109375 0.00439453125
11 0.67919921875 0.12158203125 0.00537109375 0.0048828125
11 0.67919921875 0.08544921875 0.00537109375 0.0048828125
11 0.67919921875 0.04931640625 0.00537109375 0.00439453125
11 0.69580078125 0.12158203125 0.00537109375 0.0048828125
11 0.69580078125 0.08544921875 0.00537109375 0.0048828125
11 0.69580078125 0.04541015625 0.00537109375 0.0048828125
11 0.6875 0.04736328125 0.00537109375 0.00439453125
11 0.7578125 0.06689453125 0.00537109375 0.00439453125
11 0.7578125 0.08740234375 0.00537109375 0.00439453125
11 0.74658203125 0.12548828125 0.00537109375 0.00439453125
11 0.74658203125 0.08740234375 0.00537109375 0.00439453125
11 0.74658203125 0.06298828125 0.00537109375 0.00439453125
11 0.76953125 0.07958984375 0.00537109375 0.00439453125
11 0.76953125 0.06494140625 0.00537109375 0.0048828125
11 0.7578125 0.12548828125 0.00537109375 0.00439453125
11 0.72998046875 0.12548828125 0.00537109375 0.00439453125
11 0.72998046875 0.08740234375 0.00537109375 0.00439453125
11 0.72998046875 0.06689453125 0.00537109375 0.00439453125
11 0.73828125 0.06494140625 0.00537109375 0.0048828125
11 0.30078125 0.1435546875 0.00537109375 0.00439453125
11 0.30078125 0.09326171875 0.00537109375 0.00439453125
11 0.30078125 0.04736328125 0.00537109375 0.00439453125
11 0.31201171875 0.1455078125 0.00537109375 0.0048828125
11 0.31201171875 0.2451171875 0.00537109375 0.00439453125
11 0.31201171875 0.21240234375 0.00537109375 0.00439453125
11 0.31201171875 0.21630859375 0.00537109375 0.0048828125
11 0.31201171875 0.169921875 0.00537109375 0.0048828125
11 0.31201171875 0.09716796875 0.00537109375 0.00439453125
11 0.31201171875 0.04931640625 0.00537109375 0.00439453125
11 0.27734375 0.1435546875 0.00537109375 0.00439453125
11 0.27734375 0.09326171875 0.00537109375 0.00439453125
11 0.27734375 0.04736328125 0.00537109375 0.00439453125
11 0.2890625 0.1416015625 0.00537109375 0.00439453125
11 0.2890625 0.09326171875 0.00537109375 0.00439453125
11 0.2890625 0.04736328125 0.00537109375 0.00439453125
11 0.34765625 0.13134765625 0.00537109375 0.0048828125
11 0.34765625 0.09716796875 0.00537109375 0.00439453125
11 0.34765625 0.04931640625 0.00537109375 0.00439453125
11 0.35986328125 0.2509765625 0.00537109375 0.00439453125
11 0.35986328125 0.20849609375 0.00537109375 0.00439453125
11 0.35986328125 0.21435546875 0.00537109375 0.00439453125
11 0.35986328125 0.21826171875 0.00537109375 0.00439453125
11 0.35986328125 0.17626953125 0.00537109375 0.00439453125
11 0.35986328125 0.12939453125 0.00537109375 0.00439453125
11 0.35986328125 0.09716796875 0.00537109375 0.00439453125
11 0.35986328125 0.04150390625 0.00537109375 0.0048828125
11 0.3359375 0.13330078125 0.00537109375 0.00439453125
11 0.32421875 0.04931640625 0.00537109375 0.00439453125
11 0.3359375 0.09716796875 0.00537109375 0.00439453125
11 0.3359375 0.04931640625 0.00537109375 0.00439453125
11 0.32421875 0.13134765625 0.00537109375 0.0048828125
11 0.32421875 0.09716796875 0.00537109375 0.00439453125
11 0.21826171875 0.22216796875 0.00537109375 0.00439453125
11 0.21826171875 0.166015625 0.00537109375 0.00439453125
11 0.21826171875 0.1416015625 0.00537109375 0.00439453125
11 0.21826171875 0.09716796875 0.00537109375 0.00439453125
11 0.21826171875 0.05517578125 0.00537109375 0.0048828125
11 0.21826171875 0.21630859375 0.00537109375 0.0048828125
1 0.18896484375 0.23974609375 0.01171875 0.013671875
10 0.189453125 0.20556640625 0.0107421875 0.0302734375
11 0.21826171875 0.2412109375 0.00537109375 0.00439453125
11 0.21826171875 0.21240234375 0.00537109375 0.00439453125
0 0.17724609375 0.2236328125 0.00390625 0.05126953125
0 0.17236328125 0.072265625 0.00390625 0.0546875
1 0.18896484375 0.1650390625 0.01171875 0.013671875
10 0.189453125 0.13037109375 0.0107421875 0.0302734375
10 0.189453125 0.09033203125 0.0107421875 0.0302734375
10 0.189453125 0.05224609375 0.0107421875 0.0302734375
11 0.25439453125 0.12744140625 0.00537109375 0.00439453125
11 0.25439453125 0.09326171875 0.00537109375 0.00439453125
11 0.25439453125 0.04541015625 0.00537109375 0.0048828125
11 0.26611328125 0.2470703125 0.00537109375 0.00439453125
11 0.26611328125 0.20849609375 0.00537109375 0.00439453125
11 0.26611328125 0.21435546875 0.00537109375 0.00439453125
11 0.26611328125 0.21826171875 0.00537109375 0.00439453125
11 0.26611328125 0.171875 0.00537109375 0.00439453125
11 0.26611328125 0.12939453125 0.00537109375 0.00439453125
11 0.26611328125 0.09326171875 0.00537109375 0.00439453125
11 0.26611328125 0.04736328125 0.00537109375 0.00439453125
11 0.23095703125 0.09326171875 0.00537109375 0.00439453125
11 0.23095703125 0.12744140625 0.00537109375 0.00439453125
11 0.23095703125 0.04541015625 0.00537109375 0.0048828125
11 0.24267578125 0.12548828125 0.00537109375 0.00439453125
11 0.24267578125 0.09326171875 0.00537109375 0.00439453125
11 0.24267578125 0.04541015625 0.00537109375 0.0048828125
11 0.4609375 0.21630859375 0.00537109375 0.0048828125
11 0.4609375 0.18017578125 0.00537109375 0.0048828125
11 0.4609375 0.12353515625 0.00537109375 0.00439453125
11 0.4609375 0.08740234375 0.00537109375 0.00439453125
11 0.4609375 0.04150390625 0.00537109375 0.0048828125
11 0.4609375 0.21240234375 0.00537109375 0.00439453125
11 0.44921875 0.12158203125 0.00537109375 0.0048828125
11 0.4609375 0.2548828125 0.00537109375 0.00439453125
11 0.4609375 0.20849609375 0.00537109375 0.00439453125
11 0.4365234375 0.03955078125 0.00537109375 0.00439453125
11 0.4248046875 0.12744140625 0.00537109375 0.00439453125
11 0.4248046875 0.09521484375 0.00537109375 0.00439453125
11 0.4248046875 0.03955078125 0.00537109375 0.00439453125
11 0.44921875 0.08740234375 0.00537109375 0.00439453125
11 0.44921875 0.03955078125 0.00537109375 0.00439453125
11 0.4365234375 0.12548828125 0.00537109375 0.00439453125
11 0.4365234375 0.09521484375 0.00537109375 0.00439453125
11 0.49609375 0.12353515625 0.00537109375 0.00439453125
11 0.49609375 0.08740234375 0.00537109375 0.00439453125
11 0.49609375 0.04150390625 0.00537109375 0.0048828125
11 0.5078125 0.2490234375 0.00537109375 0.00439453125
11 0.5078125 0.20654296875 0.00537109375 0.0048828125
11 0.51220703125 0.21435546875 0.00537109375 0.00439453125
11 0.5078125 0.21630859375 0.00537109375 0.0048828125
11 0.5078125 0.173828125 0.00537109375 0.00439453125
11 0.5078125 0.12744140625 0.00537109375 0.00439453125
11 0.5078125 0.08740234375 0.00537109375 0.00439453125
11 0.5078125 0.03955078125 0.00537109375 0.00439453125
11 0.47216796875 0.08740234375 0.00537109375 0.00439453125
11 0.47216796875 0.1376953125 0.00537109375 0.00439453125
11 0.47216796875 0.04150390625 0.00537109375 0.0048828125
11 0.48388671875 0.13330078125 0.00537109375 0.00439453125
11 0.48388671875 0.08740234375 0.00537109375 0.00439453125
11 0.48388671875 0.04150390625 0.00537109375 0.0048828125
11 0.38330078125 0.1376953125 0.00537109375 0.00439453125
11 0.38330078125 0.09326171875 0.00537109375 0.00439453125
11 0.38330078125 0.04150390625 0.00537109375 0.0048828125
11 0.4130859375 0.03955078125 0.00537109375 0.00439453125
11 0.39501953125 0.13916015625 0.00537109375 0.00439453125
11 0.39501953125 0.09326171875 0.00537109375 0.00439453125
11 0.39501953125 0.04150390625 0.00537109375 0.0048828125
11 0.37109375 0.1435546875 0.00537109375 0.00439453125
11 0.37109375 0.09716796875 0.00537109375 0.00439453125
11 0.37109375 0.04150390625 0.00537109375 0.0048828125
11 0.4130859375 0.09521484375 0.00537109375 0.00439453125
11 0.4130859375 0.1416015625 0.00537109375 0.00439453125
11 0.4130859375 0.173828125 0.00537109375 0.00439453125
11 0.4130859375 0.22021484375 0.00537109375 0.00439453125
11 0.4130859375 0.21630859375 0.00537109375 0.0048828125
11 0.4130859375 0.21044921875 0.00537109375 0.00439453125
11 0.4130859375 0.2490234375 0.00537109375 0.00439453125
11 0.62158203125 0.36083984375 0.00537109375 0.00439453125
11 0.6328125 0.28662109375 0.00537109375 0.0048828125
11 0.6328125 0.3193359375 0.00537109375 0.0048828125
11 0.6435546875 0.28466796875 0.00537109375 0.00439453125
11 0.6435546875 0.3173828125 0.00537109375 0.00439453125
11 0.6435546875 0.36083984375 0.00537109375 0.00439453125
11 0.62158203125 0.28857421875 0.00537109375 0.00439453125
11 0.62158203125 0.32177734375 0.00537109375 0.00439453125
11 0.6767578125 0.29248046875 0.00537109375 0.00439453125
11 0.6767578125 0.32568359375 0.00537109375 0.00439453125
11 0.6767578125 0.36279296875 0.00537109375 0.0048828125
11 0.6767578125 0.4052734375 0.00537109375 0.00439453125
11 0.6767578125 0.45166015625 0.00537109375 0.00439453125
11 0.6767578125 0.44775390625 0.00537109375 0.00439453125
11 0.6767578125 0.44189453125 0.00537109375 0.00439453125
11 0.6767578125 0.48046875 0.00537109375 0.0048828125
11 0.65966796875 0.28857421875 0.00537109375 0.00439453125
11 0.6044921875 0.44970703125 0.00537109375 0.0048828125
11 0.65966796875 0.32373046875 0.00537109375 0.0048828125
11 0.65966796875 0.36083984375 0.00537109375 0.00439453125
11 0.54931640625 0.28271484375 0.00537109375 0.00439453125
11 0.54931640625 0.33544921875 0.00537109375 0.00439453125
11 0.54931640625 0.35888671875 0.00537109375 0.00439453125
11 0.560546875 0.28466796875 0.00537109375 0.00439453125
11 0.58740234375 0.33544921875 0.00537109375 0.00439453125
11 0.58740234375 0.35888671875 0.00537109375 0.00439453125
11 0.58740234375 0.29248046875 0.00537109375 0.00439453125
11 0.6044921875 0.28857421875 0.00537109375 0.00439453125
11 0.6044921875 0.33740234375 0.00537109375 0.00439453125
11 0.6044921875 0.36083984375 0.00537109375 0.00439453125
11 0.6044921875 0.4072265625 0.00537109375 0.0048828125
11 0.6044921875 0.44384765625 0.00537109375 0.00439453125
11 0.6044921875 0.43994140625 0.00537109375 0.0048828125
11 0.6044921875 0.482421875 0.00537109375 0.00439453125
11 0.560546875 0.33349609375 0.00537109375 0.0048828125
11 0.5712890625 0.28271484375 0.00537109375 0.00439453125
11 0.5712890625 0.33154296875 0.00537109375 0.00439453125
11 0.5712890625 0.35888671875 0.00537109375 0.00439453125
11 0.8046875 0.28466796875 0.00537109375 0.00439453125
11 0.8046875 0.33349609375 0.00537109375 0.0048828125
11 0.8046875 0.35498046875 0.00537109375 0.00439453125
11 0.77685546875 0.28076171875 0.00537109375 0.00439453125
11 0.77685546875 0.32958984375 0.00537109375 0.00439453125
11 0.78759765625 0.28271484375 0.00537109375 0.00439453125
11 0.78759765625 0.33154296875 0.00537109375 0.00439453125
11 0.78759765625 0.35498046875 0.00537109375 0.00439453125
11 0.71533203125 0.27880859375 0.00537109375 0.00439453125
11 0.71533203125 0.33544921875 0.00537109375 0.00439453125
11 0.71533203125 0.36279296875 0.00537109375 0.0048828125
11 0.7314453125 0.28271484375 0.00537109375 0.00439453125
11 0.693359375 0.28271484375 0.00537109375 0.00439453125
11 0.693359375 0.33935546875 0.00537109375 0.00439453125
11 0.693359375 0.36279296875 0.00537109375 0.0048828125
11 0.7314453125 0.33935546875 0.00537109375 0.00439453125
11 0.7041015625 0.28076171875 0.00537109375 0.00439453125
11 0.7041015625 0.33740234375 0.00537109375 0.00439453125
11 0.76611328125 0.27880859375 0.00537109375 0.00439453125
11 0.76611328125 0.32763671875 0.00537109375 0.00439453125
11 0.76611328125 0.35498046875 0.00537109375 0.00439453125
11 0.7314453125 0.36279296875 0.00537109375 0.0048828125
11 0.7490234375 0.27880859375 0.00537109375 0.00439453125
11 0.7490234375 0.33740234375 0.00537109375 0.00439453125
11 0.7490234375 0.35498046875 0.00537109375 0.00439453125
11 0.7490234375 0.4111328125 0.00537109375 0.00439453125
11 0.7490234375 0.45361328125 0.00537109375 0.0048828125
11 0.7490234375 0.44775390625 0.00537109375 0.00439453125
11 0.7490234375 0.44384765625 0.00537109375 0.00439453125
11 0.7490234375 0.486328125 0.00537109375 0.00439453125
11 0.306640625 0.29248046875 0.00537109375 0.00439453125
11 0.306640625 0.3134765625 0.00537109375 0.00439453125
11 0.306640625 0.36279296875 0.00537109375 0.0048828125
11 0.306640625 0.41552734375 0.00537109375 0.00439453125
11 0.306640625 0.45166015625 0.00537109375 0.00439453125
11 0.306640625 0.44775390625 0.00537109375 0.00439453125
11 0.306640625 0.44384765625 0.00537109375 0.00439453125
11 0.306640625 0.490234375 0.00537109375 0.0048828125
11 0.28955078125 0.29052734375 0.00537109375 0.00439453125
11 0.28955078125 0.3115234375 0.00537109375 0.00439453125
11 0.28955078125 0.36279296875 0.00537109375 0.0048828125
4 0.2900390625 0.37060546875 0.0048828125 0.01171875
11 0.3447265625 0.29248046875 0.00537109375 0.00439453125
11 0.3447265625 0.3134765625 0.00537109375 0.00439453125
11 0.3447265625 0.36279296875 0.00537109375 0.0048828125
11 0.36181640625 0.28857421875 0.00537109375 0.00439453125
11 0.36181640625 0.3134765625 0.00537109375 0.00439453125
11 0.36181640625 0.36279296875 0.00537109375 0.0048828125
11 0.3232421875 0.29638671875 0.00537109375 0.00439453125
11 0.3232421875 0.3134765625 0.00537109375 0.00439453125
11 0.3232421875 0.36279296875 0.00537109375 0.0048828125
11 0.333984375 0.29443359375 0.00537109375 0.00439453125
1 0.18896484375 0.47509765625 0.01171875 0.013671875
1 0.18896484375 0.400390625 0.01171875 0.013671875
10 0.189453125 0.44091796875 0.0107421875 0.0302734375
11 0.21826171875 0.29638671875 0.00537109375 0.00439453125
11 0.21826171875 0.3115234375 0.00537109375 0.00439453125
11 0.21826171875 0.35888671875 0.00537109375 0.00439453125
11 0.21826171875 0.40966796875 0.00537109375 0.00439453125
11 0.21826171875 0.45556640625 0.00537109375 0.00439453125
11 0.21826171875 0.45166015625 0.00537109375 0.00439453125
0 0.17724609375 0.458984375 0.00390625 0.05126953125
0 0.17236328125 0.30615234375 0.00390625 0.0556640625
11 0.21826171875 0.44189453125 0.00537109375 0.00439453125
10 0.189453125 0.28564453125 0.0107421875 0.0302734375
10 0.189453125 0.32470703125 0.0107421875 0.0302734375
11 0.24658203125 0.29248046875 0.0048828125 0.00439453125
11 0.23583984375 0.35888671875 0.00537109375 0.00439453125
11 0.25732421875 0.29443359375 0.0048828125 0.00439453125
11 0.25732421875 0.3115234375 0.0048828125 0.00439453125
11 0.25732421875 0.35888671875 0.0048828125 0.00439453125
11 0.21826171875 0.484375 0.00537109375 0.00439453125
11 0.23583984375 0.29052734375 0.00537109375 0.00439453125
11 0.23583984375 0.3115234375 0.00537109375 0.00439453125
11 0.46826171875 0.28857421875 0.00537109375 0.00439453125
11 0.46826171875 0.32373046875 0.00537109375 0.0048828125
11 0.46826171875 0.369140625 0.00537109375 0.00439453125
11 0.47900390625 0.29052734375 0.00537109375 0.00439453125
11 0.490234375 0.29248046875 0.00537109375 0.00439453125
11 0.45166015625 0.29443359375 0.00537109375 0.00439453125
11 0.45166015625 0.3095703125 0.00537109375 0.0048828125
11 0.45166015625 0.369140625 0.00537109375 0.00439453125
11 0.45166015625 0.4072265625 0.00537109375 0.0048828125
11 0.45166015625 0.45361328125 0.00537109375 0.0048828125
11 0.45166015625 0.44970703125 0.00537109375 0.0048828125
11 0.45166015625 0.482421875 0.00537109375 0.00439453125
11 0.490234375 0.32373046875 0.00537109375 0.0048828125
11 0.5322265625 0.29248046875 0.00537109375 0.00439453125
11 0.5322265625 0.32177734375 0.00537109375 0.00439453125
11 0.5322265625 0.369140625 0.00537109375 0.00439453125
11 0.5322265625 0.4013671875 0.00537109375 0.00439453125
11 0.5322265625 0.45166015625 0.00537109375 0.00439453125
11 0.5322265625 0.44775390625 0.00537109375 0.00439453125
11 0.5322265625 0.44384765625 0.00537109375 0.00439453125
11 0.5322265625 0.4765625 0.00537109375 0.00439453125
11 0.490234375 0.36083984375 0.00537109375 0.00439453125
11 0.45166015625 0.44384765625 0.00537109375 0.00439453125
11 0.5068359375 0.29443359375 0.00537109375 0.00439453125
11 0.5068359375 0.32373046875 0.00537109375 0.0048828125
11 0.5068359375 0.36474609375 0.00537109375 0.00439453125
11 0.39599609375 0.28662109375 0.00537109375 0.0048828125
11 0.39599609375 0.3115234375 0.00537109375 0.00439453125
11 0.39599609375 0.36279296875 0.00537109375 0.0048828125
11 0.40673828125 0.28857421875 0.00537109375 0.00439453125
11 0.37890625 0.29052734375 0.00537109375 0.00439453125
11 0.37890625 0.3115234375 0.00537109375 0.00439453125
11 0.37890625 0.36279296875 0.00537109375 0.0048828125
11 0.37890625 0.40966796875 0.00537109375 0.00439453125
11 0.37890625 0.45166015625 0.00537109375 0.00439453125
11 0.38330078125 0.44970703125 0.00537109375 0.0048828125
11 0.37890625 0.44189453125 0.00537109375 0.00439453125
11 0.37890625 0.484375 0.00537109375 0.00439453125
11 0.4345703125 0.3671875 0.00537109375 0.0048828125
11 0.4345703125 0.3115234375 0.00537109375 0.00439453125
11 0.4345703125 0.29248046875 0.00537109375 0.00439453125
11 0.41748046875 0.29052734375 0.00537109375 0.00439453125
11 0.41748046875 0.3115234375 0.00537109375 0.00439453125
11 0.41748046875 0.3671875 0.00537109375 0.0048828125
11 0.5888671875 0.60107421875 0.00537109375 0.00439453125
11 0.5888671875 0.5673828125 0.00537109375 0.0048828125
11 0.677734375 0.59130859375 0.00537109375 0.00439453125
11 0.60595703125 0.60302734375 0.00537109375 0.00439453125
11 0.60595703125 0.7265625 0.00537109375 0.00439453125
11 0.60595703125 0.68115234375 0.00537109375 0.00439453125
11 0.60595703125 0.68701171875 0.00537109375 0.0048828125
11 0.60595703125 0.69091796875 0.00537109375 0.00439453125
11 0.60595703125 0.64453125 0.00537109375 0.00439453125
11 0.60595703125 0.5634765625 0.00537109375 0.00439453125
11 0.66064453125 0.58935546875 0.00537109375 0.00439453125
11 0.66064453125 0.5634765625 0.00537109375 0.00439453125
9 0.64892578125 0.51611328125 0.00439453125 0.01171875
11 0.677734375 0.53173828125 0.00537109375 0.00439453125
11 0.677734375 0.5673828125 0.00537109375 0.0048828125
11 0.623046875 0.5634765625 0.00537109375 0.00439453125
11 0.623046875 0.58740234375 0.00537109375 0.00439453125
11 0.6337890625 0.5615234375 0.00537109375 0.00439453125
11 0.6337890625 0.58544921875 0.00537109375 0.0048828125
11 0.64501953125 0.52392578125 0.00537109375 0.0048828125
11 0.64501953125 0.5595703125 0.00537109375 0.00439453125
11 0.64501953125 0.58349609375 0.00537109375 0.00439453125
11 0.53466796875 0.638671875 0.00537109375 0.00439453125
11 0.53466796875 0.68896484375 0.00537109375 0.00439453125
11 0.53466796875 0.68505859375 0.00537109375 0.00439453125
11 0.53466796875 0.68115234375 0.00537109375 0.00439453125
11 0.53466796875 0.720703125 0.00537109375 0.00439453125
11 0.5078125 0.52392578125 0.00537109375 0.0048828125
11 0.5078125 0.5693359375 0.00537109375 0.00439453125
11 0.5078125 0.58935546875 0.00537109375 0.00439453125
11 0.53466796875 0.52392578125 0.00537109375 0.0048828125
11 0.53466796875 0.5673828125 0.00537109375 0.0048828125
11 0.53466796875 0.58740234375 0.00537109375 0.00439453125
11 0.5625 0.5595703125 0.00537109375 0.00439453125
11 0.55126953125 0.55712890625 0.00537109375 0.00439453125
11 0.55126953125 0.60107421875 0.00537109375 0.00439453125
11 0.5625 0.59912109375 0.00537109375 0.0048828125
11 0.5732421875 0.55712890625 0.00537109375 0.00439453125
11 0.5732421875 0.59716796875 0.00537109375 0.00439453125
11 0.80517578125 0.5595703125 0.00537109375 0.00439453125
11 0.80517578125 0.59912109375 0.00537109375 0.0048828125
11 0.77734375 0.5556640625 0.00537109375 0.00439453125
11 0.77734375 0.59521484375 0.00537109375 0.00439453125
11 0.78857421875 0.52392578125 0.00537109375 0.0048828125
11 0.78857421875 0.55712890625 0.00537109375 0.00439453125
11 0.78857421875 0.59716796875 0.00537109375 0.00439453125
9 0.79248046875 0.51611328125 0.00439453125 0.01171875
11 0.70556640625 0.5556640625 0.00537109375 0.00439453125
11 0.6943359375 0.55712890625 0.00537109375 0.00439453125
11 0.6943359375 0.60498046875 0.00537109375 0.00439453125
11 0.70556640625 0.60302734375 0.00537109375 0.00439453125
11 0.71630859375 0.55322265625 0.00537109375 0.0048828125
11 0.71630859375 0.60107421875 0.00537109375 0.00439453125
11 0.677734375 0.68896484375 0.00537109375 0.00439453125
11 0.677734375 0.68505859375 0.00537109375 0.00439453125
11 0.677734375 0.724609375 0.00537109375 0.00439453125
11 0.74951171875 0.68115234375 0.00537109375 0.00439453125
11 0.74951171875 0.73046875 0.00537109375 0.00439453125
11 0.75390625 0.68896484375 0.00537109375 0.00439453125
11 0.7666015625 0.55322265625 0.00537109375 0.0048828125
11 0.7666015625 0.59326171875 0.00537109375 0.00439453125
11 0.73193359375 0.55712890625 0.00537109375 0.00439453125
11 0.73193359375 0.60498046875 0.00537109375 0.00439453125
11 0.677734375 0.642578125 0.00537109375 0.00439453125
11 0.74951171875 0.55322265625 0.00537109375 0.0048828125
11 0.74951171875 0.60302734375 0.00537109375 0.00439453125
11 0.74951171875 0.6484375 0.00537109375 0.00439453125
11 0.74951171875 0.69091796875 0.00537109375 0.00439453125
11 0.2744140625 0.52001953125 0.00537109375 0.00439453125
11 0.2744140625 0.5654296875 0.00537109375 0.00439453125
11 0.2744140625 0.58935546875 0.00537109375 0.00439453125
11 0.29150390625 0.51806640625 0.00537109375 0.00439453125
11 0.29150390625 0.5673828125 0.00537109375 0.0048828125
11 0.29150390625 0.59130859375 0.00537109375 0.00439453125
11 0.29150390625 0.65283203125 0.00537109375 0.00439453125
11 0.29150390625 0.68896484375 0.00537109375 0.00439453125
11 0.29150390625 0.68505859375 0.00537109375 0.00439453125
11 0.29150390625 0.68115234375 0.00537109375 0.00439453125
11 0.25732421875 0.52197265625 0.00537109375 0.00439453125
11 0.25732421875 0.5693359375 0.00537109375 0.00439453125
11 0.25732421875 0.58935546875 0.00537109375 0.00439453125
11 0.25732421875 0.69091796875 0.00537109375 0.00439453125
11 0.25732421875 0.68701171875 0.00537109375 0.0048828125
11 0.29150390625 0.734375 0.00537109375 0.00439453125
11 0.30810546875 0.59130859375 0.00537109375 0.00439453125
11 0.3193359375 0.51611328125 0.00537109375 0.00439453125
11 0.3193359375 0.5693359375 0.00537109375 0.00439453125
11 0.330078125 0.51806640625 0.00537109375 0.00439453125
11 0.330078125 0.5673828125 0.00537109375 0.0048828125
11 0.30810546875 0.51416015625 0.00537109375 0.00439453125
11 0.30810546875 0.5712890625 0.00537109375 0.00439453125
10 0.189453125 0.60205078125 0.0107421875 0.0302734375
1 0.18896484375 0.6376953125 0.01171875 0.013671875
10 0.189453125 0.67822265625 0.0107421875 0.0302734375
1 0.18896484375 0.71923828125 0.01171875 0.013671875
11 0.21826171875 0.52197265625 0.00537109375 0.00439453125
11 0.21826171875 0.5712890625 0.00537109375 0.00439453125
11 0.21826171875 0.58935546875 0.00537109375 0.00439453125
11 0.21826171875 0.64697265625 0.00537109375 0.00439453125
0 0.17236328125 0.54150390625 0.00390625 0.05615234375
11 0.21826171875 0.67919921875 0.00537109375 0.00439453125
0 0.17724609375 0.69970703125 0.00390625 0.05712890625
10 0.189453125 0.52099609375 0.0107421875 0.0302734375
10 0.189453125 0.560546875 0.0107421875 0.0302734375
11 0.2353515625 0.52197265625 0.00537109375 0.00439453125
11 0.2353515625 0.5654296875 0.00537109375 0.00439453125
11 0.2353515625 0.58935546875 0.00537109375 0.00439453125
11 0.24658203125 0.52392578125 0.00537109375 0.0048828125
11 0.24658203125 0.5673828125 0.00537109375 0.0048828125
11 0.21826171875 0.69287109375 0.00537109375 0.00439453125
11 0.21826171875 0.68896484375 0.00537109375 0.00439453125
11 0.21826171875 0.728515625 0.00537109375 0.0048828125
11 0.4365234375 0.64453125 0.00537109375 0.00439453125
11 0.4365234375 0.52392578125 0.00537109375 0.0048828125
11 0.4365234375 0.5693359375 0.00537109375 0.00439453125
11 0.4365234375 0.58740234375 0.00537109375 0.00439453125
11 0.4365234375 0.69091796875 0.00537109375 0.00439453125
11 0.4365234375 0.68701171875 0.00537109375 0.0048828125
11 0.4365234375 0.68115234375 0.00537109375 0.00439453125
11 0.4365234375 0.7265625 0.00537109375 0.00439453125
11 0.40283203125 0.52197265625 0.00537109375 0.00439453125
11 0.40283203125 0.5654296875 0.00537109375 0.00439453125
11 0.40283203125 0.58935546875 0.00537109375 0.00439453125
11 0.330078125 0.59130859375 0.00537109375 0.00439453125
11 0.41943359375 0.52197265625 0.00537109375 0.00439453125
11 0.41943359375 0.5673828125 0.00537109375 0.0048828125
11 0.41943359375 0.58935546875 0.00537109375 0.00439453125
11 0.48046875 0.5654296875 0.00537109375 0.00439453125
11 0.4912109375 0.52392578125 0.00537109375 0.0048828125
11 0.4912109375 0.5673828125 0.00537109375 0.0048828125
11 0.4912109375 0.58935546875 0.00537109375 0.00439453125
4 0.4365234375 0.59716796875 0.0048828125 0.01171875
11 0.46923828125 0.52978515625 0.00537109375 0.00439453125
11 0.46923828125 0.5634765625 0.00537109375 0.00439453125
11 0.46923828125 0.58935546875 0.00537109375 0.00439453125
11 0.3642578125 0.51220703125 0.00537109375 0.00439453125
11 0.3642578125 0.5654296875 0.00537109375 0.00439453125
11 0.3642578125 0.58935546875 0.00537109375 0.00439453125
11 0.3642578125 0.64697265625 0.00537109375 0.00439453125
11 0.3642578125 0.68896484375 0.00537109375 0.00439453125
11 0.3642578125 0.68310546875 0.00537109375 0.0048828125
11 0.3642578125 0.67919921875 0.00537109375 0.00439453125
11 0.3642578125 0.728515625 0.00537109375 0.0048828125
11 0.34716796875 0.51416015625 0.00537109375 0.00439453125
11 0.34716796875 0.5634765625 0.00537109375 0.00439453125
11 0.34716796875 0.59130859375 0.00537109375 0.00439453125
11 0.39208984375 0.52001953125 0.00537109375 0.00439453125
11 0.39208984375 0.5634765625 0.00537109375 0.00439453125
11 0.38134765625 0.51806640625 0.00537109375 0.00439453125
11 0.38134765625 0.5615234375 0.00537109375 0.00439453125
11 0.38134765625 0.58935546875 0.00537109375 0.00439453125
11 0.6279296875 0.9287109375 0.00537109375 0.00439453125
11 0.6279296875 0.9677734375 0.00537109375 0.0048828125
11 0.6279296875 0.9228515625 0.00537109375 0.0048828125
11 0.67724609375 0.82861328125 0.00537109375 0.00439453125
11 0.67724609375 0.8056640625 0.00537109375 0.00439453125
11 0.67724609375 0.77197265625 0.00537109375 0.0048828125
9 0.6044921875 0.7978515625 0.00439453125 0.01171875
11 0.60009765625 0.82861328125 0.0048828125 0.00439453125
11 0.60009765625 0.8056640625 0.0048828125 0.00439453125
11 0.59228515625 0.826171875 0.00537109375 0.00439453125
11 0.6279296875 0.9326171875 0.00537109375 0.0048828125
11 0.6279296875 0.88671875 0.00537109375 0.0048828125
11 0.6279296875 0.83251953125 0.00537109375 0.0048828125
11 0.6279296875 0.8076171875 0.00537109375 0.00439453125
11 0.6279296875 0.77587890625 0.00537109375 0.00439453125
11 0.611328125 0.83056640625 0.00537109375 0.00439453125
11 0.666015625 0.83056640625 0.0048828125 0.00439453125
11 0.638671875 0.83251953125 0.00537109375 0.0048828125
11 0.64697265625 0.83447265625 0.00537109375 0.00439453125
11 0.65478515625 0.83251953125 0.00537109375 0.0048828125
11 0.666015625 0.77392578125 0.0048828125 0.00439453125
11 0.52294921875 0.9326171875 0.0048828125 0.0048828125
11 0.52294921875 0.8828125 0.0048828125 0.00439453125
11 0.52294921875 0.83837890625 0.0048828125 0.00439453125
11 0.52294921875 0.8134765625 0.0048828125 0.0048828125
11 0.52294921875 0.76611328125 0.0048828125 0.00439453125
11 0.52294921875 0.9287109375 0.0048828125 0.00439453125
11 0.5126953125 0.83447265625 0.00537109375 0.00439453125
11 0.52294921875 0.9638671875 0.0048828125 0.00439453125
11 0.52294921875 0.9248046875 0.0048828125 0.00439453125
11 0.486328125 0.83447265625 0.00537109375 0.00439453125
11 0.49462890625 0.83251953125 0.00537109375 0.0048828125
11 0.50244140625 0.8056640625 0.00537109375 0.00439453125
11 0.50244140625 0.83056640625 0.00537109375 0.00439453125
9 0.5068359375 0.7978515625 0.00439453125 0.01171875
11 0.57275390625 0.888671875 0.00537109375 0.00439453125
11 0.57275390625 0.9697265625 0.00537109375 0.00439453125
11 0.57275390625 0.9208984375 0.00537109375 0.00439453125
11 0.57275390625 0.9287109375 0.00537109375 0.00439453125
11 0.57275390625 0.9345703125 0.00537109375 0.00439453125
11 0.57275390625 0.82470703125 0.00537109375 0.00439453125
11 0.57275390625 0.76806640625 0.00537109375 0.00439453125
11 0.53466796875 0.82861328125 0.00537109375 0.00439453125
11 0.583984375 0.82470703125 0.00537109375 0.00439453125
11 0.54296875 0.826171875 0.00537109375 0.00439453125
11 0.55078125 0.82470703125 0.00537109375 0.00439453125
11 0.56103515625 0.82861328125 0.00537109375 0.00439453125
11 0.81005859375 0.77392578125 0.00537109375 0.00439453125
11 0.81005859375 0.9306640625 0.00537109375 0.00439453125
11 0.81005859375 0.83447265625 0.00537109375 0.00439453125
11 0.81005859375 0.81591796875 0.00537109375 0.00439453125
11 0.798828125 0.83447265625 0.00537109375 0.00439453125
11 0.787109375 0.84033203125 0.00537109375 0.00439453125
11 0.705078125 0.82861328125 0.00537109375 0.00439453125
11 0.71728515625 0.82470703125 0.00537109375 0.00439453125
11 0.697265625 0.826171875 0.00537109375 0.00439453125
11 0.728515625 0.9326171875 0.00537109375 0.0048828125
11 0.728515625 0.9677734375 0.00537109375 0.0048828125
11 0.73291015625 0.9267578125 0.00537109375 0.00439453125
11 0.728515625 0.9287109375 0.00537109375 0.00439453125
11 0.728515625 0.88671875 0.00537109375 0.0048828125
11 0.728515625 0.822265625 0.00537109375 0.0048828125
11 0.728515625 0.8076171875 0.00537109375 0.00439453125
11 0.728515625 0.76611328125 0.00537109375 0.00439453125
11 0.67724609375 0.97412109375 0.00537109375 0.00439453125
11 0.67724609375 0.9248046875 0.00537109375 0.00439453125
11 0.67724609375 0.9287109375 0.00537109375 0.00439453125
11 0.67724609375 0.9345703125 0.00537109375 0.00439453125
11 0.67724609375 0.892578125 0.00537109375 0.00439453125
11 0.68896484375 0.82470703125 0.00537109375 0.00439453125
11 0.765625 0.83251953125 0.00537109375 0.0048828125
11 0.77685546875 0.77392578125 0.00537109375 0.00439453125
11 0.783203125 0.9287109375 0.00537109375 0.00439453125
11 0.77685546875 0.9658203125 0.00537109375 0.00439453125
11 0.75439453125 0.83251953125 0.00537109375 0.0048828125
11 0.77685546875 0.9267578125 0.00537109375 0.00439453125
11 0.77685546875 0.9345703125 0.00537109375 0.00439453125
11 0.77685546875 0.884765625 0.00537109375 0.00439453125
11 0.77685546875 0.83447265625 0.00537109375 0.00439453125
11 0.77685546875 0.8134765625 0.00537109375 0.0048828125
11 0.75439453125 0.8134765625 0.00537109375 0.0048828125
11 0.74658203125 0.83056640625 0.00537109375 0.00439453125
11 0.73828125 0.82861328125 0.00537109375 0.00439453125
11 0.28759765625 0.84033203125 0.00537109375 0.00439453125
11 0.28759765625 0.7978515625 0.00537109375 0.00439453125
11 0.27978515625 0.84228515625 0.00537109375 0.00439453125
11 0.27978515625 0.7958984375 0.00537109375 0.00439453125
11 0.2958984375 0.83837890625 0.00537109375 0.00439453125
11 0.2958984375 0.7998046875 0.00537109375 0.0048828125
11 0.2685546875 0.97412109375 0.00537109375 0.00439453125
11 0.2685546875 0.9248046875 0.00537109375 0.00439453125
11 0.2685546875 0.9287109375 0.00537109375 0.00439453125
11 0.2685546875 0.9345703125 0.00537109375 0.00439453125
11 0.2685546875 0.892578125 0.00537109375 0.00439453125
11 0.2685546875 0.83837890625 0.00537109375 0.00439453125
11 0.2685546875 0.7998046875 0.00537109375 0.0048828125
11 0.330078125 0.83251953125 0.00537109375 0.0048828125
11 0.330078125 0.7998046875 0.00537109375 0.0048828125
11 0.337890625 0.83447265625 0.00537109375 0.00439453125
11 0.337890625 0.8017578125 0.00537109375 0.00439453125
11 0.31884765625 0.83642578125 0.0048828125 0.0048828125
11 0.31884765625 0.7939453125 0.0048828125 0.00439453125
11 0.31884765625 0.77001953125 0.0048828125 0.00439453125
11 0.31884765625 0.88671875 0.0048828125 0.0048828125
11 0.30810546875 0.83447265625 0.00537109375 0.00439453125
11 0.30810546875 0.7958984375 0.00537109375 0.00439453125
11 0.2685546875 0.76806640625 0.00537109375 0.00439453125
11 0.31884765625 0.9677734375 0.0048828125 0.0048828125
11 0.32373046875 0.9267578125 0.00537109375 0.00439453125
11 0.31884765625 0.9287109375 0.0048828125 0.00439453125
11 0.31884765625 0.9326171875 0.0048828125 0.0048828125
1 0.18896484375 0.958984375 0.01171875 0.013671875
10 0.189453125 0.91796875 0.0107421875 0.0302734375
1 0.18896484375 0.87744140625 0.01171875 0.013671875
11 0.21826171875 0.9287109375 0.00537109375 0.00439453125
11 0.21826171875 0.9677734375 0.00537109375 0.0048828125
11 0.21826171875 0.9228515625 0.00537109375 0.0048828125
11 0.21826171875 0.9326171875 0.00537109375 0.0048828125
11 0.21826171875 0.88671875 0.00537109375 0.0048828125
11 0.21826171875 0.84228515625 0.00537109375 0.00439453125
11 0.21826171875 0.8037109375 0.00537109375 0.00439453125
11 0.21826171875 0.77001953125 0.00537109375 0.00439453125
0 0.17724609375 0.939453125 0.00390625 0.05712890625
0 0.17236328125 0.78515625 0.00390625 0.05419921875
10 0.189453125 0.802734375 0.0107421875 0.0302734375
10 0.189453125 0.76513671875 0.0107421875 0.0302734375
11 0.24609375 0.8037109375 0.00537109375 0.00439453125
11 0.24609375 0.84033203125 0.00537109375 0.00439453125
11 0.2578125 0.83642578125 0.00537109375 0.0048828125
11 0.2578125 0.8017578125 0.00537109375 0.00439453125
11 0.23779296875 0.83837890625 0.00537109375 0.00439453125
11 0.23779296875 0.8056640625 0.00537109375 0.00439453125
11 0.22998046875 0.83642578125 0.00537109375 0.0048828125
11 0.22998046875 0.8037109375 0.00537109375 0.00439453125
11 0.42529296875 0.9599609375 0.00537109375 0.00439453125
11 0.42529296875 0.9248046875 0.00537109375 0.00439453125
11 0.42529296875 0.9287109375 0.00537109375 0.00439453125
11 0.42529296875 0.9345703125 0.00537109375 0.00439453125
11 0.40673828125 0.9306640625 0.00537109375 0.00439453125
11 0.40673828125 0.84033203125 0.00537109375 0.00439453125
11 0.40673828125 0.8056640625 0.00537109375 0.00439453125
11 0.40673828125 0.77783203125 0.00537109375 0.00439453125
11 0.42529296875 0.87890625 0.00537109375 0.00439453125
11 0.42529296875 0.83837890625 0.00537109375 0.00439453125
11 0.42529296875 0.8056640625 0.00537109375 0.00439453125
11 0.42529296875 0.77587890625 0.00537109375 0.00439453125
11 0.46337890625 0.83837890625 0.0048828125 0.00439453125
11 0.453125 0.82861328125 0.00537109375 0.00439453125
11 0.4755859375 0.9208984375 0.00537109375 0.00439453125
11 0.4755859375 0.9658203125 0.00537109375 0.00439453125
11 0.453125 0.76220703125 0.00537109375 0.0048828125
11 0.4755859375 0.9267578125 0.00537109375 0.00439453125
11 0.4755859375 0.9306640625 0.00537109375 0.00439453125
11 0.4755859375 0.884765625 0.00537109375 0.00439453125
11 0.4755859375 0.83447265625 0.00537109375 0.00439453125
11 0.4755859375 0.76416015625 0.00537109375 0.00439453125
11 0.4453125 0.83056640625 0.00537109375 0.00439453125
11 0.43701171875 0.82861328125 0.00537109375 0.00439453125
11 0.3681640625 0.9267578125 0.00537109375 0.00439453125
11 0.3681640625 0.9658203125 0.00537109375 0.00439453125
11 0.37451171875 0.9287109375 0.00537109375 0.00439453125
11 0.3681640625 0.9345703125 0.00537109375 0.00439453125
11 0.3681640625 0.884765625 0.00537109375 0.00439453125
11 0.3681640625 0.84033203125 0.00537109375 0.00439453125
11 0.3681640625 0.8056640625 0.00537109375 0.00439453125
11 0.3681640625 0.77587890625 0.00537109375 0.00439453125
11 0.34619140625 0.83642578125 0.00537109375 0.0048828125
11 0.34619140625 0.8037109375 0.00537109375 0.00439453125
11 0.34619140625 0.77587890625 0.00537109375 0.00439453125
11 0.357421875 0.83837890625 0.00537109375 0.00439453125
11 0.357421875 0.8037109375 0.00537109375 0.00439453125
11 0.38720703125 0.83642578125 0.00537109375 0.0048828125
11 0.37939453125 0.8115234375 0.00537109375 0.00439453125
11 0.37939453125 0.83447265625 0.00537109375 0.00439453125
11 0.3955078125 0.8056640625 0.00537109375 0.00439453125
11 0.3955078125 0.83837890625 0.00537109375 0.00439453125