11 0.6728515625 0.21337890625 0.00732421875 0.00634765625
21 0.67236328125 0.14453125 0.005859375 0.0166015625
11 0.712890625 0.169921875 0.00732421875 0.00634765625
11 0.712890625 0.08837890625 0.00732421875 0.00634765625
11 0.69384765625 0.203125 0.00732421875 0.00634765625
15 0.60595703125 0.08935546875 0.0068359375 0.01025390625
9 0.59130859375 0.13818359375 0.005859375 0.015625
8 0.58544921875 0.0966796875 0.005859375 0.015625
12 0.5859375 0.1845703125 0.0078125 0.00634765625
11 0.5859375 0.1484375 0.00732421875 0.00634765625
11 0.5859375 0.15380859375 0.00732421875 0.00634765625
11 0.5859375 0.0859375 0.00732421875 0.00634765625
11 0.6728515625 0.0859375 0.00732421875 0.00634765625
21 0.6240234375 0.14453125 0.005859375 0.0166015625
21 0.6240234375 0.08740234375 0.005859375 0.0166015625
15 0.60595703125 0.146484375 0.0068359375 0.01025390625
21 0.7890625 0.20166015625 0.005859375 0.0166015625
11 0.79638671875 0.1591796875 0.00732421875 0.00634765625
11 0.7900390625 0.162109375 0.00732421875 0.00634765625
11 0.7900390625 0.1669921875 0.00732421875 0.00634765625
11 0.7900390625 0.17236328125 0.00732421875 0.00634765625
11 0.7900390625 0.09375 0.00732421875 0.00634765625
11 0.73193359375 0.09130859375 0.00732421875 0.00634765625
21 0.7119140625 0.20166015625 0.005859375 0.0166015625
11 0.712890625 0.1591796875 0.00732421875 0.00634765625
11 0.712890625 0.16455078125 0.00732421875 0.00634765625
11 0.77099609375 0.203125 0.00732421875 0.00634765625
11 0.77099609375 0.09130859375 0.00732421875 0.00634765625
11 0.7509765625 0.21337890625 0.00732421875 0.00634765625
21 0.75 0.14453125 0.005859375 0.0166015625
11 0.7509765625 0.08837890625 0.00732421875 0.00634765625
12 0.35400390625 0.2001953125 0.0078125 0.00634765625
11 0.4072265625 0.08056640625 0.00732421875 0.00634765625
12 0.35400390625 0.21875 0.0078125 0.00634765625
12 0.35400390625 0.13818359375 0.0078125 0.00634765625
12 0.35400390625 0.14599609375 0.0078125 0.00634765625
12 0.35400390625 0.1513671875 0.0078125 0.00634765625
12 0.35400390625 0.078125 0.0078125 0.00634765625
21 0.32275390625 0.08740234375 0.005859375 0.0166015625
11 0.4072265625 0.20849609375 0.00732421875 0.00634765625
11 0.4072265625 0.22705078125 0.00732421875 0.00634765625
11 0.4072265625 0.140625 0.00732421875 0.00634765625
11 0.4072265625 0.14599609375 0.00732421875 0.00634765625
11 0.4072265625 0.15380859375 0.00732421875 0.00634765625
11 0.2919921875 0.0859375 0.00732421875 0.00634765625
10 0.24267578125 0.14453125 0.0146484375 0.04052734375
12 0.29248046875 0.140625 0.0078125 0.00634765625
12 0.29248046875 0.14599609375 0.0078125 0.00634765625
12 0.29248046875 0.15380859375 0.0078125 0.00634765625
12 0.29248046875 0.20849609375 0.0078125 0.00634765625
0 0.2265625 0.1748046875 0.00537109375 0.07861328125
1 0.2421875 0.201171875 0.015625 0.0185546875
12 0.29248046875 0.18994140625 0.0078125 0.00634765625
11 0.505859375 0.203125 0.00732421875 0.00634765625
11 0.505859375 0.2216796875 0.00732421875 0.00634765625
12 0.505859375 0.1484375 0.0078125 0.00634765625
11 0.5654296875 0.1923828125 0.00732421875 0.00634765625
11 0.54541015625 0.203125 0.00732421875 0.00634765625
11 0.5244140625 0.2109375 0.00732421875 0.00634765625
12 0.505859375 0.15380859375 0.0078125 0.00634765625
12 0.43896484375 0.20556640625 0.0078125 0.00634765625
12 0.43896484375 0.22412109375 0.0078125 0.00634765625
12 0.43896484375 0.1435546875 0.0078125 0.00634765625
12 0.43896484375 0.1513671875 0.0078125 0.00634765625
12 0.43896484375 0.0830078125 0.0078125 0.00634765625
12 0.505859375 0.0859375 0.0078125 0.00634765625
11 0.64208984375 0.330078125 0.00732421875 0.00634765625
11 0.64208984375 0.41162109375 0.00732421875 0.00634765625
11 0.64208984375 0.40625 0.00732421875 0.00634765625
11 0.6484375 0.4033203125 0.00732421875 0.00634765625
21 0.64111328125 0.45068359375 0.005859375 0.01611328125
11 0.62451171875 0.32763671875 0.00732421875 0.00634765625
11 0.62451171875 0.44677734375 0.00732421875 0.00634765625
21 0.68408203125 0.38916015625 0.005859375 0.0166015625
11 0.68505859375 0.46240234375 0.00732421875 0.00634765625
11 0.68505859375 0.330078125 0.00732421875 0.00634765625
11 0.65966796875 0.3330078125 0.00732421875 0.00634765625
11 0.5478515625 0.32470703125 0.00732421875 0.00634765625
11 0.5478515625 0.4521484375 0.00732421875 0.00634765625
11 0.5654296875 0.322265625 0.00732421875 0.00634765625
21 0.60107421875 0.38916015625 0.005859375 0.0166015625
11 0.58447265625 0.31689453125 0.00732421875 0.00634765625
11 0.60205078125 0.3193359375 0.00732421875 0.00634765625
11 0.60205078125 0.46240234375 0.00732421875 0.00634765625
11 0.5654296875 0.4140625 0.00732421875 0.00634765625
11 0.5654296875 0.40869140625 0.00732421875 0.00634765625
11 0.5654296875 0.4033203125 0.00732421875 0.00634765625
21 0.564453125 0.45068359375 0.005859375 0.01611328125
11 0.79296875 0.41650390625 0.00732421875 0.00634765625
11 0.79296875 0.337890625 0.00732421875 0.00634765625
11 0.79296875 0.41162109375 0.00732421875 0.00634765625
11 0.79296875 0.40625 0.00732421875 0.00634765625
11 0.79931640625 0.4033203125 0.00732421875 0.00634765625
21 0.7919921875 0.45068359375 0.005859375 0.01611328125
11 0.7216796875 0.4140625 0.00732421875 0.00634765625
11 0.7041015625 0.4521484375 0.00732421875 0.00634765625
11 0.7216796875 0.3330078125 0.00732421875 0.00634765625
11 0.7216796875 0.40869140625 0.00732421875 0.00634765625
11 0.7216796875 0.4033203125 0.00732421875 0.00634765625
21 0.720703125 0.45068359375 0.005859375 0.01611328125
11 0.775390625 0.33544921875 0.00732421875 0.00634765625
11 0.775390625 0.4521484375 0.00732421875 0.00634765625
11 0.7392578125 0.33544921875 0.00732421875 0.00634765625
11 0.7568359375 0.3330078125 0.00732421875 0.00634765625
21 0.755859375 0.38916015625 0.005859375 0.0166015625
11 0.7568359375 0.46240234375 0.00732421875 0.00634765625
11 0.30810546875 0.34326171875 0.00732421875 0.00634765625
21 0.30712890625 0.38916015625 0.005859375 0.0166015625
11 0.30810546875 0.46240234375 0.00732421875 0.00634765625
11 0.28564453125 0.34619140625 0.00732421875 0.00634765625
11 0.38037109375 0.3408203125 0.00732421875 0.00634765625
21 0.3798828125 0.38916015625 0.005859375 0.0166015625
11 0.38037109375 0.46240234375 0.00732421875 0.00634765625
11 0.34423828125 0.41162109375 0.00732421875 0.00634765625
11 0.32666015625 0.4521484375 0.00732421875 0.00634765625
11 0.34423828125 0.3486328125 0.00732421875 0.00634765625
11 0.34423828125 0.41650390625 0.00732421875 0.00634765625
11 0.34423828125 0.40625 0.00732421875 0.00634765625
11 0.3505859375 0.4033203125 0.00732421875 0.00634765625
21 0.34375 0.45068359375 0.005859375 0.01611328125
10 0.1923828125 0.38916015625 0.0146484375 0.04052734375
1 0.19140625 0.4501953125 0.015625 0.0185546875
11 0.2294921875 0.33544921875 0.00732421875 0.00634765625
21 0.228515625 0.38916015625 0.005859375 0.0166015625
11 0.2294921875 0.46240234375 0.00732421875 0.00634765625
0 0.17578125 0.4208984375 0.00537109375 0.083984375
11 0.265625 0.3408203125 0.00732421875 0.00634765625
11 0.265625 0.4140625 0.00732421875 0.00634765625
11 0.265625 0.40869140625 0.00732421875 0.00634765625
11 0.265625 0.4033203125 0.00732421875 0.00634765625
21 0.2646484375 0.45068359375 0.005859375 0.01611328125
11 0.248046875 0.337890625 0.00732421875 0.00634765625
11 0.248046875 0.4521484375 0.00732421875 0.00634765625
11 0.4716796875 0.330078125 0.00732421875 0.00634765625
11 0.4716796875 0.4443359375 0.00732421875 0.00634765625
11 0.435546875 0.330078125 0.00732421875 0.00634765625
11 0.453125 0.3330078125 0.00732421875 0.00634765625
21 0.4521484375 0.38916015625 0.005859375 0.0166015625
11 0.453125 0.46240234375 0.00732421875 0.00634765625
11 0.52587890625 0.330078125 0.00732421875 0.00634765625
21 0.52490234375 0.38916015625 0.005859375 0.0166015625
11 0.52587890625 0.46240234375 0.00732421875 0.00634765625
11 0.4892578125 0.32763671875 0.0068359375 0.00634765625
11 0.4892578125 0.40625 0.0068359375 0.00634765625
11 0.4892578125 0.40087890625 0.0068359375 0.00634765625
11 0.4892578125 0.3955078125 0.0068359375 0.00634765625
21 0.48828125 0.45068359375 0.005859375 0.01611328125
11 0.39892578125 0.337890625 0.0068359375 0.00634765625
11 0.39892578125 0.4521484375 0.0068359375 0.00634765625
21 0.416015625 0.45068359375 0.005859375 0.01611328125
11 0.41650390625 0.4033203125 0.00732421875 0.00634765625
11 0.41650390625 0.40869140625 0.00732421875 0.00634765625
11 0.41650390625 0.4140625 0.00732421875 0.00634765625
11 0.41650390625 0.33544921875 0.00732421875 0.00634765625
11 0.62353515625 0.5869140625 0.00732421875 0.00634765625
9 0.62939453125 0.576171875 0.005859375 0.015625
11 0.654296875 0.59765625 0.00732421875 0.00634765625
11 0.654296875 0.666015625 0.00732421875 0.00634765625
11 0.6103515625 0.666015625 0.00732421875 0.00634765625
11 0.59423828125 0.701171875 0.00732421875 0.00634765625
11 0.6103515625 0.66064453125 0.00732421875 0.00634765625
11 0.6103515625 0.65283203125 0.00732421875 0.00634765625
21 0.60986328125 0.69970703125 0.005859375 0.0166015625
11 0.654296875 0.66064453125 0.00732421875 0.00634765625
9 0.66015625 0.6416015625 0.005859375 0.015625
21 0.6533203125 0.69970703125 0.005859375 0.0166015625
11 0.654296875 0.65283203125 0.00732421875 0.00634765625
11 0.52685546875 0.7119140625 0.00732421875 0.00634765625
11 0.52685546875 0.59765625 0.00732421875 0.00634765625
11 0.54345703125 0.59228515625 0.00732421875 0.00634765625
11 0.54345703125 0.6630859375 0.00732421875 0.00634765625
11 0.54345703125 0.6552734375 0.00732421875 0.00634765625
21 0.54248046875 0.69970703125 0.005859375 0.0166015625
11 0.57666015625 0.59765625 0.00732421875 0.00634765625
21 0.57568359375 0.63818359375 0.005859375 0.0166015625
11 0.57666015625 0.7197265625 0.00732421875 0.00634765625
11 0.56005859375 0.5947265625 0.00732421875 0.00634765625
8 0.7548828125 0.58984375 0.00537109375 0.015625
9 0.7607421875 0.6416015625 0.005859375 0.015625
15 0.7724609375 0.58251953125 0.0068359375 0.01025390625
15 0.7724609375 0.6396484375 0.0068359375 0.01025390625
11 0.68798828125 0.65771484375 0.00732421875 0.00634765625
11 0.68798828125 0.65283203125 0.00732421875 0.00634765625
11 0.68798828125 0.7119140625 0.00732421875 0.00634765625
11 0.68798828125 0.6630859375 0.00732421875 0.00634765625
11 0.70556640625 0.58447265625 0.00732421875 0.00634765625
11 0.671875 0.5947265625 0.00732421875 0.00634765625
15 0.671875 0.6396484375 0.0068359375 0.01025390625
11 0.68798828125 0.59765625 0.00732421875 0.00634765625
11 0.73876953125 0.701171875 0.00732421875 0.00634765625
11 0.7548828125 0.5791015625 0.00732421875 0.00634765625
11 0.7548828125 0.666015625 0.00732421875 0.00634765625
11 0.7548828125 0.66064453125 0.00732421875 0.00634765625
11 0.7548828125 0.65283203125 0.00732421875 0.00634765625
21 0.75390625 0.69970703125 0.005859375 0.0166015625
11 0.720703125 0.59765625 0.0068359375 0.00634765625
21 0.7197265625 0.63818359375 0.005859375 0.0166015625
11 0.720703125 0.71435546875 0.0068359375 0.00634765625
11 0.29833984375 0.716796875 0.00732421875 0.00634765625
21 0.29736328125 0.63818359375 0.005859375 0.0166015625
11 0.31591796875 0.6982421875 0.00732421875 0.00634765625
11 0.28076171875 0.58447265625 0.00732421875 0.00634765625
11 0.29833984375 0.576171875 0.00732421875 0.00634765625
11 0.36767578125 0.5791015625 0.00732421875 0.00634765625
21 0.36669921875 0.63818359375 0.005859375 0.0166015625
11 0.33251953125 0.64453125 0.00732421875 0.00634765625
11 0.33251953125 0.576171875 0.00732421875 0.00634765625
11 0.33251953125 0.65771484375 0.00732421875 0.00634765625
11 0.33251953125 0.64990234375 0.00732421875 0.00634765625
21 0.3310546875 0.69970703125 0.005859375 0.0166015625
10 0.1923828125 0.63818359375 0.0146484375 0.04052734375
1 0.19140625 0.69970703125 0.015625 0.0185546875
11 0.2294921875 0.58447265625 0.00732421875 0.00634765625
21 0.228515625 0.63818359375 0.005859375 0.0166015625
11 0.2294921875 0.7119140625 0.00732421875 0.00634765625
0 0.17578125 0.67041015625 0.00537109375 0.083984375
11 0.26318359375 0.6630859375 0.00732421875 0.00634765625
11 0.26318359375 0.58984375 0.00732421875 0.00634765625
11 0.26318359375 0.65771484375 0.00732421875 0.00634765625
11 0.26318359375 0.65283203125 0.00732421875 0.00634765625
21 0.26220703125 0.69970703125 0.005859375 0.0166015625
11 0.36767578125 0.708984375 0.00732421875 0.00634765625
11 0.24658203125 0.5869140625 0.00732421875 0.00634765625
11 0.24658203125 0.701171875 0.00732421875 0.00634765625
11 0.451171875 0.5869140625 0.00732421875 0.00634765625
11 0.451171875 0.701171875 0.00732421875 0.00634765625
21 0.43310546875 0.63818359375 0.005859375 0.0166015625
11 0.41748046875 0.58154296875 0.00732421875 0.00634765625
11 0.43408203125 0.58447265625 0.0068359375 0.00634765625
11 0.43408203125 0.7119140625 0.0068359375 0.00634765625
11 0.509765625 0.72216796875 0.00732421875 0.00634765625
11 0.4853515625 0.58447265625 0.00732421875 0.00634765625
11 0.509765625 0.5947265625 0.00732421875 0.00634765625
21 0.5087890625 0.63818359375 0.005859375 0.0166015625
11 0.46728515625 0.58984375 0.00732421875 0.00634765625
11 0.46728515625 0.6630859375 0.00732421875 0.00634765625
11 0.46728515625 0.65771484375 0.00732421875 0.00634765625
11 0.46728515625 0.65283203125 0.00732421875 0.00634765625
21 0.46630859375 0.69970703125 0.005859375 0.0166015625
11 0.4013671875 0.66064453125 0.0068359375 0.00634765625
11 0.4013671875 0.666015625 0.0068359375 0.00634765625
11 0.4013671875 0.5791015625 0.0068359375 0.00634765625
11 0.384765625 0.68798828125 0.00732421875 0.00634765625
11 0.384765625 0.576171875 0.00732421875 0.00634765625
21 0.400390625 0.69970703125 0.005859375 0.0166015625
11 0.4013671875 0.65283203125 0.0068359375 0.00634765625
21 0.62109375 0.9404296875 0.005859375 0.0166015625
11 0.6220703125 0.896484375 0.00732421875 0.00634765625
11 0.6376953125 0.90185546875 0.00732421875 0.00634765625
11 0.60498046875 0.82568359375 0.00732421875 0.00634765625
11 0.60498046875 0.90185546875 0.00732421875 0.00634765625
11 0.6220703125 0.88330078125 0.00732421875 0.00634765625
11 0.6220703125 0.82861328125 0.00732421875 0.00634765625
11 0.67578125 0.82568359375 0.00732421875 0.00634765625
15 0.67529296875 0.88916015625 0.0068359375 0.01025390625
11 0.67578125 0.9521484375 0.00732421875 0.00634765625
11 0.5556640625 0.8203125 0.00732421875 0.00634765625
11 0.5556640625 0.888671875 0.00732421875 0.00634765625
11 0.5556640625 0.88330078125 0.00732421875 0.00634765625
21 0.5546875 0.9404296875 0.005859375 0.0166015625
11 0.5380859375 0.81787109375 0.0068359375 0.00634765625
11 0.5380859375 0.90185546875 0.0068359375 0.00634765625
11 0.587890625 0.8232421875 0.00732421875 0.00634765625
15 0.587890625 0.88916015625 0.0068359375 0.01025390625
11 0.587890625 0.9521484375 0.00732421875 0.00634765625
11 0.5712890625 0.82568359375 0.00732421875 0.00634765625
11 0.5712890625 0.90185546875 0.00732421875 0.00634765625
11 0.7939453125 0.8203125 0.00732421875 0.00634765625
11 0.7939453125 0.90185546875 0.00732421875 0.00634765625
11 0.77783203125 0.8232421875 0.00732421875 0.00634765625
11 0.77783203125 0.89111328125 0.00732421875 0.00634765625
11 0.77783203125 0.8857421875 0.00732421875 0.00634765625
21 0.77685546875 0.9404296875 0.005859375 0.0166015625
11 0.7099609375 0.8935546875 0.00732421875 0.00634765625
11 0.7099609375 0.888671875 0.00732421875 0.00634765625
21 0.708984375 0.9404296875 0.005859375 0.0166015625
11 0.7099609375 0.82568359375 0.00732421875 0.00634765625
11 0.72705078125 0.81787109375 0.00732421875 0.00634765625
11 0.6923828125 0.8232421875 0.00732421875 0.00634765625
11 0.6923828125 0.90185546875 0.00732421875 0.00634765625
11 0.7607421875 0.90185546875 0.00732421875 0.00634765625
11 0.7607421875 0.81494140625 0.00732421875 0.00634765625
11 0.72705078125 0.90185546875 0.00732421875 0.00634765625
11 0.74365234375 0.8203125 0.00732421875 0.00634765625
15 0.7431640625 0.88916015625 0.0068359375 0.01025390625
11 0.74365234375 0.9521484375 0.00732421875 0.00634765625
11 0.31982421875 0.80712890625 0.00732421875 0.00634765625
11 0.31982421875 0.90185546875 0.00732421875 0.00634765625
11 0.28662109375 0.80712890625 0.00732421875 0.00634765625
11 0.28662109375 0.90185546875 0.00732421875 0.00634765625
11 0.30322265625 0.8046875 0.00732421875 0.00634765625
15 0.30322265625 0.88916015625 0.0068359375 0.01025390625
11 0.30322265625 0.9521484375 0.00732421875 0.00634765625
11 0.35302734375 0.90185546875 0.00732421875 0.00634765625
11 0.37890625 0.81005859375 0.00732421875 0.00634765625
15 0.37890625 0.88916015625 0.0068359375 0.01025390625
11 0.33740234375 0.8046875 0.00732421875 0.00634765625
11 0.33740234375 0.89111328125 0.00732421875 0.00634765625
11 0.33740234375 0.88330078125 0.00732421875 0.00634765625
21 0.33642578125 0.9404296875 0.005859375 0.0166015625
10 0.1923828125 0.88720703125 0.0146484375 0.04052734375
1 0.19140625 0.93994140625 0.015625 0.0185546875
11 0.236328125 0.81005859375 0.00732421875 0.00634765625
0 0.17578125 0.9150390625 0.00537109375 0.0751953125
11 0.27099609375 0.8017578125 0.00732421875 0.00634765625
11 0.27099609375 0.888671875 0.00732421875 0.00634765625
11 0.27099609375 0.88330078125 0.00732421875 0.00634765625
21 0.27001953125 0.9404296875 0.005859375 0.0166015625
15 0.236328125 0.88916015625 0.0068359375 0.01025390625
11 0.236328125 0.9521484375 0.00732421875 0.00634765625
11 0.37890625 0.9521484375 0.00732421875 0.00634765625
11 0.2529296875 0.90185546875 0.00732421875 0.00634765625
11 0.462890625 0.80712890625 0.00732421875 0.00634765625
11 0.462890625 0.90185546875 0.00732421875 0.00634765625
11 0.48046875 0.8046875 0.00732421875 0.00634765625
11 0.48046875 0.89111328125 0.00732421875 0.00634765625
11 0.48046875 0.88330078125 0.00732421875 0.00634765625
11 0.4462890625 0.8046875 0.00732421875 0.00634765625
11 0.4462890625 0.9521484375 0.00732421875 0.00634765625
21 0.4794921875 0.9404296875 0.005859375 0.0166015625
15 0.521484375 0.88916015625 0.0068359375 0.01025390625
11 0.521484375 0.81494140625 0.00732421875 0.00634765625
11 0.521484375 0.9521484375 0.00732421875 0.00634765625
15 0.44580078125 0.88916015625 0.0068359375 0.01025390625
11 0.49609375 0.81005859375 0.00732421875 0.00634765625
11 0.49609375 0.90185546875 0.00732421875 0.00634765625
21 0.4130859375 0.9404296875 0.005859375 0.0166015625
11 0.4140625 0.88330078125 0.00732421875 0.00634765625
11 0.4140625 0.888671875 0.00732421875 0.00634765625
11 0.4140625 0.8017578125 0.00732421875 0.00634765625
11 0.3955078125 0.90185546875 0.00732421875 0.00634765625
11 0.3955078125 0.80712890625 0.00732421875 0.00634765625
11 0.4296875 0.80712890625 0.00732421875 0.00634765625
11 0.4296875 0.90185546875 0.00732421875 0.00634765625