11 0.6259765625 0.107421875 0.00830078125 0.0068359375
11 0.6259765625 0.1220703125 0.00830078125 0.0068359375
11 0.6259765625 0.06591796875 0.00830078125 0.0068359375
11 0.6259765625 0.07177734375 0.00830078125 0.0068359375
5 0.6083984375 0.0625 0.0048828125 0.01513671875
11 0.603515625 0.07177734375 0.005859375 0.0048828125
11 0.5830078125 0.1103515625 0.00830078125 0.0068359375
11 0.65283203125 0.06591796875 0.00830078125 0.0068359375
11 0.65283203125 0.107421875 0.00830078125 0.0068359375
11 0.65283203125 0.1220703125 0.00830078125 0.0068359375
11 0.5830078125 0.1220703125 0.00830078125 0.0068359375
11 0.65283203125 0.07177734375 0.00830078125 0.0068359375
5 0.5380859375 0.0625 0.00537109375 0.01513671875
11 0.533203125 0.07177734375 0.005859375 0.0048828125
11 0.5830078125 0.06591796875 0.00830078125 0.0068359375
11 0.5830078125 0.07177734375 0.00830078125 0.0068359375
11 0.55615234375 0.1103515625 0.00830078125 0.0068359375
11 0.55615234375 0.1220703125 0.00830078125 0.0068359375
11 0.55615234375 0.06591796875 0.00830078125 0.0068359375
11 0.55615234375 0.07177734375 0.00830078125 0.0068359375
11 0.775390625 0.06591796875 0.00830078125 0.0068359375
11 0.775390625 0.107421875 0.00830078125 0.0068359375
11 0.775390625 0.1220703125 0.00830078125 0.0068359375
11 0.8017578125 0.07177734375 0.00830078125 0.0068359375
11 0.775390625 0.07177734375 0.00830078125 0.0068359375
5 0.7578125 0.0625 0.00537109375 0.01513671875
11 0.7529296875 0.07177734375 0.005859375 0.0048828125
11 0.8017578125 0.107421875 0.00830078125 0.0068359375
11 0.8017578125 0.1220703125 0.00830078125 0.0068359375
11 0.8017578125 0.06591796875 0.00830078125 0.0068359375
5 0.6875 0.0625 0.00537109375 0.01513671875
11 0.6826171875 0.07177734375 0.005859375 0.0048828125
11 0.73193359375 0.1103515625 0.00830078125 0.0068359375
11 0.73193359375 0.1220703125 0.00830078125 0.0068359375
11 0.73193359375 0.06591796875 0.00830078125 0.0068359375
11 0.73193359375 0.07177734375 0.00830078125 0.0068359375
11 0.705078125 0.1103515625 0.00830078125 0.0068359375
11 0.705078125 0.1220703125 0.00830078125 0.0068359375
11 0.705078125 0.06591796875 0.00830078125 0.0068359375
11 0.705078125 0.07177734375 0.00830078125 0.0068359375
11 0.30517578125 0.11328125 0.00830078125 0.0068359375
11 0.30517578125 0.05712890625 0.00830078125 0.0068359375
11 0.30517578125 0.06298828125 0.00830078125 0.0068359375
5 0.28759765625 0.0537109375 0.00537109375 0.01513671875
11 0.28271484375 0.06298828125 0.005859375 0.00537109375
11 0.30517578125 0.0986328125 0.00830078125 0.0068359375
11 0.26171875 0.1015625 0.00830078125 0.0068359375
11 0.26171875 0.11328125 0.00830078125 0.0068359375
11 0.26171875 0.05712890625 0.00830078125 0.0068359375
11 0.26171875 0.06298828125 0.00830078125 0.0068359375
11 0.33154296875 0.05712890625 0.00830078125 0.0068359375
11 0.3642578125 0.07177734375 0.005859375 0.0048828125
11 0.50341796875 0.107421875 0.00830078125 0.0068359375
11 0.33154296875 0.0986328125 0.00830078125 0.0068359375
11 0.33154296875 0.11328125 0.00830078125 0.0068359375
11 0.33154296875 0.06298828125 0.00830078125 0.0068359375
1 0.193359375 0.1171875 0.017578125 0.02099609375
10 0.19384765625 0.05859375 0.0166015625 0.0458984375
0 0.17529296875 0.08984375 0.005859375 0.08447265625
11 0.23486328125 0.1015625 0.00830078125 0.0068359375
11 0.23486328125 0.11328125 0.00830078125 0.0068359375
11 0.23486328125 0.05712890625 0.00830078125 0.0068359375
11 0.23486328125 0.06298828125 0.00830078125 0.0068359375
5 0.21728515625 0.0537109375 0.00537109375 0.01513671875
11 0.21240234375 0.06298828125 0.005859375 0.00537109375
11 0.47705078125 0.1220703125 0.00830078125 0.0068359375
11 0.47705078125 0.107421875 0.00830078125 0.0068359375
11 0.43359375 0.07177734375 0.00830078125 0.0068359375
5 0.458984375 0.0625 0.00537109375 0.01513671875
11 0.45458984375 0.07177734375 0.005859375 0.0048828125
11 0.47705078125 0.07177734375 0.00830078125 0.0068359375
11 0.47705078125 0.06591796875 0.00830078125 0.0068359375
11 0.43359375 0.1103515625 0.00830078125 0.0068359375
11 0.43359375 0.1220703125 0.00830078125 0.0068359375
11 0.43359375 0.06591796875 0.00830078125 0.0068359375
5 0.369140625 0.0625 0.00537109375 0.01513671875
11 0.50341796875 0.07177734375 0.00830078125 0.0068359375
11 0.50341796875 0.06591796875 0.00830078125 0.0068359375
11 0.50341796875 0.1220703125 0.00830078125 0.0068359375
11 0.396484375 0.1103515625 0.00830078125 0.0068359375
11 0.396484375 0.1220703125 0.00830078125 0.0068359375
11 0.396484375 0.06591796875 0.00830078125 0.0068359375
11 0.396484375 0.07177734375 0.00830078125 0.0068359375
5 0.64013671875 0.2509765625 0.0048828125 0.01513671875
11 0.63525390625 0.259765625 0.005859375 0.00537109375
11 0.49951171875 0.259765625 0.00830078125 0.0068359375
11 0.66064453125 0.2978515625 0.00830078125 0.0068359375
11 0.66064453125 0.31005859375 0.00830078125 0.0068359375
11 0.66064453125 0.25390625 0.00830078125 0.0068359375
11 0.66064453125 0.259765625 0.00830078125 0.0068359375
5 0.53466796875 0.2509765625 0.00537109375 0.01513671875
11 0.5302734375 0.259765625 0.005859375 0.00537109375
11 0.49951171875 0.2978515625 0.00830078125 0.0068359375
11 0.49951171875 0.31005859375 0.00830078125 0.0068359375
11 0.49951171875 0.25390625 0.00830078125 0.0068359375
11 0.59375 0.31005859375 0.0078125 0.0068359375
11 0.59375 0.25390625 0.0078125 0.0068359375
11 0.59375 0.259765625 0.0078125 0.0068359375
11 0.59375 0.29541015625 0.0078125 0.0068359375
11 0.5556640625 0.29541015625 0.00830078125 0.0068359375
11 0.5556640625 0.31005859375 0.00830078125 0.0068359375
11 0.5556640625 0.25390625 0.00830078125 0.0068359375
11 0.5556640625 0.259765625 0.00830078125 0.0068359375
11 0.79296875 0.29541015625 0.00830078125 0.0068359375
11 0.79296875 0.31005859375 0.00830078125 0.0068359375
11 0.79296875 0.25390625 0.00830078125 0.0068359375
11 0.79296875 0.259765625 0.00830078125 0.0068359375
11 0.69921875 0.2978515625 0.00830078125 0.0068359375
11 0.69921875 0.31005859375 0.00830078125 0.0068359375
11 0.69921875 0.25390625 0.00830078125 0.0068359375
11 0.69921875 0.259765625 0.00830078125 0.0068359375
11 0.7548828125 0.259765625 0.00830078125 0.0068359375
11 0.7548828125 0.29541015625 0.00830078125 0.0068359375
11 0.7548828125 0.31005859375 0.00830078125 0.0068359375
11 0.7548828125 0.25390625 0.00830078125 0.0068359375
5 0.734375 0.2509765625 0.00537109375 0.01513671875
11 0.72900390625 0.259765625 0.005859375 0.00537109375
11 0.27587890625 0.31005859375 0.00830078125 0.0068359375
11 0.27587890625 0.32177734375 0.00830078125 0.00732421875
11 0.27587890625 0.265625 0.00830078125 0.00732421875
11 0.27587890625 0.271484375 0.00830078125 0.0068359375
11 0.23779296875 0.31005859375 0.00830078125 0.0068359375
11 0.23779296875 0.32177734375 0.00830078125 0.00732421875
11 0.33154296875 0.32177734375 0.00830078125 0.00732421875
11 0.33154296875 0.265625 0.00830078125 0.00732421875
11 0.33154296875 0.271484375 0.00830078125 0.0068359375
11 0.23779296875 0.265625 0.00830078125 0.00732421875
5 0.31103515625 0.26220703125 0.00537109375 0.0146484375
11 0.306640625 0.271484375 0.005859375 0.00537109375
10 0.19384765625 0.25830078125 0.0166015625 0.0458984375
0 0.17529296875 0.2890625 0.005859375 0.08447265625
11 0.23779296875 0.271484375 0.00830078125 0.0068359375
5 0.21728515625 0.26220703125 0.00537109375 0.0146484375
11 0.21240234375 0.271484375 0.005859375 0.00537109375
11 0.33154296875 0.30712890625 0.00830078125 0.0068359375
1 0.193359375 0.3173828125 0.017578125 0.02099609375
11 0.45263671875 0.2978515625 0.00830078125 0.0068359375
11 0.45263671875 0.31005859375 0.00830078125 0.0068359375
11 0.45263671875 0.25390625 0.00830078125 0.0068359375
11 0.45263671875 0.259765625 0.00830078125 0.0068359375
11 0.41455078125 0.259765625 0.005859375 0.00537109375
11 0.3701171875 0.30712890625 0.00830078125 0.0068359375
11 0.3701171875 0.32177734375 0.00830078125 0.00732421875
11 0.3701171875 0.265625 0.00830078125 0.00732421875
11 0.3701171875 0.271484375 0.00830078125 0.0068359375
5 0.41943359375 0.2509765625 0.00537109375 0.01513671875
11 0.654296875 0.509765625 0.00830078125 0.0068359375
11 0.654296875 0.521484375 0.00830078125 0.0068359375
11 0.654296875 0.46533203125 0.00830078125 0.0068359375
11 0.654296875 0.47119140625 0.00830078125 0.0068359375
11 0.53466796875 0.5126953125 0.00830078125 0.00732421875
11 0.572265625 0.49755859375 0.00830078125 0.00732421875
11 0.572265625 0.5126953125 0.00830078125 0.00732421875
11 0.53466796875 0.49755859375 0.00830078125 0.00732421875
11 0.572265625 0.4560546875 0.00830078125 0.00732421875
11 0.572265625 0.4619140625 0.00830078125 0.0068359375
11 0.53466796875 0.4619140625 0.00830078125 0.0068359375
5 0.62109375 0.4619140625 0.00537109375 0.01513671875
11 0.6162109375 0.47119140625 0.005859375 0.00537109375
11 0.53466796875 0.4560546875 0.00830078125 0.00732421875
11 0.79296875 0.5068359375 0.00830078125 0.0068359375
11 0.79296875 0.521484375 0.00830078125 0.0068359375
11 0.79296875 0.46533203125 0.00830078125 0.0068359375
11 0.79296875 0.47119140625 0.00830078125 0.0068359375
11 0.69970703125 0.521484375 0.00830078125 0.0068359375
11 0.72998046875 0.47119140625 0.005859375 0.00537109375
11 0.69970703125 0.509765625 0.00830078125 0.0068359375
11 0.69970703125 0.46533203125 0.00830078125 0.0068359375
11 0.69970703125 0.47119140625 0.00830078125 0.0068359375
11 0.7548828125 0.5068359375 0.00830078125 0.0068359375
11 0.7548828125 0.521484375 0.00830078125 0.0068359375
11 0.7548828125 0.46533203125 0.00830078125 0.0068359375
11 0.7548828125 0.47119140625 0.00830078125 0.0068359375
5 0.734375 0.4619140625 0.00537109375 0.01513671875
11 0.28125 0.5009765625 0.00830078125 0.0068359375
11 0.28125 0.5126953125 0.00830078125 0.00732421875
11 0.28125 0.4560546875 0.00830078125 0.00732421875
11 0.28125 0.4619140625 0.00830078125 0.0068359375
11 0.23779296875 0.5009765625 0.00830078125 0.0068359375
11 0.23779296875 0.5126953125 0.00830078125 0.00732421875
11 0.3369140625 0.49755859375 0.00830078125 0.00732421875
11 0.3369140625 0.5126953125 0.00830078125 0.00732421875
5 0.513671875 0.45263671875 0.0048828125 0.0146484375
11 0.3369140625 0.4619140625 0.00830078125 0.0068359375
11 0.23779296875 0.4560546875 0.00830078125 0.00732421875
5 0.31640625 0.45263671875 0.00537109375 0.0146484375
11 0.3115234375 0.46240234375 0.005859375 0.00537109375
10 0.19384765625 0.4580078125 0.0166015625 0.0458984375
0 0.17529296875 0.4892578125 0.005859375 0.08447265625
11 0.23779296875 0.4619140625 0.00830078125 0.0068359375
5 0.21728515625 0.45263671875 0.00537109375 0.0146484375
11 0.21240234375 0.46240234375 0.005859375 0.00537109375
11 0.3369140625 0.4560546875 0.00830078125 0.00732421875
1 0.193359375 0.5166015625 0.017578125 0.02099609375
11 0.44091796875 0.5009765625 0.00830078125 0.0068359375
11 0.44091796875 0.5126953125 0.00830078125 0.00732421875
11 0.44091796875 0.4560546875 0.00830078125 0.00732421875
11 0.44091796875 0.4619140625 0.00830078125 0.0068359375
11 0.5087890625 0.46240234375 0.005859375 0.00537109375
11 0.47900390625 0.5009765625 0.00830078125 0.0068359375
11 0.47900390625 0.5126953125 0.00830078125 0.00732421875
11 0.47900390625 0.4560546875 0.00830078125 0.00732421875
11 0.47900390625 0.4619140625 0.00830078125 0.0068359375
11 0.37451171875 0.4560546875 0.00830078125 0.00732421875
11 0.37451171875 0.49755859375 0.00830078125 0.00732421875
11 0.37451171875 0.5126953125 0.00830078125 0.00732421875
11 0.37451171875 0.4619140625 0.00830078125 0.0068359375
5 0.42041015625 0.45263671875 0.00537109375 0.0146484375
11 0.41552734375 0.46240234375 0.005859375 0.00537109375
11 0.5078125 0.6708984375 0.00830078125 0.0068359375
11 0.63623046875 0.6708984375 0.00830078125 0.0068359375
11 0.63623046875 0.71533203125 0.00830078125 0.0068359375
11 0.6708984375 0.71826171875 0.00830078125 0.0068359375
11 0.611328125 0.71240234375 0.00830078125 0.0068359375
11 0.611328125 0.66796875 0.00830078125 0.00732421875
11 0.6533203125 0.6708984375 0.00830078125 0.0068359375
11 0.6533203125 0.71533203125 0.00830078125 0.0068359375
11 0.6708984375 0.673828125 0.00830078125 0.00732421875
11 0.52490234375 0.6708984375 0.00830078125 0.0068359375
11 0.52490234375 0.6650390625 0.00830078125 0.0068359375
11 0.52490234375 0.72119140625 0.00830078125 0.0068359375
11 0.52490234375 0.70654296875 0.00830078125 0.0068359375
11 0.55908203125 0.6650390625 0.00830078125 0.0068359375
11 0.55908203125 0.70947265625 0.00830078125 0.00732421875
11 0.5078125 0.70654296875 0.00830078125 0.0068359375
11 0.5078125 0.72119140625 0.00830078125 0.0068359375
11 0.5078125 0.6650390625 0.00830078125 0.0068359375
11 0.57666015625 0.6650390625 0.00830078125 0.0068359375
11 0.57666015625 0.70947265625 0.00830078125 0.00732421875
11 0.59375 0.66796875 0.00830078125 0.00732421875
11 0.59375 0.71240234375 0.00830078125 0.0068359375
11 0.8056640625 0.72119140625 0.0078125 0.0068359375
11 0.8056640625 0.6767578125 0.0078125 0.0068359375
11 0.8056640625 0.70654296875 0.0078125 0.0068359375
11 0.7890625 0.70654296875 0.00830078125 0.0068359375
11 0.7890625 0.72119140625 0.00830078125 0.0068359375
11 0.7890625 0.662109375 0.00830078125 0.0068359375
11 0.7890625 0.66796875 0.00830078125 0.00732421875
11 0.77099609375 0.70947265625 0.00830078125 0.00732421875
11 0.77099609375 0.72119140625 0.00830078125 0.0068359375
11 0.77099609375 0.6767578125 0.00830078125 0.0068359375
5 0.7177734375 0.66162109375 0.00537109375 0.01513671875
11 0.71337890625 0.6708984375 0.005859375 0.0048828125
11 0.68798828125 0.71826171875 0.00830078125 0.0068359375
11 0.68798828125 0.673828125 0.00830078125 0.00732421875
11 0.74072265625 0.70947265625 0.0078125 0.00732421875
11 0.74072265625 0.72119140625 0.0078125 0.0068359375
11 0.74072265625 0.6650390625 0.0078125 0.0068359375
11 0.74072265625 0.6708984375 0.0078125 0.0068359375
11 0.302734375 0.6708984375 0.00830078125 0.0068359375
11 0.302734375 0.6650390625 0.00830078125 0.0068359375
11 0.302734375 0.72119140625 0.00830078125 0.0068359375
11 0.302734375 0.70654296875 0.00830078125 0.0068359375
11 0.2646484375 0.6708984375 0.005859375 0.0048828125
5 0.26953125 0.66162109375 0.00537109375 0.01513671875
11 0.28515625 0.6708984375 0.00830078125 0.0068359375
11 0.28515625 0.6650390625 0.00830078125 0.0068359375
11 0.28515625 0.72119140625 0.00830078125 0.0068359375
11 0.28515625 0.70654296875 0.00830078125 0.0068359375
11 0.34423828125 0.6708984375 0.00830078125 0.0068359375
11 0.34423828125 0.6650390625 0.00830078125 0.0068359375
11 0.34423828125 0.72119140625 0.00830078125 0.0068359375
11 0.34423828125 0.70947265625 0.00830078125 0.00732421875
5 0.32861328125 0.66162109375 0.00537109375 0.01513671875
11 0.32373046875 0.6708984375 0.005859375 0.0048828125
10 0.19384765625 0.65771484375 0.0166015625 0.0458984375
1 0.193359375 0.71630859375 0.017578125 0.02099609375
11 0.21240234375 0.6708984375 0.005859375 0.0048828125
0 0.17529296875 0.6884765625 0.005859375 0.08447265625
11 0.25048828125 0.72119140625 0.00830078125 0.0068359375
11 0.25048828125 0.6708984375 0.00830078125 0.0068359375
11 0.25048828125 0.6650390625 0.00830078125 0.0068359375
11 0.25048828125 0.70947265625 0.00830078125 0.00732421875
11 0.23291015625 0.70947265625 0.00830078125 0.00732421875
11 0.23291015625 0.72119140625 0.00830078125 0.0068359375
11 0.23291015625 0.6650390625 0.00830078125 0.0068359375
11 0.23291015625 0.6708984375 0.00830078125 0.0068359375
5 0.21728515625 0.66162109375 0.00537109375 0.01513671875
11 0.47265625 0.70947265625 0.00830078125 0.00732421875
5 0.43994140625 0.66162109375 0.00537109375 0.01513671875
11 0.43505859375 0.6708984375 0.005859375 0.0048828125
11 0.47265625 0.6708984375 0.00830078125 0.0068359375
11 0.47265625 0.6650390625 0.00830078125 0.0068359375
11 0.47265625 0.72119140625 0.00830078125 0.0068359375
11 0.41357421875 0.70654296875 0.00830078125 0.0068359375
11 0.41357421875 0.72119140625 0.00830078125 0.0068359375
11 0.41357421875 0.6650390625 0.00830078125 0.0068359375
11 0.41357421875 0.6708984375 0.00830078125 0.0068359375
11 0.45556640625 0.70947265625 0.00830078125 0.00732421875
11 0.45556640625 0.72119140625 0.00830078125 0.0068359375
11 0.45556640625 0.6650390625 0.00830078125 0.0068359375
11 0.45556640625 0.6708984375 0.00830078125 0.0068359375
11 0.361328125 0.72119140625 0.00830078125 0.0068359375
11 0.3759765625 0.6708984375 0.005859375 0.0048828125
11 0.4873046875 0.6708984375 0.005859375 0.0048828125
11 0.361328125 0.70947265625 0.00830078125 0.00732421875
5 0.4921875 0.66162109375 0.00537109375 0.01513671875
11 0.361328125 0.6650390625 0.00830078125 0.0068359375
11 0.361328125 0.6708984375 0.00830078125 0.0068359375
5 0.380859375 0.66162109375 0.00537109375 0.01513671875
11 0.396484375 0.72119140625 0.00830078125 0.0068359375
11 0.396484375 0.6708984375 0.00830078125 0.0068359375
11 0.396484375 0.6650390625 0.00830078125 0.0068359375
11 0.396484375 0.70654296875 0.00830078125 0.0068359375
11 0.6171875 0.9208984375 0.0078125 0.00732421875
11 0.6171875 0.86767578125 0.0078125 0.0068359375
11 0.6171875 0.861328125 0.0078125 0.0068359375
11 0.6005859375 0.9091796875 0.00830078125 0.0068359375
11 0.6005859375 0.9208984375 0.00830078125 0.00732421875
11 0.6005859375 0.87646484375 0.00830078125 0.0068359375
5 0.658203125 0.861328125 0.00537109375 0.0146484375
11 0.6533203125 0.87060546875 0.005859375 0.00537109375
11 0.6328125 0.90625 0.00830078125 0.00732421875
11 0.6328125 0.9208984375 0.00830078125 0.00732421875
11 0.6328125 0.87646484375 0.00830078125 0.0068359375
11 0.6171875 0.90625 0.0078125 0.00732421875
11 0.525390625 0.9091796875 0.00830078125 0.0068359375
11 0.525390625 0.9208984375 0.00830078125 0.00732421875
11 0.54248046875 0.86767578125 0.0078125 0.0068359375
11 0.54248046875 0.861328125 0.0078125 0.0068359375
11 0.54248046875 0.9208984375 0.0078125 0.00732421875
11 0.54248046875 0.90625 0.0078125 0.00732421875
11 0.525390625 0.87646484375 0.00830078125 0.0068359375
11 0.58544921875 0.9091796875 0.00830078125 0.0068359375
11 0.58544921875 0.9208984375 0.00830078125 0.00732421875
11 0.5576171875 0.87646484375 0.00830078125 0.0068359375
11 0.5576171875 0.9208984375 0.00830078125 0.00732421875
11 0.5576171875 0.90625 0.00830078125 0.00732421875
11 0.58544921875 0.86474609375 0.00830078125 0.00732421875
11 0.58544921875 0.85888671875 0.00830078125 0.0068359375
11 0.7890625 0.9208984375 0.00830078125 0.00732421875
11 0.7890625 0.86767578125 0.00830078125 0.0068359375
11 0.7890625 0.861328125 0.00830078125 0.0068359375
11 0.7890625 0.90625 0.00830078125 0.00732421875
11 0.76806640625 0.87646484375 0.00830078125 0.0068359375
11 0.76806640625 0.9208984375 0.00830078125 0.00732421875
11 0.76806640625 0.9091796875 0.00830078125 0.0068359375
11 0.806640625 0.87646484375 0.00830078125 0.0068359375
11 0.806640625 0.9208984375 0.00830078125 0.00732421875
11 0.806640625 0.90625 0.00830078125 0.00732421875
11 0.68896484375 0.87646484375 0.00830078125 0.0068359375
11 0.68896484375 0.9208984375 0.00830078125 0.00732421875
11 0.68896484375 0.9091796875 0.00830078125 0.0068359375
11 0.7060546875 0.86767578125 0.00830078125 0.0068359375
11 0.7060546875 0.861328125 0.00830078125 0.0068359375
11 0.7060546875 0.9208984375 0.00830078125 0.00732421875
11 0.7060546875 0.90625 0.00830078125 0.00732421875
11 0.67333984375 0.87060546875 0.00830078125 0.0068359375
11 0.67333984375 0.86474609375 0.00830078125 0.00732421875
11 0.67333984375 0.9208984375 0.00830078125 0.00732421875
11 0.67333984375 0.9091796875 0.00830078125 0.0068359375
11 0.7490234375 0.86474609375 0.00830078125 0.00732421875
11 0.7490234375 0.85888671875 0.00830078125 0.0068359375
11 0.7490234375 0.9208984375 0.00830078125 0.00732421875
11 0.7490234375 0.9091796875 0.00830078125 0.0068359375
11 0.72119140625 0.87646484375 0.00830078125 0.0068359375
11 0.72119140625 0.9208984375 0.00830078125 0.00732421875
11 0.72119140625 0.90625 0.00830078125 0.00732421875
11 0.31689453125 0.8408203125 0.00830078125 0.0068359375
11 0.31689453125 0.8349609375 0.00830078125 0.00732421875
11 0.31689453125 0.912109375 0.00830078125 0.0068359375
11 0.31689453125 0.900390625 0.00830078125 0.0068359375
11 0.2900390625 0.8408203125 0.005859375 0.00537109375
5 0.29443359375 0.83251953125 0.00537109375 0.01513671875
11 0.34423828125 0.8466796875 0.00830078125 0.0068359375
11 0.34423828125 0.912109375 0.00830078125 0.0068359375
11 0.34423828125 0.900390625 0.00830078125 0.0068359375
11 0.361328125 0.837890625 0.00830078125 0.0068359375
11 0.26611328125 0.90625 0.00830078125 0.00732421875
10 0.19384765625 0.85693359375 0.0166015625 0.0458984375
1 0.193359375 0.916015625 0.017578125 0.02099609375
11 0.21875 0.86474609375 0.00830078125 0.00732421875
11 0.21875 0.85888671875 0.00830078125 0.0068359375
11 0.21875 0.9208984375 0.00830078125 0.00732421875
11 0.21875 0.9091796875 0.00830078125 0.0068359375
0 0.17529296875 0.88818359375 0.005859375 0.083984375
11 0.2509765625 0.86767578125 0.0078125 0.0068359375
11 0.2509765625 0.861328125 0.0078125 0.0068359375
11 0.2509765625 0.9208984375 0.0078125 0.00732421875
11 0.2509765625 0.90625 0.0078125 0.00732421875
11 0.26611328125 0.87646484375 0.00830078125 0.0068359375
11 0.26611328125 0.9208984375 0.00830078125 0.00732421875
11 0.23388671875 0.87646484375 0.00830078125 0.0068359375
11 0.23388671875 0.9208984375 0.00830078125 0.00732421875
11 0.23388671875 0.9091796875 0.00830078125 0.0068359375
11 0.4462890625 0.912109375 0.00830078125 0.0068359375
11 0.4462890625 0.8466796875 0.00830078125 0.0068359375
11 0.4462890625 0.89697265625 0.00830078125 0.0068359375
11 0.41357421875 0.8466796875 0.00830078125 0.0068359375
11 0.41357421875 0.912109375 0.00830078125 0.0068359375
11 0.41357421875 0.900390625 0.00830078125 0.0068359375
11 0.361328125 0.83154296875 0.00830078125 0.0068359375
11 0.4306640625 0.837890625 0.0078125 0.0068359375
11 0.4306640625 0.83154296875 0.0078125 0.0068359375
11 0.4306640625 0.912109375 0.0078125 0.0068359375
11 0.4306640625 0.89697265625 0.0078125 0.0068359375
11 0.49609375 0.9091796875 0.00830078125 0.0068359375
11 0.49609375 0.87060546875 0.00830078125 0.0068359375
11 0.49609375 0.86474609375 0.00830078125 0.00732421875
11 0.49609375 0.9208984375 0.00830078125 0.00732421875
11 0.46923828125 0.87060546875 0.005859375 0.00537109375
5 0.47412109375 0.861328125 0.0048828125 0.0146484375
11 0.3984375 0.912109375 0.00830078125 0.0068359375
11 0.3984375 0.8349609375 0.00830078125 0.00732421875
11 0.3984375 0.900390625 0.00830078125 0.0068359375
11 0.3984375 0.82861328125 0.00830078125 0.00732421875
11 0.37646484375 0.89697265625 0.00830078125 0.0068359375
11 0.37646484375 0.912109375 0.00830078125 0.0068359375
11 0.37646484375 0.8466796875 0.00830078125 0.0068359375
11 0.361328125 0.89697265625 0.00830078125 0.0068359375
11 0.361328125 0.912109375 0.00830078125 0.0068359375