11 0.6796875 0.0380859375 0.0068359375 0.005859375
11 0.64892578125 0.05078125 0.0068359375 0.005859375
11 0.6796875 0.1796875 0.0068359375 0.005859375
11 0.6796875 0.115234375 0.0068359375 0.00634765625
11 0.66259765625 0.04296875 0.0068359375 0.005859375
11 0.64892578125 0.43505859375 0.0068359375 0.005859375
11 0.64892578125 0.37548828125 0.0068359375 0.005859375
11 0.64892578125 0.30615234375 0.0068359375 0.005859375
11 0.64892578125 0.23388671875 0.0068359375 0.00634765625
11 0.64892578125 0.1796875 0.0068359375 0.005859375
11 0.64892578125 0.115234375 0.0068359375 0.00634765625
11 0.71533203125 0.115234375 0.0068359375 0.00634765625
11 0.71533203125 0.04296875 0.0068359375 0.005859375
11 0.6923828125 0.04052734375 0.0068359375 0.00634765625
11 0.71533203125 0.43505859375 0.0068359375 0.005859375
11 0.71533203125 0.37548828125 0.0068359375 0.005859375
11 0.71533203125 0.30615234375 0.0068359375 0.005859375
11 0.71533203125 0.23388671875 0.0068359375 0.00634765625
11 0.71533203125 0.1796875 0.0068359375 0.005859375
11 0.6796875 0.43505859375 0.0068359375 0.005859375
11 0.6796875 0.37548828125 0.0068359375 0.005859375
11 0.6796875 0.30615234375 0.0068359375 0.005859375
11 0.6796875 0.23388671875 0.0068359375 0.00634765625
11 0.60498046875 0.068359375 0.0068359375 0.005859375
11 0.59228515625 0.07080078125 0.0068359375 0.00634765625
9 0.56640625 0.4248046875 0.005859375 0.01513671875
9 0.56640625 0.365234375 0.005859375 0.0146484375
11 0.57958984375 0.23388671875 0.0068359375 0.00634765625
11 0.57958984375 0.43505859375 0.0068359375 0.005859375
11 0.57958984375 0.37548828125 0.0068359375 0.005859375
11 0.57958984375 0.30615234375 0.0068359375 0.005859375
11 0.57958984375 0.1796875 0.0068359375 0.005859375
11 0.57958984375 0.115234375 0.0068359375 0.00634765625
11 0.6357421875 0.0556640625 0.0068359375 0.005859375
11 0.61865234375 0.23388671875 0.0068359375 0.00634765625
11 0.61865234375 0.43505859375 0.0068359375 0.005859375
11 0.61865234375 0.37548828125 0.0068359375 0.005859375
11 0.61865234375 0.30615234375 0.0068359375 0.005859375
11 0.61865234375 0.1796875 0.0068359375 0.005859375
11 0.61865234375 0.115234375 0.0068359375 0.00634765625
11 0.61865234375 0.06103515625 0.0068359375 0.005859375
11 0.80322265625 0.43505859375 0.0068359375 0.005859375
11 0.80322265625 0.37548828125 0.0068359375 0.005859375
11 0.80322265625 0.30615234375 0.0068359375 0.005859375
11 0.80322265625 0.23388671875 0.0068359375 0.00634765625
11 0.80322265625 0.1796875 0.0068359375 0.005859375
11 0.80322265625 0.115234375 0.0068359375 0.00634765625
11 0.7841796875 0.43505859375 0.0068359375 0.005859375
11 0.7841796875 0.37548828125 0.0068359375 0.005859375
11 0.7841796875 0.30615234375 0.0068359375 0.005859375
11 0.7841796875 0.23388671875 0.0068359375 0.00634765625
22 0.48486328125 0.0595703125 0.00732421875 0.00341796875
9 0.720703125 0.4248046875 0.005859375 0.01513671875
9 0.720703125 0.365234375 0.005859375 0.0146484375
11 0.734375 0.37548828125 0.0068359375 0.005859375
11 0.734375 0.43505859375 0.0068359375 0.005859375
11 0.734375 0.30615234375 0.0068359375 0.005859375
11 0.734375 0.23388671875 0.0068359375 0.00634765625
11 0.734375 0.1796875 0.0068359375 0.005859375
11 0.734375 0.115234375 0.0068359375 0.00634765625
8 0.71484375 0.18994140625 0.00537109375 0.01513671875
8 0.71484375 0.12548828125 0.00537109375 0.01513671875
9 0.720703125 0.2958984375 0.005859375 0.0146484375
8 0.71484375 0.244140625 0.00537109375 0.01513671875
11 0.7841796875 0.1796875 0.0068359375 0.005859375
11 0.7841796875 0.115234375 0.0068359375 0.00634765625
21 0.78369140625 0.06201171875 0.00537109375 0.015625
11 0.74658203125 0.04296875 0.0068359375 0.005859375
11 0.765625 0.23388671875 0.0068359375 0.00634765625
11 0.765625 0.43505859375 0.0068359375 0.005859375
11 0.765625 0.37548828125 0.0068359375 0.005859375
11 0.765625 0.30615234375 0.0068359375 0.005859375
11 0.765625 0.1796875 0.0068359375 0.005859375
11 0.765625 0.115234375 0.0068359375 0.00634765625
15 0.765625 0.06396484375 0.0068359375 0.009765625
8 0.74609375 0.0556640625 0.00537109375 0.01513671875
9 0.31787109375 0.4248046875 0.005859375 0.01513671875
9 0.31787109375 0.365234375 0.005859375 0.0146484375
11 0.3310546875 0.22900390625 0.0068359375 0.005859375
15 0.3310546875 0.42041015625 0.0068359375 0.009765625
15 0.3310546875 0.36083984375 0.0068359375 0.009765625
15 0.3310546875 0.3017578125 0.0068359375 0.009765625
11 0.3310546875 0.16455078125 0.0068359375 0.005859375
11 0.3310546875 0.1025390625 0.0068359375 0.00634765625
15 0.3310546875 0.06396484375 0.0068359375 0.009765625
8 0.31201171875 0.1845703125 0.00537109375 0.01513671875
8 0.31201171875 0.115234375 0.00537109375 0.01513671875
8 0.31201171875 0.30859375 0.00537109375 0.01513671875
8 0.31201171875 0.244140625 0.00537109375 0.01513671875
11 0.36865234375 0.2314453125 0.0068359375 0.005859375
15 0.36865234375 0.42041015625 0.0068359375 0.009765625
15 0.36865234375 0.36083984375 0.0068359375 0.009765625
11 0.36865234375 0.1669921875 0.0068359375 0.005859375
11 0.36865234375 0.1025390625 0.0068359375 0.00634765625
9 0.35546875 0.4248046875 0.005859375 0.01513671875
11 0.3876953125 0.37548828125 0.0068359375 0.005859375
9 0.35546875 0.365234375 0.005859375 0.0146484375
11 0.35009765625 0.43505859375 0.0068359375 0.005859375
11 0.35009765625 0.37548828125 0.0068359375 0.005859375
19 0.35009765625 0.2998046875 0.00732421875 0.00341796875
19 0.35009765625 0.06201171875 0.00732421875 0.00341796875
1 0.19140625 0.41845703125 0.0146484375 0.01806640625
1 0.19140625 0.35888671875 0.0146484375 0.017578125
1 0.19140625 0.29931640625 0.0146484375 0.01806640625
1 0.19140625 0.23974609375 0.0146484375 0.017578125
12 0.22705078125 0.2958984375 0.00732421875 0.005859375
12 0.22705078125 0.4248046875 0.00732421875 0.005859375
12 0.22705078125 0.36572265625 0.00732421875 0.005859375
1 0.19140625 0.1806640625 0.0146484375 0.01806640625
11 0.2265625 0.22900390625 0.0068359375 0.005859375
11 0.2265625 0.16943359375 0.0068359375 0.005859375
12 0.22705078125 0.10498046875 0.00732421875 0.005859375
12 0.22705078125 0.04052734375 0.00732421875 0.00634765625
1 0.19140625 0.12109375 0.0146484375 0.017578125
1 0.19140625 0.0615234375 0.0146484375 0.01806640625
11 0.27685546875 0.2314453125 0.0068359375 0.005859375
11 0.27685546875 0.171875 0.0068359375 0.00634765625
11 0.3125 0.23388671875 0.0068359375 0.00634765625
8 0.31201171875 0.0556640625 0.00537109375 0.01513671875
11 0.3125 0.43505859375 0.0068359375 0.005859375
11 0.3125 0.37548828125 0.0068359375 0.005859375
11 0.3125 0.29833984375 0.0068359375 0.005859375
11 0.3125 0.1748046875 0.0068359375 0.005859375
11 0.3125 0.1025390625 0.0068359375 0.00634765625
11 0.3125 0.04296875 0.0068359375 0.005859375
11 0.251953125 0.2314453125 0.0068359375 0.005859375
11 0.251953125 0.171875 0.0068359375 0.00634765625
11 0.4931640625 0.3037109375 0.0068359375 0.005859375
15 0.49267578125 0.42041015625 0.0068359375 0.009765625
15 0.49267578125 0.36083984375 0.0068359375 0.009765625
11 0.4931640625 0.2314453125 0.0068359375 0.005859375
11 0.4931640625 0.1796875 0.0068359375 0.005859375
8 0.560546875 0.18994140625 0.00537109375 0.01513671875
9 0.4794921875 0.4248046875 0.005859375 0.01513671875
11 0.3876953125 0.43505859375 0.0068359375 0.005859375
9 0.4794921875 0.365234375 0.005859375 0.0146484375
11 0.47412109375 0.43505859375 0.0068359375 0.005859375
11 0.47412109375 0.37548828125 0.0068359375 0.005859375
19 0.47412109375 0.12109375 0.00732421875 0.00341796875
9 0.5361328125 0.29345703125 0.005859375 0.01513671875
11 0.56103515625 0.37548828125 0.0068359375 0.005859375
11 0.56103515625 0.43505859375 0.0068359375 0.005859375
11 0.56103515625 0.30615234375 0.0068359375 0.005859375
11 0.56103515625 0.23388671875 0.0068359375 0.00634765625
11 0.56103515625 0.1796875 0.0068359375 0.005859375
15 0.560546875 0.12353515625 0.00634765625 0.009765625
11 0.56103515625 0.068359375 0.0068359375 0.005859375
9 0.51708984375 0.365234375 0.005859375 0.0146484375
11 0.5302734375 0.1796875 0.0068359375 0.005859375
9 0.51708984375 0.4248046875 0.005859375 0.01513671875
11 0.5302734375 0.2314453125 0.0068359375 0.005859375
11 0.51171875 0.43505859375 0.0068359375 0.005859375
11 0.51171875 0.37548828125 0.0068359375 0.005859375
8 0.5302734375 0.24169921875 0.00537109375 0.01513671875
8 0.5302734375 0.18994140625 0.00537109375 0.01513671875
15 0.5302734375 0.42041015625 0.0068359375 0.009765625
15 0.5302734375 0.36083984375 0.0068359375 0.009765625
11 0.5302734375 0.3037109375 0.0068359375 0.005859375
11 0.4365234375 0.1025390625 0.0068359375 0.00634765625
8 0.40625 0.24169921875 0.00537109375 0.01513671875
8 0.4365234375 0.115234375 0.00537109375 0.01513671875
11 0.4365234375 0.43505859375 0.0068359375 0.005859375
11 0.4365234375 0.37548828125 0.0068359375 0.005859375
15 0.4365234375 0.3017578125 0.0068359375 0.009765625
11 0.4365234375 0.23388671875 0.0068359375 0.00634765625
11 0.4365234375 0.16943359375 0.0068359375 0.005859375
9 0.39306640625 0.4248046875 0.005859375 0.01513671875
15 0.40625 0.42041015625 0.0068359375 0.009765625
15 0.40625 0.36083984375 0.0068359375 0.009765625
11 0.40625 0.2314453125 0.0068359375 0.005859375
11 0.40625 0.1669921875 0.0068359375 0.005859375
11 0.40625 0.10498046875 0.0068359375 0.005859375
9 0.39306640625 0.365234375 0.005859375 0.0146484375
9 0.56640625 0.2958984375 0.005859375 0.0146484375
8 0.40625 0.17724609375 0.00537109375 0.01513671875
8 0.40625 0.115234375 0.00537109375 0.01513671875
9 0.4423828125 0.4248046875 0.005859375 0.01513671875
9 0.4423828125 0.365234375 0.005859375 0.0146484375
11 0.45556640625 0.30078125 0.0068359375 0.005859375
15 0.45556640625 0.42041015625 0.0068359375 0.009765625
15 0.45556640625 0.36083984375 0.0068359375 0.009765625
11 0.45556640625 0.22900390625 0.0068359375 0.005859375
11 0.45556640625 0.1796875 0.0068359375 0.005859375
15 0.45556640625 0.12353515625 0.0068359375 0.009765625
8 0.4365234375 0.244140625 0.00537109375 0.01513671875
8 0.4365234375 0.1796875 0.00537109375 0.01513671875
8 0.560546875 0.244140625 0.00537109375 0.01513671875
8 0.56689453125 0.63427734375 0.00537109375 0.01513671875
8 0.56689453125 0.56494140625 0.00537109375 0.01513671875
8 0.56689453125 0.69873046875 0.00537109375 0.01513671875
14 0.478515625 0.6943359375 0.00732421875 0.0146484375
11 0.56689453125 0.52685546875 0.0068359375 0.005859375
11 0.56689453125 0.9443359375 0.0068359375 0.005859375
11 0.56689453125 0.884765625 0.0068359375 0.00634765625
11 0.56689453125 0.8076171875 0.0068359375 0.005859375
11 0.56689453125 0.7431640625 0.0068359375 0.005859375
11 0.56689453125 0.68896484375 0.0068359375 0.005859375
11 0.56689453125 0.62451171875 0.0068359375 0.005859375
15 0.58349609375 0.8701171875 0.00634765625 0.009765625
15 0.58349609375 0.69189453125 0.00634765625 0.009765625
15 0.58349609375 0.75146484375 0.00634765625 0.009765625
15 0.58349609375 0.810546875 0.00634765625 0.009765625
9 0.57275390625 0.87451171875 0.005859375 0.01513671875
15 0.58349609375 0.9296875 0.00634765625 0.009765625
9 0.57275390625 0.93408203125 0.005859375 0.0146484375
15 0.58349609375 0.6328125 0.00634765625 0.009765625
15 0.58349609375 0.5732421875 0.00634765625 0.009765625
8 0.56689453125 0.75341796875 0.00537109375 0.01513671875
8 0.56689453125 0.81787109375 0.00537109375 0.01513671875
8 0.48974609375 0.75341796875 0.00537109375 0.01513671875
8 0.48974609375 0.69873046875 0.00537109375 0.01513671875
8 0.48974609375 0.63427734375 0.00537109375 0.01513671875
11 0.490234375 0.93408203125 0.0068359375 0.005859375
11 0.490234375 0.87451171875 0.0068359375 0.005859375
15 0.5068359375 0.75146484375 0.0068359375 0.009765625
15 0.5068359375 0.69189453125 0.0068359375 0.009765625
15 0.5068359375 0.6328125 0.0068359375 0.009765625
9 0.49560546875 0.923828125 0.005859375 0.01513671875
9 0.49560546875 0.8642578125 0.005859375 0.0146484375
8 0.48974609375 0.81787109375 0.00537109375 0.01513671875
14 0.478515625 0.93212890625 0.00732421875 0.0146484375
14 0.478515625 0.873046875 0.00732421875 0.0146484375
14 0.478515625 0.8134765625 0.00732421875 0.0146484375
14 0.478515625 0.75390625 0.00732421875 0.0146484375
11 0.490234375 0.8076171875 0.0068359375 0.005859375
11 0.490234375 0.7431640625 0.0068359375 0.005859375
11 0.490234375 0.68896484375 0.0068359375 0.005859375
11 0.490234375 0.62451171875 0.0068359375 0.005859375
15 0.5068359375 0.810546875 0.0068359375 0.009765625
9 0.5283203125 0.86962890625 0.005859375 0.01513671875
8 0.5224609375 0.81787109375 0.00537109375 0.01513671875
8 0.5224609375 0.75341796875 0.00537109375 0.01513671875
8 0.5224609375 0.69873046875 0.00537109375 0.01513671875
15 0.5390625 0.9296875 0.0068359375 0.009765625
15 0.5390625 0.8701171875 0.0068359375 0.009765625
15 0.5390625 0.810546875 0.0068359375 0.009765625
15 0.5390625 0.75146484375 0.0068359375 0.009765625
15 0.5390625 0.69189453125 0.0068359375 0.009765625
15 0.5390625 0.6328125 0.0068359375 0.009765625
9 0.5283203125 0.9287109375 0.005859375 0.0146484375
15 0.5068359375 0.9296875 0.0068359375 0.009765625
15 0.5068359375 0.8701171875 0.0068359375 0.009765625
11 0.52294921875 0.68896484375 0.0068359375 0.005859375
8 0.5224609375 0.63427734375 0.00537109375 0.01513671875
11 0.52294921875 0.93896484375 0.0068359375 0.005859375
11 0.52294921875 0.8798828125 0.0068359375 0.005859375
11 0.52294921875 0.8076171875 0.0068359375 0.005859375
11 0.52294921875 0.7431640625 0.0068359375 0.005859375
11 0.52294921875 0.62451171875 0.0068359375 0.005859375
11 0.7724609375 0.5625 0.0068359375 0.005859375
11 0.80712890625 0.5625 0.0068359375 0.005859375
11 0.7890625 0.5673828125 0.0068359375 0.005859375
11 0.74609375 0.55712890625 0.0068359375 0.005859375
11 0.73486328125 0.55712890625 0.0068359375 0.005859375
19 0.7578125 0.8681640625 0.00732421875 0.00341796875
19 0.7578125 0.80859375 0.00732421875 0.00341796875
19 0.7578125 0.74951171875 0.00732421875 0.00341796875
19 0.7578125 0.68994140625 0.00732421875 0.00341796875
19 0.7578125 0.63037109375 0.00732421875 0.00341796875
11 0.75732421875 0.55712890625 0.0068359375 0.005859375
22 0.6669921875 0.62841796875 0.0068359375 0.00341796875
22 0.6669921875 0.6875 0.0068359375 0.00341796875
22 0.6669921875 0.7470703125 0.0068359375 0.0029296875
22 0.6669921875 0.806640625 0.0068359375 0.00341796875
22 0.6669921875 0.86572265625 0.0068359375 0.0029296875
22 0.6669921875 0.92529296875 0.0068359375 0.00341796875
11 0.6318359375 0.55712890625 0.0068359375 0.005859375
19 0.599609375 0.63037109375 0.0068359375 0.00341796875
19 0.599609375 0.927734375 0.0068359375 0.00341796875
19 0.599609375 0.8681640625 0.0068359375 0.00341796875
19 0.599609375 0.80859375 0.0068359375 0.00341796875
19 0.599609375 0.74951171875 0.0068359375 0.00341796875
19 0.599609375 0.68994140625 0.0068359375 0.00341796875
19 0.599609375 0.5712890625 0.0068359375 0.00341796875
11 0.66943359375 0.55712890625 0.0068359375 0.005859375
11 0.68115234375 0.55712890625 0.0068359375 0.005859375
15 0.6533203125 0.5732421875 0.0068359375 0.009765625
21 0.7177734375 0.630859375 0.00537109375 0.015625
21 0.7177734375 0.8681640625 0.00537109375 0.015625
21 0.7177734375 0.80908203125 0.00537109375 0.015625
21 0.7177734375 0.74951171875 0.00537109375 0.015625
21 0.7177734375 0.68994140625 0.00537109375 0.015625
15 0.71826171875 0.5732421875 0.0068359375 0.009765625
11 0.6923828125 0.55712890625 0.0068359375 0.005859375
11 0.3056640625 0.56005859375 0.0068359375 0.00634765625
11 0.3056640625 0.81494140625 0.0068359375 0.005859375
11 0.3056640625 0.7431640625 0.0068359375 0.005859375
11 0.3056640625 0.68896484375 0.0068359375 0.005859375
11 0.3056640625 0.62451171875 0.0068359375 0.005859375
11 0.29345703125 0.56494140625 0.0068359375 0.005859375
11 0.27783203125 0.56982421875 0.0068359375 0.005859375
11 0.27783203125 0.884765625 0.0068359375 0.00634765625
11 0.27783203125 0.81494140625 0.0068359375 0.005859375
11 0.27783203125 0.7431640625 0.0068359375 0.005859375
11 0.27783203125 0.68896484375 0.0068359375 0.005859375
11 0.27783203125 0.62451171875 0.0068359375 0.005859375
11 0.26513671875 0.57763671875 0.0068359375 0.005859375
11 0.3056640625 0.884765625 0.0068359375 0.00634765625
11 0.27783203125 0.9443359375 0.0068359375 0.005859375
11 0.34521484375 0.68896484375 0.0068359375 0.005859375
11 0.34521484375 0.62451171875 0.0068359375 0.005859375
11 0.34521484375 0.55712890625 0.0068359375 0.005859375
11 0.34521484375 0.7431640625 0.0068359375 0.005859375
11 0.32958984375 0.5625 0.0068359375 0.005859375
11 0.34521484375 0.9443359375 0.0068359375 0.005859375
14 0.478515625 0.63525390625 0.00732421875 0.0146484375
11 0.34521484375 0.884765625 0.0068359375 0.00634765625
11 0.34521484375 0.81494140625 0.0068359375 0.005859375
11 0.3056640625 0.9443359375 0.0068359375 0.005859375
1 0.19140625 0.92724609375 0.0146484375 0.01806640625
1 0.19140625 0.8681640625 0.0146484375 0.01806640625
1 0.19140625 0.80859375 0.0146484375 0.01806640625
1 0.19140625 0.7490234375 0.0146484375 0.01806640625
11 0.2265625 0.7431640625 0.0068359375 0.005859375
11 0.2265625 0.9443359375 0.0068359375 0.005859375
11 0.2265625 0.884765625 0.0068359375 0.00634765625
11 0.2265625 0.81494140625 0.0068359375 0.005859375
11 0.2265625 0.68896484375 0.0068359375 0.005859375
11 0.2265625 0.62451171875 0.0068359375 0.005859375
11 0.2265625 0.57763671875 0.0068359375 0.005859375
1 0.19140625 0.57080078125 0.0146484375 0.01806640625
1 0.19140625 0.689453125 0.0146484375 0.01806640625
1 0.19140625 0.63037109375 0.0146484375 0.01806640625
22 0.76513671875 0.92529296875 0.00732421875 0.00341796875
11 0.2431640625 0.9443359375 0.0068359375 0.005859375
11 0.2431640625 0.884765625 0.0068359375 0.00634765625
11 0.2431640625 0.81494140625 0.0068359375 0.005859375
11 0.2431640625 0.7431640625 0.0068359375 0.005859375
11 0.2431640625 0.68896484375 0.0068359375 0.005859375
11 0.2431640625 0.62451171875 0.0068359375 0.005859375
11 0.25390625 0.580078125 0.0068359375 0.005859375
8 0.22607421875 0.75341796875 0.00537109375 0.01513671875
8 0.22607421875 0.69873046875 0.00537109375 0.01513671875
8 0.22607421875 0.63427734375 0.00537109375 0.01513671875
9 0.23193359375 0.93408203125 0.005859375 0.0146484375
9 0.23193359375 0.87451171875 0.005859375 0.01513671875
9 0.23193359375 0.80517578125 0.005859375 0.01513671875
11 0.4501953125 0.92626953125 0.0068359375 0.005859375
11 0.4501953125 0.8671875 0.0068359375 0.005859375
11 0.4501953125 0.8076171875 0.0068359375 0.005859375
11 0.4501953125 0.7431640625 0.0068359375 0.005859375
11 0.4501953125 0.68896484375 0.0068359375 0.005859375
11 0.4501953125 0.62451171875 0.0068359375 0.005859375
12 0.45068359375 0.52685546875 0.00732421875 0.005859375
19 0.412109375 0.8681640625 0.0068359375 0.00341796875
19 0.412109375 0.927734375 0.0068359375 0.00341796875
19 0.412109375 0.80859375 0.0068359375 0.00341796875
19 0.412109375 0.74951171875 0.0068359375 0.00341796875
19 0.412109375 0.68994140625 0.0068359375 0.00341796875
19 0.412109375 0.63037109375 0.0068359375 0.00341796875
11 0.4619140625 0.62451171875 0.0068359375 0.005859375
11 0.4619140625 0.68896484375 0.0068359375 0.005859375
11 0.4619140625 0.8671875 0.0068359375 0.005859375
11 0.4619140625 0.92626953125 0.0068359375 0.005859375
11 0.4619140625 0.7431640625 0.0068359375 0.005859375
11 0.4619140625 0.8076171875 0.0068359375 0.005859375
11 0.3798828125 0.62451171875 0.0068359375 0.005859375
11 0.3798828125 0.9443359375 0.0068359375 0.005859375
11 0.3798828125 0.884765625 0.0068359375 0.00634765625
11 0.3798828125 0.81494140625 0.0068359375 0.005859375
11 0.3798828125 0.7431640625 0.0068359375 0.005859375
11 0.3798828125 0.68896484375 0.0068359375 0.005859375
12 0.3798828125 0.54443359375 0.00732421875 0.005859375
8 0.37939453125 0.63427734375 0.00537109375 0.01513671875
11 0.35791015625 0.55224609375 0.0068359375 0.005859375
9 0.38525390625 0.93408203125 0.005859375 0.0146484375
9 0.38525390625 0.87451171875 0.005859375 0.01513671875
15 0.39599609375 0.810546875 0.00634765625 0.009765625
15 0.39599609375 0.9296875 0.00634765625 0.009765625
15 0.39599609375 0.8701171875 0.00634765625 0.009765625
8 0.37939453125 0.69873046875 0.00537109375 0.01513671875
15 0.39599609375 0.75146484375 0.00634765625 0.009765625
15 0.39599609375 0.69189453125 0.00634765625 0.009765625
15 0.39599609375 0.6328125 0.00634765625 0.009765625
8 0.37939453125 0.75341796875 0.00537109375 0.01513671875
9 0.38525390625 0.80517578125 0.005859375 0.01513671875