21 0.609375 0.07421875 0.00634765625 0.0185546875
11 0.6337890625 0.0517578125 0.00830078125 0.0068359375
11 0.6337890625 0.15185546875 0.00830078125 0.0068359375
11 0.6337890625 0.22216796875 0.00830078125 0.00732421875
11 0.6337890625 0.2431640625 0.00830078125 0.00732421875
11 0.6337890625 0.34326171875 0.00830078125 0.0068359375
8 0.65185546875 0.06689453125 0.00634765625 0.017578125
9 0.65869140625 0.2158203125 0.0068359375 0.017578125
9 0.65869140625 0.23486328125 0.0068359375 0.017578125
11 0.6669921875 0.0576171875 0.00830078125 0.0068359375
13 0.66845703125 0.15478515625 0.01123046875 0.00732421875
12 0.66748046875 0.22802734375 0.0087890625 0.0068359375
12 0.66748046875 0.2490234375 0.0087890625 0.0068359375
13 0.66845703125 0.34619140625 0.01123046875 0.0068359375
11 0.65234375 0.0546875 0.00830078125 0.00732421875
11 0.65234375 0.22509765625 0.00830078125 0.0068359375
11 0.65234375 0.24609375 0.00830078125 0.0068359375
9 0.5439453125 0.23486328125 0.0068359375 0.017578125
11 0.552734375 0.0517578125 0.00830078125 0.0068359375
11 0.552734375 0.15478515625 0.00830078125 0.0068359375
11 0.552734375 0.22216796875 0.00830078125 0.00732421875
11 0.552734375 0.2431640625 0.00830078125 0.00732421875
11 0.552734375 0.34619140625 0.00830078125 0.0068359375
11 0.53759765625 0.0546875 0.00830078125 0.00732421875
11 0.53759765625 0.22509765625 0.00830078125 0.0068359375
11 0.53759765625 0.24609375 0.00830078125 0.0068359375
8 0.537109375 0.06689453125 0.00634765625 0.017578125
9 0.5439453125 0.2158203125 0.0068359375 0.017578125
9 0.57763671875 0.23046875 0.0068359375 0.017578125
12 0.5859375 0.048828125 0.0087890625 0.0068359375
12 0.5859375 0.15185546875 0.0087890625 0.0068359375
12 0.5859375 0.21923828125 0.0087890625 0.0068359375
12 0.5859375 0.240234375 0.0087890625 0.0068359375
12 0.5859375 0.34326171875 0.0087890625 0.0068359375
11 0.57080078125 0.240234375 0.00830078125 0.0068359375
11 0.57080078125 0.048828125 0.00830078125 0.00732421875
11 0.57080078125 0.21923828125 0.00830078125 0.0068359375
8 0.5703125 0.06689453125 0.00634765625 0.017578125
9 0.57763671875 0.2099609375 0.0068359375 0.017578125
12 0.78173828125 0.35498046875 0.0087890625 0.00732421875
12 0.78173828125 0.25830078125 0.0087890625 0.0068359375
11 0.7666015625 0.06396484375 0.00830078125 0.0068359375
11 0.7666015625 0.23388671875 0.00830078125 0.0068359375
11 0.7666015625 0.2548828125 0.00830078125 0.0068359375
8 0.76611328125 0.07568359375 0.00634765625 0.017578125
9 0.77294921875 0.22509765625 0.0068359375 0.017578125
9 0.77294921875 0.2431640625 0.0068359375 0.017578125
12 0.78173828125 0.06640625 0.0087890625 0.0068359375
12 0.78173828125 0.16357421875 0.0087890625 0.0068359375
12 0.78173828125 0.2373046875 0.0087890625 0.0068359375
22 0.525390625 0.34033203125 0.00390625 0.00634765625
22 0.525390625 0.31640625 0.00390625 0.00634765625
21 0.8046875 0.07421875 0.00634765625 0.0185546875
8 0.70068359375 0.07275390625 0.00634765625 0.01806640625
9 0.7080078125 0.22216796875 0.0068359375 0.017578125
9 0.7080078125 0.23974609375 0.0068359375 0.017578125
11 0.71630859375 0.0576171875 0.00830078125 0.0068359375
11 0.71630859375 0.22802734375 0.00830078125 0.0068359375
11 0.71630859375 0.2490234375 0.00830078125 0.0068359375
15 0.6884765625 0.076171875 0.0078125 0.01171875
11 0.701171875 0.060546875 0.00830078125 0.0068359375
11 0.701171875 0.2314453125 0.00830078125 0.0068359375
11 0.701171875 0.251953125 0.00830078125 0.0068359375
11 0.74951171875 0.15478515625 0.00830078125 0.0068359375
11 0.74951171875 0.22802734375 0.00830078125 0.0068359375
11 0.74951171875 0.2490234375 0.00830078125 0.0068359375
11 0.74951171875 0.34619140625 0.00830078125 0.0068359375
11 0.74951171875 0.0576171875 0.00830078125 0.0068359375
11 0.734375 0.0546875 0.00830078125 0.00732421875
11 0.734375 0.22509765625 0.00830078125 0.0068359375
11 0.734375 0.24609375 0.00830078125 0.0068359375
8 0.734375 0.06689453125 0.00634765625 0.017578125
9 0.7412109375 0.2158203125 0.0068359375 0.017578125
9 0.7412109375 0.23486328125 0.0068359375 0.017578125
11 0.30908203125 0.060546875 0.00830078125 0.0068359375
11 0.30908203125 0.2314453125 0.00830078125 0.0068359375
11 0.30908203125 0.251953125 0.00830078125 0.0068359375
8 0.30859375 0.07275390625 0.00634765625 0.01806640625
9 0.3154296875 0.22216796875 0.0068359375 0.017578125
9 0.3154296875 0.23974609375 0.0068359375 0.017578125
11 0.32373046875 0.0576171875 0.00830078125 0.0068359375
11 0.32373046875 0.22802734375 0.00830078125 0.0068359375
11 0.32373046875 0.2490234375 0.00830078125 0.0068359375
15 0.2958984375 0.076171875 0.0078125 0.01171875
11 0.35693359375 0.0576171875 0.00830078125 0.0068359375
11 0.35693359375 0.15478515625 0.00830078125 0.0068359375
11 0.35693359375 0.22802734375 0.00830078125 0.0068359375
11 0.35693359375 0.2490234375 0.00830078125 0.0068359375
11 0.35693359375 0.34619140625 0.00830078125 0.0068359375
9 0.3486328125 0.23486328125 0.0068359375 0.017578125
11 0.51904296875 0.2490234375 0.00830078125 0.0068359375
11 0.34228515625 0.24609375 0.00830078125 0.0068359375
11 0.34228515625 0.0546875 0.00830078125 0.00732421875
11 0.34228515625 0.22509765625 0.00830078125 0.0068359375
8 0.341796875 0.06689453125 0.00634765625 0.017578125
9 0.3486328125 0.2158203125 0.0068359375 0.017578125
10 0.19384765625 0.07421875 0.0166015625 0.0458984375
1 0.193359375 0.15869140625 0.017578125 0.02099609375
10 0.19384765625 0.24462890625 0.0166015625 0.0458984375
1 0.193359375 0.32958984375 0.017578125 0.02099609375
11 0.2412109375 0.0517578125 0.00830078125 0.0068359375
21 0.240234375 0.1591796875 0.00634765625 0.0185546875
11 0.2412109375 0.22216796875 0.00830078125 0.00732421875
22 0.32568359375 0.31640625 0.00390625 0.00634765625
22 0.32568359375 0.34033203125 0.00390625 0.00634765625
22 0.72119140625 0.31640625 0.00390625 0.00634765625
22 0.72119140625 0.34033203125 0.00390625 0.00634765625
11 0.259765625 0.0546875 0.00830078125 0.00732421875
11 0.259765625 0.22509765625 0.00830078125 0.0068359375
11 0.259765625 0.24609375 0.00830078125 0.0068359375
8 0.25927734375 0.06689453125 0.00634765625 0.017578125
9 0.26611328125 0.2158203125 0.0068359375 0.017578125
9 0.26611328125 0.23486328125 0.0068359375 0.017578125
11 0.27490234375 0.0576171875 0.00830078125 0.0068359375
13 0.2763671875 0.15478515625 0.01123046875 0.00732421875
12 0.27490234375 0.22802734375 0.0087890625 0.0068359375
12 0.27490234375 0.2490234375 0.0087890625 0.0068359375
13 0.2763671875 0.34619140625 0.01123046875 0.0068359375
11 0.2412109375 0.2431640625 0.00830078125 0.00732421875
11 0.2412109375 0.35498046875 0.00830078125 0.00732421875
11 0.455078125 0.0546875 0.00830078125 0.00732421875
11 0.455078125 0.22509765625 0.00830078125 0.0068359375
11 0.455078125 0.24609375 0.00830078125 0.0068359375
8 0.45458984375 0.06689453125 0.00634765625 0.017578125
9 0.46142578125 0.2158203125 0.0068359375 0.017578125
9 0.46142578125 0.23486328125 0.0068359375 0.017578125
11 0.4697265625 0.0576171875 0.00830078125 0.0068359375
13 0.47119140625 0.15478515625 0.01123046875 0.00732421875
12 0.47021484375 0.22802734375 0.0087890625 0.0068359375
11 0.50439453125 0.060546875 0.00830078125 0.0068359375
11 0.50439453125 0.2314453125 0.00830078125 0.0068359375
11 0.50439453125 0.251953125 0.00830078125 0.0068359375
8 0.50390625 0.07275390625 0.00634765625 0.01806640625
15 0.4912109375 0.076171875 0.0078125 0.01171875
9 0.5107421875 0.22216796875 0.0068359375 0.017578125
9 0.5107421875 0.23974609375 0.0068359375 0.017578125
11 0.51904296875 0.0576171875 0.00830078125 0.0068359375
11 0.51904296875 0.22802734375 0.00830078125 0.0068359375
12 0.47021484375 0.2490234375 0.0087890625 0.0068359375
13 0.47119140625 0.34619140625 0.01123046875 0.0068359375
12 0.38916015625 0.06640625 0.0087890625 0.0068359375
12 0.38916015625 0.16357421875 0.0087890625 0.0068359375
12 0.38916015625 0.2373046875 0.0087890625 0.0068359375
12 0.38916015625 0.25830078125 0.0087890625 0.0068359375
12 0.38916015625 0.35498046875 0.0087890625 0.00732421875
8 0.37353515625 0.07568359375 0.00634765625 0.017578125
11 0.3740234375 0.06396484375 0.00830078125 0.0068359375
11 0.3740234375 0.23388671875 0.00830078125 0.0068359375
11 0.3740234375 0.2548828125 0.00830078125 0.0068359375
9 0.380859375 0.22509765625 0.0068359375 0.017578125
9 0.380859375 0.2431640625 0.0068359375 0.017578125
11 0.4365234375 0.0517578125 0.00830078125 0.0068359375
11 0.4365234375 0.16357421875 0.00830078125 0.0068359375
11 0.4365234375 0.22216796875 0.00830078125 0.00732421875
11 0.4365234375 0.2431640625 0.00830078125 0.00732421875
11 0.4365234375 0.35498046875 0.00830078125 0.00732421875
21 0.41259765625 0.07421875 0.00634765625 0.0185546875
11 0.599609375 0.892578125 0.00830078125 0.00732421875
11 0.599609375 0.8720703125 0.00830078125 0.0068359375
11 0.62060546875 0.6044921875 0.00830078125 0.0068359375
11 0.62060546875 0.77490234375 0.00830078125 0.0068359375
11 0.62060546875 0.79541015625 0.00830078125 0.00732421875
11 0.599609375 0.91357421875 0.00830078125 0.00732421875
13 0.66943359375 0.919921875 0.01123046875 0.00732421875
13 0.66943359375 0.8779296875 0.01123046875 0.00732421875
13 0.50927734375 0.8720703125 0.01123046875 0.00732421875
8 0.61962890625 0.6162109375 0.00634765625 0.01806640625
9 0.626953125 0.765625 0.0068359375 0.017578125
9 0.626953125 0.78369140625 0.0068359375 0.017578125
11 0.66845703125 0.607421875 0.00830078125 0.00732421875
13 0.66943359375 0.70751953125 0.01123046875 0.0068359375
11 0.66845703125 0.77783203125 0.00830078125 0.0068359375
11 0.66845703125 0.798828125 0.00830078125 0.0068359375
13 0.66943359375 0.89892578125 0.01123046875 0.00732421875
15 0.52880859375 0.61376953125 0.0078125 0.01171875
11 0.54345703125 0.607421875 0.00830078125 0.00732421875
11 0.54345703125 0.77783203125 0.00830078125 0.0068359375
11 0.54345703125 0.798828125 0.00830078125 0.0068359375
8 0.54345703125 0.619140625 0.00634765625 0.017578125
13 0.50439453125 0.91357421875 0.01123046875 0.00732421875
9 0.58984375 0.7568359375 0.0068359375 0.017578125
11 0.58349609375 0.59521484375 0.00830078125 0.0068359375
11 0.58349609375 0.765625 0.00830078125 0.00732421875
11 0.58349609375 0.78662109375 0.00830078125 0.0068359375
8 0.5830078125 0.607421875 0.00634765625 0.017578125
9 0.58984375 0.7744140625 0.0068359375 0.017578125
11 0.599609375 0.59814453125 0.00830078125 0.0068359375
11 0.599609375 0.70166015625 0.00830078125 0.0068359375
11 0.599609375 0.76904296875 0.00830078125 0.0068359375
11 0.5595703125 0.79541015625 0.00830078125 0.00732421875
9 0.55029296875 0.76806640625 0.0068359375 0.017578125
9 0.55029296875 0.78662109375 0.0068359375 0.017578125
11 0.5595703125 0.6044921875 0.00830078125 0.0068359375
11 0.5595703125 0.77490234375 0.00830078125 0.0068359375
11 0.599609375 0.78955078125 0.00830078125 0.0068359375
9 0.7958984375 0.76806640625 0.0068359375 0.017578125
9 0.7958984375 0.78662109375 0.0068359375 0.017578125
9 0.7958984375 0.6953125 0.0068359375 0.017578125
9 0.7958984375 0.8779296875 0.0068359375 0.017578125
9 0.7958984375 0.86572265625 0.0068359375 0.017578125
11 0.7890625 0.77783203125 0.00830078125 0.0068359375
11 0.7890625 0.607421875 0.00830078125 0.00732421875
11 0.7890625 0.70751953125 0.00830078125 0.0068359375
11 0.7890625 0.798828125 0.00830078125 0.0068359375
11 0.7890625 0.8984375 0.00830078125 0.0068359375
11 0.7890625 0.8779296875 0.00830078125 0.00732421875
11 0.7890625 0.91943359375 0.00830078125 0.0068359375
8 0.78857421875 0.619140625 0.00634765625 0.017578125
8 0.78857421875 0.9287109375 0.00634765625 0.017578125
11 0.6904296875 0.8017578125 0.00830078125 0.00732421875
11 0.6904296875 0.6103515625 0.00830078125 0.0068359375
11 0.6904296875 0.78076171875 0.00830078125 0.00732421875
8 0.68994140625 0.6220703125 0.00634765625 0.017578125
9 0.69677734375 0.77001953125 0.0068359375 0.017578125
15 0.75244140625 0.7724609375 0.0078125 0.01171875
15 0.75244140625 0.79638671875 0.0078125 0.01171875
21 0.734375 0.61181640625 0.00634765625 0.0185546875
11 0.76708984375 0.6103515625 0.00830078125 0.0068359375
11 0.76708984375 0.78076171875 0.00830078125 0.00732421875
11 0.76708984375 0.8017578125 0.00830078125 0.00732421875
9 0.69677734375 0.78955078125 0.0068359375 0.017578125
12 0.70556640625 0.6162109375 0.0087890625 0.0068359375
12 0.70556640625 0.78662109375 0.0087890625 0.0068359375
12 0.70556640625 0.8076171875 0.0087890625 0.0068359375
15 0.283203125 0.61376953125 0.0078125 0.01171875
11 0.29736328125 0.6103515625 0.00830078125 0.0068359375
11 0.29736328125 0.70166015625 0.00830078125 0.0068359375
11 0.29736328125 0.78076171875 0.00830078125 0.00732421875
11 0.29736328125 0.8017578125 0.00830078125 0.00732421875
11 0.29736328125 0.8984375 0.00830078125 0.0068359375
8 0.29736328125 0.6220703125 0.00634765625 0.017578125
9 0.30419921875 0.689453125 0.0068359375 0.017578125
9 0.30419921875 0.77001953125 0.0068359375 0.017578125
12 0.2568359375 0.7958984375 0.0087890625 0.0068359375
12 0.2568359375 0.8984375 0.0087890625 0.0068359375
13 0.5126953125 0.892578125 0.01123046875 0.00732421875
11 0.34033203125 0.607421875 0.00830078125 0.00732421875
9 0.30419921875 0.78955078125 0.0068359375 0.017578125
8 0.29736328125 0.90771484375 0.00634765625 0.017578125
12 0.2568359375 0.77490234375 0.0087890625 0.0068359375
11 0.3125 0.619140625 0.00830078125 0.0068359375
12 0.31298828125 0.71044921875 0.0087890625 0.0068359375
11 0.3125 0.78955078125 0.00830078125 0.0068359375
11 0.3125 0.810546875 0.00830078125 0.0068359375
12 0.31298828125 0.90185546875 0.0087890625 0.0068359375
10 0.19384765625 0.7822265625 0.0166015625 0.0458984375
1 0.193359375 0.8671875 0.017578125 0.02099609375
1 0.193359375 0.6962890625 0.017578125 0.02099609375
11 0.21875 0.6103515625 0.00830078125 0.0068359375
21 0.2177734375 0.69677734375 0.00634765625 0.0185546875
11 0.21875 0.78076171875 0.00830078125 0.00732421875
11 0.21875 0.8017578125 0.00830078125 0.00732421875
11 0.21875 0.892578125 0.00830078125 0.00732421875
22 0.30859375 0.85400390625 0.00390625 0.00634765625
22 0.30859375 0.8779296875 0.00390625 0.00634765625
10 0.19384765625 0.61181640625 0.0166015625 0.0458984375
8 0.240234375 0.619140625 0.00634765625 0.017578125
9 0.2470703125 0.76806640625 0.0068359375 0.017578125
9 0.2470703125 0.78662109375 0.0068359375 0.017578125
11 0.2568359375 0.6044921875 0.00830078125 0.0068359375
12 0.2568359375 0.70166015625 0.0087890625 0.0068359375
11 0.24072265625 0.607421875 0.00830078125 0.00732421875
15 0.240234375 0.69921875 0.0078125 0.01171875
11 0.24072265625 0.77783203125 0.00830078125 0.0068359375
11 0.24072265625 0.798828125 0.00830078125 0.0068359375
15 0.240234375 0.857421875 0.0078125 0.01171875
11 0.46435546875 0.6103515625 0.00830078125 0.0068359375
11 0.46435546875 0.78076171875 0.00830078125 0.00732421875
11 0.46435546875 0.8017578125 0.00830078125 0.00732421875
11 0.34033203125 0.77783203125 0.00830078125 0.0068359375
9 0.4931640625 0.78662109375 0.0068359375 0.017578125
11 0.5029296875 0.6044921875 0.00830078125 0.0068359375
13 0.50439453125 0.70166015625 0.01123046875 0.0068359375
12 0.5029296875 0.77490234375 0.0087890625 0.0068359375
12 0.5029296875 0.7958984375 0.0087890625 0.0068359375
11 0.486328125 0.607421875 0.0078125 0.00732421875
15 0.486328125 0.69921875 0.0078125 0.01171875
11 0.486328125 0.77783203125 0.0078125 0.0068359375
11 0.486328125 0.798828125 0.0078125 0.0068359375
15 0.486328125 0.845703125 0.0078125 0.01171875
15 0.486328125 0.88134765625 0.0078125 0.01171875
15 0.486328125 0.857421875 0.0078125 0.01171875
8 0.48583984375 0.619140625 0.00634765625 0.017578125
9 0.4931640625 0.76806640625 0.0068359375 0.017578125
12 0.3671875 0.6103515625 0.0087890625 0.0068359375
12 0.3671875 0.8017578125 0.0087890625 0.00732421875
12 0.3671875 0.89306640625 0.0087890625 0.0068359375
12 0.3671875 0.78076171875 0.0087890625 0.00732421875
12 0.3671875 0.70166015625 0.0087890625 0.0068359375
19 0.4443359375 0.85546875 0.00830078125 0.00390625
19 0.4443359375 0.87939453125 0.00830078125 0.00390625
11 0.34033203125 0.798828125 0.00830078125 0.0068359375
19 0.4443359375 0.849609375 0.0146484375 0.00439453125
21 0.39599609375 0.61181640625 0.00634765625 0.0185546875
21 0.44287109375 0.61181640625 0.00634765625 0.0185546875
19 0.4443359375 0.69677734375 0.00830078125 0.00390625
21 0.44287109375 0.7705078125 0.00634765625 0.0185546875
21 0.44287109375 0.7939453125 0.00634765625 0.0185546875