11 0.62548828125 0.10791015625 0.0078125 0.0068359375
11 0.62548828125 0.12255859375 0.0078125 0.0068359375
11 0.62548828125 0.06640625 0.0078125 0.0068359375
11 0.62548828125 0.0751953125 0.0078125 0.0068359375
5 0.607421875 0.06591796875 0.00537109375 0.0146484375
11 0.6025390625 0.0751953125 0.005859375 0.00537109375
11 0.68212890625 0.0751953125 0.005859375 0.00537109375
11 0.65185546875 0.10791015625 0.00830078125 0.0068359375
11 0.65185546875 0.12255859375 0.00830078125 0.0068359375
11 0.65185546875 0.06640625 0.00830078125 0.0068359375
11 0.65185546875 0.0751953125 0.00830078125 0.0068359375
11 0.546875 0.11083984375 0.00830078125 0.00732421875
11 0.546875 0.12255859375 0.00830078125 0.0068359375
11 0.546875 0.06640625 0.00830078125 0.0068359375
11 0.546875 0.0751953125 0.00830078125 0.0068359375
11 0.58154296875 0.11083984375 0.00830078125 0.00732421875
11 0.58154296875 0.12255859375 0.00830078125 0.0068359375
11 0.58154296875 0.06640625 0.00830078125 0.0068359375
11 0.58154296875 0.0751953125 0.00830078125 0.0068359375
11 0.80126953125 0.10791015625 0.00830078125 0.0068359375
11 0.80126953125 0.12255859375 0.00830078125 0.0068359375
11 0.80126953125 0.06640625 0.00830078125 0.0068359375
11 0.80126953125 0.0751953125 0.00830078125 0.0068359375
11 0.77490234375 0.10791015625 0.00830078125 0.0068359375
11 0.77490234375 0.12255859375 0.00830078125 0.0068359375
11 0.77490234375 0.06640625 0.00830078125 0.0068359375
11 0.77490234375 0.0751953125 0.00830078125 0.0068359375
11 0.70458984375 0.11083984375 0.00830078125 0.00732421875
11 0.70458984375 0.12255859375 0.00830078125 0.0068359375
11 0.70458984375 0.06640625 0.00830078125 0.0068359375
11 0.70458984375 0.0751953125 0.00830078125 0.0068359375
5 0.68701171875 0.06591796875 0.00537109375 0.0146484375
5 0.75732421875 0.06591796875 0.00537109375 0.0146484375
11 0.75244140625 0.0751953125 0.005859375 0.00537109375
11 0.7314453125 0.11083984375 0.00830078125 0.00732421875
11 0.7314453125 0.12255859375 0.00830078125 0.0068359375
11 0.7314453125 0.06640625 0.00830078125 0.0068359375
11 0.7314453125 0.0751953125 0.00830078125 0.0068359375
11 0.28271484375 0.0751953125 0.005859375 0.00537109375
11 0.30517578125 0.11669921875 0.00830078125 0.0068359375
11 0.30517578125 0.1318359375 0.00830078125 0.00732421875
11 0.30517578125 0.06640625 0.00830078125 0.0068359375
11 0.30517578125 0.0751953125 0.00830078125 0.0068359375
5 0.287109375 0.06591796875 0.00537109375 0.0146484375
11 0.26171875 0.1201171875 0.00830078125 0.0068359375
11 0.26171875 0.1318359375 0.00830078125 0.00732421875
11 0.26171875 0.06640625 0.00830078125 0.0068359375
11 0.33154296875 0.11669921875 0.00830078125 0.0068359375
11 0.36181640625 0.0751953125 0.005859375 0.00537109375
11 0.26171875 0.0751953125 0.00830078125 0.0068359375
11 0.33154296875 0.1318359375 0.00830078125 0.00732421875
11 0.33154296875 0.06640625 0.00830078125 0.0068359375
11 0.33154296875 0.0751953125 0.00830078125 0.0068359375
1 0.193359375 0.126953125 0.017578125 0.02099609375
10 0.19384765625 0.06787109375 0.0166015625 0.0458984375
0 0.17529296875 0.09912109375 0.005859375 0.08447265625
11 0.23486328125 0.06640625 0.00830078125 0.0068359375
11 0.23486328125 0.1201171875 0.00830078125 0.0068359375
11 0.23486328125 0.1318359375 0.00830078125 0.00732421875
11 0.23486328125 0.0751953125 0.00830078125 0.0068359375
5 0.21728515625 0.06591796875 0.00537109375 0.0146484375
11 0.21240234375 0.0751953125 0.005859375 0.00537109375
5 0.43701171875 0.06591796875 0.00537109375 0.0146484375
11 0.43212890625 0.0751953125 0.005859375 0.00537109375
11 0.4111328125 0.1201171875 0.00830078125 0.0068359375
11 0.4111328125 0.1318359375 0.00830078125 0.00732421875
11 0.4814453125 0.0751953125 0.00830078125 0.0068359375
11 0.4814453125 0.06640625 0.00830078125 0.0068359375
11 0.4814453125 0.1318359375 0.00830078125 0.00732421875
11 0.4111328125 0.06640625 0.00830078125 0.0068359375
11 0.4814453125 0.11669921875 0.00830078125 0.0068359375
11 0.45458984375 0.11669921875 0.00830078125 0.0068359375
11 0.45458984375 0.1318359375 0.00830078125 0.00732421875
11 0.45458984375 0.06640625 0.00830078125 0.0068359375
11 0.45458984375 0.0751953125 0.00830078125 0.0068359375
5 0.51953125 0.06591796875 0.00537109375 0.0146484375
11 0.384765625 0.0751953125 0.00830078125 0.0068359375
5 0.36669921875 0.06591796875 0.00537109375 0.0146484375
11 0.384765625 0.06640625 0.00830078125 0.0068359375
11 0.4111328125 0.0751953125 0.00830078125 0.0068359375
11 0.5146484375 0.0751953125 0.005859375 0.00537109375
11 0.384765625 0.1201171875 0.00830078125 0.0068359375
11 0.384765625 0.1318359375 0.00830078125 0.00732421875
11 0.6259765625 0.3173828125 0.00830078125 0.0068359375
11 0.6259765625 0.33251953125 0.00830078125 0.00732421875
11 0.6259765625 0.26708984375 0.00830078125 0.0068359375
11 0.6259765625 0.27587890625 0.00830078125 0.0068359375
5 0.60791015625 0.2666015625 0.0048828125 0.0146484375
11 0.603515625 0.27587890625 0.005859375 0.00537109375
11 0.6826171875 0.27587890625 0.005859375 0.00537109375
11 0.65234375 0.3173828125 0.00830078125 0.0068359375
11 0.65234375 0.33251953125 0.00830078125 0.00732421875
11 0.65234375 0.26708984375 0.00830078125 0.0068359375
11 0.65234375 0.27587890625 0.00830078125 0.0068359375
11 0.54541015625 0.3203125 0.0078125 0.0068359375
11 0.54541015625 0.33251953125 0.0078125 0.00732421875
11 0.54541015625 0.26708984375 0.0078125 0.0068359375
11 0.54541015625 0.27587890625 0.0078125 0.0068359375
11 0.58251953125 0.3203125 0.00830078125 0.0068359375
11 0.58251953125 0.33251953125 0.00830078125 0.00732421875
11 0.58251953125 0.26708984375 0.00830078125 0.0068359375
11 0.58251953125 0.27587890625 0.00830078125 0.0068359375
11 0.8017578125 0.3173828125 0.00830078125 0.0068359375
11 0.8017578125 0.33251953125 0.00830078125 0.00732421875
11 0.8017578125 0.26708984375 0.00830078125 0.0068359375
11 0.8017578125 0.27587890625 0.00830078125 0.0068359375
11 0.77490234375 0.3173828125 0.00830078125 0.0068359375
11 0.77490234375 0.33251953125 0.00830078125 0.00732421875
11 0.77490234375 0.26708984375 0.00830078125 0.0068359375
11 0.77490234375 0.27587890625 0.00830078125 0.0068359375
11 0.705078125 0.3203125 0.00830078125 0.0068359375
11 0.705078125 0.33251953125 0.00830078125 0.00732421875
11 0.705078125 0.26708984375 0.00830078125 0.0068359375
11 0.705078125 0.27587890625 0.00830078125 0.0068359375
5 0.6875 0.2666015625 0.00537109375 0.0146484375
5 0.75732421875 0.2666015625 0.0048828125 0.0146484375
11 0.75244140625 0.27587890625 0.005859375 0.00537109375
11 0.73193359375 0.3203125 0.00830078125 0.0068359375
11 0.73193359375 0.33251953125 0.00830078125 0.00732421875
11 0.73193359375 0.26708984375 0.00830078125 0.0068359375
11 0.73193359375 0.27587890625 0.00830078125 0.0068359375
11 0.2822265625 0.27587890625 0.005859375 0.00537109375
11 0.3046875 0.30859375 0.00830078125 0.0068359375
11 0.3046875 0.3232421875 0.00830078125 0.0068359375
11 0.3046875 0.26708984375 0.00830078125 0.0068359375
11 0.3046875 0.27587890625 0.00830078125 0.0068359375
5 0.287109375 0.2666015625 0.00537109375 0.0146484375
11 0.26171875 0.3115234375 0.00830078125 0.00732421875
11 0.26171875 0.3232421875 0.00830078125 0.0068359375
11 0.26171875 0.26708984375 0.00830078125 0.0068359375
11 0.3310546875 0.30859375 0.00830078125 0.0068359375
11 0.361328125 0.27587890625 0.005859375 0.00537109375
11 0.26171875 0.27587890625 0.00830078125 0.0068359375
11 0.3310546875 0.3232421875 0.00830078125 0.0068359375
11 0.3310546875 0.26708984375 0.00830078125 0.0068359375
11 0.3310546875 0.27587890625 0.00830078125 0.0068359375
1 0.193359375 0.32763671875 0.017578125 0.02099609375
10 0.19384765625 0.2685546875 0.0166015625 0.0458984375
0 0.17529296875 0.2998046875 0.005859375 0.08447265625
11 0.23486328125 0.26708984375 0.00830078125 0.0068359375
11 0.23486328125 0.3115234375 0.00830078125 0.00732421875
11 0.23486328125 0.3232421875 0.00830078125 0.0068359375
11 0.23486328125 0.27587890625 0.00830078125 0.0068359375
5 0.21728515625 0.2666015625 0.00537109375 0.0146484375
11 0.21240234375 0.27587890625 0.005859375 0.00537109375
5 0.43603515625 0.2666015625 0.00537109375 0.0146484375
11 0.431640625 0.27587890625 0.005859375 0.00537109375
11 0.41064453125 0.3115234375 0.00830078125 0.00732421875
11 0.41064453125 0.3232421875 0.00830078125 0.0068359375
11 0.48046875 0.27587890625 0.00830078125 0.0068359375
11 0.48046875 0.26708984375 0.00830078125 0.0068359375
11 0.48046875 0.3232421875 0.00830078125 0.0068359375
11 0.41064453125 0.26708984375 0.00830078125 0.0068359375
11 0.48046875 0.30859375 0.00830078125 0.0068359375
11 0.4541015625 0.30859375 0.00830078125 0.0068359375
11 0.4541015625 0.3232421875 0.00830078125 0.0068359375
11 0.4541015625 0.26708984375 0.00830078125 0.0068359375
11 0.4541015625 0.27587890625 0.00830078125 0.0068359375
5 0.5185546875 0.2666015625 0.00537109375 0.0146484375
11 0.38427734375 0.27587890625 0.00830078125 0.0068359375
5 0.3662109375 0.2666015625 0.00537109375 0.0146484375
11 0.38427734375 0.26708984375 0.00830078125 0.0068359375
11 0.41064453125 0.27587890625 0.00830078125 0.0068359375
11 0.513671875 0.27587890625 0.005859375 0.00537109375
11 0.38427734375 0.3115234375 0.00830078125 0.00732421875
11 0.38427734375 0.3232421875 0.00830078125 0.0068359375
11 0.6259765625 0.50634765625 0.00830078125 0.0068359375
11 0.6259765625 0.52099609375 0.00830078125 0.0068359375
11 0.6259765625 0.44677734375 0.00830078125 0.0068359375
11 0.6259765625 0.45556640625 0.00830078125 0.0068359375
5 0.6083984375 0.447265625 0.0048828125 0.01513671875
11 0.603515625 0.45556640625 0.005859375 0.00537109375
11 0.681640625 0.45556640625 0.005859375 0.00537109375
11 0.65234375 0.50634765625 0.00830078125 0.0068359375
11 0.65234375 0.52099609375 0.00830078125 0.0068359375
11 0.65234375 0.44677734375 0.00830078125 0.0068359375
11 0.65234375 0.45556640625 0.00830078125 0.0068359375
11 0.54443359375 0.50927734375 0.00830078125 0.0068359375
11 0.54443359375 0.52099609375 0.00830078125 0.0068359375
11 0.54443359375 0.44677734375 0.00830078125 0.0068359375
11 0.54443359375 0.45556640625 0.00830078125 0.0068359375
11 0.5830078125 0.50927734375 0.00830078125 0.0068359375
11 0.5830078125 0.52099609375 0.00830078125 0.0068359375
11 0.5830078125 0.44677734375 0.00830078125 0.0068359375
11 0.5830078125 0.45556640625 0.00830078125 0.0068359375
11 0.80029296875 0.50634765625 0.00830078125 0.0068359375
11 0.80029296875 0.52099609375 0.00830078125 0.0068359375
11 0.80029296875 0.44677734375 0.00830078125 0.0068359375
11 0.80029296875 0.45556640625 0.00830078125 0.0068359375
11 0.77392578125 0.50634765625 0.00830078125 0.0068359375
11 0.77392578125 0.52099609375 0.00830078125 0.0068359375
11 0.77392578125 0.44677734375 0.00830078125 0.0068359375
11 0.77392578125 0.45556640625 0.00830078125 0.0068359375
11 0.7041015625 0.50927734375 0.00830078125 0.0068359375
11 0.7041015625 0.52099609375 0.00830078125 0.0068359375
11 0.7041015625 0.44677734375 0.00830078125 0.0068359375
11 0.7041015625 0.45556640625 0.00830078125 0.0068359375
5 0.6865234375 0.447265625 0.0048828125 0.01513671875
5 0.75634765625 0.447265625 0.00537109375 0.01513671875
11 0.75146484375 0.45556640625 0.005859375 0.00537109375
11 0.73046875 0.50927734375 0.00830078125 0.0068359375
11 0.73046875 0.52099609375 0.00830078125 0.0068359375
11 0.73046875 0.44677734375 0.00830078125 0.0068359375
11 0.73046875 0.45556640625 0.00830078125 0.0068359375
11 0.2822265625 0.4765625 0.005859375 0.00537109375
11 0.3046875 0.51806640625 0.00830078125 0.0068359375
11 0.3046875 0.533203125 0.00830078125 0.00732421875
11 0.3046875 0.4677734375 0.00830078125 0.0068359375
11 0.3046875 0.4765625 0.00830078125 0.0068359375
5 0.287109375 0.46728515625 0.00537109375 0.0146484375
11 0.26123046875 0.52099609375 0.0078125 0.0068359375
11 0.26123046875 0.533203125 0.0078125 0.00732421875
11 0.26123046875 0.4677734375 0.0078125 0.0068359375
11 0.3310546875 0.51806640625 0.00830078125 0.0068359375
11 0.361328125 0.4765625 0.005859375 0.00537109375
11 0.26123046875 0.4765625 0.0078125 0.0068359375
11 0.3310546875 0.533203125 0.00830078125 0.00732421875
11 0.3310546875 0.4677734375 0.00830078125 0.0068359375
11 0.3310546875 0.4765625 0.00830078125 0.0068359375
1 0.193359375 0.5283203125 0.017578125 0.02099609375
10 0.19384765625 0.46923828125 0.0166015625 0.0458984375
0 0.17529296875 0.50048828125 0.005859375 0.08447265625
11 0.23486328125 0.4677734375 0.00830078125 0.0068359375
11 0.23486328125 0.52099609375 0.00830078125 0.0068359375
11 0.23486328125 0.533203125 0.00830078125 0.00732421875
11 0.23486328125 0.4765625 0.00830078125 0.0068359375
5 0.21728515625 0.46728515625 0.00537109375 0.0146484375
11 0.21240234375 0.4765625 0.005859375 0.00537109375
5 0.435546875 0.46728515625 0.00537109375 0.0146484375
11 0.4306640625 0.4765625 0.005859375 0.00537109375
11 0.41015625 0.52099609375 0.00830078125 0.0068359375
11 0.41015625 0.533203125 0.00830078125 0.00732421875
11 0.47998046875 0.4765625 0.00830078125 0.0068359375
11 0.47998046875 0.4677734375 0.00830078125 0.0068359375
11 0.47998046875 0.533203125 0.00830078125 0.00732421875
11 0.41015625 0.4677734375 0.00830078125 0.0068359375
11 0.47998046875 0.51806640625 0.00830078125 0.0068359375
11 0.45361328125 0.51806640625 0.00830078125 0.0068359375
11 0.45361328125 0.533203125 0.00830078125 0.00732421875
11 0.45361328125 0.4677734375 0.00830078125 0.0068359375
11 0.45361328125 0.4765625 0.00830078125 0.0068359375
5 0.517578125 0.447265625 0.00537109375 0.01513671875
11 0.3837890625 0.4765625 0.00830078125 0.0068359375
5 0.3662109375 0.46728515625 0.0048828125 0.0146484375
11 0.3837890625 0.4677734375 0.00830078125 0.0068359375
11 0.41015625 0.4765625 0.00830078125 0.0068359375
11 0.5126953125 0.45556640625 0.005859375 0.00537109375
11 0.3837890625 0.52099609375 0.00830078125 0.0068359375
11 0.3837890625 0.533203125 0.00830078125 0.00732421875
11 0.21240234375 0.65625 0.005859375 0.00537109375
5 0.21728515625 0.64794921875 0.00537109375 0.01513671875
0 0.17529296875 0.70068359375 0.005859375 0.08447265625
10 0.19384765625 0.669921875 0.0166015625 0.0458984375
1 0.193359375 0.72900390625 0.017578125 0.02099609375
11 0.61572265625 0.91943359375 0.0078125 0.0068359375
11 0.61572265625 0.93408203125 0.0078125 0.00732421875
11 0.61572265625 0.86865234375 0.0078125 0.0068359375
11 0.61572265625 0.8779296875 0.0078125 0.0068359375
5 0.59765625 0.86865234375 0.00537109375 0.0146484375
11 0.5927734375 0.8779296875 0.005859375 0.00537109375
11 0.67236328125 0.8779296875 0.005859375 0.00537109375
11 0.64208984375 0.91943359375 0.0078125 0.0068359375
11 0.64208984375 0.93408203125 0.0078125 0.00732421875
11 0.64208984375 0.86865234375 0.0078125 0.0068359375
11 0.64208984375 0.8779296875 0.0078125 0.0068359375
11 0.572265625 0.92236328125 0.00830078125 0.0068359375
11 0.53515625 0.92236328125 0.00830078125 0.0068359375
11 0.53515625 0.93408203125 0.00830078125 0.00732421875
11 0.53515625 0.86865234375 0.00830078125 0.0068359375
11 0.53515625 0.8779296875 0.00830078125 0.0068359375
5 0.6767578125 0.86865234375 0.00537109375 0.0146484375
11 0.572265625 0.93408203125 0.00830078125 0.00732421875
11 0.572265625 0.86865234375 0.00830078125 0.0068359375
11 0.572265625 0.8779296875 0.00830078125 0.0068359375
11 0.76416015625 0.91943359375 0.00830078125 0.0068359375
11 0.79052734375 0.8779296875 0.00830078125 0.0068359375
11 0.79052734375 0.86865234375 0.00830078125 0.0068359375
11 0.76416015625 0.93408203125 0.00830078125 0.00732421875
11 0.76416015625 0.86865234375 0.00830078125 0.0068359375
11 0.76416015625 0.8779296875 0.00830078125 0.0068359375
5 0.74658203125 0.86865234375 0.00537109375 0.0146484375
11 0.74169921875 0.8779296875 0.005859375 0.00537109375
11 0.79052734375 0.91943359375 0.00830078125 0.0068359375
11 0.79052734375 0.93408203125 0.00830078125 0.00732421875
11 0.69482421875 0.93408203125 0.0078125 0.00732421875
11 0.69482421875 0.86865234375 0.0078125 0.0068359375
11 0.69482421875 0.8779296875 0.0078125 0.0068359375
11 0.69482421875 0.91650390625 0.0078125 0.0068359375
11 0.72119140625 0.91650390625 0.0078125 0.0068359375
11 0.72119140625 0.93408203125 0.0078125 0.00732421875
11 0.72119140625 0.86865234375 0.0078125 0.0068359375
11 0.72119140625 0.8779296875 0.0078125 0.0068359375
11 0.296875 0.91064453125 0.00830078125 0.0068359375
11 0.296875 0.92529296875 0.00830078125 0.0068359375
11 0.296875 0.84814453125 0.00830078125 0.0068359375
11 0.296875 0.85693359375 0.00830078125 0.0068359375
5 0.279296875 0.8486328125 0.0048828125 0.01513671875
11 0.2744140625 0.85693359375 0.005859375 0.00537109375
5 0.357421875 0.8486328125 0.00537109375 0.01513671875
11 0.3525390625 0.85693359375 0.005859375 0.00537109375
11 0.3232421875 0.91064453125 0.00830078125 0.0068359375
11 0.3232421875 0.92529296875 0.00830078125 0.0068359375
11 0.3232421875 0.84814453125 0.00830078125 0.0068359375
11 0.3232421875 0.85693359375 0.00830078125 0.0068359375
1 0.193359375 0.9296875 0.017578125 0.02099609375
10 0.19384765625 0.87060546875 0.0166015625 0.0458984375
0 0.17529296875 0.9013671875 0.005859375 0.08447265625
11 0.25341796875 0.91357421875 0.00830078125 0.00732421875
11 0.25341796875 0.92529296875 0.00830078125 0.0068359375
11 0.25341796875 0.84814453125 0.00830078125 0.0068359375
11 0.25341796875 0.85693359375 0.00830078125 0.0068359375
11 0.21875 0.91357421875 0.00830078125 0.00732421875
11 0.21875 0.92529296875 0.00830078125 0.0068359375
11 0.21875 0.84814453125 0.00830078125 0.0068359375
11 0.21875 0.85693359375 0.00830078125 0.0068359375
11 0.44482421875 0.84814453125 0.00830078125 0.0068359375
11 0.44482421875 0.91064453125 0.00830078125 0.0068359375
11 0.44482421875 0.92529296875 0.00830078125 0.0068359375
11 0.44482421875 0.85693359375 0.00830078125 0.0068359375
11 0.42236328125 0.85693359375 0.005859375 0.00537109375
5 0.50830078125 0.86865234375 0.00537109375 0.0146484375
11 0.50341796875 0.8779296875 0.005859375 0.00537109375
5 0.42724609375 0.8486328125 0.0048828125 0.01513671875
11 0.47119140625 0.91064453125 0.00830078125 0.0068359375
11 0.47119140625 0.92529296875 0.00830078125 0.0068359375
11 0.47119140625 0.84814453125 0.00830078125 0.0068359375
11 0.47119140625 0.85693359375 0.00830078125 0.0068359375
11 0.375 0.85693359375 0.00830078125 0.0068359375
11 0.375 0.91357421875 0.00830078125 0.00732421875
11 0.375 0.92529296875 0.00830078125 0.0068359375
11 0.375 0.84814453125 0.00830078125 0.0068359375
11 0.4013671875 0.91357421875 0.00830078125 0.00732421875
11 0.4013671875 0.85693359375 0.00830078125 0.0068359375
11 0.4013671875 0.84814453125 0.00830078125 0.0068359375
11 0.4013671875 0.92529296875 0.00830078125 0.0068359375