11 0.6279296875 0.056640625 0.00830078125 0.0068359375
11 0.60888671875 0.0625 0.00830078125 0.0068359375
11 0.6455078125 0.05322265625 0.00830078125 0.00732421875
11 0.6630859375 0.056640625 0.00830078125 0.0068359375
11 0.67919921875 0.068359375 0.00830078125 0.00732421875
11 0.53662109375 0.068359375 0.00830078125 0.00732421875
11 0.5908203125 0.056640625 0.00830078125 0.0068359375
11 0.5556640625 0.056640625 0.00830078125 0.0068359375
11 0.5732421875 0.05322265625 0.00830078125 0.00732421875
11 0.78662109375 0.05322265625 0.00830078125 0.00732421875
11 0.80419921875 0.056640625 0.00830078125 0.0068359375
11 0.7333984375 0.056640625 0.00830078125 0.0068359375
11 0.6982421875 0.056640625 0.00830078125 0.0068359375
11 0.7158203125 0.05322265625 0.00830078125 0.00732421875
11 0.74951171875 0.07421875 0.00830078125 0.0068359375
11 0.7685546875 0.056640625 0.00830078125 0.0068359375
11 0.31982421875 0.056640625 0.00830078125 0.0068359375
11 0.30078125 0.0712890625 0.00830078125 0.0068359375
11 0.28515625 0.056640625 0.00830078125 0.0068359375
11 0.3388671875 0.05029296875 0.00830078125 0.0068359375
11 0.35595703125 0.056640625 0.00830078125 0.0068359375
10 0.19287109375 0.05810546875 0.0166015625 0.0458984375
11 0.22998046875 0.0625 0.00830078125 0.0068359375
11 0.2490234375 0.056640625 0.00830078125 0.0068359375
11 0.26806640625 0.05029296875 0.00830078125 0.0068359375
11 0.484375 0.05029296875 0.00830078125 0.0068359375
11 0.42919921875 0.056640625 0.00830078125 0.0068359375
11 0.412109375 0.05029296875 0.00830078125 0.0068359375
11 0.4462890625 0.0654296875 0.00830078125 0.0068359375
11 0.3740234375 0.0625 0.00830078125 0.0068359375
11 0.46533203125 0.056640625 0.00830078125 0.0068359375
11 0.39306640625 0.056640625 0.00830078125 0.0068359375
11 0.50146484375 0.056640625 0.00830078125 0.0068359375
11 0.5966796875 0.15185546875 0.00830078125 0.0068359375
11 0.63037109375 0.15185546875 0.00830078125 0.0068359375
11 0.68212890625 0.1640625 0.00830078125 0.0068359375
11 0.61181640625 0.169921875 0.00830078125 0.0068359375
11 0.6494140625 0.13720703125 0.0078125 0.0068359375
11 0.6650390625 0.15185546875 0.00830078125 0.0068359375
11 0.54345703125 0.1640625 0.0078125 0.0068359375
11 0.56201171875 0.15185546875 0.0078125 0.0068359375
11 0.5810546875 0.13720703125 0.0078125 0.0068359375
11 0.78857421875 0.13720703125 0.00830078125 0.0068359375
11 0.80419921875 0.15185546875 0.00830078125 0.0068359375
11 0.701171875 0.15185546875 0.00830078125 0.0068359375
11 0.7197265625 0.13720703125 0.00830078125 0.0068359375
11 0.73583984375 0.15185546875 0.00830078125 0.0068359375
11 0.7509765625 0.169921875 0.00830078125 0.0068359375
11 0.76953125 0.15185546875 0.00830078125 0.0068359375
11 0.31005859375 0.1611328125 0.00830078125 0.0068359375
11 0.3291015625 0.15185546875 0.00830078125 0.0068359375
11 0.2841796875 0.15185546875 0.00830078125 0.0068359375
11 0.34765625 0.14599609375 0.00830078125 0.00732421875
11 0.3642578125 0.15185546875 0.00830078125 0.0068359375
10 0.19287109375 0.15087890625 0.0166015625 0.0458984375
11 0.22998046875 0.158203125 0.00830078125 0.0068359375
11 0.24853515625 0.15185546875 0.00830078125 0.0068359375
11 0.267578125 0.14599609375 0.00830078125 0.00732421875
11 0.43603515625 0.15185546875 0.00830078125 0.0068359375
11 0.4599609375 0.1611328125 0.00830078125 0.0068359375
11 0.478515625 0.15185546875 0.00830078125 0.0068359375
11 0.49755859375 0.14599609375 0.00830078125 0.00732421875
11 0.51416015625 0.15185546875 0.00830078125 0.0068359375
11 0.3818359375 0.158203125 0.00830078125 0.0068359375
11 0.41943359375 0.14599609375 0.00830078125 0.00732421875
11 0.400390625 0.15185546875 0.00830078125 0.0068359375
11 0.62353515625 0.248046875 0.00830078125 0.0068359375
11 0.60400390625 0.2568359375 0.00830078125 0.0068359375
11 0.64306640625 0.23291015625 0.00830078125 0.0068359375
11 0.6591796875 0.248046875 0.00830078125 0.0068359375
11 0.6767578125 0.25390625 0.00830078125 0.0068359375
11 0.53125 0.259765625 0.00830078125 0.00732421875
11 0.55029296875 0.248046875 0.00830078125 0.0068359375
11 0.56982421875 0.23291015625 0.00830078125 0.0068359375
11 0.58642578125 0.248046875 0.00830078125 0.0068359375
11 0.787109375 0.23291015625 0.00830078125 0.0068359375
11 0.8037109375 0.248046875 0.00830078125 0.0068359375
11 0.73193359375 0.248046875 0.00830078125 0.0068359375
11 0.6962890625 0.248046875 0.00830078125 0.0068359375
11 0.71533203125 0.23291015625 0.00830078125 0.0068359375
11 0.74853515625 0.259765625 0.00830078125 0.00732421875
11 0.767578125 0.248046875 0.00830078125 0.0068359375
11 0.28515625 0.248046875 0.00830078125 0.0068359375
11 0.30224609375 0.2568359375 0.00830078125 0.0068359375
11 0.32177734375 0.248046875 0.00830078125 0.0068359375
11 0.3408203125 0.23291015625 0.00830078125 0.0068359375
11 0.357421875 0.248046875 0.00830078125 0.0068359375
10 0.19287109375 0.24365234375 0.0166015625 0.0458984375
11 0.22998046875 0.25390625 0.00830078125 0.0068359375
11 0.2490234375 0.248046875 0.00830078125 0.0068359375
11 0.2685546875 0.23291015625 0.00830078125 0.0068359375
11 0.48583984375 0.23291015625 0.00830078125 0.0068359375
11 0.4296875 0.248046875 0.0078125 0.0068359375
11 0.44677734375 0.2568359375 0.00830078125 0.0068359375
11 0.46630859375 0.248046875 0.00830078125 0.0068359375
11 0.41357421875 0.23291015625 0.00830078125 0.0068359375
11 0.37451171875 0.25390625 0.00830078125 0.0068359375
11 0.50244140625 0.248046875 0.00830078125 0.0068359375
11 0.39404296875 0.248046875 0.0078125 0.0068359375
11 0.56591796875 0.361328125 0.00830078125 0.0068359375
11 0.5791015625 0.34375 0.00830078125 0.0068359375
11 0.556640625 0.34375 0.00830078125 0.0068359375
12 0.6376953125 0.31396484375 0.0087890625 0.0068359375
12 0.6376953125 0.32861328125 0.0087890625 0.0068359375
12 0.6376953125 0.34375 0.0087890625 0.0068359375
12 0.6376953125 0.35546875 0.0087890625 0.0068359375
11 0.6015625 0.34375 0.00830078125 0.0068359375
11 0.59033203125 0.3408203125 0.00830078125 0.0068359375
11 0.49951171875 0.3408203125 0.00830078125 0.0068359375
11 0.5107421875 0.34375 0.00830078125 0.0068359375
11 0.48828125 0.34375 0.00830078125 0.0068359375
11 0.4755859375 0.3525390625 0.00830078125 0.0068359375
11 0.544921875 0.3408203125 0.00830078125 0.0068359375
11 0.53369140625 0.34375 0.00830078125 0.0068359375
11 0.52099609375 0.35546875 0.00830078125 0.0068359375
11 0.79833984375 0.3525390625 0.00830078125 0.0068359375
11 0.77734375 0.3466796875 0.00830078125 0.0068359375
11 0.75634765625 0.3408203125 0.00830078125 0.0068359375
11 0.69970703125 0.31982421875 0.00830078125 0.0068359375
21 0.6669921875 0.32421875 0.00634765625 0.01806640625
11 0.73486328125 0.33154296875 0.00830078125 0.0068359375
11 0.71337890625 0.32568359375 0.00830078125 0.0068359375
11 0.3115234375 0.34375 0.00830078125 0.0068359375
11 0.2998046875 0.3408203125 0.00830078125 0.0068359375
11 0.28857421875 0.34375 0.00830078125 0.0068359375
11 0.357421875 0.34375 0.0078125 0.0068359375
11 0.34619140625 0.3408203125 0.00830078125 0.0068359375
11 0.3349609375 0.34375 0.00830078125 0.0068359375
11 0.322265625 0.349609375 0.00830078125 0.0068359375
11 0.22998046875 0.349609375 0.00830078125 0.0068359375
10 0.19287109375 0.33642578125 0.0166015625 0.0458984375
11 0.27587890625 0.3525390625 0.00830078125 0.0068359375
11 0.26513671875 0.34375 0.00830078125 0.0068359375
11 0.25390625 0.3408203125 0.00830078125 0.0068359375
11 0.24267578125 0.34375 0.00830078125 0.0068359375
11 0.4423828125 0.34375 0.00830078125 0.0068359375
11 0.4296875 0.35546875 0.00830078125 0.0068359375
11 0.40380859375 0.34375 0.00830078125 0.0068359375
11 0.380859375 0.34375 0.00830078125 0.0068359375
11 0.3681640625 0.3525390625 0.00830078125 0.0068359375
11 0.46484375 0.34375 0.00830078125 0.0068359375
11 0.392578125 0.3408203125 0.00830078125 0.0068359375
11 0.45361328125 0.3408203125 0.00830078125 0.0068359375
11 0.640625 0.439453125 0.00830078125 0.0068359375
11 0.6279296875 0.42431640625 0.00830078125 0.0068359375
11 0.6953125 0.42724609375 0.00830078125 0.0068359375
12 0.6748046875 0.439453125 0.0087890625 0.0068359375
11 0.67431640625 0.42431640625 0.00830078125 0.0068359375
11 0.65625 0.42431640625 0.00830078125 0.0068359375
12 0.5654296875 0.43359375 0.0087890625 0.0068359375
11 0.56494140625 0.41845703125 0.00830078125 0.0068359375
11 0.55078125 0.41845703125 0.00830078125 0.0068359375
11 0.61376953125 0.4306640625 0.00830078125 0.0068359375
11 0.61376953125 0.42138671875 0.00830078125 0.0068359375
11 0.5859375 0.42138671875 0.00830078125 0.0068359375
11 0.80126953125 0.439453125 0.00830078125 0.0068359375
11 0.80126953125 0.43359375 0.00830078125 0.0068359375
11 0.7802734375 0.4365234375 0.00830078125 0.00732421875
11 0.72314453125 0.4365234375 0.00830078125 0.00732421875
11 0.72314453125 0.42724609375 0.00830078125 0.0068359375
11 0.7802734375 0.4306640625 0.00830078125 0.0068359375
11 0.76611328125 0.4306640625 0.00830078125 0.0068359375
11 0.75048828125 0.4453125 0.00830078125 0.0068359375
11 0.73779296875 0.4306640625 0.0078125 0.0068359375
11 0.3349609375 0.42138671875 0.00830078125 0.0068359375
11 0.32421875 0.42431640625 0.00830078125 0.0068359375
11 0.31298828125 0.42724609375 0.00830078125 0.0068359375
11 0.30224609375 0.4306640625 0.00830078125 0.0068359375
11 0.36376953125 0.41552734375 0.00830078125 0.00732421875
11 0.345703125 0.41845703125 0.00830078125 0.0068359375
12 0.23291015625 0.43359375 0.0087890625 0.0068359375
12 0.23291015625 0.4423828125 0.0087890625 0.0068359375
12 0.23291015625 0.4482421875 0.0087890625 0.0068359375
10 0.19287109375 0.42919921875 0.0166015625 0.0458984375
11 0.29150390625 0.43359375 0.0078125 0.0068359375
11 0.28076171875 0.4306640625 0.00830078125 0.0068359375
11 0.26318359375 0.42724609375 0.00830078125 0.0068359375
11 0.47021484375 0.4365234375 0.00830078125 0.00732421875
11 0.45458984375 0.4482421875 0.00830078125 0.0068359375
11 0.43505859375 0.4423828125 0.00830078125 0.0068359375
11 0.53515625 0.43359375 0.00830078125 0.0068359375
11 0.50341796875 0.4482421875 0.00830078125 0.0068359375
11 0.39599609375 0.42724609375 0.00830078125 0.0068359375
11 0.4228515625 0.4365234375 0.00830078125 0.00732421875
11 0.40869140625 0.43359375 0.00830078125 0.0068359375
11 0.37646484375 0.42138671875 0.0078125 0.0068359375
11 0.60693359375 0.52001953125 0.00830078125 0.0068359375
11 0.55859375 0.51123046875 0.00830078125 0.0068359375
11 0.58740234375 0.51708984375 0.00830078125 0.0068359375
11 0.5732421875 0.51416015625 0.00830078125 0.00732421875
11 0.482421875 0.5263671875 0.00830078125 0.0068359375
11 0.64111328125 0.529296875 0.00830078125 0.00732421875
11 0.62109375 0.51708984375 0.00830078125 0.0068359375
11 0.50341796875 0.5322265625 0.005859375 0.0048828125
11 0.5458984375 0.50537109375 0.00830078125 0.0068359375
11 0.5234375 0.51708984375 0.00830078125 0.0068359375
11 0.5126953125 0.5263671875 0.005859375 0.0048828125
12 0.79541015625 0.51416015625 0.0087890625 0.00732421875
12 0.765625 0.5263671875 0.0087890625 0.0068359375
11 0.6884765625 0.50244140625 0.00830078125 0.0068359375
11 0.6728515625 0.50830078125 0.00830078125 0.0068359375
11 0.6572265625 0.51708984375 0.00830078125 0.0068359375
11 0.74609375 0.51416015625 0.00830078125 0.00732421875
11 0.73193359375 0.51123046875 0.00830078125 0.0068359375
11 0.71728515625 0.50830078125 0.00830078125 0.0068359375
11 0.703125 0.50537109375 0.00830078125 0.0068359375
11 0.3271484375 0.546875 0.00830078125 0.0068359375
11 0.3271484375 0.541015625 0.00830078125 0.0068359375
11 0.29248046875 0.5498046875 0.00830078125 0.00732421875
11 0.29248046875 0.5234375 0.00830078125 0.0068359375
11 0.3486328125 0.5439453125 0.00830078125 0.0068359375
11 0.3486328125 0.5380859375 0.00830078125 0.0068359375
11 0.482421875 0.52001953125 0.00830078125 0.0068359375
11 0.22998046875 0.53515625 0.00830078125 0.0068359375
11 0.22998046875 0.529296875 0.00830078125 0.00732421875
10 0.19287109375 0.521484375 0.0166015625 0.0458984375
11 0.271484375 0.5380859375 0.00830078125 0.0068359375
11 0.271484375 0.5322265625 0.00830078125 0.0068359375
11 0.2509765625 0.541015625 0.00830078125 0.0068359375
11 0.2509765625 0.5263671875 0.00830078125 0.0068359375
11 0.4189453125 0.53515625 0.00830078125 0.0068359375
11 0.4189453125 0.529296875 0.00830078125 0.00732421875
11 0.46142578125 0.5234375 0.00830078125 0.0068359375
11 0.46142578125 0.529296875 0.00830078125 0.00732421875
11 0.43994140625 0.5322265625 0.00830078125 0.0068359375
11 0.43994140625 0.5263671875 0.00830078125 0.0068359375
11 0.36962890625 0.541015625 0.00830078125 0.0068359375
11 0.36962890625 0.53515625 0.00830078125 0.0068359375
11 0.390625 0.5380859375 0.00830078125 0.0068359375
11 0.390625 0.5322265625 0.00830078125 0.0068359375
11 0.63232421875 0.6220703125 0.00830078125 0.0068359375
11 0.6171875 0.63671875 0.00830078125 0.0068359375
11 0.60546875 0.625 0.00830078125 0.0068359375
11 0.6591796875 0.625 0.00830078125 0.0068359375
11 0.6708984375 0.642578125 0.00830078125 0.00732421875
11 0.64404296875 0.6396484375 0.00830078125 0.0068359375
11 0.5361328125 0.6220703125 0.00830078125 0.0068359375
11 0.50732421875 0.625 0.00830078125 0.0068359375
11 0.5546875 0.6337890625 0.00830078125 0.0068359375
11 0.52099609375 0.6279296875 0.00830078125 0.00732421875
11 0.59033203125 0.630859375 0.00830078125 0.0068359375
11 0.5693359375 0.6279296875 0.00830078125 0.00732421875
11 0.810546875 0.59814453125 0.00830078125 0.0068359375
11 0.79541015625 0.60400390625 0.00830078125 0.0068359375
11 0.78076171875 0.60986328125 0.00830078125 0.0068359375
11 0.765625 0.61865234375 0.00830078125 0.0068359375
11 0.70703125 0.64599609375 0.00830078125 0.0068359375
11 0.68603515625 0.6279296875 0.00830078125 0.00732421875
11 0.75146484375 0.625 0.0078125 0.0068359375
11 0.73681640625 0.630859375 0.00830078125 0.0068359375
11 0.7216796875 0.6396484375 0.00830078125 0.0068359375
11 0.33349609375 0.60693359375 0.00830078125 0.00732421875
11 0.318359375 0.61279296875 0.00830078125 0.0068359375
11 0.2998046875 0.60107421875 0.00830078125 0.0068359375
11 0.3671875 0.60400390625 0.00830078125 0.0068359375
11 0.3525390625 0.60986328125 0.00830078125 0.0068359375
11 0.22998046875 0.60400390625 0.00830078125 0.0068359375
10 0.19287109375 0.6142578125 0.0166015625 0.0458984375
11 0.28515625 0.60693359375 0.00830078125 0.00732421875
11 0.271484375 0.60400390625 0.00830078125 0.0068359375
11 0.25634765625 0.60986328125 0.00830078125 0.0068359375
11 0.24462890625 0.59814453125 0.00830078125 0.0068359375
11 0.4658203125 0.625 0.0078125 0.0068359375
11 0.44775390625 0.60693359375 0.00830078125 0.00732421875
11 0.4326171875 0.6220703125 0.00830078125 0.0068359375
11 0.48095703125 0.61865234375 0.00830078125 0.0068359375
11 0.49267578125 0.630859375 0.00830078125 0.0068359375
11 0.39404296875 0.60107421875 0.00830078125 0.0068359375
11 0.40576171875 0.61865234375 0.00830078125 0.0068359375
11 0.37939453125 0.6162109375 0.00830078125 0.0068359375
11 0.4208984375 0.60400390625 0.00830078125 0.0068359375
11 0.6435546875 0.71142578125 0.00830078125 0.0068359375
11 0.6435546875 0.7177734375 0.00830078125 0.0068359375
11 0.62451171875 0.71484375 0.00830078125 0.0068359375
11 0.62451171875 0.708984375 0.00830078125 0.0068359375
11 0.68798828125 0.7236328125 0.00830078125 0.0068359375
11 0.68798828125 0.7177734375 0.00830078125 0.0068359375
11 0.66259765625 0.720703125 0.00830078125 0.00732421875
11 0.66259765625 0.71484375 0.00830078125 0.0068359375
11 0.55517578125 0.70263671875 0.0078125 0.0068359375
11 0.54345703125 0.69677734375 0.00830078125 0.0068359375
11 0.5302734375 0.69970703125 0.00830078125 0.0068359375
11 0.5185546875 0.69384765625 0.00830078125 0.0068359375
11 0.6064453125 0.70263671875 0.00830078125 0.0068359375
11 0.5869140625 0.70556640625 0.00830078125 0.00732421875
11 0.568359375 0.69970703125 0.00830078125 0.0068359375
19 0.79248046875 0.6953125 0.00830078125 0.00390625
12 0.76708984375 0.70556640625 0.0087890625 0.00732421875
12 0.76708984375 0.71484375 0.0087890625 0.0068359375
12 0.76708984375 0.720703125 0.0087890625 0.0068359375
5 0.7587890625 0.71728515625 0.00537109375 0.0146484375
11 0.70654296875 0.73583984375 0.00830078125 0.0068359375
11 0.70654296875 0.720703125 0.00830078125 0.00732421875
11 0.75390625 0.7265625 0.005859375 0.00537109375
12 0.7255859375 0.732421875 0.0087890625 0.0068359375
12 0.7255859375 0.7265625 0.0087890625 0.0068359375
12 0.35009765625 0.71142578125 0.0087890625 0.0068359375
11 0.33203125 0.68798828125 0.00830078125 0.0068359375
11 0.3173828125 0.69384765625 0.00830078125 0.0068359375
11 0.302734375 0.70263671875 0.00830078125 0.0068359375
11 0.4072265625 0.71142578125 0.00830078125 0.0068359375
11 0.4072265625 0.70263671875 0.00830078125 0.0068359375
12 0.376953125 0.69970703125 0.0087890625 0.0068359375
11 0.22998046875 0.73583984375 0.00830078125 0.0068359375
11 0.24462890625 0.7294921875 0.00830078125 0.0068359375
10 0.19287109375 0.70751953125 0.0166015625 0.04541015625
11 0.2880859375 0.708984375 0.00830078125 0.0068359375
11 0.27392578125 0.71484375 0.00830078125 0.0068359375
11 0.25927734375 0.7236328125 0.00830078125 0.0068359375
11 0.4638671875 0.7177734375 0.00830078125 0.0068359375
11 0.4638671875 0.71142578125 0.00830078125 0.0068359375
11 0.4892578125 0.71484375 0.00830078125 0.0068359375
11 0.4892578125 0.708984375 0.00830078125 0.0068359375
11 0.50439453125 0.70263671875 0.00830078125 0.0068359375
11 0.42578125 0.70556640625 0.00830078125 0.00732421875
11 0.44482421875 0.71484375 0.00830078125 0.0068359375
11 0.42578125 0.71142578125 0.00830078125 0.0068359375
11 0.44482421875 0.708984375 0.00830078125 0.0068359375