11 0.7080078125 0.28662109375 0.0068359375 0.005859375
11 0.69677734375 0.2890625 0.0068359375 0.00634765625
11 0.681640625 0.42333984375 0.0068359375 0.005859375
11 0.71875 0.1005859375 0.0068359375 0.005859375
11 0.73681640625 0.09765625 0.0068359375 0.00634765625
11 0.75244140625 0.09521484375 0.0068359375 0.005859375
11 0.75244140625 0.2216796875 0.0068359375 0.005859375
11 0.75244140625 0.2841796875 0.0068359375 0.005859375
11 0.75244140625 0.35107421875 0.0068359375 0.005859375
11 0.75244140625 0.42822265625 0.0068359375 0.005859375
11 0.71875 0.2841796875 0.0068359375 0.005859375
11 0.71875 0.361328125 0.0068359375 0.00634765625
11 0.71875 0.42578125 0.0068359375 0.005859375
11 0.607421875 0.041015625 0.0068359375 0.005859375
8 0.607421875 0.0537109375 0.00537109375 0.01513671875
15 0.623046875 0.0615234375 0.0068359375 0.009765625
21 0.63720703125 0.06005859375 0.00537109375 0.015625
11 0.58740234375 0.041015625 0.0068359375 0.005859375
21 0.5869140625 0.17919921875 0.00537109375 0.015625
21 0.6806640625 0.11962890625 0.005859375 0.015625
11 0.681640625 0.29150390625 0.0068359375 0.005859375
21 0.6611328125 0.11962890625 0.00537109375 0.015625
11 0.662109375 0.29150390625 0.0068359375 0.005859375
11 0.662109375 0.3564453125 0.0068359375 0.005859375
11 0.662109375 0.4208984375 0.0068359375 0.00634765625
11 0.681640625 0.35888671875 0.0068359375 0.005859375
22 0.69873046875 0.236328125 0.0068359375 0.00341796875
22 0.69873046875 0.1767578125 0.0068359375 0.00341796875
22 0.69873046875 0.0576171875 0.0068359375 0.00341796875
22 0.61669921875 0.41455078125 0.0068359375 0.0029296875
22 0.61669921875 0.35498046875 0.0068359375 0.00341796875
22 0.45263671875 0.41455078125 0.00732421875 0.0029296875
22 0.45263671875 0.35498046875 0.00732421875 0.00341796875
22 0.37890625 0.41455078125 0.00732421875 0.0029296875
22 0.37890625 0.35498046875 0.00732421875 0.00341796875
22 0.37890625 0.29541015625 0.00732421875 0.00341796875
22 0.37890625 0.236328125 0.00732421875 0.00341796875
22 0.37890625 0.1767578125 0.00732421875 0.00341796875
22 0.37890625 0.1171875 0.00732421875 0.00341796875
22 0.61669921875 0.29541015625 0.0068359375 0.00341796875
22 0.61669921875 0.236328125 0.0068359375 0.00341796875
22 0.61669921875 0.1171875 0.0068359375 0.00341796875
22 0.53369140625 0.41455078125 0.00732421875 0.0029296875
22 0.53369140625 0.35498046875 0.00732421875 0.00341796875
11 0.7724609375 0.35107421875 0.0068359375 0.005859375
11 0.7724609375 0.42822265625 0.0068359375 0.005859375
8 0.77197265625 0.11328125 0.00537109375 0.01513671875
8 0.77197265625 0.23193359375 0.00537109375 0.01513671875
11 0.7724609375 0.28662109375 0.0068359375 0.005859375
8 0.77197265625 0.29638671875 0.00537109375 0.01513671875
8 0.77197265625 0.361328125 0.00537109375 0.01513671875
9 0.77783203125 0.41796875 0.005859375 0.01513671875
15 0.78759765625 0.12109375 0.0068359375 0.009765625
11 0.7724609375 0.09521484375 0.0068359375 0.005859375
11 0.7724609375 0.2216796875 0.0068359375 0.005859375
21 0.8017578125 0.4169921875 0.00537109375 0.015625
11 0.802734375 0.3662109375 0.0068359375 0.005859375
15 0.78759765625 0.240234375 0.0068359375 0.009765625
15 0.78759765625 0.2998046875 0.0068359375 0.009765625
15 0.78759765625 0.359375 0.0068359375 0.009765625
15 0.78759765625 0.4189453125 0.0068359375 0.009765625
11 0.802734375 0.09765625 0.0068359375 0.00634765625
11 0.802734375 0.224609375 0.0068359375 0.005859375
11 0.802734375 0.2939453125 0.0068359375 0.005859375
15 0.36376953125 0.0615234375 0.0068359375 0.009765625
11 0.30615234375 0.05615234375 0.0068359375 0.00634765625
11 0.318359375 0.04833984375 0.0068359375 0.005859375
11 0.33349609375 0.04345703125 0.0068359375 0.00634765625
11 0.3486328125 0.03857421875 0.0068359375 0.005859375
8 0.34814453125 0.0537109375 0.00537109375 0.01513671875
11 0.431640625 0.2939453125 0.0068359375 0.005859375
11 0.431640625 0.2294921875 0.0068359375 0.00634765625
11 0.384765625 0.04833984375 0.0048828125 0.00439453125
9 0.3876953125 0.0400390625 0.0078125 0.013671875
12 0.396484375 0.041015625 0.00732421875 0.005859375
12 0.43212890625 0.041015625 0.00732421875 0.005859375
11 0.431640625 0.10302734375 0.0068359375 0.00634765625
12 0.43212890625 0.16748046875 0.00732421875 0.005859375
22 0.2744140625 0.29541015625 0.00732421875 0.00341796875
22 0.2744140625 0.35498046875 0.00732421875 0.00341796875
22 0.2744140625 0.41455078125 0.00732421875 0.0029296875
22 0.78173828125 0.0576171875 0.00732421875 0.00341796875
22 0.78173828125 0.1767578125 0.00732421875 0.00341796875
1 0.19140625 0.0595703125 0.0146484375 0.01806640625
22 0.2744140625 0.236328125 0.00732421875 0.00341796875
1 0.19140625 0.119140625 0.0146484375 0.01806640625
1 0.19140625 0.1787109375 0.0146484375 0.01806640625
1 0.19140625 0.23828125 0.0146484375 0.01806640625
22 0.2744140625 0.1171875 0.00732421875 0.00341796875
22 0.2744140625 0.1767578125 0.00732421875 0.00341796875
11 0.2548828125 0.07373046875 0.0068359375 0.00634765625
11 0.26708984375 0.06884765625 0.0068359375 0.005859375
11 0.2783203125 0.06640625 0.0068359375 0.005859375
11 0.2939453125 0.06103515625 0.0068359375 0.005859375
1 0.19140625 0.2978515625 0.0146484375 0.01806640625
1 0.19140625 0.35693359375 0.0146484375 0.01806640625
1 0.19140625 0.41650390625 0.0146484375 0.01806640625
11 0.22412109375 0.07373046875 0.0068359375 0.00634765625
11 0.244140625 0.076171875 0.0068359375 0.005859375
11 0.51513671875 0.09521484375 0.0068359375 0.005859375
11 0.52490234375 0.09521484375 0.0068359375 0.005859375
11 0.52490234375 0.16748046875 0.0068359375 0.005859375
11 0.52490234375 0.21923828125 0.0068359375 0.005859375
11 0.52490234375 0.296875 0.0068359375 0.005859375
8 0.5244140625 0.11328125 0.00537109375 0.01513671875
8 0.5244140625 0.177734375 0.00537109375 0.01513671875
8 0.5244140625 0.23193359375 0.00537109375 0.01513671875
21 0.55419921875 0.23876953125 0.00537109375 0.015625
21 0.55419921875 0.2978515625 0.00537109375 0.015625
21 0.55419921875 0.17919921875 0.00537109375 0.015625
11 0.57421875 0.041015625 0.0068359375 0.005859375
8 0.5244140625 0.306640625 0.00537109375 0.01513671875
15 0.5400390625 0.12109375 0.0068359375 0.009765625
15 0.5400390625 0.1806640625 0.0068359375 0.009765625
15 0.5400390625 0.240234375 0.0068359375 0.009765625
15 0.5400390625 0.2998046875 0.0068359375 0.009765625
11 0.55517578125 0.03857421875 0.0068359375 0.005859375
21 0.55419921875 0.11962890625 0.00537109375 0.015625
11 0.45166015625 0.1005859375 0.0068359375 0.005859375
11 0.45166015625 0.23193359375 0.0068359375 0.005859375
11 0.45166015625 0.296875 0.0068359375 0.005859375
11 0.47119140625 0.09765625 0.0068359375 0.00634765625
11 0.47119140625 0.29931640625 0.0068359375 0.005859375
11 0.47119140625 0.2294921875 0.0068359375 0.00634765625
11 0.49609375 0.21923828125 0.0068359375 0.005859375
12 0.49658203125 0.041015625 0.00732421875 0.005859375
11 0.49609375 0.0927734375 0.0068359375 0.005859375
11 0.49609375 0.16748046875 0.0068359375 0.005859375
11 0.49609375 0.296875 0.0068359375 0.005859375
11 0.63671875 0.556640625 0.0068359375 0.005859375
15 0.63671875 0.86962890625 0.00634765625 0.009765625
11 0.63671875 0.92626953125 0.0068359375 0.005859375
8 0.63671875 0.9365234375 0.00537109375 0.01513671875
11 0.6533203125 0.86669921875 0.0068359375 0.005859375
15 0.65283203125 0.92919921875 0.0068359375 0.009765625
8 0.65283203125 0.876953125 0.00537109375 0.01513671875
8 0.60400390625 0.9365234375 0.00537109375 0.01513671875
11 0.62060546875 0.86669921875 0.0068359375 0.005859375
15 0.62060546875 0.92919921875 0.0068359375 0.009765625
8 0.6201171875 0.876953125 0.00537109375 0.01513671875
11 0.71337890625 0.93115234375 0.0068359375 0.00634765625
11 0.71337890625 0.5537109375 0.0068359375 0.00634765625
12 0.7138671875 0.61083984375 0.00732421875 0.005859375
12 0.7138671875 0.68798828125 0.00732421875 0.005859375
12 0.7138671875 0.740234375 0.00732421875 0.005859375
12 0.7138671875 0.8125 0.00732421875 0.005859375
15 0.71337890625 0.86962890625 0.0068359375 0.009765625
8 0.685546875 0.876953125 0.00537109375 0.01513671875
11 0.66943359375 0.556640625 0.0068359375 0.005859375
15 0.66943359375 0.86962890625 0.00634765625 0.009765625
11 0.66943359375 0.92626953125 0.0068359375 0.005859375
8 0.66943359375 0.9365234375 0.00537109375 0.01513671875
11 0.685546875 0.86669921875 0.0068359375 0.005859375
15 0.685546875 0.92919921875 0.0068359375 0.009765625
11 0.560546875 0.56640625 0.0068359375 0.00634765625
11 0.5771484375 0.56884765625 0.0068359375 0.005859375
11 0.6044921875 0.556640625 0.0068359375 0.005859375
12 0.6044921875 0.61083984375 0.00732421875 0.005859375
12 0.6044921875 0.677734375 0.00732421875 0.005859375
12 0.6044921875 0.74267578125 0.00732421875 0.005859375
12 0.6044921875 0.80712890625 0.00732421875 0.005859375
15 0.60400390625 0.86962890625 0.00634765625 0.009765625
11 0.6044921875 0.92626953125 0.0068359375 0.005859375
11 0.51123046875 0.56884765625 0.0068359375 0.005859375
11 0.52783203125 0.56640625 0.0068359375 0.00634765625
11 0.54443359375 0.56884765625 0.0068359375 0.005859375
11 0.80615234375 0.87646484375 0.0068359375 0.005859375
15 0.8056640625 0.92919921875 0.00634765625 0.009765625
9 0.8115234375 0.86669921875 0.005859375 0.01513671875
9 0.794921875 0.92626953125 0.005859375 0.01513671875
11 0.78955078125 0.548828125 0.0068359375 0.005859375
11 0.78955078125 0.73486328125 0.0068359375 0.005859375
11 0.78955078125 0.8173828125 0.0068359375 0.00634765625
15 0.78955078125 0.86962890625 0.0068359375 0.009765625
11 0.78955078125 0.93603515625 0.0068359375 0.005859375
22 0.43505859375 0.62744140625 0.00732421875 0.00341796875
22 0.53857421875 0.80615234375 0.00732421875 0.00341796875
22 0.53857421875 0.74658203125 0.00732421875 0.00341796875
22 0.53857421875 0.68701171875 0.00732421875 0.00341796875
22 0.53857421875 0.62744140625 0.00732421875 0.00341796875
22 0.53857421875 0.86572265625 0.00732421875 0.00341796875
22 0.34033203125 0.62744140625 0.00732421875 0.00341796875
22 0.53857421875 0.9248046875 0.00732421875 0.0029296875
9 0.71923828125 0.9208984375 0.005859375 0.01513671875
15 0.765625 0.92919921875 0.0068359375 0.009765625
9 0.7548828125 0.9208984375 0.005859375 0.01513671875
11 0.765625 0.87158203125 0.0068359375 0.00634765625
9 0.77099609375 0.861328125 0.005859375 0.01513671875
11 0.77392578125 0.55126953125 0.0068359375 0.005859375
11 0.72998046875 0.87158203125 0.0068359375 0.00634765625
15 0.72998046875 0.92919921875 0.00634765625 0.009765625
9 0.7353515625 0.861328125 0.005859375 0.01513671875
11 0.73779296875 0.556640625 0.0068359375 0.005859375
11 0.74951171875 0.5537109375 0.0068359375 0.00634765625
15 0.7490234375 0.86962890625 0.0068359375 0.009765625
11 0.74951171875 0.93115234375 0.0068359375 0.00634765625
8 0.3115234375 0.759765625 0.00537109375 0.01513671875
8 0.3115234375 0.68798828125 0.00537109375 0.01513671875
8 0.3115234375 0.8095703125 0.00537109375 0.01513671875
9 0.3173828125 0.8642578125 0.005859375 0.0146484375
21 0.31103515625 0.5703125 0.00537109375 0.015625
11 0.31201171875 0.677734375 0.0068359375 0.005859375
11 0.31201171875 0.75 0.0068359375 0.005859375
11 0.31201171875 0.79931640625 0.0068359375 0.00634765625
11 0.31201171875 0.8740234375 0.0068359375 0.005859375
21 0.31103515625 0.92724609375 0.00537109375 0.015625
21 0.34326171875 0.92724609375 0.00537109375 0.015625
12 0.3447265625 0.55908203125 0.00732421875 0.005859375
21 0.34326171875 0.689453125 0.00537109375 0.015625
21 0.34326171875 0.7490234375 0.00537109375 0.015625
21 0.34326171875 0.80859375 0.00537109375 0.015625
21 0.34326171875 0.8681640625 0.00537109375 0.015625
22 0.2529296875 0.9248046875 0.0068359375 0.0029296875
15 0.328125 0.69140625 0.00634765625 0.009765625
15 0.328125 0.7509765625 0.00634765625 0.009765625
15 0.328125 0.81005859375 0.00634765625 0.009765625
15 0.328125 0.86962890625 0.00634765625 0.009765625
11 0.2265625 0.6181640625 0.0068359375 0.005859375
21 0.2255859375 0.689453125 0.00537109375 0.015625
11 0.2265625 0.75 0.0068359375 0.005859375
11 0.2265625 0.79931640625 0.0068359375 0.00634765625
11 0.2265625 0.8740234375 0.0068359375 0.005859375
8 0.22607421875 0.62841796875 0.00537109375 0.01513671875
8 0.22607421875 0.759765625 0.00537109375 0.01513671875
8 0.22607421875 0.8095703125 0.00537109375 0.01513671875
9 0.23193359375 0.8642578125 0.005859375 0.0146484375
1 0.19140625 0.62939453125 0.0146484375 0.01806640625
1 0.19140625 0.68896484375 0.0146484375 0.01806640625
1 0.19140625 0.74853515625 0.0146484375 0.01806640625
1 0.19140625 0.80810546875 0.0146484375 0.01806640625
1 0.19140625 0.86767578125 0.0146484375 0.01806640625
1 0.19140625 0.92724609375 0.0146484375 0.01806640625
11 0.279296875 0.73486328125 0.0068359375 0.005859375
11 0.279296875 0.8046875 0.0068359375 0.005859375
11 0.279296875 0.87646484375 0.0068359375 0.005859375
15 0.24267578125 0.6318359375 0.00634765625 0.009765625
15 0.24267578125 0.7509765625 0.00634765625 0.009765625
15 0.24267578125 0.81005859375 0.00634765625 0.009765625
15 0.24267578125 0.86962890625 0.00634765625 0.009765625
19 0.25927734375 0.6298828125 0.0068359375 0.00341796875
12 0.259765625 0.66796875 0.00732421875 0.005859375
21 0.25830078125 0.7490234375 0.00537109375 0.015625
21 0.25830078125 0.80859375 0.00537109375 0.015625
21 0.25830078125 0.8681640625 0.00537109375 0.015625
11 0.4248046875 0.55908203125 0.0068359375 0.005859375
19 0.4248046875 0.689453125 0.0068359375 0.00341796875
19 0.4248046875 0.74853515625 0.0068359375 0.00341796875
19 0.4248046875 0.80810546875 0.0068359375 0.00341796875
19 0.4248046875 0.86767578125 0.0068359375 0.00341796875
19 0.4248046875 0.92724609375 0.0068359375 0.00341796875
15 0.408203125 0.81005859375 0.0068359375 0.009765625
11 0.408203125 0.5615234375 0.0068359375 0.005859375
15 0.408203125 0.69140625 0.0068359375 0.009765625
15 0.408203125 0.7509765625 0.0068359375 0.009765625
15 0.408203125 0.86962890625 0.0068359375 0.009765625
15 0.408203125 0.92919921875 0.0068359375 0.009765625
11 0.47412109375 0.5615234375 0.0068359375 0.005859375
11 0.49462890625 0.55908203125 0.0068359375 0.005859375
11 0.44140625 0.5615234375 0.0068359375 0.005859375
11 0.45751953125 0.55908203125 0.0068359375 0.005859375
11 0.39208984375 0.93359375 0.0068359375 0.005859375
11 0.39208984375 0.55908203125 0.0068359375 0.005859375
11 0.39208984375 0.677734375 0.0068359375 0.005859375
11 0.39208984375 0.7451171875 0.0068359375 0.005859375
11 0.39208984375 0.79931640625 0.0068359375 0.00634765625
11 0.39208984375 0.8740234375 0.0068359375 0.005859375
22 0.2529296875 0.56787109375 0.0068359375 0.00341796875
11 0.3642578125 0.87646484375 0.0068359375 0.005859375
11 0.3642578125 0.67529296875 0.0068359375 0.005859375
11 0.3642578125 0.7451171875 0.0068359375 0.005859375
11 0.3642578125 0.79931640625 0.0068359375 0.00634765625
11 0.3642578125 0.93603515625 0.0068359375 0.005859375
8 0.3916015625 0.8095703125 0.00537109375 0.01513671875
9 0.3974609375 0.8642578125 0.005859375 0.0146484375
9 0.3974609375 0.92333984375 0.005859375 0.0146484375
8 0.3916015625 0.68798828125 0.00537109375 0.01513671875
8 0.3916015625 0.75537109375 0.00537109375 0.01513671875