11 0.68310546875 0.1845703125 0.00537109375 0.00439453125
11 0.6728515625 0.1845703125 0.00537109375 0.00439453125
11 0.68310546875 0.12646484375 0.00537109375 0.00439453125
11 0.68310546875 0.078125 0.00537109375 0.00439453125
11 0.68310546875 0.23876953125 0.00537109375 0.00439453125
11 0.6728515625 0.23876953125 0.00537109375 0.00439453125
11 0.6728515625 0.12646484375 0.00537109375 0.00439453125
11 0.6728515625 0.078125 0.00537109375 0.00439453125
11 0.70947265625 0.076171875 0.00537109375 0.00439453125
11 0.70947265625 0.12451171875 0.00537109375 0.00439453125
11 0.69970703125 0.267578125 0.00537109375 0.00439453125
15 0.69921875 0.2294921875 0.0048828125 0.00732421875
11 0.69970703125 0.1943359375 0.00537109375 0.00439453125
11 0.69970703125 0.12255859375 0.00537109375 0.00439453125
11 0.69970703125 0.07421875 0.00537109375 0.00439453125
11 0.6220703125 0.265625 0.0048828125 0.00439453125
11 0.6220703125 0.2431640625 0.0048828125 0.00439453125
11 0.6220703125 0.1923828125 0.0048828125 0.00439453125
11 0.57080078125 0.1865234375 0.00537109375 0.00439453125
11 0.57080078125 0.24072265625 0.00537109375 0.00439453125
11 0.57080078125 0.13037109375 0.00537109375 0.0048828125
11 0.5810546875 0.24072265625 0.00537109375 0.00439453125
11 0.5810546875 0.1865234375 0.00537109375 0.00439453125
11 0.5810546875 0.13427734375 0.00537109375 0.00439453125
11 0.66162109375 0.12646484375 0.0048828125 0.00439453125
11 0.66162109375 0.265625 0.0048828125 0.00439453125
11 0.66162109375 0.2431640625 0.0048828125 0.00439453125
11 0.66162109375 0.1923828125 0.0048828125 0.00439453125
11 0.66162109375 0.078125 0.0048828125 0.00439453125
11 0.64453125 0.23876953125 0.00537109375 0.00439453125
11 0.64453125 0.1845703125 0.00537109375 0.00439453125
11 0.6337890625 0.23876953125 0.00537109375 0.00439453125
11 0.6337890625 0.1845703125 0.00537109375 0.00439453125
11 0.81005859375 0.23876953125 0.00537109375 0.00439453125
11 0.81005859375 0.1845703125 0.00537109375 0.00439453125
11 0.79248046875 0.078125 0.00537109375 0.00439453125
11 0.79931640625 0.23876953125 0.00537109375 0.00439453125
11 0.79931640625 0.1845703125 0.00537109375 0.00439453125
11 0.79931640625 0.13037109375 0.00537109375 0.0048828125
11 0.79931640625 0.08203125 0.00537109375 0.00439453125
11 0.79248046875 0.12646484375 0.00537109375 0.00439453125
22 0.44189453125 0.0810546875 0.00537109375 0.00244140625
22 0.48193359375 0.0810546875 0.00537109375 0.00244140625
22 0.5263671875 0.0810546875 0.00537109375 0.00244140625
22 0.3173828125 0.0810546875 0.00537109375 0.00244140625
22 0.35888671875 0.0810546875 0.00537109375 0.00244140625
22 0.400390625 0.0810546875 0.00537109375 0.00244140625
22 0.6025390625 0.177734375 0.00537109375 0.00244140625
22 0.5712890625 0.0810546875 0.00537109375 0.00244140625
22 0.6025390625 0.0810546875 0.00537109375 0.00244140625
22 0.6025390625 0.12939453125 0.00537109375 0.00244140625
22 0.6025390625 0.22607421875 0.00537109375 0.00244140625
22 0.6025390625 0.27490234375 0.00537109375 0.00244140625
22 0.63427734375 0.0810546875 0.00537109375 0.00244140625
22 0.63427734375 0.12939453125 0.00537109375 0.00244140625
11 0.716796875 0.24072265625 0.00537109375 0.00439453125
11 0.716796875 0.1865234375 0.00537109375 0.00439453125
11 0.716796875 0.12841796875 0.00537109375 0.00439453125
11 0.716796875 0.080078125 0.00537109375 0.00439453125
11 0.744140625 0.267578125 0.00537109375 0.00439453125
15 0.744140625 0.2294921875 0.0048828125 0.00732421875
11 0.744140625 0.1943359375 0.00537109375 0.00439453125
11 0.744140625 0.12841796875 0.00537109375 0.00439453125
11 0.744140625 0.080078125 0.00537109375 0.00439453125
11 0.7275390625 0.24072265625 0.00537109375 0.00439453125
11 0.7275390625 0.1865234375 0.00537109375 0.00439453125
11 0.7822265625 0.265625 0.00537109375 0.00439453125
11 0.7822265625 0.2431640625 0.00537109375 0.00439453125
11 0.7822265625 0.1923828125 0.00537109375 0.00439453125
11 0.7822265625 0.12451171875 0.00537109375 0.00439453125
11 0.7822265625 0.076171875 0.00537109375 0.00439453125
11 0.75537109375 0.24072265625 0.00537109375 0.00439453125
11 0.75537109375 0.1865234375 0.00537109375 0.00439453125
11 0.75537109375 0.12841796875 0.00537109375 0.00439453125
11 0.75537109375 0.080078125 0.00537109375 0.00439453125
11 0.765625 0.24072265625 0.00537109375 0.00439453125
11 0.765625 0.1865234375 0.00537109375 0.00439453125
11 0.765625 0.12841796875 0.00537109375 0.00439453125
11 0.765625 0.080078125 0.00537109375 0.00439453125
11 0.361328125 0.1865234375 0.00537109375 0.00439453125
11 0.361328125 0.12841796875 0.00537109375 0.00439453125
11 0.3544921875 0.12451171875 0.00537109375 0.00439453125
11 0.361328125 0.24072265625 0.00537109375 0.00439453125
11 0.3720703125 0.24072265625 0.0048828125 0.00439453125
11 0.3720703125 0.1865234375 0.0048828125 0.00439453125
11 0.34423828125 0.267578125 0.00537109375 0.00439453125
15 0.34423828125 0.2294921875 0.0048828125 0.00732421875
11 0.34423828125 0.1943359375 0.00537109375 0.00439453125
11 0.34423828125 0.12255859375 0.00537109375 0.00439453125
11 0.39990234375 0.1865234375 0.00537109375 0.00439453125
11 0.39990234375 0.24072265625 0.00537109375 0.00439453125
11 0.39990234375 0.12841796875 0.00537109375 0.00439453125
11 0.41015625 0.24072265625 0.00537109375 0.00439453125
11 0.41015625 0.12841796875 0.00537109375 0.00439453125
11 0.388671875 0.267578125 0.00537109375 0.00439453125
15 0.388671875 0.2294921875 0.0048828125 0.00732421875
11 0.388671875 0.1943359375 0.00537109375 0.00439453125
11 0.388671875 0.12841796875 0.00537109375 0.00439453125
11 0.2783203125 0.1845703125 0.00537109375 0.00439453125
11 0.28857421875 0.23876953125 0.00537109375 0.00439453125
11 0.28857421875 0.1845703125 0.00537109375 0.00439453125
11 0.2783203125 0.23876953125 0.00537109375 0.00439453125
10 0.23974609375 0.13134765625 0.0107421875 0.0302734375
10 0.23974609375 0.0830078125 0.0107421875 0.0302734375
22 0.27734375 0.12939453125 0.00537109375 0.00244140625
1 0.2392578125 0.2763671875 0.01171875 0.013671875
11 0.2666015625 0.265625 0.00537109375 0.00439453125
11 0.2666015625 0.2431640625 0.00537109375 0.00439453125
10 0.23974609375 0.1796875 0.0107421875 0.02978515625
11 0.2666015625 0.1923828125 0.00537109375 0.00439453125
11 0.31689453125 0.23876953125 0.00537109375 0.00439453125
11 0.31689453125 0.1845703125 0.00537109375 0.00439453125
11 0.31689453125 0.12646484375 0.00537109375 0.00439453125
11 0.32763671875 0.12646484375 0.00537109375 0.00439453125
11 0.32763671875 0.23876953125 0.00537109375 0.00439453125
11 0.32763671875 0.1845703125 0.00537109375 0.00439453125
11 0.3056640625 0.265625 0.00537109375 0.00439453125
11 0.3056640625 0.2431640625 0.00537109375 0.00439453125
11 0.3056640625 0.1923828125 0.00537109375 0.00439453125
11 0.3056640625 0.12646484375 0.00537109375 0.00439453125
11 0.41015625 0.1865234375 0.00537109375 0.00439453125
9 0.5078125 0.12451171875 0.005859375 0.01025390625
11 0.51513671875 0.265625 0.00537109375 0.00439453125
11 0.51513671875 0.2431640625 0.00537109375 0.00439453125
11 0.51513671875 0.1923828125 0.00537109375 0.00439453125
11 0.51513671875 0.13037109375 0.00537109375 0.0048828125
11 0.4931640625 0.23876953125 0.00537109375 0.00439453125
11 0.4931640625 0.1845703125 0.00537109375 0.00439453125
11 0.4931640625 0.13037109375 0.00537109375 0.0048828125
11 0.48291015625 0.23876953125 0.00537109375 0.00439453125
11 0.48291015625 0.1845703125 0.00537109375 0.00439453125
11 0.50537109375 0.13232421875 0.00390625 0.00341796875
11 0.56005859375 0.267578125 0.00537109375 0.00439453125
15 0.56005859375 0.2294921875 0.0048828125 0.00732421875
11 0.56005859375 0.1943359375 0.00537109375 0.00439453125
11 0.56005859375 0.12841796875 0.00537109375 0.00439453125
22 0.27734375 0.0810546875 0.00537109375 0.00244140625
11 0.53271484375 0.267578125 0.00537109375 0.00439453125
11 0.53271484375 0.24072265625 0.00537109375 0.00439453125
11 0.53271484375 0.1865234375 0.00537109375 0.00439453125
11 0.53271484375 0.13232421875 0.00537109375 0.00439453125
11 0.525390625 0.13232421875 0.00537109375 0.00439453125
8 0.51513671875 0.2734375 0.00390625 0.01171875
11 0.54296875 0.24072265625 0.00537109375 0.00439453125
11 0.54296875 0.1865234375 0.00537109375 0.00439453125
11 0.48291015625 0.12841796875 0.00537109375 0.00439453125
11 0.45458984375 0.23876953125 0.00537109375 0.00439453125
11 0.45458984375 0.1845703125 0.00537109375 0.00439453125
11 0.44384765625 0.23876953125 0.00537109375 0.00439453125
11 0.44384765625 0.1845703125 0.00537109375 0.00439453125
11 0.44384765625 0.13037109375 0.00537109375 0.0048828125
11 0.43701171875 0.12646484375 0.00537109375 0.00439453125
11 0.4267578125 0.12451171875 0.00537109375 0.00439453125
11 0.4267578125 0.1923828125 0.00537109375 0.00439453125
11 0.4267578125 0.2431640625 0.00537109375 0.00439453125
11 0.4267578125 0.265625 0.00537109375 0.00439453125
11 0.4716796875 0.265625 0.0048828125 0.00439453125
11 0.4716796875 0.2431640625 0.0048828125 0.00439453125
11 0.4716796875 0.1923828125 0.0048828125 0.00439453125
11 0.4716796875 0.12646484375 0.0048828125 0.00439453125
11 0.6064453125 0.5703125 0.00537109375 0.00439453125
11 0.634765625 0.568359375 0.0048828125 0.00439453125
11 0.634765625 0.51220703125 0.0048828125 0.00439453125
11 0.6064453125 0.52001953125 0.00537109375 0.00439453125
11 0.6064453125 0.59326171875 0.00537109375 0.00439453125
11 0.6064453125 0.4580078125 0.00537109375 0.00439453125
11 0.61669921875 0.4599609375 0.00537109375 0.0048828125
11 0.61669921875 0.41162109375 0.00537109375 0.0048828125
8 0.6064453125 0.60107421875 0.00390625 0.01171875
11 0.62353515625 0.41162109375 0.00537109375 0.0048828125
11 0.62353515625 0.59521484375 0.00537109375 0.00439453125
11 0.62353515625 0.568359375 0.00537109375 0.00439453125
11 0.62353515625 0.51220703125 0.00537109375 0.00439453125
11 0.62353515625 0.4599609375 0.00537109375 0.0048828125
11 0.6630859375 0.4580078125 0.00537109375 0.00439453125
11 0.6630859375 0.568359375 0.00537109375 0.00439453125
11 0.6630859375 0.51416015625 0.00537109375 0.0048828125
11 0.6630859375 0.40966796875 0.00537109375 0.00439453125
11 0.67333984375 0.568359375 0.00537109375 0.00439453125
11 0.67333984375 0.51416015625 0.00537109375 0.0048828125
11 0.67333984375 0.4619140625 0.00537109375 0.00439453125
11 0.67333984375 0.41357421875 0.00537109375 0.00439453125
15 0.65185546875 0.55712890625 0.0048828125 0.0078125
11 0.65185546875 0.59521484375 0.00537109375 0.00439453125
11 0.65185546875 0.52197265625 0.00537109375 0.00439453125
11 0.65185546875 0.4560546875 0.00537109375 0.0048828125
11 0.65185546875 0.40771484375 0.00537109375 0.00439453125
11 0.56201171875 0.59326171875 0.00537109375 0.00439453125
11 0.56201171875 0.5703125 0.00537109375 0.00439453125
11 0.56201171875 0.52001953125 0.00537109375 0.00439453125
11 0.56201171875 0.4541015625 0.00537109375 0.00439453125
11 0.56201171875 0.4052734375 0.00537109375 0.00439453125
11 0.54443359375 0.56640625 0.00537109375 0.00439453125
11 0.54443359375 0.51220703125 0.00537109375 0.00439453125
11 0.5263671875 0.4052734375 0.00537109375 0.00439453125
11 0.5263671875 0.4541015625 0.00537109375 0.00439453125
11 0.53369140625 0.51220703125 0.00537109375 0.00439453125
11 0.53369140625 0.56640625 0.00537109375 0.00439453125
11 0.53369140625 0.4580078125 0.00537109375 0.00439453125
11 0.53369140625 0.40966796875 0.00537109375 0.00439453125
9 0.5986328125 0.40380859375 0.005859375 0.0107421875
11 0.59619140625 0.4599609375 0.00390625 0.00341796875
11 0.59619140625 0.41162109375 0.00390625 0.00341796875
9 0.5986328125 0.4521484375 0.005859375 0.0107421875
11 0.5732421875 0.56640625 0.00537109375 0.00439453125
11 0.5732421875 0.51220703125 0.00537109375 0.00439453125
11 0.5732421875 0.4560546875 0.00537109375 0.0048828125
11 0.5732421875 0.40771484375 0.00537109375 0.00439453125
11 0.58447265625 0.56640625 0.00537109375 0.00439453125
11 0.58447265625 0.51220703125 0.00537109375 0.00439453125
11 0.58447265625 0.4580078125 0.00537109375 0.00439453125
11 0.58447265625 0.40966796875 0.00537109375 0.00439453125
11 0.6064453125 0.40966796875 0.00537109375 0.00439453125
11 0.798828125 0.564453125 0.00537109375 0.00439453125
11 0.798828125 0.51025390625 0.00537109375 0.00439453125
11 0.798828125 0.4560546875 0.00537109375 0.0048828125
11 0.798828125 0.40771484375 0.00537109375 0.00439453125
11 0.77099609375 0.564453125 0.00537109375 0.00439453125
11 0.77099609375 0.51025390625 0.00537109375 0.00439453125
11 0.77099609375 0.4560546875 0.00537109375 0.0048828125
11 0.77099609375 0.40771484375 0.00537109375 0.00439453125
8 0.787109375 0.4580078125 0.00390625 0.01171875
11 0.8095703125 0.51025390625 0.00537109375 0.00439453125
8 0.787109375 0.4091796875 0.00390625 0.01171875
11 0.78759765625 0.59130859375 0.00537109375 0.00439453125
11 0.78759765625 0.568359375 0.00537109375 0.00439453125
11 0.78759765625 0.52001953125 0.00537109375 0.00439453125
11 0.78759765625 0.44970703125 0.00537109375 0.00439453125
11 0.78759765625 0.4013671875 0.00537109375 0.0048828125
11 0.8095703125 0.564453125 0.00537109375 0.00439453125
11 0.72021484375 0.55859375 0.00537109375 0.00439453125
11 0.72021484375 0.51806640625 0.00537109375 0.0048828125
11 0.72021484375 0.4638671875 0.00537109375 0.00439453125
11 0.72021484375 0.41552734375 0.00537109375 0.00439453125
11 0.712890625 0.4638671875 0.00537109375 0.00439453125
11 0.712890625 0.41552734375 0.00537109375 0.00439453125
9 0.69091796875 0.4072265625 0.005859375 0.01025390625
9 0.69091796875 0.45556640625 0.005859375 0.01025390625
11 0.6884765625 0.4638671875 0.00390625 0.00341796875
11 0.6884765625 0.41552734375 0.00390625 0.00341796875
11 0.6982421875 0.59716796875 0.00537109375 0.0048828125
15 0.6982421875 0.55712890625 0.0048828125 0.0078125
11 0.6982421875 0.52392578125 0.00537109375 0.00439453125
11 0.6982421875 0.4619140625 0.00537109375 0.00439453125
11 0.6982421875 0.41357421875 0.00537109375 0.00439453125
11 0.759765625 0.564453125 0.00537109375 0.00439453125
11 0.759765625 0.51025390625 0.00537109375 0.00439453125
11 0.759765625 0.4560546875 0.00537109375 0.0048828125
11 0.759765625 0.40771484375 0.00537109375 0.00439453125
11 0.7314453125 0.55859375 0.00537109375 0.00439453125
11 0.7314453125 0.51806640625 0.00537109375 0.0048828125
11 0.74853515625 0.40771484375 0.00537109375 0.00439453125
11 0.74853515625 0.59130859375 0.00537109375 0.00439453125
11 0.74853515625 0.568359375 0.00537109375 0.00439453125
11 0.74853515625 0.52001953125 0.00537109375 0.00439453125
11 0.74853515625 0.4560546875 0.00537109375 0.0048828125
11 0.30712890625 0.568359375 0.00537109375 0.00439453125
11 0.30712890625 0.51416015625 0.00537109375 0.0048828125
11 0.30712890625 0.4580078125 0.00537109375 0.00439453125
11 0.30712890625 0.40966796875 0.00537109375 0.00439453125
11 0.27880859375 0.568359375 0.00537109375 0.00439453125
11 0.27880859375 0.51416015625 0.00537109375 0.0048828125
11 0.29638671875 0.59521484375 0.00537109375 0.00439453125
15 0.2958984375 0.55712890625 0.0048828125 0.0078125
11 0.29638671875 0.52197265625 0.00537109375 0.00439453125
11 0.29638671875 0.4560546875 0.00537109375 0.0048828125
11 0.29638671875 0.40771484375 0.00537109375 0.00439453125
11 0.3427734375 0.59716796875 0.00537109375 0.0048828125
15 0.34228515625 0.55712890625 0.0048828125 0.0078125
11 0.3427734375 0.52392578125 0.00537109375 0.00439453125
11 0.3427734375 0.4619140625 0.00537109375 0.00439453125
11 0.3427734375 0.41357421875 0.00537109375 0.00439453125
11 0.357421875 0.4638671875 0.00537109375 0.00439453125
11 0.357421875 0.41552734375 0.00537109375 0.00439453125
11 0.3173828125 0.568359375 0.00537109375 0.00439453125
11 0.3173828125 0.51416015625 0.00537109375 0.0048828125
11 0.3173828125 0.4619140625 0.00537109375 0.00439453125
11 0.3173828125 0.41357421875 0.00537109375 0.00439453125
9 0.3349609375 0.45556640625 0.005859375 0.01025390625
9 0.3349609375 0.4072265625 0.005859375 0.01025390625
11 0.33251953125 0.4638671875 0.00390625 0.00341796875
11 0.33251953125 0.41552734375 0.00390625 0.00341796875
11 0.21728515625 0.56640625 0.00537109375 0.00439453125
11 0.21728515625 0.51220703125 0.00537109375 0.00439453125
11 0.21728515625 0.4560546875 0.00537109375 0.0048828125
11 0.21728515625 0.40771484375 0.00537109375 0.00439453125
11 0.228515625 0.56640625 0.00537109375 0.00439453125
11 0.228515625 0.51220703125 0.00537109375 0.00439453125
11 0.228515625 0.4580078125 0.00537109375 0.00439453125
11 0.228515625 0.40966796875 0.00537109375 0.00439453125
10 0.189453125 0.458984375 0.0107421875 0.0302734375
10 0.189453125 0.41064453125 0.0107421875 0.0302734375
11 0.2060546875 0.59326171875 0.00537109375 0.00439453125
11 0.2060546875 0.5703125 0.00537109375 0.00439453125
11 0.2060546875 0.52001953125 0.00537109375 0.00439453125
11 0.2060546875 0.4541015625 0.00537109375 0.00439453125
11 0.2060546875 0.4052734375 0.00537109375 0.00439453125
1 0.18896484375 0.60400390625 0.01171875 0.013671875
10 0.189453125 0.50732421875 0.0107421875 0.0302734375
11 0.25048828125 0.59326171875 0.00537109375 0.00439453125
11 0.25048828125 0.5703125 0.00537109375 0.00439453125
11 0.25048828125 0.52001953125 0.00537109375 0.00439453125
11 0.25048828125 0.4580078125 0.00537109375 0.00439453125
11 0.25048828125 0.40966796875 0.00537109375 0.00439453125
11 0.267578125 0.59521484375 0.00537109375 0.00439453125
11 0.267578125 0.568359375 0.00537109375 0.00439453125
11 0.267578125 0.51416015625 0.00537109375 0.0048828125
11 0.267578125 0.4599609375 0.00537109375 0.0048828125
11 0.267578125 0.41162109375 0.00537109375 0.0048828125
11 0.2607421875 0.4599609375 0.00537109375 0.0048828125
11 0.2607421875 0.41162109375 0.00537109375 0.0048828125
8 0.25048828125 0.60107421875 0.00439453125 0.01171875
9 0.2431640625 0.40380859375 0.005859375 0.0107421875
11 0.240234375 0.4599609375 0.00390625 0.00341796875
11 0.240234375 0.41162109375 0.00390625 0.00341796875
9 0.2431640625 0.4521484375 0.005859375 0.0107421875
15 0.4775390625 0.55712890625 0.0048828125 0.0078125
11 0.4775390625 0.52197265625 0.00537109375 0.00439453125
11 0.4775390625 0.4560546875 0.00537109375 0.0048828125
11 0.4775390625 0.40771484375 0.00537109375 0.00439453125
11 0.4775390625 0.59521484375 0.00537109375 0.00439453125
11 0.4599609375 0.568359375 0.00537109375 0.00439453125
11 0.4599609375 0.51416015625 0.00537109375 0.0048828125
11 0.44921875 0.568359375 0.00537109375 0.00439453125
11 0.44921875 0.51416015625 0.00537109375 0.0048828125
11 0.44921875 0.4560546875 0.00537109375 0.0048828125
11 0.44921875 0.40771484375 0.00537109375 0.00439453125
11 0.44189453125 0.4521484375 0.00537109375 0.00439453125
11 0.44189453125 0.40380859375 0.00537109375 0.00439453125
11 0.51611328125 0.59326171875 0.00537109375 0.00439453125
11 0.51611328125 0.5703125 0.00537109375 0.00439453125
11 0.51611328125 0.52001953125 0.00537109375 0.00439453125
11 0.51611328125 0.4521484375 0.00537109375 0.00439453125
11 0.51611328125 0.40380859375 0.00537109375 0.00439453125
11 0.48876953125 0.51416015625 0.00537109375 0.0048828125
11 0.48876953125 0.4560546875 0.00537109375 0.0048828125
11 0.48876953125 0.40771484375 0.00537109375 0.00439453125
11 0.48876953125 0.568359375 0.00537109375 0.00439453125
11 0.49951171875 0.568359375 0.00537109375 0.00439453125
11 0.49951171875 0.51416015625 0.00537109375 0.0048828125
11 0.49951171875 0.4560546875 0.00537109375 0.0048828125
11 0.49951171875 0.40771484375 0.00537109375 0.00439453125
11 0.404296875 0.51220703125 0.00537109375 0.00439453125
11 0.404296875 0.4541015625 0.00537109375 0.00439453125
11 0.404296875 0.4052734375 0.00537109375 0.00439453125
11 0.3642578125 0.41552734375 0.00537109375 0.00439453125
11 0.3642578125 0.55859375 0.00537109375 0.00439453125
11 0.3642578125 0.51806640625 0.00537109375 0.0048828125
11 0.3642578125 0.4638671875 0.00537109375 0.00439453125
11 0.392578125 0.59326171875 0.00537109375 0.00439453125
11 0.392578125 0.5703125 0.00537109375 0.00439453125
11 0.392578125 0.52001953125 0.00537109375 0.00439453125
11 0.392578125 0.4541015625 0.00537109375 0.00439453125
11 0.392578125 0.4052734375 0.00537109375 0.00439453125
11 0.37548828125 0.55859375 0.00537109375 0.00439453125
11 0.37548828125 0.51806640625 0.00537109375 0.0048828125
15 0.431640625 0.55712890625 0.0048828125 0.0078125
11 0.431640625 0.52197265625 0.00537109375 0.00439453125
11 0.431640625 0.44970703125 0.00537109375 0.00439453125
11 0.431640625 0.4013671875 0.00537109375 0.0048828125
11 0.404296875 0.56640625 0.00537109375 0.00439453125
11 0.431640625 0.59521484375 0.00537109375 0.00439453125
11 0.4150390625 0.56640625 0.00537109375 0.00439453125
11 0.4150390625 0.4541015625 0.00537109375 0.00439453125
11 0.4150390625 0.51220703125 0.00537109375 0.00439453125
11 0.4150390625 0.4052734375 0.00537109375 0.00439453125
11 0.640625 0.88623046875 0.0048828125 0.00439453125
11 0.65087890625 0.83203125 0.00537109375 0.00439453125
11 0.65087890625 0.88623046875 0.00537109375 0.00439453125
9 0.5537109375 0.78369140625 0.00439453125 0.01171875
11 0.66650390625 0.9130859375 0.00537109375 0.0048828125
11 0.66650390625 0.89013671875 0.00537109375 0.00439453125
11 0.66650390625 0.83984375 0.00537109375 0.0048828125
11 0.66650390625 0.77783203125 0.00537109375 0.00439453125
11 0.66650390625 0.72900390625 0.00537109375 0.00439453125
11 0.640625 0.83203125 0.0048828125 0.00439453125
11 0.68798828125 0.88623046875 0.00537109375 0.00439453125
11 0.70703125 0.72705078125 0.00537109375 0.0048828125
11 0.68798828125 0.83203125 0.00537109375 0.00439453125
11 0.53955078125 0.83203125 0.00537109375 0.00439453125
11 0.677734375 0.88623046875 0.00537109375 0.00439453125
11 0.53955078125 0.88623046875 0.00537109375 0.00439453125
11 0.70703125 0.9111328125 0.00537109375 0.00439453125
11 0.70703125 0.88427734375 0.00537109375 0.00439453125
11 0.70703125 0.830078125 0.00537109375 0.0048828125
11 0.70703125 0.775390625 0.00537109375 0.00439453125
11 0.5498046875 0.79150390625 0.0048828125 0.00439453125
11 0.5498046875 0.83203125 0.0048828125 0.00439453125
11 0.5498046875 0.88623046875 0.0048828125 0.00439453125
11 0.677734375 0.83203125 0.00537109375 0.00439453125
11 0.58642578125 0.841796875 0.00537109375 0.00439453125
11 0.58642578125 0.78369140625 0.00537109375 0.00439453125
11 0.58642578125 0.73486328125 0.00537109375 0.00439453125
11 0.58642578125 0.9189453125 0.00537109375 0.00439453125
11 0.58642578125 0.89599609375 0.00537109375 0.00439453125
11 0.576171875 0.9169921875 0.00537109375 0.00439453125
11 0.576171875 0.89404296875 0.00537109375 0.00439453125
11 0.576171875 0.83984375 0.00537109375 0.0048828125
11 0.576171875 0.78125 0.00537109375 0.0048828125
11 0.576171875 0.73291015625 0.00537109375 0.00439453125
11 0.56591796875 0.837890625 0.00537109375 0.00439453125
11 0.56591796875 0.89208984375 0.00537109375 0.00439453125
11 0.56591796875 0.73095703125 0.00537109375 0.00439453125
11 0.6298828125 0.9130859375 0.00537109375 0.0048828125
11 0.6298828125 0.89013671875 0.00537109375 0.00439453125
11 0.6298828125 0.83984375 0.00537109375 0.0048828125
11 0.56591796875 0.779296875 0.00537109375 0.00439453125
11 0.6298828125 0.77783203125 0.00537109375 0.00439453125
11 0.6298828125 0.72900390625 0.00537109375 0.00439453125
11 0.60595703125 0.78564453125 0.00537109375 0.0048828125
11 0.60595703125 0.9208984375 0.00537109375 0.00439453125
11 0.60595703125 0.89794921875 0.00537109375 0.0048828125
11 0.60595703125 0.84375 0.00537109375 0.0048828125
11 0.60595703125 0.73681640625 0.00537109375 0.0048828125
11 0.56591796875 0.9150390625 0.00537109375 0.00439453125
8 0.81103515625 0.794921875 0.00439453125 0.01171875
11 0.8115234375 0.9228515625 0.00537109375 0.0048828125
11 0.8115234375 0.87255859375 0.00537109375 0.00439453125
11 0.8115234375 0.8359375 0.00537109375 0.00439453125
11 0.8115234375 0.78759765625 0.00537109375 0.00439453125
15 0.81103515625 0.7392578125 0.0048828125 0.00732421875
11 0.77587890625 0.9189453125 0.00537109375 0.00439453125
11 0.77587890625 0.89599609375 0.00537109375 0.00439453125
11 0.77587890625 0.841796875 0.00537109375 0.00439453125
11 0.77587890625 0.78369140625 0.00537109375 0.00439453125
11 0.77587890625 0.73486328125 0.00537109375 0.00439453125
11 0.7958984375 0.9208984375 0.00537109375 0.00439453125
11 0.7958984375 0.89794921875 0.00537109375 0.0048828125
11 0.7958984375 0.84375 0.00537109375 0.0048828125
11 0.7958984375 0.78564453125 0.00537109375 0.0048828125
11 0.7958984375 0.73681640625 0.00537109375 0.0048828125
8 0.81103515625 0.84326171875 0.00439453125 0.01171875
22 0.50244140625 0.736328125 0.00537109375 0.00244140625
22 0.5400390625 0.736328125 0.00537109375 0.00244140625
8 0.81103515625 0.9306640625 0.00439453125 0.01171875
8 0.81103515625 0.88037109375 0.00439453125 0.01171875
11 0.7412109375 0.9111328125 0.00537109375 0.00439453125
11 0.7412109375 0.88818359375 0.00537109375 0.0048828125
11 0.7412109375 0.833984375 0.00537109375 0.00439453125
11 0.7412109375 0.775390625 0.00537109375 0.00439453125
11 0.7412109375 0.72705078125 0.00537109375 0.0048828125
11 0.73095703125 0.9091796875 0.00537109375 0.0048828125
11 0.73095703125 0.88623046875 0.00537109375 0.00439453125
11 0.73095703125 0.83203125 0.00537109375 0.00439453125
11 0.73095703125 0.7734375 0.00537109375 0.00439453125
11 0.73095703125 0.72509765625 0.00537109375 0.00439453125
11 0.75830078125 0.9150390625 0.00537109375 0.00439453125
11 0.75830078125 0.89208984375 0.00537109375 0.00439453125
11 0.75830078125 0.837890625 0.00537109375 0.00439453125
11 0.75830078125 0.779296875 0.00537109375 0.00439453125
11 0.75830078125 0.73095703125 0.00537109375 0.00439453125
11 0.765625 0.9169921875 0.00537109375 0.00439453125
11 0.765625 0.89404296875 0.00537109375 0.00439453125
11 0.765625 0.83984375 0.00537109375 0.0048828125
11 0.765625 0.78125 0.00537109375 0.0048828125
11 0.765625 0.73291015625 0.00537109375 0.00439453125
11 0.748046875 0.9130859375 0.00537109375 0.0048828125
11 0.748046875 0.89013671875 0.00537109375 0.00439453125
11 0.748046875 0.8359375 0.00537109375 0.00439453125
11 0.748046875 0.77783203125 0.00537109375 0.00439453125
11 0.748046875 0.72900390625 0.00537109375 0.00439453125
11 0.29931640625 0.88623046875 0.00537109375 0.00439453125
11 0.29931640625 0.83203125 0.00537109375 0.00439453125
11 0.29931640625 0.77783203125 0.00537109375 0.00439453125
11 0.29931640625 0.72900390625 0.00537109375 0.00439453125
11 0.318359375 0.9111328125 0.00537109375 0.00439453125
11 0.318359375 0.88427734375 0.00537109375 0.00439453125
11 0.318359375 0.830078125 0.00537109375 0.0048828125
11 0.318359375 0.775390625 0.00537109375 0.00439453125
11 0.318359375 0.72705078125 0.00537109375 0.0048828125
11 0.2890625 0.88623046875 0.00537109375 0.00439453125
11 0.2890625 0.83203125 0.00537109375 0.00439453125
11 0.2890625 0.77783203125 0.00537109375 0.00439453125
11 0.2890625 0.72900390625 0.00537109375 0.00439453125
11 0.373046875 0.9130859375 0.00537109375 0.0048828125
11 0.373046875 0.88623046875 0.00537109375 0.00439453125
11 0.373046875 0.77783203125 0.00537109375 0.00439453125
11 0.373046875 0.72900390625 0.00537109375 0.00439453125
11 0.345703125 0.9111328125 0.00537109375 0.00439453125
11 0.345703125 0.88427734375 0.00537109375 0.00439453125
11 0.345703125 0.830078125 0.00537109375 0.0048828125
11 0.345703125 0.775390625 0.00537109375 0.00439453125
11 0.345703125 0.72705078125 0.00537109375 0.0048828125
11 0.216796875 0.89013671875 0.00537109375 0.00439453125
11 0.216796875 0.8359375 0.00537109375 0.00439453125
11 0.216796875 0.78125 0.00537109375 0.0048828125
11 0.216796875 0.73291015625 0.00537109375 0.00439453125
11 0.22705078125 0.89013671875 0.00537109375 0.00439453125
11 0.22705078125 0.8359375 0.00537109375 0.00439453125
11 0.22705078125 0.78125 0.00537109375 0.0048828125
11 0.22705078125 0.73291015625 0.00537109375 0.00439453125
10 0.189453125 0.78662109375 0.0107421875 0.0302734375
10 0.189453125 0.73828125 0.0107421875 0.0302734375
10 0.189453125 0.8349609375 0.0107421875 0.0302734375
11 0.2060546875 0.9169921875 0.00537109375 0.00439453125
11 0.2060546875 0.89404296875 0.00537109375 0.00439453125
11 0.2060546875 0.845703125 0.00537109375 0.00439453125
11 0.2060546875 0.78125 0.00537109375 0.0048828125
11 0.2060546875 0.73291015625 0.00537109375 0.00439453125
1 0.18896484375 0.93115234375 0.01171875 0.013671875
11 0.25244140625 0.89013671875 0.00537109375 0.00439453125
11 0.25244140625 0.8359375 0.00537109375 0.00439453125
11 0.25244140625 0.78125 0.00537109375 0.0048828125
11 0.25244140625 0.73291015625 0.00537109375 0.00439453125
11 0.27880859375 0.9130859375 0.00537109375 0.0048828125
11 0.27880859375 0.89013671875 0.00537109375 0.00439453125
11 0.27880859375 0.841796875 0.00537109375 0.00439453125
11 0.27880859375 0.77783203125 0.00537109375 0.00439453125
11 0.27880859375 0.72900390625 0.00537109375 0.00439453125
11 0.2626953125 0.89013671875 0.00537109375 0.00439453125
11 0.2626953125 0.8359375 0.00537109375 0.00439453125
11 0.24169921875 0.89404296875 0.00537109375 0.00439453125
8 0.24169921875 0.73486328125 0.00390625 0.01171875
11 0.24169921875 0.9169921875 0.00537109375 0.00439453125
8 0.24169921875 0.783203125 0.00390625 0.01171875
11 0.24169921875 0.845703125 0.00537109375 0.00439453125
11 0.24169921875 0.775390625 0.00537109375 0.00439453125
11 0.24169921875 0.72705078125 0.00537109375 0.0048828125
11 0.373046875 0.83203125 0.00537109375 0.00439453125
11 0.49072265625 0.9130859375 0.00537109375 0.0048828125
11 0.49072265625 0.89013671875 0.00537109375 0.00439453125
11 0.49072265625 0.83984375 0.00537109375 0.0048828125
11 0.49072265625 0.77783203125 0.00537109375 0.00439453125
9 0.47900390625 0.78369140625 0.00439453125 0.01171875
11 0.474609375 0.79150390625 0.00537109375 0.00439453125
11 0.44482421875 0.9189453125 0.00537109375 0.00439453125
11 0.44482421875 0.89599609375 0.00537109375 0.00439453125
11 0.44482421875 0.841796875 0.00537109375 0.00439453125
11 0.44482421875 0.78369140625 0.00537109375 0.00439453125
11 0.44482421875 0.73486328125 0.00537109375 0.00439453125
11 0.4599609375 0.9208984375 0.00537109375 0.00439453125
11 0.4599609375 0.89794921875 0.00537109375 0.0048828125
11 0.4599609375 0.84375 0.00537109375 0.0048828125
11 0.4599609375 0.78564453125 0.00537109375 0.0048828125
11 0.4599609375 0.73681640625 0.00537109375 0.0048828125
11 0.5283203125 0.9130859375 0.00537109375 0.0048828125
11 0.5283203125 0.89013671875 0.00537109375 0.00439453125
11 0.5283203125 0.83984375 0.00537109375 0.0048828125
11 0.5283203125 0.77783203125 0.00537109375 0.00439453125
9 0.5166015625 0.78369140625 0.00439453125 0.01171875
11 0.51220703125 0.88623046875 0.00537109375 0.00439453125
11 0.51220703125 0.83203125 0.00537109375 0.00439453125
11 0.51220703125 0.79150390625 0.00537109375 0.00439453125
11 0.501953125 0.88623046875 0.00537109375 0.00439453125
11 0.501953125 0.83203125 0.00537109375 0.00439453125
11 0.42431640625 0.9150390625 0.00537109375 0.00439453125
11 0.42431640625 0.89208984375 0.00537109375 0.00439453125
11 0.42431640625 0.837890625 0.00537109375 0.00439453125
11 0.42431640625 0.779296875 0.00537109375 0.00439453125
11 0.42431640625 0.73095703125 0.00537109375 0.00439453125
11 0.400390625 0.83203125 0.00537109375 0.00439453125
11 0.400390625 0.9130859375 0.00537109375 0.0048828125
11 0.400390625 0.88623046875 0.00537109375 0.00439453125
11 0.400390625 0.77783203125 0.00537109375 0.00439453125
11 0.400390625 0.72900390625 0.00537109375 0.00439453125
11 0.4345703125 0.78125 0.00537109375 0.0048828125
11 0.4345703125 0.9169921875 0.00537109375 0.00439453125
11 0.4345703125 0.89404296875 0.00537109375 0.00439453125
11 0.4345703125 0.83984375 0.00537109375 0.0048828125
11 0.4345703125 0.73291015625 0.00537109375 0.00439453125