8 0.5966796875 0.42578125 0.00634765625 0.01806640625
13 0.640625 0.22802734375 0.01123046875 0.0068359375
12 0.63916015625 0.296875 0.0087890625 0.0068359375
12 0.63916015625 0.31787109375 0.0087890625 0.0068359375
13 0.640625 0.41064453125 0.01123046875 0.00732421875
11 0.63916015625 0.134765625 0.00830078125 0.0068359375
8 0.6748046875 0.14990234375 0.00634765625 0.017578125
11 0.6748046875 0.13818359375 0.00830078125 0.0068359375
11 0.6748046875 0.2998046875 0.00830078125 0.0068359375
11 0.6748046875 0.32080078125 0.00830078125 0.00732421875
15 0.66162109375 0.14453125 0.0078125 0.01171875
9 0.681640625 0.2900390625 0.0068359375 0.017578125
21 0.54833984375 0.142578125 0.00634765625 0.0185546875
15 0.564453125 0.29443359375 0.0078125 0.01171875
11 0.57763671875 0.140625 0.00830078125 0.0068359375
11 0.57763671875 0.302734375 0.00830078125 0.0068359375
9 0.515625 0.3115234375 0.0068359375 0.017578125
12 0.52392578125 0.14697265625 0.0087890625 0.0068359375
12 0.52392578125 0.30859375 0.0087890625 0.0068359375
12 0.52392578125 0.32958984375 0.0087890625 0.0068359375
11 0.57763671875 0.32373046875 0.00830078125 0.0068359375
8 0.5966796875 0.14990234375 0.00634765625 0.017578125
9 0.603515625 0.2216796875 0.0068359375 0.017578125
9 0.603515625 0.2900390625 0.0068359375 0.017578125
9 0.603515625 0.30859375 0.0068359375 0.017578125
11 0.59716796875 0.13818359375 0.00830078125 0.0068359375
11 0.59716796875 0.23388671875 0.00830078125 0.0068359375
11 0.59716796875 0.2998046875 0.00830078125 0.0068359375
11 0.59716796875 0.32080078125 0.00830078125 0.00732421875
11 0.59716796875 0.41650390625 0.00830078125 0.00732421875
21 0.783203125 0.142578125 0.00634765625 0.0185546875
9 0.75 0.3056640625 0.0068359375 0.017578125
12 0.7587890625 0.13818359375 0.0087890625 0.0068359375
12 0.7587890625 0.2158203125 0.0087890625 0.0068359375
12 0.7587890625 0.2998046875 0.0087890625 0.0068359375
12 0.7587890625 0.32080078125 0.0087890625 0.0068359375
12 0.7587890625 0.3984375 0.0087890625 0.0068359375
22 0.541015625 0.37646484375 0.00830078125 0.00390625
11 0.7109375 0.2880859375 0.00830078125 0.0068359375
11 0.7109375 0.30859375 0.00830078125 0.0068359375
8 0.71044921875 0.13818359375 0.00634765625 0.01806640625
9 0.71728515625 0.27880859375 0.0068359375 0.017578125
11 0.7109375 0.1259765625 0.00830078125 0.0068359375
9 0.71728515625 0.296875 0.0068359375 0.017578125
11 0.7255859375 0.12890625 0.00830078125 0.00732421875
11 0.7255859375 0.22802734375 0.00830078125 0.0068359375
11 0.68994140625 0.134765625 0.00830078125 0.0068359375
11 0.68994140625 0.296875 0.00830078125 0.0068359375
11 0.68994140625 0.31787109375 0.00830078125 0.0068359375
11 0.7255859375 0.291015625 0.00830078125 0.00732421875
11 0.74365234375 0.134765625 0.00830078125 0.0068359375
11 0.74365234375 0.296875 0.00830078125 0.0068359375
11 0.74365234375 0.31787109375 0.00830078125 0.0068359375
8 0.7431640625 0.14697265625 0.00634765625 0.01806640625
9 0.75 0.28759765625 0.0068359375 0.017578125
11 0.7255859375 0.3115234375 0.00830078125 0.0068359375
11 0.7255859375 0.41064453125 0.00830078125 0.0068359375
9 0.681640625 0.30859375 0.0068359375 0.017578125
11 0.33837890625 0.134765625 0.00830078125 0.0068359375
9 0.330078125 0.30859375 0.0068359375 0.017578125
13 0.33984375 0.22802734375 0.01123046875 0.0068359375
12 0.33837890625 0.296875 0.0087890625 0.0068359375
12 0.33837890625 0.31787109375 0.0087890625 0.0068359375
13 0.33984375 0.41064453125 0.01123046875 0.00732421875
11 0.3232421875 0.13818359375 0.00830078125 0.0068359375
15 0.3232421875 0.2255859375 0.0078125 0.01171875
11 0.3232421875 0.2998046875 0.00830078125 0.0068359375
11 0.3232421875 0.32080078125 0.00830078125 0.00732421875
15 0.3232421875 0.37548828125 0.0078125 0.01171875
8 0.32275390625 0.14990234375 0.00634765625 0.017578125
9 0.330078125 0.2900390625 0.0068359375 0.017578125
11 0.37451171875 0.13818359375 0.00830078125 0.0068359375
11 0.37451171875 0.2998046875 0.00830078125 0.0068359375
11 0.37451171875 0.32080078125 0.00830078125 0.00732421875
8 0.3740234375 0.14990234375 0.00634765625 0.017578125
9 0.380859375 0.2900390625 0.0068359375 0.017578125
9 0.380859375 0.30859375 0.0068359375 0.017578125
15 0.36083984375 0.14453125 0.0078125 0.01171875
19 0.28662109375 0.22314453125 0.00830078125 0.00390625
1 0.24365234375 0.22265625 0.017578125 0.02099609375
21 0.28515625 0.29248046875 0.00634765625 0.01806640625
21 0.28515625 0.31640625 0.00634765625 0.0185546875
10 0.244140625 0.30419921875 0.0166015625 0.0458984375
10 0.244140625 0.142578125 0.0166015625 0.0458984375
19 0.28662109375 0.373046875 0.00830078125 0.00390625
1 0.24365234375 0.384765625 0.017578125 0.02099609375
22 0.3623046875 0.37158203125 0.00390625 0.00634765625
22 0.71240234375 0.37158203125 0.00390625 0.00634765625
22 0.71240234375 0.39599609375 0.00390625 0.00634765625
21 0.28515625 0.142578125 0.00634765625 0.0185546875
11 0.30419921875 0.140625 0.00830078125 0.0068359375
11 0.30419921875 0.302734375 0.00830078125 0.0068359375
11 0.30419921875 0.32373046875 0.00830078125 0.0068359375
13 0.4912109375 0.41650390625 0.01123046875 0.00732421875
11 0.48974609375 0.32080078125 0.00830078125 0.00732421875
8 0.4423828125 0.14697265625 0.00634765625 0.01806640625
9 0.44921875 0.28759765625 0.0068359375 0.017578125
9 0.44921875 0.3056640625 0.0068359375 0.017578125
11 0.48974609375 0.13818359375 0.00830078125 0.0068359375
13 0.4912109375 0.23388671875 0.01123046875 0.0068359375
11 0.48974609375 0.2998046875 0.00830078125 0.0068359375
11 0.5087890625 0.32373046875 0.00830078125 0.0068359375
11 0.5087890625 0.140625 0.00830078125 0.0068359375
11 0.5087890625 0.302734375 0.00830078125 0.0068359375
8 0.50830078125 0.15283203125 0.00634765625 0.01806640625
9 0.515625 0.2919921875 0.0068359375 0.017578125
8 0.40966796875 0.13818359375 0.00634765625 0.01806640625
9 0.41650390625 0.27880859375 0.0068359375 0.017578125
9 0.41650390625 0.296875 0.0068359375 0.017578125
11 0.4248046875 0.12890625 0.00830078125 0.00732421875
11 0.4248046875 0.22802734375 0.00830078125 0.0068359375
11 0.4248046875 0.291015625 0.00830078125 0.00732421875
11 0.4248046875 0.3115234375 0.00830078125 0.0068359375
11 0.4248046875 0.41064453125 0.00830078125 0.0068359375
11 0.38916015625 0.134765625 0.00830078125 0.0068359375
11 0.38916015625 0.296875 0.00830078125 0.0068359375
11 0.38916015625 0.31787109375 0.00830078125 0.0068359375
11 0.41015625 0.1259765625 0.00830078125 0.0068359375
11 0.41015625 0.2880859375 0.00830078125 0.0068359375
11 0.41015625 0.30859375 0.00830078125 0.0068359375
11 0.44287109375 0.134765625 0.00830078125 0.0068359375
11 0.44287109375 0.296875 0.00830078125 0.0068359375
11 0.44287109375 0.31787109375 0.00830078125 0.0068359375
9 0.59423828125 0.7861328125 0.0068359375 0.017578125
11 0.67333984375 0.9072265625 0.00830078125 0.0068359375
9 0.59423828125 0.80517578125 0.0068359375 0.017578125
8 0.58740234375 0.921875 0.00634765625 0.01806640625
11 0.63134765625 0.63134765625 0.00830078125 0.00732421875
12 0.6318359375 0.72412109375 0.0087890625 0.0068359375
12 0.6318359375 0.79345703125 0.0087890625 0.00732421875
12 0.6318359375 0.81396484375 0.0087890625 0.0068359375
12 0.6318359375 0.9072265625 0.0087890625 0.0068359375
15 0.658203125 0.64111328125 0.0078125 0.01171875
11 0.67333984375 0.63720703125 0.00830078125 0.00732421875
11 0.67333984375 0.72412109375 0.00830078125 0.0068359375
11 0.67333984375 0.79931640625 0.00830078125 0.0068359375
11 0.67333984375 0.81982421875 0.00830078125 0.0068359375
21 0.53173828125 0.638671875 0.00634765625 0.01806640625
15 0.55029296875 0.791015625 0.0078125 0.01171875
15 0.55029296875 0.81494140625 0.0078125 0.01171875
9 0.4931640625 0.78857421875 0.0068359375 0.017578125
9 0.4931640625 0.80810546875 0.0068359375 0.017578125
12 0.50244140625 0.64306640625 0.0087890625 0.0068359375
12 0.50244140625 0.80517578125 0.0087890625 0.0068359375
12 0.50244140625 0.826171875 0.0087890625 0.0068359375
11 0.587890625 0.63427734375 0.0078125 0.0068359375
11 0.587890625 0.72998046875 0.0078125 0.0068359375
11 0.587890625 0.79638671875 0.0078125 0.0068359375
11 0.587890625 0.8173828125 0.0078125 0.0068359375
11 0.587890625 0.9130859375 0.0078125 0.0068359375
8 0.58740234375 0.64599609375 0.00634765625 0.017578125
9 0.59423828125 0.71826171875 0.0068359375 0.017578125
11 0.5654296875 0.79931640625 0.00830078125 0.0068359375
11 0.5654296875 0.63720703125 0.00830078125 0.00732421875
11 0.5654296875 0.81982421875 0.00830078125 0.0068359375
21 0.77392578125 0.638671875 0.00634765625 0.01806640625
12 0.744140625 0.79931640625 0.0087890625 0.0068359375
12 0.744140625 0.81982421875 0.0087890625 0.0068359375
12 0.744140625 0.9072265625 0.0087890625 0.0068359375
22 0.5244140625 0.89697265625 0.00830078125 0.00390625
22 0.5244140625 0.87255859375 0.00830078125 0.00390625
12 0.744140625 0.72412109375 0.0087890625 0.0068359375
8 0.6728515625 0.916015625 0.00634765625 0.017578125
11 0.6884765625 0.646484375 0.00830078125 0.0068359375
12 0.68896484375 0.7333984375 0.0087890625 0.00732421875
11 0.6884765625 0.80810546875 0.00830078125 0.00732421875
11 0.6884765625 0.8291015625 0.00830078125 0.00732421875
12 0.68896484375 0.916015625 0.0087890625 0.0068359375
8 0.6728515625 0.6494140625 0.00634765625 0.017578125
9 0.6796875 0.7119140625 0.0068359375 0.017578125
9 0.6796875 0.78857421875 0.0068359375 0.017578125
9 0.6796875 0.80810546875 0.0068359375 0.017578125
11 0.71728515625 0.8173828125 0.00830078125 0.0068359375
11 0.71728515625 0.79638671875 0.00830078125 0.0068359375
12 0.744140625 0.63720703125 0.0087890625 0.00732421875
11 0.71728515625 0.63427734375 0.00830078125 0.0068359375
9 0.2861328125 0.7861328125 0.0068359375 0.017578125
9 0.2861328125 0.80517578125 0.0068359375 0.017578125
8 0.27880859375 0.72412109375 0.00634765625 0.017578125
8 0.27880859375 0.90380859375 0.00634765625 0.017578125
11 0.2958984375 0.63134765625 0.0078125 0.00732421875
13 0.29736328125 0.72412109375 0.01123046875 0.0068359375
11 0.279296875 0.79638671875 0.00830078125 0.0068359375
11 0.279296875 0.63427734375 0.00830078125 0.0068359375
11 0.279296875 0.71240234375 0.00830078125 0.00732421875
12 0.29638671875 0.79345703125 0.0087890625 0.00732421875
11 0.279296875 0.8173828125 0.00830078125 0.0068359375
11 0.279296875 0.89501953125 0.00830078125 0.0068359375
8 0.27880859375 0.64599609375 0.00634765625 0.017578125
11 0.337890625 0.79638671875 0.00830078125 0.0068359375
15 0.32275390625 0.64111328125 0.0078125 0.01171875
11 0.337890625 0.63427734375 0.00830078125 0.0068359375
11 0.337890625 0.8173828125 0.00830078125 0.0068359375
9 0.34423828125 0.7861328125 0.0068359375 0.017578125
12 0.29638671875 0.81396484375 0.0087890625 0.0068359375
13 0.29736328125 0.9072265625 0.01123046875 0.0068359375
10 0.19384765625 0.638671875 0.0166015625 0.0458984375
1 0.193359375 0.71923828125 0.017578125 0.02099609375
10 0.19384765625 0.80078125 0.0166015625 0.0458984375
1 0.193359375 0.88134765625 0.017578125 0.02099609375
22 0.32421875 0.8681640625 0.00390625 0.00634765625
22 0.32421875 0.89208984375 0.00390625 0.00634765625
22 0.7060546875 0.8681640625 0.00390625 0.00634765625
22 0.7060546875 0.89208984375 0.00390625 0.00634765625
11 0.2568359375 0.63720703125 0.00830078125 0.00732421875
11 0.2568359375 0.79931640625 0.00830078125 0.0068359375
11 0.2568359375 0.81982421875 0.00830078125 0.0068359375
21 0.23486328125 0.78857421875 0.00634765625 0.01806640625
21 0.23486328125 0.638671875 0.00634765625 0.01806640625
12 0.236328125 0.71240234375 0.0087890625 0.0068359375
8 0.3369140625 0.64599609375 0.00634765625 0.017578125
21 0.23486328125 0.8125 0.00634765625 0.0185546875
12 0.236328125 0.89501953125 0.0087890625 0.0068359375
11 0.4638671875 0.63427734375 0.00830078125 0.0068359375
13 0.46533203125 0.72998046875 0.01123046875 0.0068359375
11 0.4638671875 0.79638671875 0.00830078125 0.0068359375
11 0.4638671875 0.8173828125 0.00830078125 0.0068359375
13 0.46533203125 0.9130859375 0.01123046875 0.0068359375
11 0.416015625 0.63134765625 0.00830078125 0.00732421875
11 0.416015625 0.79345703125 0.00830078125 0.00732421875
8 0.41552734375 0.64306640625 0.00634765625 0.017578125
9 0.42236328125 0.7841796875 0.0068359375 0.017578125
9 0.42236328125 0.80224609375 0.0068359375 0.017578125
11 0.48681640625 0.63720703125 0.00830078125 0.00732421875
11 0.48681640625 0.79931640625 0.00830078125 0.0068359375
11 0.48681640625 0.81982421875 0.00830078125 0.0068359375
8 0.486328125 0.6494140625 0.00634765625 0.017578125
11 0.416015625 0.81396484375 0.00830078125 0.0068359375
8 0.3779296875 0.63427734375 0.00634765625 0.01806640625
11 0.35400390625 0.81396484375 0.00830078125 0.0068359375
9 0.384765625 0.775390625 0.0068359375 0.017578125
9 0.384765625 0.79296875 0.0068359375 0.017578125
11 0.35400390625 0.79345703125 0.00830078125 0.00732421875
11 0.35400390625 0.63134765625 0.00830078125 0.00732421875
11 0.37841796875 0.6220703125 0.00830078125 0.0068359375
11 0.37841796875 0.7841796875 0.00830078125 0.0068359375
11 0.37841796875 0.80517578125 0.00830078125 0.0068359375
11 0.39453125 0.62548828125 0.00830078125 0.0068359375
9 0.34423828125 0.80517578125 0.0068359375 0.017578125
11 0.39453125 0.72412109375 0.00830078125 0.0068359375
11 0.39453125 0.78759765625 0.00830078125 0.0068359375
11 0.39453125 0.80810546875 0.00830078125 0.00732421875
11 0.39453125 0.9072265625 0.00830078125 0.0068359375