11 0.64892578125 0.05859375 0.00830078125 0.0068359375
11 0.64892578125 0.1435546875 0.00830078125 0.0068359375
11 0.69970703125 0.0615234375 0.00830078125 0.0068359375
21 0.6376953125 0.2060546875 0.00634765625 0.0185546875
9 0.6796875 0.20751953125 0.0068359375 0.017578125
21 0.6884765625 0.2060546875 0.00634765625 0.0185546875
11 0.6611328125 0.0615234375 0.00830078125 0.0068359375
11 0.6611328125 0.146484375 0.00830078125 0.00732421875
11 0.67333984375 0.05859375 0.00830078125 0.0068359375
11 0.67333984375 0.1435546875 0.00830078125 0.0068359375
11 0.67333984375 0.21923828125 0.00830078125 0.0068359375
11 0.67333984375 0.2626953125 0.00830078125 0.0068359375
15 0.57666015625 0.080078125 0.0078125 0.01171875
15 0.57666015625 0.14404296875 0.0078125 0.01171875
11 0.5927734375 0.05859375 0.00830078125 0.0068359375
11 0.5927734375 0.1435546875 0.00830078125 0.0068359375
12 0.55126953125 0.05517578125 0.0087890625 0.0068359375
12 0.55126953125 0.140625 0.0087890625 0.0068359375
12 0.55126953125 0.2255859375 0.0087890625 0.0068359375
12 0.55126953125 0.26904296875 0.0087890625 0.0068359375
11 0.62255859375 0.22265625 0.00830078125 0.0068359375
11 0.62255859375 0.265625 0.00830078125 0.0068359375
11 0.62255859375 0.1435546875 0.00830078125 0.0068359375
9 0.62939453125 0.21044921875 0.0068359375 0.017578125
11 0.6044921875 0.0615234375 0.00830078125 0.0068359375
11 0.6044921875 0.146484375 0.00830078125 0.00732421875
11 0.62255859375 0.05859375 0.00830078125 0.0068359375
11 0.810546875 0.0673828125 0.00830078125 0.0068359375
11 0.79833984375 0.1494140625 0.00830078125 0.0068359375
11 0.810546875 0.15234375 0.00830078125 0.00732421875
9 0.77880859375 0.21337890625 0.0068359375 0.017578125
21 0.787109375 0.2060546875 0.00634765625 0.0185546875
11 0.79833984375 0.064453125 0.00830078125 0.00732421875
11 0.72314453125 0.05517578125 0.00830078125 0.0068359375
11 0.72314453125 0.140625 0.00830078125 0.0068359375
11 0.72314453125 0.216796875 0.00830078125 0.0068359375
11 0.72314453125 0.259765625 0.00830078125 0.00732421875
9 0.72998046875 0.20458984375 0.0068359375 0.017578125
11 0.71142578125 0.05859375 0.00830078125 0.0068359375
11 0.71142578125 0.1435546875 0.00830078125 0.0068359375
11 0.755859375 0.0615234375 0.00830078125 0.0068359375
11 0.755859375 0.146484375 0.00830078125 0.00732421875
11 0.77197265625 0.064453125 0.00830078125 0.00732421875
11 0.77197265625 0.1494140625 0.00830078125 0.0068359375
11 0.77197265625 0.2255859375 0.00830078125 0.0068359375
11 0.77197265625 0.26904296875 0.00830078125 0.0068359375
11 0.73974609375 0.05859375 0.00830078125 0.0068359375
11 0.73974609375 0.1435546875 0.00830078125 0.0068359375
21 0.73876953125 0.2060546875 0.0068359375 0.0185546875
11 0.69970703125 0.146484375 0.00830078125 0.00732421875
11 0.33935546875 0.12548828125 0.00830078125 0.0068359375
11 0.33935546875 0.21044921875 0.00830078125 0.0068359375
11 0.33935546875 0.04052734375 0.00830078125 0.0068359375
11 0.36181640625 0.03759765625 0.00830078125 0.0068359375
11 0.36181640625 0.12255859375 0.00830078125 0.0068359375
11 0.36181640625 0.20751953125 0.00830078125 0.0068359375
12 0.36181640625 0.2568359375 0.0087890625 0.0068359375
11 0.3232421875 0.04345703125 0.00830078125 0.0068359375
11 0.3232421875 0.12841796875 0.00830078125 0.0068359375
11 0.3232421875 0.21337890625 0.00830078125 0.00732421875
11 0.38232421875 0.04052734375 0.00830078125 0.0068359375
11 0.38232421875 0.12548828125 0.00830078125 0.0068359375
11 0.38232421875 0.21044921875 0.00830078125 0.0068359375
1 0.193359375 0.20556640625 0.017578125 0.02099609375
1 0.193359375 0.27001953125 0.017578125 0.02099609375
12 0.23828125 0.04345703125 0.0087890625 0.0068359375
12 0.23828125 0.11376953125 0.0087890625 0.0068359375
12 0.23828125 0.19287109375 0.0087890625 0.0068359375
13 0.23974609375 0.2626953125 0.01123046875 0.0068359375
1 0.193359375 0.0771484375 0.017578125 0.02099609375
1 0.193359375 0.1416015625 0.017578125 0.02099609375
12 0.29833984375 0.19287109375 0.0087890625 0.0068359375
11 0.28173828125 0.189453125 0.00830078125 0.0068359375
12 0.29833984375 0.04345703125 0.0087890625 0.0068359375
12 0.29833984375 0.134765625 0.0087890625 0.0068359375
11 0.263671875 0.19580078125 0.00830078125 0.0068359375
12 0.49169921875 0.05517578125 0.0087890625 0.0068359375
12 0.49169921875 0.140625 0.0087890625 0.0068359375
12 0.49169921875 0.2255859375 0.0087890625 0.0068359375
12 0.49169921875 0.26904296875 0.0087890625 0.0068359375
11 0.53466796875 0.052734375 0.00830078125 0.0068359375
11 0.46484375 0.052734375 0.00830078125 0.0068359375
11 0.46484375 0.13720703125 0.00830078125 0.0068359375
11 0.46484375 0.22265625 0.00830078125 0.0068359375
11 0.51708984375 0.05859375 0.00830078125 0.0068359375
11 0.51708984375 0.1435546875 0.00830078125 0.0068359375
11 0.51708984375 0.228515625 0.00830078125 0.00732421875
11 0.42333984375 0.04638671875 0.00830078125 0.0068359375
11 0.42333984375 0.13134765625 0.00830078125 0.00732421875
11 0.42333984375 0.216796875 0.00830078125 0.0068359375
12 0.423828125 0.265625 0.0087890625 0.0068359375
11 0.40283203125 0.04345703125 0.00830078125 0.0068359375
11 0.40283203125 0.12841796875 0.00830078125 0.0068359375
11 0.40283203125 0.21337890625 0.00830078125 0.00732421875
11 0.44384765625 0.04931640625 0.00830078125 0.00732421875
11 0.44384765625 0.134765625 0.00830078125 0.0068359375
11 0.44384765625 0.21923828125 0.00830078125 0.0068359375
11 0.53466796875 0.22265625 0.00830078125 0.0068359375
11 0.53466796875 0.13720703125 0.00830078125 0.0068359375
21 0.62890625 0.5400390625 0.00634765625 0.0185546875
11 0.646484375 0.39501953125 0.00830078125 0.0068359375
11 0.646484375 0.47998046875 0.00830078125 0.0068359375
11 0.60595703125 0.54736328125 0.00830078125 0.0068359375
11 0.60595703125 0.5908203125 0.00830078125 0.0068359375
9 0.61279296875 0.53515625 0.0068359375 0.017578125
11 0.67822265625 0.59375 0.00830078125 0.0068359375
11 0.67822265625 0.55029296875 0.00830078125 0.00732421875
11 0.67822265625 0.47412109375 0.00830078125 0.0068359375
11 0.67822265625 0.38916015625 0.00830078125 0.0068359375
11 0.662109375 0.47705078125 0.00830078125 0.0068359375
11 0.662109375 0.39208984375 0.00830078125 0.0068359375
9 0.53955078125 0.541015625 0.0068359375 0.017578125
11 0.60595703125 0.38623046875 0.00830078125 0.00732421875
11 0.5810546875 0.47998046875 0.00830078125 0.0068359375
11 0.5810546875 0.39208984375 0.00830078125 0.0068359375
11 0.60595703125 0.47705078125 0.00830078125 0.0068359375
21 0.5556640625 0.5400390625 0.00634765625 0.0185546875
11 0.55712890625 0.47705078125 0.00830078125 0.0068359375
11 0.55712890625 0.39208984375 0.00830078125 0.0068359375
11 0.806640625 0.486328125 0.00830078125 0.0068359375
11 0.806640625 0.4013671875 0.00830078125 0.00732421875
11 0.79052734375 0.4833984375 0.00830078125 0.00732421875
11 0.79052734375 0.39794921875 0.00830078125 0.0068359375
11 0.7265625 0.39501953125 0.00830078125 0.0068359375
11 0.7265625 0.47998046875 0.00830078125 0.0068359375
21 0.701171875 0.5400390625 0.00634765625 0.0185546875
11 0.7021484375 0.47705078125 0.00830078125 0.0068359375
11 0.7021484375 0.39208984375 0.00830078125 0.0068359375
9 0.6845703125 0.5380859375 0.0068359375 0.017578125
21 0.7734375 0.5400390625 0.00634765625 0.0185546875
9 0.7568359375 0.54736328125 0.0068359375 0.017578125
11 0.75048828125 0.6025390625 0.00830078125 0.0068359375
11 0.75048828125 0.55908203125 0.00830078125 0.0068359375
11 0.75048828125 0.4833984375 0.00830078125 0.00732421875
11 0.75048828125 0.39794921875 0.00830078125 0.0068359375
11 0.31005859375 0.39794921875 0.00830078125 0.0068359375
11 0.31005859375 0.4833984375 0.00830078125 0.00732421875
11 0.31005859375 0.55322265625 0.00830078125 0.0068359375
11 0.29443359375 0.486328125 0.00830078125 0.0068359375
11 0.29443359375 0.4013671875 0.00830078125 0.00732421875
11 0.3662109375 0.39794921875 0.00830078125 0.0068359375
11 0.3662109375 0.4833984375 0.00830078125 0.00732421875
11 0.35009765625 0.486328125 0.00830078125 0.0068359375
11 0.35009765625 0.4013671875 0.00830078125 0.00732421875
21 0.33349609375 0.5400390625 0.00634765625 0.0185546875
9 0.31689453125 0.541015625 0.0068359375 0.017578125
1 0.193359375 0.47509765625 0.017578125 0.02099609375
1 0.193359375 0.53955078125 0.017578125 0.02099609375
1 0.193359375 0.603515625 0.017578125 0.02099609375
1 0.193359375 0.4111328125 0.017578125 0.02099609375
21 0.26123046875 0.5400390625 0.00634765625 0.0185546875
9 0.24462890625 0.541015625 0.0068359375 0.017578125
11 0.2783203125 0.39794921875 0.00830078125 0.0068359375
11 0.2783203125 0.4833984375 0.00830078125 0.00732421875
12 0.23828125 0.5966796875 0.0087890625 0.0068359375
11 0.23828125 0.55322265625 0.00830078125 0.0068359375
11 0.23828125 0.4833984375 0.00830078125 0.00732421875
11 0.23828125 0.39794921875 0.00830078125 0.0068359375
9 0.45947265625 0.55029296875 0.0068359375 0.017578125
21 0.47607421875 0.5400390625 0.00634765625 0.0185546875
11 0.4931640625 0.39208984375 0.00830078125 0.0068359375
11 0.4931640625 0.47705078125 0.00830078125 0.0068359375
11 0.453125 0.60546875 0.00830078125 0.0068359375
11 0.453125 0.56201171875 0.00830078125 0.0068359375
11 0.453125 0.4833984375 0.00830078125 0.00732421875
11 0.453125 0.39794921875 0.00830078125 0.0068359375
11 0.53271484375 0.55322265625 0.00830078125 0.0068359375
11 0.53271484375 0.39208984375 0.00830078125 0.0068359375
11 0.53271484375 0.47705078125 0.00830078125 0.0068359375
11 0.53271484375 0.599609375 0.00830078125 0.0068359375
11 0.38232421875 0.39501953125 0.00830078125 0.0068359375
11 0.50927734375 0.47998046875 0.00830078125 0.0068359375
11 0.50927734375 0.39501953125 0.00830078125 0.0068359375
21 0.4052734375 0.5400390625 0.00634765625 0.0185546875
11 0.40625 0.47705078125 0.00830078125 0.0068359375
11 0.40625 0.39208984375 0.00830078125 0.0068359375
9 0.388671875 0.5439453125 0.0068359375 0.017578125
11 0.38232421875 0.47998046875 0.00830078125 0.0068359375
11 0.38232421875 0.55615234375 0.00830078125 0.0068359375
11 0.4287109375 0.486328125 0.00830078125 0.0068359375
11 0.38232421875 0.599609375 0.00830078125 0.0068359375
11 0.4287109375 0.4013671875 0.00830078125 0.00732421875
8 0.49267578125 0.880859375 0.00634765625 0.017578125
9 0.61962890625 0.74072265625 0.0068359375 0.017578125
11 0.61279296875 0.7529296875 0.00830078125 0.00732421875
11 0.61279296875 0.869140625 0.00830078125 0.0068359375
9 0.65478515625 0.74072265625 0.0068359375 0.017578125
11 0.6484375 0.7529296875 0.00830078125 0.00732421875
11 0.6484375 0.869140625 0.00830078125 0.0068359375
8 0.64794921875 0.880859375 0.00634765625 0.017578125
11 0.6640625 0.74072265625 0.00830078125 0.0068359375
12 0.66455078125 0.82568359375 0.0087890625 0.0068359375
8 0.6123046875 0.880859375 0.00634765625 0.017578125
11 0.62890625 0.74072265625 0.00830078125 0.0068359375
11 0.62890625 0.869140625 0.00830078125 0.0068359375
21 0.63720703125 0.8095703125 0.00634765625 0.0185546875
21 0.63720703125 0.93798828125 0.00634765625 0.0185546875
9 0.53466796875 0.74072265625 0.0068359375 0.017578125
12 0.50927734375 0.93603515625 0.0087890625 0.0068359375
11 0.5087890625 0.869140625 0.00830078125 0.0068359375
8 0.52783203125 0.880859375 0.00634765625 0.017578125
11 0.5439453125 0.73193359375 0.0078125 0.0068359375
11 0.5439453125 0.869140625 0.0078125 0.0068359375
11 0.5283203125 0.7529296875 0.00830078125 0.00732421875
11 0.5283203125 0.869140625 0.00830078125 0.0068359375
11 0.59375 0.74072265625 0.00830078125 0.0068359375
11 0.5087890625 0.74072265625 0.00830078125 0.0068359375
8 0.57080078125 0.880859375 0.00634765625 0.017578125
19 0.59375 0.80908203125 0.00830078125 0.00390625
11 0.59375 0.869140625 0.00830078125 0.0068359375
19 0.59375 0.9375 0.00830078125 0.00390625
11 0.57080078125 0.81689453125 0.00830078125 0.0068359375
11 0.5537109375 0.82568359375 0.00830078125 0.0068359375
11 0.57080078125 0.7529296875 0.00830078125 0.00732421875
11 0.57080078125 0.869140625 0.00830078125 0.0068359375
9 0.57763671875 0.74072265625 0.0068359375 0.017578125
12 0.50927734375 0.82568359375 0.0087890625 0.0068359375
12 0.79638671875 0.72607421875 0.0087890625 0.0068359375
12 0.79638671875 0.7958984375 0.0087890625 0.0068359375
11 0.77392578125 0.72900390625 0.00830078125 0.0068359375
11 0.77392578125 0.7958984375 0.00830078125 0.0068359375
11 0.69921875 0.73193359375 0.00830078125 0.0068359375
9 0.68994140625 0.74072265625 0.0068359375 0.017578125
8 0.68310546875 0.880859375 0.00634765625 0.017578125
11 0.68359375 0.869140625 0.00830078125 0.0068359375
11 0.69921875 0.869140625 0.00830078125 0.0068359375
12 0.66455078125 0.93603515625 0.0087890625 0.0068359375
11 0.708984375 0.82568359375 0.00830078125 0.0068359375
11 0.68359375 0.7529296875 0.00830078125 0.00732421875
8 0.72607421875 0.880859375 0.00634765625 0.017578125
11 0.75146484375 0.73193359375 0.00830078125 0.0068359375
11 0.75146484375 0.7958984375 0.00830078125 0.0068359375
11 0.7265625 0.7529296875 0.00830078125 0.00732421875
11 0.7265625 0.81689453125 0.00830078125 0.0068359375
11 0.7265625 0.869140625 0.00830078125 0.0068359375
11 0.6640625 0.869140625 0.00830078125 0.0068359375
9 0.73291015625 0.74072265625 0.0068359375 0.017578125
9 0.2939453125 0.880859375 0.0068359375 0.017578125
21 0.3017578125 0.87353515625 0.00634765625 0.0185546875
11 0.31298828125 0.73486328125 0.00830078125 0.0068359375
11 0.31298828125 0.81982421875 0.00830078125 0.00732421875
11 0.287109375 0.93603515625 0.00830078125 0.0068359375
11 0.287109375 0.73193359375 0.00830078125 0.0068359375
11 0.287109375 0.81689453125 0.00830078125 0.0068359375
11 0.287109375 0.89306640625 0.00830078125 0.0068359375
11 0.32470703125 0.73193359375 0.00830078125 0.0068359375
11 0.32470703125 0.81689453125 0.00830078125 0.0068359375
11 0.33642578125 0.72900390625 0.00830078125 0.0068359375
11 0.33642578125 0.81396484375 0.00830078125 0.0068359375
11 0.33642578125 0.89013671875 0.00830078125 0.0068359375
11 0.33642578125 0.93310546875 0.00830078125 0.00732421875
1 0.193359375 0.80908203125 0.017578125 0.02099609375
1 0.193359375 0.873046875 0.017578125 0.02099609375
1 0.193359375 0.7451171875 0.017578125 0.02099609375
1 0.193359375 0.9375 0.017578125 0.02099609375
11 0.23828125 0.73193359375 0.00830078125 0.0068359375
11 0.23828125 0.81689453125 0.00830078125 0.0068359375
11 0.23828125 0.88720703125 0.00830078125 0.00732421875
22 0.78076171875 0.87060546875 0.00830078125 0.00390625
22 0.78076171875 0.93505859375 0.00830078125 0.00390625
11 0.263671875 0.73193359375 0.00830078125 0.0068359375
11 0.263671875 0.81689453125 0.00830078125 0.0068359375
21 0.2529296875 0.87353515625 0.00634765625 0.0185546875
11 0.275390625 0.73486328125 0.00830078125 0.0068359375
11 0.275390625 0.81982421875 0.00830078125 0.00732421875
11 0.23828125 0.93017578125 0.00830078125 0.0068359375
9 0.3427734375 0.8779296875 0.0068359375 0.017578125
9 0.24462890625 0.875 0.0068359375 0.017578125
11 0.4384765625 0.74072265625 0.00830078125 0.0068359375
19 0.4384765625 0.80908203125 0.00830078125 0.00390625
11 0.4384765625 0.869140625 0.00830078125 0.0068359375
19 0.4384765625 0.9375 0.00830078125 0.00390625
11 0.45751953125 0.7529296875 0.00830078125 0.00732421875
21 0.482421875 0.8095703125 0.00634765625 0.0185546875
21 0.482421875 0.93798828125 0.00634765625 0.0185546875
11 0.4931640625 0.7529296875 0.00830078125 0.00732421875
11 0.4931640625 0.869140625 0.00830078125 0.0068359375
9 0.49951171875 0.74072265625 0.0068359375 0.017578125
11 0.45751953125 0.869140625 0.00830078125 0.0068359375
9 0.46435546875 0.74072265625 0.0068359375 0.017578125
8 0.45703125 0.880859375 0.00634765625 0.017578125
11 0.4736328125 0.74072265625 0.00830078125 0.0068359375
11 0.4736328125 0.869140625 0.00830078125 0.0068359375
11 0.38232421875 0.81689453125 0.00830078125 0.0068359375
11 0.38232421875 0.73193359375 0.00830078125 0.0068359375
11 0.38232421875 0.88134765625 0.00830078125 0.0068359375
11 0.35205078125 0.72607421875 0.00830078125 0.0068359375
11 0.35205078125 0.81103515625 0.00830078125 0.0068359375
21 0.35107421875 0.87353515625 0.00634765625 0.0185546875
11 0.38232421875 0.92431640625 0.00830078125 0.0068359375
11 0.36669921875 0.73486328125 0.00830078125 0.0068359375
11 0.36669921875 0.81982421875 0.00830078125 0.00732421875
9 0.388671875 0.869140625 0.0068359375 0.017578125
15 0.39794921875 0.8759765625 0.0078125 0.01171875
15 0.41357421875 0.8759765625 0.0078125 0.01171875