21 0.669921875 0.13916015625 0.00634765625 0.0185546875
21 0.669921875 0.08544921875 0.00634765625 0.0185546875
11 0.65283203125 0.0869140625 0.00830078125 0.0068359375
12 0.6875 0.1435546875 0.0087890625 0.0068359375
12 0.6875 0.083984375 0.0087890625 0.0068359375
8 0.5634765625 0.09814453125 0.00634765625 0.017578125
11 0.64013671875 0.083984375 0.00830078125 0.0068359375
15 0.576171875 0.087890625 0.0078125 0.01171875
11 0.60205078125 0.0810546875 0.00830078125 0.0068359375
11 0.5888671875 0.083984375 0.00830078125 0.0068359375
15 0.62744140625 0.087890625 0.0078125 0.01171875
8 0.6142578125 0.0927734375 0.00634765625 0.017578125
12 0.615234375 0.1435546875 0.0087890625 0.0068359375
11 0.61474609375 0.0810546875 0.0078125 0.0068359375
11 0.810546875 0.083984375 0.00830078125 0.0068359375
11 0.7978515625 0.083984375 0.00830078125 0.0068359375
11 0.78515625 0.0869140625 0.00830078125 0.0068359375
11 0.7734375 0.0810546875 0.00830078125 0.0068359375
9 0.7265625 0.0869140625 0.0068359375 0.017578125
13 0.7216796875 0.134765625 0.01123046875 0.00732421875
13 0.7216796875 0.15576171875 0.01123046875 0.00732421875
11 0.72021484375 0.0986328125 0.00830078125 0.0068359375
11 0.7587890625 0.095703125 0.00830078125 0.0068359375
11 0.74755859375 0.08984375 0.00830078125 0.0068359375
15 0.73486328125 0.087890625 0.0078125 0.01171875
11 0.3779296875 0.1435546875 0.00830078125 0.00732421875
13 0.37939453125 0.083984375 0.01123046875 0.00732421875
13 0.37939453125 0.10498046875 0.01123046875 0.0068359375
11 0.35205078125 0.083984375 0.00830078125 0.0068359375
15 0.3388671875 0.087890625 0.0078125 0.01171875
11 0.40478515625 0.1376953125 0.00830078125 0.0068359375
11 0.390625 0.1435546875 0.00830078125 0.00732421875
1 0.24365234375 0.138671875 0.017578125 0.02099609375
13 0.2880859375 0.12255859375 0.01123046875 0.00732421875
13 0.2880859375 0.1435546875 0.01123046875 0.00732421875
10 0.244140625 0.08544921875 0.0166015625 0.0458984375
11 0.28662109375 0.083984375 0.00830078125 0.0068359375
0 0.22607421875 0.11376953125 0.005859375 0.0791015625
11 0.32666015625 0.0810546875 0.00830078125 0.0068359375
11 0.31396484375 0.078125 0.00830078125 0.00732421875
11 0.29931640625 0.083984375 0.00830078125 0.0068359375
15 0.52490234375 0.087890625 0.0078125 0.01171875
11 0.51220703125 0.072265625 0.00830078125 0.0068359375
11 0.49951171875 0.06884765625 0.00830078125 0.0068359375
11 0.48486328125 0.0751953125 0.00830078125 0.0068359375
11 0.56396484375 0.0869140625 0.00830078125 0.0068359375
11 0.44287109375 0.1435546875 0.00830078125 0.00732421875
15 0.4306640625 0.14111328125 0.0078125 0.01171875
11 0.53759765625 0.0751953125 0.00830078125 0.0068359375
12 0.56396484375 0.146484375 0.0087890625 0.0068359375
11 0.41748046875 0.140625 0.00830078125 0.0068359375
13 0.4736328125 0.11376953125 0.01123046875 0.00732421875
13 0.4736328125 0.134765625 0.01123046875 0.00732421875
11 0.47216796875 0.0751953125 0.00830078125 0.0068359375
11 0.62451171875 0.27490234375 0.00830078125 0.0068359375
13 0.6259765625 0.1943359375 0.01123046875 0.00732421875
13 0.6259765625 0.21533203125 0.01123046875 0.00732421875
11 0.60107421875 0.27783203125 0.0078125 0.0068359375
11 0.60107421875 0.22412109375 0.0078125 0.0068359375
11 0.6572265625 0.27490234375 0.00830078125 0.0068359375
11 0.6416015625 0.26904296875 0.00830078125 0.0068359375
11 0.529296875 0.27490234375 0.00830078125 0.0068359375
11 0.55224609375 0.27490234375 0.00830078125 0.0068359375
11 0.55224609375 0.22119140625 0.00830078125 0.0068359375
11 0.5126953125 0.27197265625 0.00830078125 0.0068359375
11 0.58544921875 0.27197265625 0.00830078125 0.0068359375
11 0.58544921875 0.21826171875 0.00830078125 0.0068359375
11 0.5703125 0.26318359375 0.00830078125 0.0068359375
11 0.5703125 0.20947265625 0.00830078125 0.0068359375
12 0.79833984375 0.27490234375 0.0087890625 0.0068359375
12 0.79833984375 0.20947265625 0.0087890625 0.0068359375
21 0.78271484375 0.2705078125 0.0068359375 0.0185546875
21 0.78271484375 0.2109375 0.0068359375 0.0185546875
13 0.697265625 0.27197265625 0.01123046875 0.00732421875
13 0.697265625 0.29296875 0.01123046875 0.00732421875
11 0.69580078125 0.21826171875 0.00830078125 0.0068359375
11 0.6748046875 0.26611328125 0.00830078125 0.00732421875
11 0.73583984375 0.2119140625 0.00830078125 0.0068359375
11 0.76708984375 0.2001953125 0.00830078125 0.00732421875
11 0.75390625 0.2060546875 0.00830078125 0.0068359375
11 0.72509765625 0.2060546875 0.0078125 0.0068359375
11 0.71337890625 0.20947265625 0.00830078125 0.0068359375
11 0.29931640625 0.2060546875 0.00830078125 0.0068359375
11 0.287109375 0.203125 0.00830078125 0.0068359375
11 0.27392578125 0.20947265625 0.00830078125 0.0068359375
12 0.349609375 0.27490234375 0.0087890625 0.0068359375
12 0.32177734375 0.27490234375 0.0087890625 0.0068359375
12 0.32177734375 0.20947265625 0.0087890625 0.0068359375
14 0.3115234375 0.2158203125 0.0087890625 0.01708984375
21 0.2177734375 0.2705078125 0.00634765625 0.0185546875
21 0.2177734375 0.2109375 0.00634765625 0.0185546875
1 0.193359375 0.27001953125 0.017578125 0.02099609375
10 0.19384765625 0.2109375 0.0166015625 0.0458984375
0 0.17529296875 0.2421875 0.005859375 0.0849609375
12 0.26416015625 0.27490234375 0.0087890625 0.0068359375
11 0.263671875 0.20947265625 0.00830078125 0.0068359375
12 0.349609375 0.20947265625 0.0087890625 0.0068359375
12 0.23388671875 0.27490234375 0.0087890625 0.0068359375
12 0.23388671875 0.20947265625 0.0087890625 0.0068359375
11 0.45947265625 0.2119140625 0.00830078125 0.0068359375
11 0.44287109375 0.2119140625 0.00830078125 0.0068359375
11 0.42626953125 0.20947265625 0.00830078125 0.0068359375
11 0.49609375 0.27490234375 0.00830078125 0.0068359375
12 0.49658203125 0.20947265625 0.0087890625 0.0068359375
11 0.48046875 0.27490234375 0.00830078125 0.0068359375
21 0.4794921875 0.2109375 0.00634765625 0.0185546875
11 0.3876953125 0.20947265625 0.00830078125 0.0068359375
12 0.37158203125 0.26904296875 0.0087890625 0.0068359375
11 0.37158203125 0.2119140625 0.00830078125 0.0068359375
13 0.4111328125 0.27197265625 0.01123046875 0.00732421875
13 0.4111328125 0.2509765625 0.01123046875 0.00732421875
11 0.40966796875 0.2060546875 0.00830078125 0.0068359375
11 0.60400390625 0.3466796875 0.00830078125 0.0068359375
15 0.5908203125 0.34423828125 0.0078125 0.01171875
11 0.57763671875 0.337890625 0.00830078125 0.00732421875
11 0.5625 0.34375 0.00830078125 0.0068359375
11 0.6318359375 0.337890625 0.00830078125 0.00732421875
13 0.66455078125 0.3974609375 0.01123046875 0.00732421875
11 0.6630859375 0.33154296875 0.00830078125 0.0068359375
11 0.61767578125 0.34375 0.00830078125 0.0068359375
13 0.55078125 0.38818359375 0.01123046875 0.00732421875
13 0.55078125 0.4091796875 0.01123046875 0.00732421875
11 0.54931640625 0.3466796875 0.0078125 0.0068359375
11 0.53076171875 0.33447265625 0.00830078125 0.0068359375
11 0.51708984375 0.33447265625 0.00830078125 0.0068359375
11 0.490234375 0.33447265625 0.00830078125 0.0068359375
11 0.50244140625 0.34375 0.00830078125 0.0068359375
11 0.75439453125 0.3583984375 0.00830078125 0.0068359375
11 0.7421875 0.3525390625 0.00830078125 0.00732421875
11 0.6767578125 0.33447265625 0.00830078125 0.0068359375
11 0.73046875 0.3466796875 0.00830078125 0.0068359375
11 0.716796875 0.34375 0.00830078125 0.0068359375
11 0.70361328125 0.3408203125 0.00830078125 0.0068359375
11 0.68994140625 0.337890625 0.00830078125 0.00732421875
12 0.2861328125 0.34375 0.0087890625 0.0068359375
13 0.31884765625 0.37939453125 0.01123046875 0.00732421875
13 0.31884765625 0.400390625 0.01123046875 0.0068359375
11 0.31787109375 0.34375 0.00830078125 0.0068359375
12 0.2861328125 0.3974609375 0.0087890625 0.0068359375
15 0.3310546875 0.34423828125 0.0078125 0.01171875
8 0.31689453125 0.35498046875 0.00634765625 0.017578125
18 0.79248046875 0.37646484375 0.00830078125 0.0126953125
1 0.193359375 0.3955078125 0.017578125 0.02099609375
10 0.19384765625 0.34228515625 0.0166015625 0.0458984375
22 0.79248046875 0.39404296875 0.00390625 0.00634765625
18 0.79248046875 0.32275390625 0.00830078125 0.0126953125
22 0.79248046875 0.3408203125 0.00390625 0.00634765625
0 0.17529296875 0.37060546875 0.005859375 0.0791015625
12 0.26025390625 0.38525390625 0.0087890625 0.0068359375
12 0.26025390625 0.35546875 0.0087890625 0.0068359375
13 0.22021484375 0.37939453125 0.01123046875 0.00732421875
13 0.22021484375 0.400390625 0.01123046875 0.0068359375
13 0.22021484375 0.3408203125 0.01123046875 0.0068359375
8 0.4345703125 0.349609375 0.00634765625 0.017578125
13 0.4365234375 0.38232421875 0.01123046875 0.00732421875
13 0.4365234375 0.4033203125 0.01123046875 0.00732421875
11 0.43505859375 0.337890625 0.00830078125 0.00732421875
11 0.416015625 0.33154296875 0.0078125 0.0068359375
11 0.4755859375 0.34375 0.00830078125 0.0068359375
11 0.4619140625 0.3408203125 0.00830078125 0.0068359375
15 0.44873046875 0.34423828125 0.0078125 0.01171875
15 0.38427734375 0.34423828125 0.0078125 0.01171875
11 0.357421875 0.33447265625 0.00830078125 0.0068359375
8 0.37060546875 0.349609375 0.00634765625 0.017578125
11 0.37109375 0.337890625 0.00830078125 0.00732421875
11 0.40283203125 0.33154296875 0.00830078125 0.0068359375
11 0.34423828125 0.33447265625 0.00830078125 0.0068359375
22 0.50830078125 0.5224609375 0.1689453125 0.01220703125
0 0.17529296875 0.49560546875 0.005859375 0.0791015625
22 0.50830078125 0.46875 0.1689453125 0.0126953125
18 0.50830078125 0.4482421875 0.00830078125 0.01220703125
18 0.50830078125 0.501953125 0.00830078125 0.0126953125
10 0.19384765625 0.46728515625 0.0166015625 0.0458984375
1 0.193359375 0.5205078125 0.017578125 0.02099609375