11 0.6943359375 0.22314453125 0.00927734375 0.00830078125
11 0.6943359375 0.2294921875 0.00927734375 0.0078125
11 0.6943359375 0.16552734375 0.00927734375 0.0078125
11 0.6943359375 0.16552734375 0.00927734375 0.0078125
11 0.712890625 0.15234375 0.00927734375 0.00830078125
14 0.7255859375 0.146484375 0.009765625 0.01904296875
11 0.62548828125 0.17578125 0.00927734375 0.00830078125
9 0.63232421875 0.162109375 0.0078125 0.01953125
15 0.62548828125 0.2568359375 0.0087890625 0.01318359375
15 0.62548828125 0.23046875 0.0087890625 0.01318359375
9 0.61572265625 0.22265625 0.0078125 0.01953125
9 0.61572265625 0.1552734375 0.0078125 0.02001953125
11 0.60888671875 0.23291015625 0.00927734375 0.0078125
11 0.6689453125 0.1689453125 0.00927734375 0.00830078125
11 0.6689453125 0.1787109375 0.00927734375 0.0078125
21 0.6484375 0.25439453125 0.00732421875 0.0205078125
21 0.6484375 0.22802734375 0.00732421875 0.0205078125
11 0.6494140625 0.17236328125 0.00927734375 0.0078125
11 0.6494140625 0.1787109375 0.00927734375 0.0078125
14 0.81005859375 0.146484375 0.009765625 0.01904296875
11 0.7548828125 0.15576171875 0.00927734375 0.0078125
11 0.73828125 0.22314453125 0.00927734375 0.00830078125
11 0.73828125 0.23974609375 0.00927734375 0.00830078125
11 0.73828125 0.162109375 0.00927734375 0.0078125
11 0.73828125 0.15234375 0.00927734375 0.00830078125
11 0.79736328125 0.15869140625 0.00927734375 0.0078125
11 0.7802734375 0.22314453125 0.00927734375 0.00830078125
11 0.7802734375 0.236328125 0.00927734375 0.0078125
11 0.7802734375 0.16552734375 0.00927734375 0.0078125
11 0.7802734375 0.15576171875 0.00927734375 0.0078125
14 0.767578125 0.1396484375 0.009765625 0.01904296875
11 0.4560546875 0.15576171875 0.00927734375 0.0078125
11 0.46630859375 0.15869140625 0.0087890625 0.0078125
21 0.30078125 0.22802734375 0.00732421875 0.0205078125
1 0.2451171875 0.24072265625 0.01953125 0.0234375
11 0.5009765625 0.15234375 0.00927734375 0.00830078125
10 0.24560546875 0.154296875 0.0185546875 0.05078125
11 0.60888671875 0.1689453125 0.00927734375 0.00830078125
11 0.48681640625 0.15869140625 0.00927734375 0.0078125
11 0.4765625 0.162109375 0.00927734375 0.0078125
11 0.3212890625 0.17578125 0.00927734375 0.00830078125
11 0.439453125 0.15869140625 0.00927734375 0.0078125
5 0.44677734375 0.1474609375 0.0078125 0.0234375
12 0.43994140625 0.236328125 0.009765625 0.0078125
11 0.439453125 0.22314453125 0.00927734375 0.00830078125
11 0.58740234375 0.2294921875 0.00927734375 0.0078125
11 0.58740234375 0.24609375 0.00927734375 0.0078125
11 0.58740234375 0.16552734375 0.00927734375 0.0078125
0 0.22509765625 0.19921875 0.0078125 0.115234375
11 0.56396484375 0.2294921875 0.00927734375 0.0078125
11 0.56396484375 0.16552734375 0.00927734375 0.0078125
11 0.5302734375 0.22314453125 0.00927734375 0.00830078125
11 0.5302734375 0.15869140625 0.00927734375 0.0078125
11 0.513671875 0.2197265625 0.00927734375 0.0078125
11 0.513671875 0.15576171875 0.00927734375 0.0078125
11 0.3017578125 0.17578125 0.00927734375 0.00830078125
11 0.54736328125 0.236328125 0.00927734375 0.0078125
11 0.54736328125 0.2265625 0.00927734375 0.0078125
11 0.54736328125 0.162109375 0.00927734375 0.0078125
11 0.62939453125 0.45263671875 0.00927734375 0.00830078125
11 0.62939453125 0.39990234375 0.00927734375 0.0078125
11 0.66845703125 0.4423828125 0.00927734375 0.0078125
11 0.66845703125 0.44921875 0.00927734375 0.0078125
11 0.66845703125 0.38330078125 0.00927734375 0.0078125
11 0.66845703125 0.39990234375 0.00927734375 0.0078125
11 0.57080078125 0.39990234375 0.00927734375 0.0078125
11 0.57080078125 0.39306640625 0.00927734375 0.0078125
11 0.5419921875 0.4423828125 0.00927734375 0.0078125
11 0.5419921875 0.3896484375 0.00927734375 0.0078125
11 0.5234375 0.38623046875 0.00927734375 0.0078125
11 0.60009765625 0.458984375 0.00927734375 0.00830078125
11 0.60009765625 0.44921875 0.00927734375 0.0078125
11 0.60009765625 0.396484375 0.00927734375 0.0078125
11 0.60009765625 0.40283203125 0.00927734375 0.00830078125
11 0.57080078125 0.44580078125 0.00927734375 0.0078125
11 0.80419921875 0.37646484375 0.0087890625 0.0078125
11 0.78515625 0.3798828125 0.00927734375 0.00830078125
11 0.7080078125 0.44580078125 0.00927734375 0.0078125
11 0.748046875 0.373046875 0.00927734375 0.0078125
11 0.748046875 0.38623046875 0.00927734375 0.0078125
11 0.748046875 0.45263671875 0.00927734375 0.00830078125
11 0.7001953125 0.44921875 0.00927734375 0.0078125
11 0.7080078125 0.3798828125 0.00927734375 0.00830078125
11 0.7080078125 0.396484375 0.00927734375 0.0078125
11 0.7666015625 0.37646484375 0.00927734375 0.0078125
11 0.748046875 0.43603515625 0.00927734375 0.00830078125
15 0.3115234375 0.453125 0.0087890625 0.01318359375
11 0.3115234375 0.40625 0.00927734375 0.0078125
11 0.29296875 0.40966796875 0.00927734375 0.0078125
11 0.27587890625 0.396484375 0.00927734375 0.0078125
11 0.373046875 0.39990234375 0.00927734375 0.0078125
11 0.27587890625 0.40283203125 0.00927734375 0.00830078125
21 0.34765625 0.45068359375 0.0078125 0.0205078125
11 0.34912109375 0.39990234375 0.00927734375 0.0078125
11 0.330078125 0.40283203125 0.0087890625 0.00830078125
1 0.19482421875 0.4638671875 0.01953125 0.0234375
10 0.1953125 0.38818359375 0.0185546875 0.05078125
0 0.1748046875 0.427734375 0.0068359375 0.103515625
11 0.236328125 0.44580078125 0.00927734375 0.0078125
11 0.236328125 0.46923828125 0.00927734375 0.0078125
11 0.236328125 0.39306640625 0.00927734375 0.0078125
11 0.236328125 0.39990234375 0.00927734375 0.0078125
11 0.4658203125 0.3896484375 0.00927734375 0.0078125
11 0.5029296875 0.39306640625 0.00927734375 0.0078125
11 0.490234375 0.396484375 0.00927734375 0.0078125
11 0.47802734375 0.39306640625 0.00927734375 0.0078125
11 0.416015625 0.396484375 0.00927734375 0.0078125
11 0.3916015625 0.396484375 0.00927734375 0.0078125
11 0.4453125 0.39306640625 0.00927734375 0.0078125
5 0.45263671875 0.38134765625 0.0078125 0.02294921875
11 0.4453125 0.44580078125 0.00927734375 0.0078125
12 0.44580078125 0.458984375 0.009765625 0.00830078125
11 0.6416015625 0.67041015625 0.00927734375 0.0078125
15 0.5283203125 0.677734375 0.0087890625 0.0126953125
11 0.62548828125 0.67333984375 0.00927734375 0.0078125
11 0.69091796875 0.67333984375 0.00927734375 0.0078125
11 0.6728515625 0.68017578125 0.00927734375 0.0078125
11 0.6728515625 0.6025390625 0.00927734375 0.0078125
11 0.658203125 0.67333984375 0.00927734375 0.0078125
11 0.70751953125 0.67041015625 0.00927734375 0.0078125
11 0.583984375 0.599609375 0.00927734375 0.00830078125
21 0.55126953125 0.67529296875 0.00732421875 0.0205078125
11 0.552734375 0.609375 0.00927734375 0.0078125
12 0.607421875 0.693359375 0.009765625 0.0078125
11 0.60693359375 0.68017578125 0.00927734375 0.0078125
11 0.60693359375 0.599609375 0.00927734375 0.00830078125
11 0.80712890625 0.6767578125 0.00927734375 0.0078125
11 0.80712890625 0.5927734375 0.00927734375 0.0078125
4 0.73876953125 0.61279296875 0.00830078125 0.02001953125
11 0.755859375 0.6767578125 0.00927734375 0.0078125
11 0.755859375 0.59619140625 0.00927734375 0.0078125
11 0.73876953125 0.68359375 0.00927734375 0.00830078125
11 0.73876953125 0.599609375 0.00927734375 0.00830078125
11 0.72412109375 0.67333984375 0.00927734375 0.0078125
11 0.791015625 0.67041015625 0.00927734375 0.0078125
11 0.791015625 0.599609375 0.00927734375 0.00830078125
11 0.779296875 0.6025390625 0.00927734375 0.0078125
11 0.767578125 0.599609375 0.00927734375 0.00830078125
11 0.3427734375 0.61279296875 0.00927734375 0.0078125
11 0.3544921875 0.61572265625 0.00927734375 0.00830078125
1 0.19482421875 0.68798828125 0.01953125 0.0234375
11 0.33154296875 0.61572265625 0.00927734375 0.00830078125
11 0.3955078125 0.693359375 0.00927734375 0.0078125
11 0.3955078125 0.609375 0.00927734375 0.0078125
10 0.1953125 0.611328125 0.0185546875 0.05078125
11 0.37744140625 0.61572265625 0.00927734375 0.00830078125
15 0.5283203125 0.60009765625 0.0087890625 0.01318359375
11 0.36572265625 0.619140625 0.00927734375 0.0078125
11 0.236328125 0.6025390625 0.00927734375 0.0078125
11 0.26953125 0.609375 0.00927734375 0.0078125
11 0.236328125 0.67333984375 0.00927734375 0.0078125
11 0.2529296875 0.60595703125 0.00927734375 0.0078125
11 0.236328125 0.66015625 0.00927734375 0.0078125
11 0.3017578125 0.66015625 0.00927734375 0.0078125
11 0.3017578125 0.67041015625 0.00927734375 0.0078125
11 0.3017578125 0.61572265625 0.00927734375 0.00830078125
11 0.28564453125 0.61279296875 0.00927734375 0.0078125
11 0.470703125 0.67333984375 0.00927734375 0.0078125
11 0.470703125 0.68359375 0.00927734375 0.00830078125
11 0.470703125 0.619140625 0.00927734375 0.0078125
11 0.470703125 0.6259765625 0.00927734375 0.0078125
8 0.50341796875 0.69677734375 0.0068359375 0.02001953125
9 0.5107421875 0.60888671875 0.0078125 0.01953125
11 0.50390625 0.6767578125 0.00927734375 0.0078125
11 0.50390625 0.68359375 0.00927734375 0.00830078125
11 0.50390625 0.62255859375 0.00927734375 0.0078125
0 0.1748046875 0.6513671875 0.0068359375 0.10546875
11 0.42919921875 0.619140625 0.00927734375 0.0078125
11 0.4130859375 0.68701171875 0.00927734375 0.0078125
11 0.4130859375 0.61279296875 0.00927734375 0.0078125
11 0.44580078125 0.67333984375 0.00927734375 0.0078125
11 0.44580078125 0.6259765625 0.00927734375 0.0078125
11 0.42919921875 0.68017578125 0.00927734375 0.0078125
11 0.65771484375 0.9267578125 0.00927734375 0.0078125
11 0.65771484375 0.82373046875 0.00927734375 0.00830078125
11 0.6376953125 0.92333984375 0.0087890625 0.0078125
11 0.6171875 0.919921875 0.00927734375 0.0078125
11 0.70849609375 0.919921875 0.00927734375 0.0078125
11 0.70849609375 0.82373046875 0.00927734375 0.00830078125
11 0.6962890625 0.8271484375 0.00927734375 0.0078125
11 0.68408203125 0.82373046875 0.00927734375 0.00830078125
11 0.671875 0.8203125 0.00927734375 0.0078125
11 0.53662109375 0.919921875 0.00927734375 0.0078125
11 0.51611328125 0.92333984375 0.00927734375 0.0078125
11 0.5966796875 0.92333984375 0.00927734375 0.0078125
11 0.5751953125 0.93017578125 0.00927734375 0.0078125
11 0.5751953125 0.8271484375 0.00927734375 0.0078125
11 0.556640625 0.92333984375 0.00927734375 0.0078125
11 0.80908203125 0.8134765625 0.00927734375 0.0078125
11 0.7373046875 0.9267578125 0.00927734375 0.0078125
11 0.7373046875 0.81689453125 0.00927734375 0.0078125
11 0.72265625 0.8203125 0.00927734375 0.0078125
11 0.7880859375 0.93310546875 0.00927734375 0.00830078125
11 0.7880859375 0.81689453125 0.00927734375 0.0078125
11 0.77587890625 0.8203125 0.00927734375 0.0078125
11 0.763671875 0.81689453125 0.00927734375 0.0078125
11 0.7509765625 0.8134765625 0.0087890625 0.0078125
11 0.3173828125 0.9365234375 0.00927734375 0.0078125
11 0.3173828125 0.8134765625 0.00927734375 0.0078125
11 0.298828125 0.93017578125 0.00927734375 0.0078125
11 0.2802734375 0.919921875 0.00927734375 0.0078125
11 0.359375 0.80712890625 0.00927734375 0.00830078125
11 0.33837890625 0.93017578125 0.00927734375 0.0078125
11 0.33837890625 0.810546875 0.00927734375 0.0078125
1 0.19482421875 0.93798828125 0.01953125 0.0234375
10 0.1953125 0.83544921875 0.0185546875 0.05078125
0 0.17431640625 0.88818359375 0.0078125 0.130859375
11 0.25830078125 0.93017578125 0.00927734375 0.0078125
11 0.359375 0.919921875 0.00927734375 0.0078125
12 0.23681640625 0.943359375 0.009765625 0.0078125
11 0.236328125 0.9365234375 0.00927734375 0.0078125
11 0.236328125 0.810546875 0.00927734375 0.0078125
11 0.46484375 0.9267578125 0.00927734375 0.0078125
11 0.46484375 0.82373046875 0.00927734375 0.00830078125
11 0.44580078125 0.919921875 0.00927734375 0.0078125
11 0.44580078125 0.8203125 0.00927734375 0.0078125
12 0.49462890625 0.943359375 0.009765625 0.0078125
11 0.494140625 0.93017578125 0.00927734375 0.0078125
11 0.494140625 0.82373046875 0.00927734375 0.00830078125
11 0.4033203125 0.8134765625 0.00927734375 0.0078125
11 0.4033203125 0.93310546875 0.00927734375 0.00830078125
11 0.37890625 0.93017578125 0.00927734375 0.0078125
11 0.37890625 0.810546875 0.00927734375 0.0078125
11 0.42431640625 0.9267578125 0.00927734375 0.0078125
11 0.42431640625 0.81689453125 0.00927734375 0.0078125