11 0.630859375 0.0732421875 0.00830078125 0.0068359375
11 0.6484375 0.076171875 0.00830078125 0.0068359375
11 0.6484375 0.064453125 0.00830078125 0.0068359375
11 0.6484375 0.1376953125 0.00830078125 0.00732421875
11 0.6484375 0.2109375 0.00830078125 0.0068359375
11 0.630859375 0.26953125 0.00830078125 0.0068359375
11 0.630859375 0.36669921875 0.00830078125 0.0068359375
11 0.630859375 0.2578125 0.00830078125 0.0068359375
11 0.630859375 0.2138671875 0.00830078125 0.0068359375
11 0.630859375 0.140625 0.00830078125 0.0068359375
11 0.630859375 0.0673828125 0.00830078125 0.0068359375
11 0.67578125 0.0673828125 0.00830078125 0.0068359375
11 0.67578125 0.15234375 0.00830078125 0.0068359375
11 0.67578125 0.2138671875 0.00830078125 0.0068359375
11 0.67578125 0.2724609375 0.00830078125 0.0068359375
11 0.67578125 0.2578125 0.00830078125 0.0068359375
11 0.67578125 0.37255859375 0.00830078125 0.0068359375
11 0.67578125 0.0732421875 0.00830078125 0.0068359375
11 0.5791015625 0.36669921875 0.00830078125 0.0068359375
11 0.5791015625 0.076171875 0.00830078125 0.0068359375
11 0.5791015625 0.064453125 0.00830078125 0.0068359375
11 0.5791015625 0.1376953125 0.00830078125 0.00732421875
11 0.5791015625 0.2109375 0.00830078125 0.0068359375
11 0.56103515625 0.0732421875 0.00830078125 0.0068359375
11 0.56103515625 0.0673828125 0.00830078125 0.0068359375
11 0.56103515625 0.140625 0.00830078125 0.0068359375
11 0.56103515625 0.2138671875 0.00830078125 0.0068359375
11 0.56103515625 0.26953125 0.00830078125 0.0068359375
11 0.56103515625 0.2578125 0.00830078125 0.0068359375
11 0.56103515625 0.37255859375 0.00830078125 0.0068359375
11 0.61328125 0.076171875 0.0078125 0.0068359375
11 0.61328125 0.0703125 0.0078125 0.00732421875
11 0.61328125 0.1435546875 0.0078125 0.0068359375
11 0.61328125 0.216796875 0.0078125 0.0068359375
11 0.595703125 0.0732421875 0.00830078125 0.0068359375
11 0.595703125 0.0673828125 0.00830078125 0.0068359375
11 0.595703125 0.146484375 0.00830078125 0.0068359375
11 0.595703125 0.2138671875 0.00830078125 0.0068359375
11 0.595703125 0.26953125 0.00830078125 0.0068359375
11 0.595703125 0.2578125 0.00830078125 0.0068359375
11 0.595703125 0.37255859375 0.00830078125 0.0068359375
11 0.7861328125 0.36669921875 0.00830078125 0.0068359375
11 0.8037109375 0.0791015625 0.00830078125 0.0068359375
11 0.8037109375 0.064453125 0.00830078125 0.0068359375
11 0.8037109375 0.1376953125 0.00830078125 0.00732421875
11 0.8037109375 0.2109375 0.00830078125 0.0068359375
11 0.7685546875 0.0791015625 0.00830078125 0.0068359375
11 0.7685546875 0.0703125 0.00830078125 0.00732421875
11 0.7685546875 0.1435546875 0.00830078125 0.0068359375
11 0.7685546875 0.216796875 0.00830078125 0.0068359375
11 0.7861328125 0.0732421875 0.00830078125 0.0068359375
11 0.7861328125 0.0673828125 0.00830078125 0.0068359375
11 0.7861328125 0.140625 0.00830078125 0.0068359375
11 0.7861328125 0.2138671875 0.00830078125 0.0068359375
11 0.7861328125 0.2724609375 0.00830078125 0.0068359375
11 0.7861328125 0.2578125 0.00830078125 0.0068359375
11 0.7158203125 0.0732421875 0.00830078125 0.0068359375
11 0.7158203125 0.0673828125 0.00830078125 0.0068359375
11 0.7158203125 0.140625 0.00830078125 0.0068359375
11 0.7158203125 0.2138671875 0.00830078125 0.0068359375
11 0.7158203125 0.2724609375 0.00830078125 0.0068359375
11 0.7158203125 0.2578125 0.00830078125 0.0068359375
11 0.7158203125 0.37255859375 0.00830078125 0.0068359375
11 0.6982421875 0.0791015625 0.0078125 0.0068359375
11 0.6982421875 0.0703125 0.0078125 0.00732421875
11 0.6982421875 0.1435546875 0.0078125 0.0068359375
11 0.6982421875 0.216796875 0.0078125 0.0068359375
11 0.7509765625 0.0732421875 0.00830078125 0.0068359375
11 0.7509765625 0.0673828125 0.00830078125 0.0068359375
11 0.7509765625 0.15234375 0.00830078125 0.0068359375
11 0.7509765625 0.2138671875 0.00830078125 0.0068359375
11 0.7509765625 0.2724609375 0.00830078125 0.0068359375
11 0.7509765625 0.2578125 0.00830078125 0.0068359375
11 0.7509765625 0.37255859375 0.00830078125 0.0068359375
11 0.73388671875 0.0791015625 0.00830078125 0.0068359375
11 0.73388671875 0.064453125 0.00830078125 0.0068359375
11 0.73388671875 0.1376953125 0.00830078125 0.00732421875
11 0.73388671875 0.2109375 0.00830078125 0.0068359375
11 0.73388671875 0.36669921875 0.00830078125 0.0068359375
11 0.30810546875 0.09423828125 0.00830078125 0.0068359375
11 0.30810546875 0.0703125 0.00830078125 0.00732421875
11 0.32568359375 0.09423828125 0.00830078125 0.0068359375
9 0.27783203125 0.216796875 0.0068359375 0.017578125
9 0.27783203125 0.26416015625 0.0068359375 0.017578125
9 0.27783203125 0.36083984375 0.0068359375 0.017578125
11 0.32568359375 0.0703125 0.00830078125 0.00732421875
11 0.29052734375 0.09423828125 0.00830078125 0.0068359375
11 0.29052734375 0.0703125 0.00830078125 0.00732421875
12 0.29052734375 0.146484375 0.0087890625 0.0068359375
12 0.29833984375 0.1435546875 0.0087890625 0.0068359375
12 0.29052734375 0.24072265625 0.0087890625 0.00732421875
12 0.29052734375 0.22900390625 0.0087890625 0.0068359375
12 0.29052734375 0.28759765625 0.0087890625 0.0068359375
12 0.29052734375 0.275390625 0.0087890625 0.0068359375
11 0.29052734375 0.37255859375 0.00830078125 0.0068359375
11 0.36962890625 0.26953125 0.00830078125 0.0068359375
11 0.36962890625 0.37255859375 0.00830078125 0.0068359375
11 0.36962890625 0.2783203125 0.00830078125 0.0068359375
11 0.34326171875 0.09423828125 0.00830078125 0.0068359375
11 0.34326171875 0.0703125 0.00830078125 0.00732421875
11 0.34326171875 0.37255859375 0.00830078125 0.0068359375
9 0.349609375 0.36083984375 0.0068359375 0.017578125
11 0.36962890625 0.09423828125 0.00830078125 0.0068359375
11 0.36962890625 0.0673828125 0.00830078125 0.0068359375
12 0.3701171875 0.146484375 0.0087890625 0.0068359375
12 0.3701171875 0.140625 0.0087890625 0.0068359375
11 0.36962890625 0.23486328125 0.00830078125 0.0068359375
11 0.36962890625 0.22900390625 0.00830078125 0.0068359375
11 0.36962890625 0.29052734375 0.00830078125 0.0068359375
10 0.19384765625 0.20947265625 0.0166015625 0.0458984375
1 0.193359375 0.2734375 0.017578125 0.02099609375
1 0.193359375 0.35595703125 0.017578125 0.02099609375
11 0.21875 0.09423828125 0.00830078125 0.0068359375
11 0.21875 0.0703125 0.00830078125 0.00732421875
12 0.21923828125 0.146484375 0.0087890625 0.0068359375
12 0.22705078125 0.1435546875 0.0087890625 0.0068359375
11 0.21875 0.24072265625 0.00830078125 0.00732421875
11 0.21875 0.22900390625 0.00830078125 0.0068359375
11 0.21875 0.28759765625 0.00830078125 0.0068359375
11 0.21875 0.275390625 0.00830078125 0.0068359375
11 0.21875 0.37255859375 0.00830078125 0.0068359375
0 0.17529296875 0.2431640625 0.00634765625 0.08837890625
10 0.19384765625 0.0625 0.0166015625 0.0458984375
10 0.19384765625 0.13623046875 0.0166015625 0.0458984375
11 0.236328125 0.09423828125 0.00830078125 0.0068359375
11 0.236328125 0.0703125 0.00830078125 0.00732421875
11 0.25390625 0.09423828125 0.00830078125 0.0068359375
11 0.25390625 0.0703125 0.00830078125 0.00732421875
11 0.271484375 0.09423828125 0.00830078125 0.0068359375
11 0.271484375 0.0703125 0.00830078125 0.00732421875
11 0.271484375 0.24072265625 0.00830078125 0.00732421875
11 0.271484375 0.22900390625 0.00830078125 0.0068359375
11 0.271484375 0.28759765625 0.00830078125 0.0068359375
11 0.271484375 0.275390625 0.00830078125 0.0068359375
11 0.271484375 0.37255859375 0.00830078125 0.0068359375
11 0.52099609375 0.2138671875 0.00830078125 0.0068359375
11 0.52099609375 0.0732421875 0.00830078125 0.0068359375
11 0.52099609375 0.0673828125 0.00830078125 0.0068359375
11 0.52099609375 0.146484375 0.00830078125 0.0068359375
11 0.4931640625 0.36083984375 0.00830078125 0.0068359375
11 0.52099609375 0.26953125 0.00830078125 0.0068359375
11 0.52099609375 0.2578125 0.00830078125 0.0068359375
11 0.52099609375 0.37255859375 0.00830078125 0.0068359375
11 0.4765625 0.35498046875 0.0078125 0.0068359375
11 0.45849609375 0.0791015625 0.00830078125 0.0068359375
11 0.45849609375 0.0673828125 0.00830078125 0.0068359375
11 0.4765625 0.076171875 0.0078125 0.0068359375
11 0.4765625 0.0673828125 0.0078125 0.0068359375
11 0.4931640625 0.0732421875 0.00830078125 0.0068359375
11 0.4931640625 0.0673828125 0.00830078125 0.0068359375
11 0.54345703125 0.076171875 0.00830078125 0.0068359375
11 0.54345703125 0.0703125 0.00830078125 0.00732421875
11 0.54345703125 0.1435546875 0.00830078125 0.0068359375
11 0.54345703125 0.216796875 0.00830078125 0.0068359375
11 0.40478515625 0.087890625 0.00830078125 0.0068359375
11 0.40478515625 0.0673828125 0.00830078125 0.0068359375
11 0.40478515625 0.36669921875 0.00830078125 0.0068359375
11 0.38720703125 0.0673828125 0.00830078125 0.0068359375
11 0.42236328125 0.0849609375 0.00830078125 0.0068359375
11 0.42236328125 0.0673828125 0.00830078125 0.0068359375
11 0.42236328125 0.23486328125 0.00830078125 0.0068359375
11 0.42236328125 0.22900390625 0.00830078125 0.0068359375
11 0.42236328125 0.29052734375 0.00830078125 0.0068359375
11 0.42236328125 0.2783203125 0.00830078125 0.0068359375
11 0.42236328125 0.26953125 0.00830078125 0.0068359375
11 0.38720703125 0.0908203125 0.00830078125 0.00732421875
11 0.44140625 0.0673828125 0.00830078125 0.0068359375
12 0.44140625 0.146484375 0.0087890625 0.0068359375
12 0.44140625 0.140625 0.0087890625 0.0068359375
12 0.44140625 0.23486328125 0.0087890625 0.0068359375
12 0.44140625 0.22900390625 0.0087890625 0.0068359375
12 0.44140625 0.29052734375 0.0087890625 0.0068359375
12 0.44140625 0.2783203125 0.0087890625 0.0068359375
12 0.44140625 0.26953125 0.0087890625 0.0068359375
11 0.44140625 0.36083984375 0.00830078125 0.0068359375
9 0.4287109375 0.216796875 0.0068359375 0.017578125
9 0.4287109375 0.259765625 0.0068359375 0.017578125
11 0.44140625 0.08203125 0.00830078125 0.0068359375
11 0.630859375 0.57861328125 0.00830078125 0.00732421875
11 0.630859375 0.71630859375 0.00830078125 0.0068359375
12 0.63134765625 0.63671875 0.0087890625 0.0068359375
12 0.63134765625 0.64306640625 0.0087890625 0.0068359375
11 0.630859375 0.5634765625 0.00830078125 0.0068359375
11 0.61181640625 0.58154296875 0.00830078125 0.0068359375
11 0.5927734375 0.7041015625 0.00830078125 0.0068359375
11 0.5927734375 0.77490234375 0.00830078125 0.0068359375
11 0.5927734375 0.76611328125 0.00830078125 0.0068359375
11 0.5927734375 0.86328125 0.00830078125 0.0068359375
11 0.61181640625 0.5634765625 0.00830078125 0.0068359375
11 0.5927734375 0.71044921875 0.00830078125 0.0068359375
11 0.57421875 0.58740234375 0.00830078125 0.0068359375
11 0.57421875 0.5634765625 0.00830078125 0.0068359375
11 0.5927734375 0.58447265625 0.00830078125 0.0068359375
11 0.5927734375 0.5634765625 0.00830078125 0.0068359375
11 0.5927734375 0.71630859375 0.00830078125 0.0068359375
9 0.486328125 0.7626953125 0.0068359375 0.017578125
9 0.486328125 0.630859375 0.0068359375 0.017578125
9 0.486328125 0.7041015625 0.0068359375 0.017578125
9 0.486328125 0.84521484375 0.0068359375 0.017578125
11 0.50830078125 0.57861328125 0.00830078125 0.00732421875
11 0.50830078125 0.572265625 0.00830078125 0.00732421875
11 0.50830078125 0.64599609375 0.00830078125 0.0068359375
11 0.50830078125 0.71923828125 0.00830078125 0.0068359375
11 0.47998046875 0.71630859375 0.00830078125 0.0068359375
11 0.47998046875 0.57861328125 0.00830078125 0.00732421875
11 0.47998046875 0.5693359375 0.00830078125 0.0068359375
11 0.47998046875 0.64306640625 0.00830078125 0.0068359375
11 0.50830078125 0.7958984375 0.00830078125 0.0068359375
11 0.47998046875 0.7958984375 0.00830078125 0.0068359375
11 0.47998046875 0.77490234375 0.00830078125 0.0068359375
11 0.47998046875 0.85693359375 0.00830078125 0.0068359375
9 0.486328125 0.5576171875 0.0068359375 0.017578125
11 0.55517578125 0.59033203125 0.00830078125 0.0068359375
11 0.55517578125 0.5634765625 0.00830078125 0.0068359375
12 0.5556640625 0.64306640625 0.0087890625 0.0068359375
12 0.5556640625 0.63671875 0.0087890625 0.0068359375
11 0.55517578125 0.71630859375 0.00830078125 0.0068359375
11 0.55517578125 0.71044921875 0.00830078125 0.0068359375
11 0.55517578125 0.7041015625 0.00830078125 0.0068359375
11 0.55517578125 0.77490234375 0.00830078125 0.0068359375
11 0.55517578125 0.76611328125 0.00830078125 0.0068359375
11 0.50830078125 0.77490234375 0.00830078125 0.0068359375
11 0.50830078125 0.85693359375 0.00830078125 0.0068359375
11 0.55517578125 0.869140625 0.00830078125 0.0068359375
19 0.775390625 0.55908203125 0.00830078125 0.00390625
19 0.775390625 0.63232421875 0.00830078125 0.00390625
19 0.775390625 0.70556640625 0.00830078125 0.00390625
19 0.775390625 0.77001953125 0.00830078125 0.00390625
19 0.775390625 0.8525390625 0.00830078125 0.00390625
21 0.74609375 0.55908203125 0.00634765625 0.01806640625
21 0.74609375 0.63232421875 0.00634765625 0.0185546875
21 0.74609375 0.7060546875 0.00634765625 0.0185546875
21 0.74609375 0.7705078125 0.00634765625 0.01806640625
21 0.74609375 0.85302734375 0.00634765625 0.01806640625
11 0.66845703125 0.77490234375 0.00830078125 0.0068359375
11 0.64990234375 0.57568359375 0.00830078125 0.0068359375
11 0.64990234375 0.5634765625 0.00830078125 0.0068359375
11 0.66845703125 0.572265625 0.00830078125 0.00732421875
11 0.66845703125 0.5634765625 0.00830078125 0.0068359375
11 0.66845703125 0.71630859375 0.00830078125 0.0068359375
11 0.66845703125 0.71044921875 0.00830078125 0.0068359375
11 0.66845703125 0.7041015625 0.00830078125 0.0068359375
11 0.66845703125 0.76611328125 0.00830078125 0.0068359375
11 0.66845703125 0.85107421875 0.00830078125 0.00732421875
11 0.630859375 0.7041015625 0.00830078125 0.0068359375
11 0.630859375 0.77490234375 0.00830078125 0.0068359375
11 0.630859375 0.76611328125 0.00830078125 0.0068359375
11 0.630859375 0.85693359375 0.00830078125 0.0068359375
11 0.6875 0.57568359375 0.00830078125 0.0068359375
11 0.6875 0.560546875 0.00830078125 0.0068359375
11 0.630859375 0.71044921875 0.00830078125 0.0068359375
11 0.71728515625 0.57861328125 0.00830078125 0.00732421875
11 0.71728515625 0.5576171875 0.00830078125 0.00732421875
11 0.71728515625 0.65185546875 0.00830078125 0.0068359375
11 0.71728515625 0.630859375 0.00830078125 0.0068359375
11 0.71728515625 0.71923828125 0.00830078125 0.0068359375
11 0.71728515625 0.71337890625 0.00830078125 0.0068359375
11 0.71728515625 0.7041015625 0.00830078125 0.0068359375
11 0.71728515625 0.77490234375 0.00830078125 0.0068359375
11 0.71728515625 0.76318359375 0.00830078125 0.00732421875
11 0.71728515625 0.85693359375 0.00830078125 0.0068359375
11 0.2900390625 0.57568359375 0.00830078125 0.0068359375
11 0.2900390625 0.560546875 0.00830078125 0.0068359375
11 0.2900390625 0.6337890625 0.00830078125 0.0068359375
11 0.2900390625 0.70751953125 0.00830078125 0.00732421875
11 0.2900390625 0.86328125 0.00830078125 0.0068359375
11 0.27099609375 0.5693359375 0.00830078125 0.0068359375
11 0.27099609375 0.5634765625 0.00830078125 0.0068359375
11 0.27099609375 0.63671875 0.00830078125 0.0068359375
11 0.27099609375 0.71044921875 0.00830078125 0.0068359375
11 0.27099609375 0.76904296875 0.00830078125 0.00732421875
11 0.27099609375 0.7568359375 0.00830078125 0.0068359375
11 0.27099609375 0.869140625 0.00830078125 0.0068359375
11 0.32763671875 0.64013671875 0.00830078125 0.00732421875
11 0.32763671875 0.57568359375 0.00830078125 0.0068359375
11 0.32763671875 0.56640625 0.00830078125 0.0068359375
11 0.32763671875 0.71337890625 0.00830078125 0.0068359375
11 0.30810546875 0.869140625 0.00830078125 0.0068359375
11 0.30810546875 0.5693359375 0.00830078125 0.0068359375
11 0.30810546875 0.5634765625 0.00830078125 0.0068359375
11 0.30810546875 0.64892578125 0.00830078125 0.0068359375
11 0.30810546875 0.71044921875 0.00830078125 0.0068359375
11 0.30810546875 0.76904296875 0.00830078125 0.00732421875
11 0.30810546875 0.7568359375 0.00830078125 0.0068359375
10 0.19384765625 0.7060546875 0.0166015625 0.0458984375
1 0.193359375 0.77001953125 0.017578125 0.02099609375
1 0.193359375 0.85205078125 0.017578125 0.02099609375
11 0.2216796875 0.5693359375 0.00830078125 0.0068359375
11 0.2216796875 0.5634765625 0.00830078125 0.0068359375
11 0.2216796875 0.64892578125 0.00830078125 0.0068359375
11 0.2216796875 0.71044921875 0.00830078125 0.0068359375
11 0.2216796875 0.76904296875 0.00830078125 0.00732421875
11 0.2216796875 0.7568359375 0.00830078125 0.0068359375
11 0.2216796875 0.869140625 0.00830078125 0.0068359375
0 0.17529296875 0.73974609375 0.00634765625 0.08837890625
10 0.19384765625 0.55908203125 0.0166015625 0.0458984375
10 0.19384765625 0.63232421875 0.0166015625 0.0458984375
11 0.251953125 0.57568359375 0.00830078125 0.0068359375
11 0.251953125 0.56640625 0.00830078125 0.0068359375
11 0.251953125 0.64013671875 0.00830078125 0.00732421875
11 0.251953125 0.71337890625 0.00830078125 0.0068359375
11 0.43408203125 0.57861328125 0.00830078125 0.00732421875
11 0.43408203125 0.56640625 0.00830078125 0.0068359375
11 0.416015625 0.57861328125 0.00830078125 0.00732421875
11 0.416015625 0.560546875 0.00830078125 0.0068359375
11 0.416015625 0.6337890625 0.00830078125 0.0068359375
11 0.416015625 0.70751953125 0.00830078125 0.00732421875
11 0.416015625 0.85693359375 0.00830078125 0.0068359375
11 0.4580078125 0.57861328125 0.00830078125 0.00732421875
11 0.4580078125 0.5693359375 0.00830078125 0.0068359375
11 0.4580078125 0.64013671875 0.00830078125 0.00732421875
11 0.4580078125 0.71630859375 0.00830078125 0.0068359375
11 0.4580078125 0.85693359375 0.00830078125 0.0068359375
11 0.43408203125 0.64013671875 0.00830078125 0.00732421875
11 0.43408203125 0.71337890625 0.00830078125 0.0068359375
11 0.43408203125 0.7958984375 0.00830078125 0.0068359375
11 0.43408203125 0.77490234375 0.00830078125 0.0068359375
11 0.44140625 0.77490234375 0.00830078125 0.0068359375
11 0.43408203125 0.85693359375 0.00830078125 0.0068359375
11 0.365234375 0.57568359375 0.0078125 0.0068359375
11 0.365234375 0.560546875 0.0078125 0.0068359375
11 0.365234375 0.6337890625 0.0078125 0.0068359375
11 0.365234375 0.70751953125 0.0078125 0.00732421875
11 0.34619140625 0.5693359375 0.00830078125 0.0068359375
11 0.34619140625 0.5634765625 0.00830078125 0.0068359375
11 0.34619140625 0.63671875 0.00830078125 0.0068359375
11 0.34619140625 0.71044921875 0.00830078125 0.0068359375
11 0.34619140625 0.76904296875 0.00830078125 0.00732421875
11 0.34619140625 0.7568359375 0.00830078125 0.0068359375
11 0.34619140625 0.86328125 0.00830078125 0.0068359375
11 0.39306640625 0.77490234375 0.00830078125 0.0068359375
11 0.39306640625 0.5576171875 0.00830078125 0.00732421875
11 0.39306640625 0.57861328125 0.00830078125 0.00732421875
11 0.39306640625 0.630859375 0.00830078125 0.0068359375
11 0.39306640625 0.7041015625 0.00830078125 0.0068359375
11 0.39306640625 0.7958984375 0.00830078125 0.0068359375
11 0.39306640625 0.85693359375 0.00830078125 0.0068359375