11 0.638671875 0.05419921875 0.00830078125 0.0068359375
12 0.60498046875 0.1142578125 0.0087890625 0.0068359375
11 0.638671875 0.169921875 0.00830078125 0.0068359375
11 0.62158203125 0.16650390625 0.00830078125 0.0068359375
11 0.6044921875 0.169921875 0.00830078125 0.0068359375
11 0.68505859375 0.17578125 0.00830078125 0.0068359375
12 0.685546875 0.1171875 0.0087890625 0.0068359375
11 0.68505859375 0.05419921875 0.00830078125 0.0068359375
11 0.6552734375 0.1728515625 0.00830078125 0.0068359375
11 0.5537109375 0.05419921875 0.00830078125 0.0068359375
11 0.5703125 0.17578125 0.00830078125 0.0068359375
11 0.58740234375 0.1728515625 0.00830078125 0.0068359375
12 0.57080078125 0.05126953125 0.0087890625 0.0068359375
11 0.5537109375 0.1787109375 0.00830078125 0.0068359375
11 0.806640625 0.1787109375 0.00830078125 0.0068359375
11 0.806640625 0.05126953125 0.00830078125 0.00732421875
11 0.78955078125 0.17578125 0.00830078125 0.0068359375
11 0.78955078125 0.04833984375 0.00830078125 0.0068359375
11 0.71923828125 0.1728515625 0.00830078125 0.0068359375
12 0.71923828125 0.05712890625 0.0087890625 0.0068359375
11 0.70068359375 0.181640625 0.00830078125 0.00732421875
11 0.771484375 0.1845703125 0.00830078125 0.0068359375
11 0.755859375 0.1787109375 0.00830078125 0.0068359375
12 0.75634765625 0.1201171875 0.0087890625 0.0068359375
11 0.73876953125 0.17578125 0.00830078125 0.0068359375
11 0.33349609375 0.16064453125 0.00830078125 0.00732421875
11 0.33349609375 0.11083984375 0.00830078125 0.0068359375
11 0.31494140625 0.169921875 0.00830078125 0.0068359375
11 0.2998046875 0.16064453125 0.00830078125 0.00732421875
12 0.2998046875 0.03955078125 0.0087890625 0.0068359375
11 0.28271484375 0.16357421875 0.00830078125 0.0068359375
12 0.375 0.04248046875 0.0087890625 0.0068359375
11 0.375 0.16650390625 0.00830078125 0.0068359375
11 0.375 0.11083984375 0.00830078125 0.0068359375
11 0.3505859375 0.16357421875 0.00830078125 0.0068359375
1 0.193359375 0.1826171875 0.017578125 0.02099609375
10 0.19384765625 0.12451171875 0.0166015625 0.0458984375
0 0.17529296875 0.1552734375 0.005859375 0.08349609375
11 0.265625 0.16650390625 0.00830078125 0.0068359375
12 0.26611328125 0.1083984375 0.0087890625 0.0068359375
11 0.24853515625 0.169921875 0.00830078125 0.0068359375
11 0.23193359375 0.1728515625 0.00830078125 0.0068359375
11 0.23193359375 0.12890625 0.00830078125 0.0068359375
12 0.23193359375 0.03662109375 0.0087890625 0.00732421875
11 0.4912109375 0.16357421875 0.0078125 0.0068359375
11 0.4912109375 0.1259765625 0.0078125 0.0068359375
11 0.4912109375 0.04541015625 0.0078125 0.0068359375
11 0.46875 0.16650390625 0.00830078125 0.0068359375
11 0.44677734375 0.169921875 0.00830078125 0.0068359375
11 0.50732421875 0.04833984375 0.00830078125 0.0068359375
11 0.53173828125 0.181640625 0.00830078125 0.00732421875
12 0.53173828125 0.11083984375 0.0087890625 0.0068359375
11 0.53173828125 0.05126953125 0.00830078125 0.00732421875
11 0.50732421875 0.169921875 0.00830078125 0.0068359375
11 0.44677734375 0.1201171875 0.00830078125 0.0068359375
11 0.40869140625 0.16650390625 0.00830078125 0.0068359375
11 0.40869140625 0.1142578125 0.00830078125 0.00732421875
11 0.3916015625 0.169921875 0.00830078125 0.0068359375
11 0.4248046875 0.1171875 0.00830078125 0.0068359375
11 0.4248046875 0.1728515625 0.00830078125 0.0068359375
11 0.60546875 0.37890625 0.00830078125 0.0068359375
11 0.64599609375 0.38818359375 0.00830078125 0.0068359375
11 0.64599609375 0.43798828125 0.00830078125 0.0068359375
11 0.5908203125 0.431640625 0.00830078125 0.0068359375
11 0.619140625 0.3759765625 0.00830078125 0.0068359375
11 0.619140625 0.4345703125 0.00830078125 0.0068359375
11 0.63330078125 0.373046875 0.00830078125 0.0068359375
11 0.51416015625 0.3701171875 0.00830078125 0.0068359375
11 0.5263671875 0.38525390625 0.00830078125 0.0068359375
11 0.5263671875 0.43798828125 0.00830078125 0.0068359375
11 0.48583984375 0.3759765625 0.00830078125 0.0068359375
11 0.5 0.373046875 0.00830078125 0.0068359375
11 0.5 0.44384765625 0.00830078125 0.0068359375
11 0.56884765625 0.3759765625 0.00830078125 0.0068359375
13 0.59228515625 0.29541015625 0.01123046875 0.00732421875
11 0.5908203125 0.3818359375 0.00830078125 0.00732421875
11 0.65966796875 0.38525390625 0.00830078125 0.0068359375
11 0.54052734375 0.3818359375 0.00830078125 0.00732421875
11 0.5546875 0.37890625 0.00830078125 0.0068359375
11 0.5546875 0.4287109375 0.00830078125 0.00732421875
11 0.77880859375 0.38818359375 0.00830078125 0.0068359375
11 0.79296875 0.38525390625 0.00830078125 0.0068359375
11 0.79296875 0.44970703125 0.00830078125 0.00732421875
11 0.751953125 0.3759765625 0.00830078125 0.0068359375
11 0.7646484375 0.39111328125 0.00830078125 0.0068359375
11 0.7646484375 0.4287109375 0.00830078125 0.00732421875
11 0.80712890625 0.3818359375 0.00830078125 0.00732421875
11 0.70947265625 0.38525390625 0.00830078125 0.0068359375
11 0.6884765625 0.37890625 0.00830078125 0.0068359375
13 0.7109375 0.29541015625 0.01123046875 0.00732421875
11 0.70947265625 0.44384765625 0.00830078125 0.0068359375
11 0.67431640625 0.3818359375 0.00830078125 0.00732421875
11 0.67431640625 0.44091796875 0.00830078125 0.0068359375
11 0.7236328125 0.3818359375 0.00830078125 0.00732421875
11 0.73779296875 0.37890625 0.00830078125 0.0068359375
11 0.73779296875 0.43798828125 0.00830078125 0.0068359375
11 0.30419921875 0.30126953125 0.00830078125 0.0068359375
11 0.318359375 0.3046875 0.00830078125 0.00732421875
11 0.2744140625 0.310546875 0.00830078125 0.0068359375
11 0.2744140625 0.37890625 0.00830078125 0.0068359375
11 0.318359375 0.44091796875 0.00830078125 0.0068359375
11 0.28857421875 0.3076171875 0.00830078125 0.0068359375
12 0.28857421875 0.3759765625 0.0087890625 0.0068359375
11 0.28857421875 0.4345703125 0.00830078125 0.0068359375
11 0.3525390625 0.43798828125 0.00830078125 0.0068359375
11 0.33251953125 0.3076171875 0.0078125 0.0068359375
11 0.3525390625 0.310546875 0.00830078125 0.0068359375
11 0.3525390625 0.3759765625 0.00830078125 0.0068359375
1 0.193359375 0.314453125 0.017578125 0.02099609375
10 0.19384765625 0.3779296875 0.0166015625 0.0458984375
1 0.193359375 0.43603515625 0.017578125 0.02099609375
11 0.23193359375 0.3076171875 0.00830078125 0.0068359375
0 0.17529296875 0.40869140625 0.005859375 0.08349609375
11 0.23193359375 0.373046875 0.00830078125 0.0068359375
11 0.26025390625 0.3134765625 0.00830078125 0.0068359375
11 0.26025390625 0.3759765625 0.00830078125 0.0068359375
11 0.26025390625 0.43798828125 0.00830078125 0.0068359375
11 0.23193359375 0.4345703125 0.00830078125 0.0068359375
11 0.24560546875 0.310546875 0.00830078125 0.0068359375
11 0.4375 0.29541015625 0.0078125 0.0068359375
11 0.4375 0.373046875 0.0078125 0.0068359375
11 0.4375 0.44677734375 0.0078125 0.0068359375
11 0.42333984375 0.3701171875 0.00830078125 0.0068359375
11 0.40771484375 0.31640625 0.00830078125 0.0068359375
11 0.40771484375 0.3759765625 0.00830078125 0.0068359375
11 0.40771484375 0.44384765625 0.00830078125 0.0068359375
11 0.45166015625 0.3759765625 0.00830078125 0.0068359375
13 0.47314453125 0.29541015625 0.01123046875 0.00732421875
11 0.4716796875 0.37890625 0.00830078125 0.0068359375
11 0.4716796875 0.44970703125 0.00830078125 0.00732421875
11 0.380859375 0.3818359375 0.00830078125 0.00732421875
11 0.380859375 0.44091796875 0.00830078125 0.0068359375
11 0.380859375 0.3046875 0.00830078125 0.00732421875
11 0.36669921875 0.37890625 0.00830078125 0.0068359375
11 0.36669921875 0.3076171875 0.00830078125 0.0068359375
11 0.39404296875 0.37890625 0.00830078125 0.0068359375
11 0.39404296875 0.310546875 0.00830078125 0.0068359375
11 0.6455078125 0.69970703125 0.00830078125 0.0068359375
12 0.64599609375 0.62939453125 0.0087890625 0.0068359375
11 0.6455078125 0.56640625 0.00830078125 0.0068359375
11 0.61865234375 0.5546875 0.00830078125 0.0068359375
11 0.61865234375 0.70263671875 0.00830078125 0.0068359375
11 0.6328125 0.5517578125 0.00830078125 0.00732421875
12 0.70849609375 0.5634765625 0.0087890625 0.0068359375
11 0.6884765625 0.5576171875 0.00830078125 0.00732421875
11 0.70849609375 0.62939453125 0.00830078125 0.0068359375
11 0.70849609375 0.7119140625 0.00830078125 0.0068359375
11 0.65966796875 0.5634765625 0.00830078125 0.0068359375
11 0.67431640625 0.560546875 0.00830078125 0.0068359375
11 0.67431640625 0.720703125 0.00830078125 0.0068359375
11 0.5556640625 0.7060546875 0.00830078125 0.0068359375
11 0.5556640625 0.5576171875 0.00830078125 0.00732421875
11 0.56982421875 0.5546875 0.00830078125 0.0068359375
11 0.52734375 0.7119140625 0.00830078125 0.0068359375
11 0.59033203125 0.560546875 0.00830078125 0.0068359375
11 0.541015625 0.560546875 0.00830078125 0.0068359375
11 0.60400390625 0.5576171875 0.00830078125 0.00732421875
12 0.59033203125 0.6259765625 0.0087890625 0.0068359375
11 0.59033203125 0.708984375 0.00830078125 0.0068359375
11 0.794921875 0.69970703125 0.00830078125 0.0068359375
11 0.80908203125 0.5634765625 0.00830078125 0.0068359375
11 0.80908203125 0.62939453125 0.00830078125 0.0068359375
11 0.78076171875 0.5693359375 0.00830078125 0.0068359375
11 0.78076171875 0.62353515625 0.00830078125 0.0068359375
11 0.794921875 0.56640625 0.00830078125 0.0068359375
11 0.794921875 0.6259765625 0.00830078125 0.0068359375
11 0.72119140625 0.64697265625 0.00830078125 0.0068359375
11 0.73681640625 0.64111328125 0.00830078125 0.0068359375
11 0.73681640625 0.69091796875 0.00830078125 0.0068359375
11 0.7666015625 0.5634765625 0.00830078125 0.0068359375
11 0.7666015625 0.62939453125 0.00830078125 0.0068359375
11 0.7666015625 0.69677734375 0.00830078125 0.00732421875
11 0.751953125 0.63525390625 0.0078125 0.00732421875
11 0.751953125 0.69384765625 0.0078125 0.0068359375
11 0.3037109375 0.5517578125 0.00830078125 0.00732421875
11 0.3037109375 0.63525390625 0.00830078125 0.00732421875
11 0.318359375 0.5546875 0.00830078125 0.0068359375
11 0.318359375 0.6259765625 0.00830078125 0.0068359375
11 0.318359375 0.69970703125 0.00830078125 0.0068359375
11 0.28857421875 0.548828125 0.00830078125 0.0068359375
11 0.28857421875 0.64111328125 0.00830078125 0.0068359375
11 0.28857421875 0.69677734375 0.00830078125 0.00732421875
11 0.35302734375 0.70263671875 0.00830078125 0.0068359375
11 0.52734375 0.5634765625 0.00830078125 0.0068359375
11 0.3330078125 0.5576171875 0.00830078125 0.00732421875
11 0.35302734375 0.5546875 0.00830078125 0.0068359375
13 0.3544921875 0.62646484375 0.01123046875 0.00732421875
10 0.19384765625 0.630859375 0.0166015625 0.0458984375
1 0.193359375 0.68896484375 0.017578125 0.02099609375
12 0.23193359375 0.548828125 0.0087890625 0.0068359375
11 0.23193359375 0.64111328125 0.00830078125 0.0068359375
11 0.23193359375 0.7119140625 0.00830078125 0.0068359375
0 0.17529296875 0.66162109375 0.005859375 0.083984375
1 0.193359375 0.56787109375 0.017578125 0.02099609375
11 0.26025390625 0.69091796875 0.00830078125 0.0068359375
11 0.27392578125 0.64697265625 0.00830078125 0.0068359375
11 0.27392578125 0.69384765625 0.00830078125 0.0068359375
11 0.24609375 0.63818359375 0.00830078125 0.0068359375
11 0.26025390625 0.63525390625 0.00830078125 0.00732421875
13 0.47314453125 0.62646484375 0.01123046875 0.00732421875
11 0.4716796875 0.7060546875 0.00830078125 0.0068359375
11 0.4716796875 0.5576171875 0.00830078125 0.00732421875
11 0.43701171875 0.5546875 0.00830078125 0.0068359375
11 0.43701171875 0.70263671875 0.00830078125 0.0068359375
11 0.451171875 0.5517578125 0.00830078125 0.00732421875
11 0.5 0.5517578125 0.00830078125 0.00732421875
11 0.5 0.69970703125 0.00830078125 0.0068359375
11 0.51416015625 0.548828125 0.00830078125 0.0068359375
11 0.48583984375 0.5546875 0.00830078125 0.0068359375
11 0.40869140625 0.708984375 0.00830078125 0.0068359375
11 0.40869140625 0.560546875 0.00830078125 0.0068359375
11 0.39599609375 0.5458984375 0.00830078125 0.0068359375
11 0.3671875 0.5517578125 0.00830078125 0.00732421875
11 0.38134765625 0.69677734375 0.00830078125 0.00732421875
11 0.38134765625 0.548828125 0.00830078125 0.0068359375
11 0.4228515625 0.5576171875 0.00830078125 0.00732421875
11 0.62744140625 0.81396484375 0.00830078125 0.0068359375
21 0.609375 0.9423828125 0.00634765625 0.0185546875
11 0.61083984375 0.88232421875 0.00830078125 0.0068359375
11 0.61083984375 0.810546875 0.00830078125 0.0068359375
11 0.64453125 0.94677734375 0.00830078125 0.0068359375
11 0.64453125 0.87646484375 0.00830078125 0.0068359375
11 0.64453125 0.81640625 0.00830078125 0.0068359375
11 0.62744140625 0.87939453125 0.00830078125 0.0068359375
11 0.66162109375 0.81982421875 0.00830078125 0.00732421875
12 0.54052734375 0.94677734375 0.0087890625 0.0068359375
11 0.5400390625 0.87939453125 0.00830078125 0.0068359375
11 0.5400390625 0.810546875 0.00830078125 0.0068359375
11 0.51318359375 0.953125 0.00830078125 0.0068359375
11 0.57373046875 0.88232421875 0.00830078125 0.0068359375
11 0.57373046875 0.810546875 0.00830078125 0.0068359375
11 0.59375 0.8076171875 0.00830078125 0.0068359375
11 0.59375 0.88525390625 0.00830078125 0.0068359375
11 0.55712890625 0.81396484375 0.00830078125 0.0068359375
11 0.787109375 0.958984375 0.00830078125 0.0068359375
11 0.80419921875 0.83154296875 0.00830078125 0.0068359375
11 0.787109375 0.88232421875 0.00830078125 0.0068359375
11 0.787109375 0.82861328125 0.00830078125 0.0068359375
11 0.77001953125 0.82568359375 0.00830078125 0.00732421875
12 0.68603515625 0.958984375 0.0087890625 0.0068359375
11 0.685546875 0.87646484375 0.00830078125 0.0068359375
11 0.685546875 0.82275390625 0.00830078125 0.0068359375
21 0.75244140625 0.9423828125 0.0068359375 0.0185546875
11 0.75341796875 0.88818359375 0.00830078125 0.00732421875
11 0.75341796875 0.82275390625 0.00830078125 0.0068359375
11 0.73681640625 0.81982421875 0.00830078125 0.00732421875
11 0.7197265625 0.88818359375 0.00830078125 0.00732421875
11 0.7197265625 0.81640625 0.00830078125 0.0068359375
11 0.70263671875 0.81982421875 0.00830078125 0.00732421875
11 0.30126953125 0.8076171875 0.00830078125 0.0068359375
11 0.30126953125 0.87060546875 0.00830078125 0.0068359375
11 0.30126953125 0.9560546875 0.00830078125 0.0068359375
11 0.283203125 0.8046875 0.00830078125 0.00732421875
11 0.283203125 0.89111328125 0.00830078125 0.0068359375
11 0.283203125 0.953125 0.00830078125 0.0068359375
11 0.33349609375 0.81640625 0.00830078125 0.0068359375
11 0.33349609375 0.87939453125 0.00830078125 0.0068359375
11 0.33349609375 0.9501953125 0.00830078125 0.00732421875
11 0.31640625 0.81396484375 0.00830078125 0.0068359375
10 0.19384765625 0.8837890625 0.0166015625 0.0458984375
1 0.193359375 0.9423828125 0.017578125 0.02099609375
1 0.193359375 0.82080078125 0.017578125 0.02099609375
0 0.17529296875 0.91455078125 0.005859375 0.083984375
11 0.23193359375 0.81396484375 0.00830078125 0.0068359375
11 0.24853515625 0.8076171875 0.00830078125 0.0068359375
11 0.24853515625 0.89111328125 0.00830078125 0.0068359375
11 0.2666015625 0.8017578125 0.00830078125 0.0068359375
11 0.2666015625 0.89404296875 0.00830078125 0.0068359375
11 0.2666015625 0.9501953125 0.00830078125 0.00732421875
11 0.23193359375 0.9560546875 0.00830078125 0.0068359375
11 0.23193359375 0.88525390625 0.00830078125 0.0068359375
11 0.4375 0.953125 0.00830078125 0.0068359375
11 0.4541015625 0.81982421875 0.00830078125 0.00732421875
11 0.4541015625 0.87939453125 0.00830078125 0.0068359375
11 0.4541015625 0.9560546875 0.00830078125 0.0068359375
11 0.42041015625 0.9501953125 0.00830078125 0.00732421875
11 0.42041015625 0.89111328125 0.00830078125 0.0068359375
11 0.42041015625 0.81396484375 0.00830078125 0.0068359375
9 0.41259765625 0.8779296875 0.0048828125 0.0126953125
9 0.48779296875 0.81298828125 0.0048828125 0.0126953125
11 0.49609375 0.82568359375 0.00830078125 0.00732421875
11 0.49609375 0.87939453125 0.00830078125 0.0068359375
11 0.49609375 0.9501953125 0.00830078125 0.00732421875
11 0.48291015625 0.82275390625 0.005859375 0.0048828125
11 0.47119140625 0.953125 0.00830078125 0.0068359375
11 0.38818359375 0.8046875 0.00830078125 0.00732421875
11 0.38818359375 0.9560546875 0.00830078125 0.0068359375
11 0.38818359375 0.88525390625 0.00830078125 0.0068359375
11 0.40771484375 0.88818359375 0.005859375 0.00537109375
11 0.35009765625 0.953125 0.00830078125 0.0068359375
11 0.35009765625 0.81396484375 0.00830078125 0.0068359375