11 0.6845703125 0.06103515625 0.00830078125 0.0068359375
8 0.646484375 0.07275390625 0.00634765625 0.01806640625
11 0.64697265625 0.10888671875 0.00830078125 0.00732421875
11 0.64697265625 0.11474609375 0.00830078125 0.0068359375
11 0.64697265625 0.1240234375 0.00830078125 0.0068359375
11 0.64697265625 0.06103515625 0.00830078125 0.0068359375
11 0.73046875 0.06103515625 0.00830078125 0.0068359375
11 0.70751953125 0.05810546875 0.00830078125 0.0068359375
11 0.6845703125 0.13916015625 0.00830078125 0.0068359375
11 0.5517578125 0.05810546875 0.00830078125 0.0068359375
11 0.568359375 0.05810546875 0.00830078125 0.0068359375
11 0.60791015625 0.11474609375 0.00830078125 0.0068359375
11 0.60791015625 0.1298828125 0.00830078125 0.00732421875
11 0.568359375 0.1357421875 0.00830078125 0.0068359375
11 0.75390625 0.06396484375 0.00830078125 0.0068359375
11 0.77685546875 0.06103515625 0.00830078125 0.0068359375
11 0.73046875 0.11474609375 0.00830078125 0.0068359375
11 0.73046875 0.1298828125 0.00830078125 0.00732421875
11 0.7998046875 0.05810546875 0.00830078125 0.0068359375
11 0.77685546875 0.10888671875 0.00830078125 0.00732421875
11 0.77685546875 0.11474609375 0.00830078125 0.0068359375
11 0.77685546875 0.1240234375 0.00830078125 0.0068359375
11 0.2861328125 0.15673828125 0.00830078125 0.0068359375
11 0.2861328125 0.0546875 0.00830078125 0.0068359375
11 0.26806640625 0.06103515625 0.005859375 0.00537109375
11 0.36474609375 0.10888671875 0.00830078125 0.00732421875
11 0.36474609375 0.11474609375 0.00830078125 0.0068359375
11 0.36474609375 0.1240234375 0.00830078125 0.0068359375
11 0.52099609375 0.10595703125 0.00830078125 0.0068359375
11 0.25048828125 0.06982421875 0.005859375 0.00537109375
11 0.326171875 0.11474609375 0.00830078125 0.0068359375
11 0.326171875 0.1298828125 0.00830078125 0.00732421875
10 0.19384765625 0.068359375 0.0166015625 0.0458984375
0 0.17529296875 0.1044921875 0.00634765625 0.09423828125
11 0.23291015625 0.07568359375 0.005859375 0.00537109375
11 0.36474609375 0.07275390625 0.00830078125 0.0068359375
1 0.193359375 0.13720703125 0.017578125 0.02099609375
11 0.47314453125 0.1181640625 0.00830078125 0.0068359375
11 0.47314453125 0.126953125 0.00830078125 0.0068359375
11 0.47314453125 0.06689453125 0.00830078125 0.0068359375
11 0.44140625 0.06982421875 0.0078125 0.00732421875
11 0.49609375 0.06396484375 0.00830078125 0.0068359375
11 0.52099609375 0.1181640625 0.00830078125 0.0068359375
11 0.52099609375 0.1240234375 0.00830078125 0.0068359375
11 0.52099609375 0.0546875 0.00830078125 0.0068359375
11 0.3876953125 0.06982421875 0.00830078125 0.00732421875
11 0.41845703125 0.06689453125 0.00830078125 0.0068359375
11 0.41845703125 0.1357421875 0.00830078125 0.0068359375
11 0.6376953125 0.34130859375 0.00830078125 0.0068359375
11 0.703125 0.33837890625 0.00830078125 0.0068359375
11 0.6376953125 0.24560546875 0.00830078125 0.0068359375
11 0.62646484375 0.2490234375 0.005859375 0.00537109375
11 0.68017578125 0.2548828125 0.00830078125 0.00732421875
11 0.53515625 0.3173828125 0.0078125 0.0068359375
11 0.703125 0.251953125 0.00830078125 0.0068359375
11 0.68017578125 0.3056640625 0.00830078125 0.0068359375
11 0.6728515625 0.30859375 0.00830078125 0.0068359375
11 0.68017578125 0.314453125 0.00830078125 0.0068359375
11 0.65771484375 0.30859375 0.00830078125 0.0068359375
11 0.65771484375 0.32666015625 0.00830078125 0.00732421875
11 0.65771484375 0.24560546875 0.00830078125 0.0068359375
11 0.56298828125 0.34130859375 0.00830078125 0.0068359375
11 0.56298828125 0.2490234375 0.00830078125 0.0068359375
8 0.53466796875 0.2578125 0.00634765625 0.01806640625
11 0.53515625 0.30859375 0.0078125 0.0068359375
11 0.61669921875 0.251953125 0.005859375 0.0048828125
11 0.60302734375 0.302734375 0.00830078125 0.0068359375
11 0.60302734375 0.314453125 0.00830078125 0.0068359375
11 0.60302734375 0.3203125 0.00830078125 0.0068359375
11 0.58349609375 0.314453125 0.00830078125 0.0068359375
11 0.58349609375 0.32958984375 0.00830078125 0.0068359375
11 0.7236328125 0.32666015625 0.00830078125 0.00732421875
11 0.7431640625 0.2998046875 0.00830078125 0.0068359375
11 0.7431640625 0.3115234375 0.00830078125 0.00732421875
11 0.7431640625 0.3173828125 0.00830078125 0.0068359375
11 0.7236328125 0.3115234375 0.00830078125 0.00732421875
11 0.76220703125 0.2578125 0.00830078125 0.0068359375
11 0.8046875 0.3056640625 0.00830078125 0.0068359375
11 0.8046875 0.3115234375 0.00830078125 0.00732421875
11 0.8046875 0.3173828125 0.00830078125 0.0068359375
11 0.78173828125 0.3115234375 0.00830078125 0.00732421875
11 0.78173828125 0.32666015625 0.00830078125 0.00732421875
11 0.76220703125 0.34423828125 0.00830078125 0.0068359375
11 0.30810546875 0.3203125 0.00830078125 0.0068359375
11 0.32275390625 0.2490234375 0.00830078125 0.0068359375
11 0.30810546875 0.3056640625 0.00830078125 0.0068359375
11 0.30810546875 0.3115234375 0.00830078125 0.00732421875
11 0.30810546875 0.2578125 0.00830078125 0.0068359375
11 0.29443359375 0.2548828125 0.00830078125 0.00732421875
11 0.37060546875 0.32666015625 0.00830078125 0.00732421875
11 0.37060546875 0.24560546875 0.00830078125 0.0068359375
11 0.53515625 0.3232421875 0.0078125 0.0068359375
11 0.357421875 0.2431640625 0.00830078125 0.0068359375
11 0.34228515625 0.33837890625 0.00830078125 0.0068359375
11 0.34228515625 0.251953125 0.00830078125 0.0068359375
11 0.24169921875 0.33837890625 0.00830078125 0.0068359375
11 0.24169921875 0.24560546875 0.00830078125 0.0068359375
1 0.193359375 0.33349609375 0.017578125 0.02099609375
10 0.19384765625 0.25927734375 0.0166015625 0.0458984375
0 0.17529296875 0.2978515625 0.00634765625 0.099609375
11 0.2734375 0.3115234375 0.00830078125 0.00732421875
11 0.2734375 0.32666015625 0.00830078125 0.00732421875
11 0.2734375 0.2578125 0.00830078125 0.0068359375
11 0.26025390625 0.2607421875 0.00830078125 0.0068359375
11 0.455078125 0.314453125 0.00830078125 0.0068359375
11 0.455078125 0.32958984375 0.00830078125 0.0068359375
11 0.43603515625 0.35009765625 0.00830078125 0.0068359375
11 0.43603515625 0.23974609375 0.00830078125 0.0068359375
9 0.423828125 0.23583984375 0.00927734375 0.01611328125
11 0.53515625 0.24560546875 0.0078125 0.0068359375
11 0.51611328125 0.3173828125 0.00830078125 0.0068359375
11 0.51611328125 0.32958984375 0.00830078125 0.0068359375
11 0.4951171875 0.35009765625 0.00830078125 0.0068359375
11 0.4951171875 0.2431640625 0.00830078125 0.0068359375
11 0.4775390625 0.3115234375 0.00830078125 0.00732421875
11 0.47021484375 0.314453125 0.00830078125 0.0068359375
11 0.4775390625 0.3203125 0.00830078125 0.0068359375
11 0.3974609375 0.2998046875 0.00830078125 0.0068359375
11 0.3974609375 0.3115234375 0.00830078125 0.00732421875
11 0.3974609375 0.3173828125 0.00830078125 0.0068359375
11 0.3974609375 0.23681640625 0.00830078125 0.0068359375
11 0.419921875 0.24609375 0.005859375 0.00537109375
11 0.38427734375 0.23388671875 0.00830078125 0.00732421875
11 0.37060546875 0.3115234375 0.00830078125 0.00732421875
11 0.41015625 0.24560546875 0.00830078125 0.0068359375
11 0.62939453125 0.5087890625 0.00830078125 0.0068359375
11 0.62939453125 0.51513671875 0.00830078125 0.0068359375
11 0.62939453125 0.52099609375 0.00830078125 0.0068359375
11 0.681640625 0.5087890625 0.00830078125 0.0068359375
11 0.681640625 0.51513671875 0.00830078125 0.0068359375
11 0.681640625 0.52099609375 0.00830078125 0.0068359375
11 0.681640625 0.4482421875 0.00830078125 0.0068359375
11 0.6630859375 0.52978515625 0.00830078125 0.0068359375
11 0.6630859375 0.4453125 0.00830078125 0.0068359375
11 0.64697265625 0.5 0.00830078125 0.0068359375
11 0.64697265625 0.5087890625 0.00830078125 0.0068359375
11 0.64697265625 0.51513671875 0.00830078125 0.0068359375
11 0.53369140625 0.517578125 0.00830078125 0.0068359375
11 0.5498046875 0.52978515625 0.00830078125 0.0068359375
11 0.53369140625 0.5029296875 0.00830078125 0.0068359375
11 0.53369140625 0.5087890625 0.00830078125 0.0068359375
11 0.51611328125 0.5087890625 0.00830078125 0.0068359375
11 0.51611328125 0.52392578125 0.00830078125 0.0068359375
11 0.61181640625 0.55078125 0.00830078125 0.0068359375
11 0.61181640625 0.4482421875 0.00830078125 0.0068359375
11 0.5869140625 0.5029296875 0.00830078125 0.0068359375
11 0.5869140625 0.5087890625 0.00830078125 0.0068359375
11 0.5869140625 0.517578125 0.00830078125 0.0068359375
11 0.5693359375 0.5087890625 0.00830078125 0.0068359375
11 0.5693359375 0.52392578125 0.00830078125 0.0068359375
11 0.80615234375 0.5029296875 0.00830078125 0.0068359375
11 0.80615234375 0.5087890625 0.00830078125 0.0068359375
11 0.80615234375 0.517578125 0.00830078125 0.0068359375
11 0.78857421875 0.5087890625 0.00830078125 0.0068359375
11 0.78857421875 0.52392578125 0.00830078125 0.0068359375
11 0.71630859375 0.55078125 0.00830078125 0.0068359375
12 0.716796875 0.4423828125 0.0087890625 0.0068359375
11 0.69921875 0.5 0.00830078125 0.0068359375
11 0.69921875 0.5087890625 0.00830078125 0.0068359375
11 0.69921875 0.51513671875 0.00830078125 0.0068359375
11 0.69921875 0.4453125 0.00830078125 0.0068359375
11 0.7529296875 0.5087890625 0.00830078125 0.0068359375
11 0.76953125 0.52978515625 0.00830078125 0.0068359375
11 0.7529296875 0.5029296875 0.00830078125 0.0068359375
11 0.7529296875 0.517578125 0.00830078125 0.0068359375
11 0.73583984375 0.5087890625 0.00830078125 0.0068359375
11 0.73583984375 0.52392578125 0.00830078125 0.0068359375
11 0.3125 0.4365234375 0.00830078125 0.00732421875
11 0.29345703125 0.5 0.00830078125 0.0068359375
11 0.29345703125 0.5087890625 0.00830078125 0.0068359375
11 0.29345703125 0.517578125 0.00830078125 0.0068359375
11 0.29345703125 0.43359375 0.00830078125 0.0068359375
11 0.34814453125 0.439453125 0.00830078125 0.0068359375
11 0.33984375 0.5595703125 0.00830078125 0.0068359375
11 0.33154296875 0.4365234375 0.00830078125 0.00732421875
11 0.24169921875 0.53857421875 0.00830078125 0.0068359375
11 0.24169921875 0.45751953125 0.00830078125 0.00732421875
1 0.193359375 0.53076171875 0.017578125 0.02099609375
10 0.19384765625 0.4560546875 0.0166015625 0.0458984375
0 0.17529296875 0.4951171875 0.00634765625 0.1005859375
11 0.2744140625 0.43359375 0.00830078125 0.0068359375
11 0.26513671875 0.5087890625 0.00830078125 0.0068359375
11 0.26513671875 0.52685546875 0.00830078125 0.00732421875
11 0.255859375 0.4306640625 0.00830078125 0.0068359375
11 0.4521484375 0.451171875 0.00830078125 0.00732421875
11 0.4638671875 0.4423828125 0.00830078125 0.0068359375
11 0.44091796875 0.5 0.00830078125 0.0068359375
11 0.44091796875 0.517578125 0.00830078125 0.0068359375
11 0.42041015625 0.4541015625 0.00830078125 0.0068359375
11 0.4970703125 0.55078125 0.00830078125 0.0068359375
12 0.4970703125 0.4482421875 0.0087890625 0.0068359375
11 0.44091796875 0.4541015625 0.00830078125 0.0068359375
11 0.48583984375 0.4482421875 0.00830078125 0.0068359375
11 0.47509765625 0.4453125 0.00830078125 0.0068359375
11 0.3798828125 0.52685546875 0.00830078125 0.00732421875
11 0.3798828125 0.51171875 0.00830078125 0.00732421875
11 0.3798828125 0.46044921875 0.00830078125 0.0068359375
11 0.3681640625 0.439453125 0.00830078125 0.0068359375
11 0.4091796875 0.45751953125 0.00830078125 0.00732421875
11 0.39111328125 0.45751953125 0.00830078125 0.00732421875
11 0.65283203125 0.64599609375 0.00830078125 0.0068359375
11 0.65283203125 0.71826171875 0.00830078125 0.0068359375
11 0.67431640625 0.642578125 0.00830078125 0.0068359375
11 0.67431640625 0.69775390625 0.00830078125 0.00732421875
11 0.63232421875 0.6884765625 0.00830078125 0.0068359375
11 0.63232421875 0.70654296875 0.00830078125 0.0068359375
11 0.63232421875 0.6484375 0.00830078125 0.0068359375
11 0.703125 0.69140625 0.00830078125 0.00732421875
11 0.703125 0.70654296875 0.00830078125 0.0068359375
11 0.703125 0.6484375 0.00830078125 0.0068359375
11 0.67431640625 0.71240234375 0.00830078125 0.00732421875
11 0.68896484375 0.64599609375 0.00830078125 0.0068359375
8 0.56591796875 0.64892578125 0.00634765625 0.017578125
11 0.56640625 0.6884765625 0.00830078125 0.0068359375
11 0.56640625 0.70654296875 0.00830078125 0.0068359375
11 0.56640625 0.63671875 0.00830078125 0.0068359375
11 0.54541015625 0.70068359375 0.00830078125 0.0068359375
11 0.54541015625 0.71533203125 0.00830078125 0.0068359375
11 0.611328125 0.70068359375 0.00830078125 0.0068359375
11 0.611328125 0.71533203125 0.00830078125 0.0068359375
11 0.611328125 0.65185546875 0.00830078125 0.00732421875
11 0.59130859375 0.71826171875 0.00830078125 0.0068359375
11 0.59130859375 0.63671875 0.00830078125 0.0068359375
11 0.80859375 0.630859375 0.00830078125 0.00732421875
11 0.744140625 0.73046875 0.00830078125 0.0068359375
11 0.744140625 0.61865234375 0.00830078125 0.0068359375
9 0.7314453125 0.6357421875 0.00927734375 0.01611328125
11 0.7275390625 0.6455078125 0.005859375 0.00537109375
11 0.71728515625 0.64599609375 0.00830078125 0.0068359375
11 0.79443359375 0.69482421875 0.00830078125 0.0068359375
11 0.787109375 0.69775390625 0.00830078125 0.00732421875
11 0.79443359375 0.70361328125 0.00830078125 0.0068359375
11 0.79443359375 0.6279296875 0.00830078125 0.0068359375
11 0.7802734375 0.625 0.00830078125 0.0068359375
11 0.76611328125 0.69775390625 0.00830078125 0.00732421875
11 0.76611328125 0.71533203125 0.00830078125 0.0068359375
11 0.76611328125 0.62158203125 0.00830078125 0.0068359375
11 0.33154296875 0.69775390625 0.00830078125 0.00732421875
11 0.33154296875 0.70361328125 0.00830078125 0.0068359375
11 0.33154296875 0.70947265625 0.00830078125 0.0068359375
11 0.33154296875 0.64599609375 0.00830078125 0.0068359375
11 0.3173828125 0.642578125 0.00830078125 0.0068359375
11 0.30322265625 0.71826171875 0.00830078125 0.0068359375
11 0.30322265625 0.64599609375 0.00830078125 0.0068359375
11 0.3603515625 0.69775390625 0.00830078125 0.00732421875
11 0.37451171875 0.642578125 0.00830078125 0.0068359375
11 0.3603515625 0.6884765625 0.00830078125 0.0068359375
11 0.3603515625 0.70361328125 0.00830078125 0.0068359375
11 0.3603515625 0.64599609375 0.00830078125 0.0068359375
11 0.345703125 0.642578125 0.00830078125 0.0068359375
10 0.19384765625 0.6533203125 0.0166015625 0.04541015625
11 0.24169921875 0.64599609375 0.00830078125 0.0068359375
1 0.193359375 0.7197265625 0.017578125 0.02099609375
11 0.24169921875 0.7392578125 0.00830078125 0.0068359375
0 0.17529296875 0.68798828125 0.00634765625 0.091796875
11 0.2626953125 0.70947265625 0.00830078125 0.0068359375
11 0.28369140625 0.6884765625 0.00830078125 0.0068359375
11 0.28369140625 0.69775390625 0.00830078125 0.00732421875
11 0.28369140625 0.70361328125 0.00830078125 0.0068359375
11 0.2626953125 0.69775390625 0.00830078125 0.00732421875
11 0.2626953125 0.70361328125 0.00830078125 0.0068359375
11 0.4951171875 0.69140625 0.00830078125 0.00732421875
11 0.4951171875 0.69775390625 0.00830078125 0.00732421875
11 0.4951171875 0.70654296875 0.00830078125 0.0068359375
11 0.4951171875 0.630859375 0.00830078125 0.00732421875
11 0.47412109375 0.69775390625 0.00830078125 0.00732421875
11 0.47412109375 0.71240234375 0.00830078125 0.00732421875
11 0.47412109375 0.6279296875 0.00830078125 0.0068359375
11 0.5244140625 0.71826171875 0.00830078125 0.0068359375
11 0.5244140625 0.6337890625 0.00830078125 0.0068359375
11 0.43212890625 0.69775390625 0.00830078125 0.00732421875
11 0.43212890625 0.70654296875 0.00830078125 0.0068359375
11 0.43212890625 0.64599609375 0.00830078125 0.0068359375
11 0.4111328125 0.69775390625 0.00830078125 0.00732421875
11 0.4111328125 0.71240234375 0.00830078125 0.00732421875
11 0.388671875 0.7392578125 0.00830078125 0.0068359375
11 0.388671875 0.6396484375 0.00830078125 0.0068359375
8 0.431640625 0.65771484375 0.00634765625 0.017578125
11 0.45263671875 0.625 0.00830078125 0.0068359375
11 0.45263671875 0.71826171875 0.00830078125 0.0068359375
11 0.43212890625 0.69140625 0.00830078125 0.00732421875
11 0.66259765625 0.83154296875 0.00830078125 0.0068359375
11 0.64990234375 0.83447265625 0.0078125 0.0068359375
11 0.63720703125 0.83154296875 0.00830078125 0.0068359375
11 0.63330078125 0.88916015625 0.00830078125 0.0068359375
11 0.63330078125 0.89501953125 0.00830078125 0.0068359375
11 0.63330078125 0.9013671875 0.00830078125 0.0068359375
11 0.7001953125 0.93115234375 0.00830078125 0.0068359375
11 0.7001953125 0.82861328125 0.00830078125 0.0068359375
11 0.6875 0.83154296875 0.00830078125 0.0068359375
11 0.6748046875 0.83447265625 0.00830078125 0.0068359375
11 0.6669921875 0.89501953125 0.0078125 0.0068359375
11 0.6669921875 0.9013671875 0.0078125 0.0068359375
11 0.6669921875 0.91015625 0.0078125 0.0068359375
11 0.55615234375 0.9013671875 0.00830078125 0.0068359375
11 0.57666015625 0.88916015625 0.00830078125 0.0068359375
11 0.57666015625 0.89501953125 0.00830078125 0.0068359375
11 0.57666015625 0.9013671875 0.00830078125 0.0068359375
11 0.55615234375 0.89501953125 0.00830078125 0.0068359375
11 0.55615234375 0.91015625 0.00830078125 0.0068359375
11 0.62548828125 0.83447265625 0.00830078125 0.0068359375
11 0.61279296875 0.83154296875 0.00830078125 0.0068359375
11 0.599609375 0.88037109375 0.00830078125 0.0068359375
11 0.599609375 0.88916015625 0.00830078125 0.0068359375
11 0.599609375 0.89501953125 0.00830078125 0.0068359375
11 0.599609375 0.83447265625 0.00830078125 0.0068359375
15 0.76171875 0.84423828125 0.0078125 0.01171875
11 0.74267578125 0.88330078125 0.00830078125 0.0068359375
11 0.74267578125 0.88916015625 0.00830078125 0.0068359375
11 0.74267578125 0.89794921875 0.00830078125 0.0068359375
11 0.76171875 0.91015625 0.00830078125 0.0068359375
11 0.72216796875 0.88916015625 0.00830078125 0.0068359375
11 0.72216796875 0.904296875 0.00830078125 0.0068359375
11 0.78271484375 0.88916015625 0.00830078125 0.0068359375
11 0.80322265625 0.88330078125 0.00830078125 0.0068359375
11 0.80322265625 0.88916015625 0.00830078125 0.0068359375
11 0.80322265625 0.89794921875 0.00830078125 0.0068359375
11 0.78271484375 0.904296875 0.00830078125 0.0068359375
21 0.78173828125 0.841796875 0.00634765625 0.0185546875
11 0.31298828125 0.93994140625 0.00830078125 0.0068359375
11 0.31298828125 0.822265625 0.00830078125 0.00732421875
11 0.29345703125 0.88037109375 0.00830078125 0.0068359375
11 0.29345703125 0.88916015625 0.00830078125 0.0068359375
11 0.29345703125 0.89794921875 0.00830078125 0.0068359375
11 0.29345703125 0.822265625 0.00830078125 0.00732421875
11 0.34130859375 0.89208984375 0.00830078125 0.00732421875
11 0.34130859375 0.9072265625 0.00830078125 0.00732421875
11 0.34130859375 0.82568359375 0.00830078125 0.0068359375
11 0.3271484375 0.82568359375 0.00830078125 0.0068359375
10 0.19384765625 0.841796875 0.0166015625 0.0458984375
11 0.2431640625 0.8193359375 0.00830078125 0.0068359375
1 0.193359375 0.9111328125 0.017578125 0.02099609375
11 0.2431640625 0.9189453125 0.00830078125 0.0068359375
0 0.17529296875 0.87841796875 0.00634765625 0.0947265625
11 0.2646484375 0.88916015625 0.00830078125 0.0068359375
11 0.2646484375 0.9072265625 0.00830078125 0.00732421875
11 0.2646484375 0.822265625 0.00830078125 0.00732421875
11 0.35546875 0.82861328125 0.0078125 0.0068359375
11 0.44140625 0.88330078125 0.00830078125 0.0068359375
11 0.44140625 0.88916015625 0.00830078125 0.0068359375
11 0.44140625 0.89794921875 0.00830078125 0.0068359375
11 0.369140625 0.82861328125 0.00830078125 0.0068359375
11 0.4208984375 0.88916015625 0.00830078125 0.0068359375
11 0.4208984375 0.904296875 0.00830078125 0.0068359375
11 0.53173828125 0.83447265625 0.00830078125 0.0068359375
11 0.53173828125 0.94287109375 0.00830078125 0.00732421875
11 0.5029296875 0.89794921875 0.00830078125 0.0068359375
11 0.5029296875 0.88916015625 0.00830078125 0.0068359375
11 0.482421875 0.88916015625 0.00830078125 0.0068359375
11 0.482421875 0.904296875 0.00830078125 0.0068359375
11 0.5029296875 0.88330078125 0.00830078125 0.0068359375
11 0.46044921875 0.91015625 0.00830078125 0.0068359375
11 0.38671875 0.83154296875 0.00830078125 0.0068359375
11 0.369140625 0.88037109375 0.00830078125 0.0068359375
11 0.369140625 0.89794921875 0.00830078125 0.0068359375
11 0.3984375 0.93115234375 0.00830078125 0.0068359375
12 0.39892578125 0.83447265625 0.0087890625 0.0068359375