11 0.67626953125 0.03955078125 0.00830078125 0.0068359375
11 0.634765625 0.1904296875 0.00830078125 0.0068359375
11 0.634765625 0.134765625 0.00830078125 0.0068359375
11 0.634765625 0.04248046875 0.00830078125 0.00732421875
11 0.60791015625 0.0576171875 0.0078125 0.0068359375
11 0.65966796875 0.140625 0.00830078125 0.0068359375
11 0.65966796875 0.03662109375 0.00830078125 0.0068359375
11 0.54248046875 0.1259765625 0.00830078125 0.0068359375
11 0.5263671875 0.12890625 0.00830078125 0.00732421875
11 0.5263671875 0.04541015625 0.00830078125 0.0068359375
11 0.509765625 0.1318359375 0.00830078125 0.0068359375
11 0.591796875 0.12890625 0.00830078125 0.00732421875
11 0.591796875 0.05419921875 0.00830078125 0.0068359375
11 0.57568359375 0.05126953125 0.00830078125 0.0068359375
11 0.55908203125 0.19970703125 0.00830078125 0.00732421875
11 0.55908203125 0.123046875 0.00830078125 0.0068359375
11 0.55908203125 0.04833984375 0.00830078125 0.0068359375
11 0.806640625 0.0576171875 0.00830078125 0.0068359375
11 0.79052734375 0.11376953125 0.00830078125 0.0068359375
11 0.79052734375 0.05419921875 0.00830078125 0.0068359375
11 0.77392578125 0.1171875 0.00830078125 0.0068359375
11 0.72509765625 0.1259765625 0.00830078125 0.0068359375
11 0.72509765625 0.04541015625 0.00830078125 0.0068359375
11 0.70849609375 0.12890625 0.00830078125 0.00732421875
21 0.69140625 0.18603515625 0.00634765625 0.01806640625
11 0.6923828125 0.1318359375 0.00830078125 0.0068359375
11 0.6923828125 0.04248046875 0.00830078125 0.00732421875
11 0.7578125 0.1962890625 0.00830078125 0.0068359375
11 0.77392578125 0.05126953125 0.00830078125 0.0068359375
11 0.7578125 0.1201171875 0.00830078125 0.0068359375
11 0.7578125 0.04833984375 0.00830078125 0.0068359375
11 0.7412109375 0.123046875 0.00830078125 0.0068359375
15 0.29638671875 0.1884765625 0.0078125 0.01171875
11 0.3125 0.10791015625 0.00830078125 0.00732421875
11 0.29638671875 0.11083984375 0.00830078125 0.0068359375
11 0.29638671875 0.05419921875 0.00830078125 0.0068359375
11 0.27978515625 0.11376953125 0.00830078125 0.0068359375
11 0.34521484375 0.1845703125 0.00830078125 0.00732421875
11 0.34521484375 0.0576171875 0.00830078125 0.0068359375
11 0.3291015625 0.1875 0.00830078125 0.0068359375
11 0.3291015625 0.10498046875 0.00830078125 0.0068359375
11 0.3291015625 0.060546875 0.00830078125 0.0068359375
1 0.193359375 0.185546875 0.017578125 0.02099609375
10 0.19384765625 0.12744140625 0.0166015625 0.0458984375
1 0.193359375 0.064453125 0.017578125 0.02099609375
0 0.17529296875 0.158203125 0.005859375 0.083984375
11 0.263671875 0.1171875 0.00830078125 0.0068359375
11 0.263671875 0.05419921875 0.00830078125 0.0068359375
11 0.24755859375 0.1201171875 0.00830078125 0.0068359375
11 0.23193359375 0.1875 0.00830078125 0.0068359375
11 0.23193359375 0.11376953125 0.00830078125 0.0068359375
11 0.23193359375 0.05126953125 0.00830078125 0.0068359375
11 0.43017578125 0.1787109375 0.00830078125 0.0068359375
11 0.43017578125 0.11376953125 0.00830078125 0.0068359375
21 0.49267578125 0.18603515625 0.0068359375 0.01806640625
11 0.49365234375 0.134765625 0.00830078125 0.0068359375
11 0.49365234375 0.05126953125 0.00830078125 0.0068359375
11 0.47705078125 0.13818359375 0.00830078125 0.0068359375
11 0.4609375 0.140625 0.00830078125 0.0068359375
11 0.4609375 0.05126953125 0.00830078125 0.0068359375
11 0.44482421875 0.14404296875 0.00830078125 0.00732421875
11 0.39404296875 0.1875 0.00830078125 0.0068359375
11 0.39404296875 0.1171875 0.00830078125 0.0068359375
11 0.39404296875 0.04833984375 0.00830078125 0.0068359375
11 0.3779296875 0.05126953125 0.00830078125 0.0068359375
11 0.43017578125 0.04833984375 0.00830078125 0.0068359375
11 0.36181640625 0.05419921875 0.0078125 0.0068359375
11 0.36181640625 0.123046875 0.0078125 0.0068359375
11 0.36181640625 0.181640625 0.0078125 0.0068359375
11 0.63427734375 0.3662109375 0.00830078125 0.0068359375
11 0.63427734375 0.3095703125 0.00830078125 0.0068359375
11 0.6015625 0.3125 0.00830078125 0.0068359375
11 0.58642578125 0.369140625 0.0078125 0.00732421875
11 0.6015625 0.3662109375 0.00830078125 0.0068359375
11 0.6015625 0.44873046875 0.00830078125 0.0068359375
11 0.6484375 0.318359375 0.00830078125 0.00732421875
11 0.63427734375 0.43994140625 0.00830078125 0.00732421875
11 0.541015625 0.30078125 0.00830078125 0.0068359375
11 0.541015625 0.37841796875 0.00830078125 0.0068359375
11 0.541015625 0.44873046875 0.00830078125 0.0068359375
11 0.52587890625 0.3037109375 0.00830078125 0.00732421875
11 0.5712890625 0.318359375 0.00830078125 0.00732421875
11 0.5712890625 0.3720703125 0.00830078125 0.0068359375
11 0.5712890625 0.44287109375 0.00830078125 0.0068359375
11 0.55615234375 0.44580078125 0.00830078125 0.00732421875
11 0.55615234375 0.375 0.00830078125 0.0068359375
11 0.80810546875 0.375 0.00830078125 0.0068359375
11 0.77783203125 0.369140625 0.00830078125 0.00732421875
11 0.79296875 0.3037109375 0.00830078125 0.00732421875
11 0.79296875 0.3720703125 0.00830078125 0.0068359375
11 0.70263671875 0.3095703125 0.00830078125 0.0068359375
11 0.70263671875 0.369140625 0.00830078125 0.00732421875
21 0.701171875 0.4384765625 0.00634765625 0.0185546875
11 0.66357421875 0.3154296875 0.00830078125 0.0068359375
11 0.66357421875 0.369140625 0.00830078125 0.00732421875
11 0.6875 0.3125 0.00830078125 0.0068359375
11 0.74755859375 0.30078125 0.00830078125 0.0068359375
11 0.7626953125 0.2978515625 0.00830078125 0.0068359375
11 0.7626953125 0.3662109375 0.00830078125 0.0068359375
11 0.7626953125 0.4609375 0.00830078125 0.00732421875
11 0.7177734375 0.306640625 0.00830078125 0.0068359375
11 0.732421875 0.3037109375 0.00830078125 0.00732421875
11 0.732421875 0.36328125 0.00830078125 0.0068359375
15 0.29248046875 0.4404296875 0.0078125 0.01171875
11 0.30810546875 0.3720703125 0.00830078125 0.0068359375
11 0.27783203125 0.3154296875 0.00830078125 0.0068359375
11 0.27783203125 0.3662109375 0.00830078125 0.0068359375
11 0.29296875 0.318359375 0.00830078125 0.00732421875
11 0.29296875 0.369140625 0.00830078125 0.00732421875
15 0.361328125 0.3193359375 0.0078125 0.01171875
11 0.361328125 0.375 0.00830078125 0.0068359375
11 0.361328125 0.43994140625 0.00830078125 0.00732421875
11 0.32275390625 0.375 0.00830078125 0.0068359375
11 0.32275390625 0.43408203125 0.00830078125 0.0068359375
11 0.3466796875 0.37841796875 0.00830078125 0.0068359375
11 0.3466796875 0.43701171875 0.00830078125 0.0068359375
10 0.19384765625 0.3798828125 0.0166015625 0.0458984375
1 0.193359375 0.43798828125 0.017578125 0.02099609375
11 0.23193359375 0.306640625 0.00830078125 0.0068359375
11 0.23193359375 0.3662109375 0.00830078125 0.0068359375
0 0.17529296875 0.41064453125 0.005859375 0.083984375
11 0.23193359375 0.43994140625 0.00830078125 0.00732421875
1 0.193359375 0.31640625 0.017578125 0.02099609375
11 0.2626953125 0.3125 0.00830078125 0.0068359375
11 0.2626953125 0.36328125 0.00830078125 0.0068359375
11 0.24755859375 0.3095703125 0.00830078125 0.0068359375
11 0.24755859375 0.3603515625 0.00830078125 0.0068359375
11 0.44287109375 0.3095703125 0.00830078125 0.0068359375
11 0.44287109375 0.369140625 0.00830078125 0.00732421875
11 0.44287109375 0.45166015625 0.00830078125 0.0068359375
11 0.49560546875 0.3095703125 0.00830078125 0.0068359375
11 0.5107421875 0.306640625 0.00830078125 0.0068359375
11 0.5107421875 0.3720703125 0.00830078125 0.0068359375
11 0.5107421875 0.44287109375 0.00830078125 0.0068359375
11 0.48095703125 0.4306640625 0.00830078125 0.0068359375
11 0.45703125 0.3154296875 0.00830078125 0.0068359375
11 0.48095703125 0.3125 0.00830078125 0.0068359375
11 0.48095703125 0.3720703125 0.00830078125 0.0068359375
11 0.400390625 0.44580078125 0.00830078125 0.00732421875
11 0.38525390625 0.3720703125 0.00830078125 0.0068359375
11 0.38525390625 0.44287109375 0.00830078125 0.0068359375
8 0.39990234375 0.32177734375 0.00634765625 0.01806640625
11 0.400390625 0.369140625 0.00830078125 0.00732421875
11 0.400390625 0.3095703125 0.00830078125 0.0068359375
11 0.41552734375 0.44873046875 0.00830078125 0.0068359375
12 0.638671875 0.55322265625 0.0087890625 0.0068359375
11 0.638671875 0.68017578125 0.00830078125 0.0068359375
11 0.638671875 0.62451171875 0.00830078125 0.0068359375
11 0.51025390625 0.5498046875 0.00830078125 0.0068359375
11 0.6689453125 0.701171875 0.00830078125 0.00732421875
11 0.6689453125 0.62744140625 0.00830078125 0.0068359375
11 0.65380859375 0.62451171875 0.00830078125 0.0068359375
11 0.5654296875 0.66845703125 0.00830078125 0.0068359375
11 0.5654296875 0.56201171875 0.00830078125 0.0068359375
11 0.54150390625 0.5498046875 0.00830078125 0.0068359375
11 0.52490234375 0.67724609375 0.00830078125 0.0068359375
11 0.52490234375 0.55908203125 0.00830078125 0.00732421875
11 0.61328125 0.5498046875 0.00830078125 0.0068359375
11 0.59619140625 0.68310546875 0.00830078125 0.0068359375
11 0.59619140625 0.55615234375 0.00830078125 0.0068359375
11 0.58154296875 0.5498046875 0.00830078125 0.0068359375
11 0.8076171875 0.62451171875 0.0078125 0.0068359375
11 0.791015625 0.68017578125 0.00830078125 0.0068359375
11 0.791015625 0.63037109375 0.00830078125 0.00732421875
11 0.77685546875 0.62451171875 0.00830078125 0.0068359375
11 0.7294921875 0.63330078125 0.00830078125 0.0068359375
11 0.71533203125 0.62451171875 0.00830078125 0.0068359375
11 0.7294921875 0.67724609375 0.00830078125 0.0068359375
11 0.69873046875 0.68017578125 0.00830078125 0.0068359375
11 0.69873046875 0.63037109375 0.00830078125 0.00732421875
11 0.68408203125 0.62451171875 0.00830078125 0.0068359375
11 0.759765625 0.67431640625 0.00830078125 0.0068359375
11 0.759765625 0.63623046875 0.00830078125 0.0068359375
11 0.74609375 0.62451171875 0.00830078125 0.0068359375
11 0.30908203125 0.61572265625 0.00830078125 0.0068359375
11 0.32421875 0.67431640625 0.00830078125 0.0068359375
11 0.30908203125 0.6708984375 0.00830078125 0.0068359375
15 0.2861328125 0.69287109375 0.0078125 0.01171875
11 0.2861328125 0.61279296875 0.00830078125 0.0068359375
11 0.3544921875 0.62158203125 0.00830078125 0.0068359375
11 0.37841796875 0.68310546875 0.00830078125 0.0068359375
11 0.37841796875 0.62451171875 0.00830078125 0.0068359375
11 0.3544921875 0.68017578125 0.00830078125 0.0068359375
11 0.33935546875 0.67724609375 0.00830078125 0.0068359375
11 0.33935546875 0.61865234375 0.00830078125 0.0068359375
1 0.193359375 0.6904296875 0.017578125 0.02099609375
10 0.19384765625 0.6318359375 0.0166015625 0.0458984375
0 0.17529296875 0.66259765625 0.005859375 0.083984375
11 0.27099609375 0.609375 0.00830078125 0.00732421875
11 0.255859375 0.6064453125 0.00830078125 0.0068359375
11 0.23193359375 0.7041015625 0.00830078125 0.0068359375
11 0.23193359375 0.61279296875 0.00830078125 0.0068359375
12 0.23193359375 0.56201171875 0.0087890625 0.0068359375
11 0.4638671875 0.68896484375 0.00830078125 0.0068359375
11 0.4638671875 0.55322265625 0.00830078125 0.0068359375
11 0.44873046875 0.5498046875 0.00830078125 0.0068359375
11 0.49365234375 0.68310546875 0.00830078125 0.0068359375
11 0.49365234375 0.55615234375 0.00830078125 0.0068359375
11 0.47900390625 0.68603515625 0.00830078125 0.00732421875
11 0.47900390625 0.5498046875 0.00830078125 0.0068359375
12 0.43408203125 0.62451171875 0.0087890625 0.0068359375
11 0.43359375 0.68310546875 0.00830078125 0.0068359375
11 0.43359375 0.5498046875 0.00830078125 0.0068359375
11 0.3935546875 0.62744140625 0.00830078125 0.0068359375
11 0.3935546875 0.68603515625 0.00830078125 0.00732421875
11 0.64990234375 0.935546875 0.00830078125 0.0068359375
11 0.69580078125 0.94140625 0.00830078125 0.00732421875
11 0.69580078125 0.8828125 0.00830078125 0.0068359375
11 0.6806640625 0.935546875 0.00830078125 0.0068359375
11 0.6806640625 0.8857421875 0.00830078125 0.00732421875
11 0.6650390625 0.9384765625 0.00830078125 0.0068359375
11 0.6650390625 0.8828125 0.00830078125 0.0068359375
11 0.58935546875 0.935546875 0.00830078125 0.0068359375
11 0.58935546875 0.8857421875 0.00830078125 0.00732421875
11 0.57470703125 0.8798828125 0.0078125 0.0068359375
11 0.5576171875 0.9296875 0.00830078125 0.0068359375
11 0.5576171875 0.8916015625 0.00830078125 0.0068359375
11 0.54345703125 0.8798828125 0.00830078125 0.0068359375
11 0.63232421875 0.94140625 0.00830078125 0.00732421875
11 0.63232421875 0.8828125 0.00830078125 0.0068359375
11 0.63232421875 0.80810546875 0.00830078125 0.0068359375
11 0.6064453125 0.8798828125 0.00830078125 0.0068359375
11 0.8076171875 0.935546875 0.00830078125 0.0068359375
11 0.7900390625 0.9501953125 0.00830078125 0.0068359375
11 0.7900390625 0.8828125 0.00830078125 0.0068359375
11 0.7900390625 0.80810546875 0.00830078125 0.0068359375
11 0.744140625 0.935546875 0.00830078125 0.0068359375
11 0.744140625 0.81103515625 0.00830078125 0.0068359375
11 0.7275390625 0.9443359375 0.00830078125 0.0068359375
11 0.7275390625 0.8828125 0.00830078125 0.0068359375
11 0.7275390625 0.80810546875 0.00830078125 0.0068359375
11 0.712890625 0.935546875 0.00830078125 0.0068359375
11 0.77587890625 0.935546875 0.00830078125 0.0068359375
11 0.75927734375 0.947265625 0.00830078125 0.00732421875
11 0.75927734375 0.8828125 0.00830078125 0.0068359375
11 0.75927734375 0.80810546875 0.00830078125 0.0068359375
11 0.29443359375 0.81103515625 0.0078125 0.0068359375
11 0.29443359375 0.9384765625 0.0078125 0.0068359375
11 0.3115234375 0.80517578125 0.00830078125 0.00732421875
11 0.279296875 0.94140625 0.00830078125 0.00732421875
11 0.279296875 0.80224609375 0.00830078125 0.0068359375
11 0.34326171875 0.80517578125 0.00830078125 0.00732421875
11 0.357421875 0.8173828125 0.00830078125 0.0068359375
11 0.326171875 0.93212890625 0.00830078125 0.0068359375
11 0.326171875 0.814453125 0.00830078125 0.0068359375
1 0.193359375 0.9423828125 0.017578125 0.02099609375
1 0.193359375 0.8212890625 0.017578125 0.02099609375
10 0.19384765625 0.88427734375 0.0166015625 0.0458984375
0 0.17529296875 0.9150390625 0.005859375 0.083984375
11 0.26318359375 0.9443359375 0.00830078125 0.0068359375
11 0.26318359375 0.80810546875 0.00830078125 0.0068359375
11 0.24755859375 0.80517578125 0.00830078125 0.00732421875
11 0.357421875 0.92333984375 0.00830078125 0.0068359375
11 0.23193359375 0.9384765625 0.00830078125 0.0068359375
12 0.23193359375 0.8798828125 0.0087890625 0.0068359375
11 0.23193359375 0.80517578125 0.00830078125 0.00732421875
11 0.4638671875 0.95654296875 0.00830078125 0.0068359375
11 0.4638671875 0.8828125 0.00830078125 0.0068359375
11 0.4482421875 0.8798828125 0.00830078125 0.0068359375
11 0.5263671875 0.93212890625 0.00830078125 0.0068359375
11 0.5263671875 0.888671875 0.00830078125 0.0068359375
11 0.51171875 0.8798828125 0.00830078125 0.0068359375
11 0.494140625 0.935546875 0.00830078125 0.0068359375
11 0.494140625 0.8857421875 0.00830078125 0.00732421875
11 0.4794921875 0.8798828125 0.00830078125 0.0068359375
11 0.4326171875 0.8798828125 0.00830078125 0.0068359375
11 0.3896484375 0.81103515625 0.00830078125 0.0068359375
11 0.3896484375 0.9384765625 0.00830078125 0.0068359375
12 0.4326171875 0.80810546875 0.0087890625 0.0068359375
11 0.40673828125 0.80517578125 0.00830078125 0.00732421875
11 0.37451171875 0.80517578125 0.00830078125 0.00732421875
11 0.4326171875 0.935546875 0.00830078125 0.0068359375