9 0.74365234375 0.33544921875 0.0068359375 0.017578125
11 0.7373046875 0.43310546875 0.00830078125 0.0068359375
11 0.7373046875 0.34765625 0.00830078125 0.0068359375
15 0.72119140625 0.41259765625 0.0078125 0.01171875
11 0.705078125 0.44482421875 0.00830078125 0.0068359375
15 0.6484375 0.41259765625 0.0078125 0.01171875
11 0.63232421875 0.44482421875 0.00830078125 0.0068359375
11 0.6162109375 0.44482421875 0.00830078125 0.0068359375
9 0.60498046875 0.4208984375 0.0068359375 0.017578125
11 0.5986328125 0.43310546875 0.00830078125 0.0068359375
22 0.470703125 0.1142578125 0.00830078125 0.00390625
11 0.68896484375 0.44482421875 0.00830078125 0.0068359375
11 0.68896484375 0.3505859375 0.00830078125 0.0068359375
9 0.6708984375 0.4208984375 0.0068359375 0.017578125
11 0.6640625 0.43310546875 0.00830078125 0.0068359375
22 0.609375 0.1875 0.00830078125 0.00390625
22 0.349609375 0.1142578125 0.00830078125 0.00390625
22 0.470703125 0.1875 0.00830078125 0.00390625
22 0.470703125 0.26123046875 0.00830078125 0.00390625
22 0.470703125 0.33447265625 0.00830078125 0.00390625
22 0.609375 0.1142578125 0.00830078125 0.00390625
22 0.609375 0.26123046875 0.00830078125 0.00390625
22 0.609375 0.33447265625 0.00830078125 0.00390625
11 0.77197265625 0.44482421875 0.00830078125 0.0068359375
11 0.77197265625 0.3388671875 0.00830078125 0.00732421875
11 0.7548828125 0.44482421875 0.00830078125 0.0068359375
11 0.7548828125 0.3447265625 0.00830078125 0.0068359375
9 0.74365234375 0.4208984375 0.0068359375 0.017578125
9 0.8115234375 0.4208984375 0.0068359375 0.017578125
11 0.8046875 0.43310546875 0.00830078125 0.0068359375
11 0.8046875 0.32958984375 0.00830078125 0.0068359375
15 0.7880859375 0.41259765625 0.0078125 0.01171875
11 0.7880859375 0.3359375 0.00830078125 0.0068359375
11 0.41162109375 0.44482421875 0.00830078125 0.0068359375
9 0.39306640625 0.4208984375 0.0068359375 0.017578125
11 0.38671875 0.43310546875 0.00830078125 0.0068359375
19 0.35302734375 0.41064453125 0.00830078125 0.00390625
21 0.3291015625 0.41064453125 0.00634765625 0.0185546875
10 0.2431640625 0.1904296875 0.0166015625 0.0458984375
10 0.2431640625 0.1171875 0.0166015625 0.0458984375
22 0.7490234375 0.26123046875 0.00830078125 0.00390625
22 0.7490234375 0.1875 0.00830078125 0.00390625
22 0.7490234375 0.1142578125 0.00830078125 0.00390625
22 0.349609375 0.33447265625 0.00830078125 0.00390625
22 0.349609375 0.26123046875 0.00830078125 0.00390625
22 0.349609375 0.1875 0.00830078125 0.00390625
10 0.2431640625 0.41064453125 0.0166015625 0.0458984375
15 0.31396484375 0.41259765625 0.0078125 0.01171875
10 0.2431640625 0.33740234375 0.0166015625 0.0458984375
10 0.2431640625 0.263671875 0.0166015625 0.0458984375
11 0.55029296875 0.44482421875 0.00830078125 0.0068359375
9 0.5322265625 0.4208984375 0.0068359375 0.017578125
11 0.525390625 0.43310546875 0.00830078125 0.0068359375
15 0.58251953125 0.41259765625 0.0078125 0.01171875
11 0.56640625 0.44482421875 0.00830078125 0.0068359375
11 0.47705078125 0.44482421875 0.00830078125 0.0068359375
11 0.45947265625 0.43310546875 0.0078125 0.0068359375
9 0.46630859375 0.4208984375 0.0068359375 0.017578125
15 0.443359375 0.41259765625 0.0078125 0.01171875
11 0.427734375 0.44482421875 0.00830078125 0.0068359375
15 0.50927734375 0.41259765625 0.0078125 0.01171875
11 0.49365234375 0.44482421875 0.00830078125 0.0068359375
11 0.62939453125 0.8349609375 0.00830078125 0.00732421875
11 0.62939453125 0.93212890625 0.00830078125 0.0068359375
11 0.64599609375 0.61181640625 0.00830078125 0.00732421875
9 0.6015625 0.9169921875 0.0068359375 0.017578125
11 0.61279296875 0.60595703125 0.00830078125 0.0068359375
11 0.61279296875 0.685546875 0.00830078125 0.00732421875
11 0.61279296875 0.83203125 0.00830078125 0.0068359375
11 0.61279296875 0.93212890625 0.00830078125 0.0068359375
11 0.662109375 0.61474609375 0.00830078125 0.0068359375
11 0.662109375 0.6943359375 0.00830078125 0.0068359375
11 0.662109375 0.8349609375 0.00830078125 0.00732421875
11 0.662109375 0.92919921875 0.00830078125 0.0068359375
11 0.64599609375 0.83203125 0.00830078125 0.0068359375
15 0.6455078125 0.9091796875 0.0078125 0.01171875
11 0.64599609375 0.69140625 0.00830078125 0.0068359375
11 0.5625 0.93212890625 0.00830078125 0.0068359375
11 0.5791015625 0.60595703125 0.00830078125 0.0068359375
11 0.5791015625 0.685546875 0.00830078125 0.00732421875
11 0.59521484375 0.60302734375 0.00830078125 0.0068359375
11 0.59521484375 0.68212890625 0.00830078125 0.0068359375
11 0.59521484375 0.8349609375 0.00830078125 0.00732421875
11 0.59521484375 0.92919921875 0.00830078125 0.0068359375
12 0.5791015625 0.78564453125 0.0087890625 0.0068359375
12 0.5791015625 0.7734375 0.0087890625 0.0068359375
12 0.5791015625 0.7646484375 0.0087890625 0.0068359375
12 0.5791015625 0.7587890625 0.0087890625 0.0068359375
12 0.5791015625 0.7529296875 0.0087890625 0.00732421875
15 0.57861328125 0.9091796875 0.0078125 0.01171875
8 0.5947265625 0.84619140625 0.00634765625 0.017578125
11 0.8046875 0.92919921875 0.00830078125 0.0068359375
15 0.78759765625 0.9091796875 0.0078125 0.01171875
11 0.8046875 0.826171875 0.00830078125 0.0068359375
11 0.78759765625 0.83203125 0.00830078125 0.0068359375
9 0.81103515625 0.9169921875 0.0068359375 0.017578125
11 0.77099609375 0.8349609375 0.00830078125 0.00732421875
11 0.75390625 0.94140625 0.00830078125 0.0068359375
11 0.77099609375 0.94140625 0.00830078125 0.0068359375
11 0.75390625 0.8408203125 0.00830078125 0.00732421875
9 0.6689453125 0.9169921875 0.0068359375 0.017578125
11 0.68701171875 0.79443359375 0.00830078125 0.0068359375
11 0.68701171875 0.78271484375 0.00830078125 0.0068359375
11 0.68701171875 0.7734375 0.00830078125 0.0068359375
11 0.68701171875 0.767578125 0.00830078125 0.00732421875
11 0.68701171875 0.76171875 0.00830078125 0.0068359375
11 0.68701171875 0.7529296875 0.00830078125 0.00732421875
11 0.68701171875 0.84716796875 0.00830078125 0.0068359375
11 0.68701171875 0.94140625 0.00830078125 0.0068359375
11 0.736328125 0.84423828125 0.00830078125 0.0068359375
11 0.736328125 0.92919921875 0.00830078125 0.0068359375
9 0.74267578125 0.83203125 0.0068359375 0.017578125
9 0.74267578125 0.9169921875 0.0068359375 0.017578125
11 0.70361328125 0.94140625 0.00830078125 0.0068359375
12 0.72021484375 0.79443359375 0.0087890625 0.0068359375
12 0.72021484375 0.78271484375 0.0087890625 0.0068359375
12 0.72021484375 0.7734375 0.0087890625 0.0068359375
12 0.72021484375 0.767578125 0.0087890625 0.0068359375
12 0.72021484375 0.76171875 0.0087890625 0.0068359375
12 0.72021484375 0.7529296875 0.0087890625 0.00732421875
15 0.7197265625 0.9091796875 0.0078125 0.01171875
11 0.3505859375 0.83203125 0.00830078125 0.0068359375
11 0.3505859375 0.60009765625 0.00830078125 0.0068359375
11 0.3505859375 0.6796875 0.00830078125 0.0068359375
15 0.3505859375 0.9091796875 0.0078125 0.01171875
9 0.3056640625 0.83203125 0.0068359375 0.017578125
9 0.3056640625 0.9169921875 0.0068359375 0.017578125
11 0.31689453125 0.8408203125 0.00830078125 0.00732421875
11 0.31689453125 0.94140625 0.00830078125 0.0068359375
11 0.33447265625 0.8349609375 0.0078125 0.00732421875
11 0.33447265625 0.94140625 0.0078125 0.0068359375
11 0.40380859375 0.79443359375 0.00830078125 0.0068359375
9 0.3740234375 0.9169921875 0.0068359375 0.017578125
11 0.40380859375 0.60009765625 0.00830078125 0.0068359375
11 0.40380859375 0.6796875 0.00830078125 0.0068359375
11 0.40380859375 0.78271484375 0.00830078125 0.0068359375
11 0.40380859375 0.7734375 0.00830078125 0.0068359375
11 0.40380859375 0.76171875 0.00830078125 0.0068359375
11 0.40380859375 0.7529296875 0.00830078125 0.00732421875
11 0.40380859375 0.84716796875 0.00830078125 0.0068359375
11 0.40380859375 0.94140625 0.00830078125 0.0068359375
11 0.3671875 0.92919921875 0.00830078125 0.0068359375
11 0.3671875 0.60302734375 0.00830078125 0.0068359375
11 0.3671875 0.68212890625 0.00830078125 0.0068359375
11 0.3671875 0.826171875 0.00830078125 0.0068359375
10 0.19287109375 0.68701171875 0.0166015625 0.0458984375
10 0.19287109375 0.76025390625 0.0166015625 0.0458984375
10 0.19287109375 0.83349609375 0.0166015625 0.0458984375
10 0.19287109375 0.9072265625 0.0166015625 0.0458984375
22 0.306640625 0.75732421875 0.00830078125 0.00390625
22 0.748046875 0.61083984375 0.00830078125 0.00390625
22 0.748046875 0.68408203125 0.00830078125 0.00390625
10 0.19287109375 0.61376953125 0.0166015625 0.0458984375
11 0.2666015625 0.94140625 0.00830078125 0.0068359375
19 0.283203125 0.61328125 0.00830078125 0.00390625
19 0.283203125 0.6865234375 0.00830078125 0.00390625
15 0.283203125 0.9091796875 0.0078125 0.01171875
11 0.29931640625 0.84423828125 0.0078125 0.0068359375
11 0.29931640625 0.92919921875 0.0078125 0.0068359375
21 0.2490234375 0.61328125 0.00634765625 0.01806640625
21 0.2490234375 0.68701171875 0.00634765625 0.01806640625
11 0.25048828125 0.84716796875 0.00830078125 0.0068359375
11 0.25048828125 0.94140625 0.00830078125 0.0068359375
11 0.40380859375 0.767578125 0.00830078125 0.00732421875
11 0.4873046875 0.8349609375 0.00830078125 0.00732421875
11 0.4873046875 0.94140625 0.00830078125 0.0068359375
11 0.45263671875 0.84423828125 0.00830078125 0.0068359375
9 0.458984375 0.83203125 0.0068359375 0.017578125
9 0.458984375 0.9169921875 0.0068359375 0.017578125
19 0.470703125 0.61328125 0.00830078125 0.00390625
19 0.470703125 0.6865234375 0.00830078125 0.00390625
11 0.47021484375 0.8408203125 0.0078125 0.00732421875
11 0.47021484375 0.94140625 0.0078125 0.0068359375
11 0.5458984375 0.837890625 0.00830078125 0.0068359375
9 0.52734375 0.9169921875 0.0068359375 0.017578125
21 0.544921875 0.61328125 0.00634765625 0.01806640625
21 0.544921875 0.68701171875 0.00634765625 0.01806640625
11 0.5458984375 0.78564453125 0.00830078125 0.0068359375
11 0.5458984375 0.7734375 0.00830078125 0.0068359375
11 0.5458984375 0.7646484375 0.00830078125 0.0068359375
11 0.5458984375 0.7587890625 0.00830078125 0.0068359375
11 0.5458984375 0.7529296875 0.00830078125 0.00732421875
11 0.5458984375 0.93212890625 0.00830078125 0.0068359375
11 0.50390625 0.83203125 0.00830078125 0.0068359375
15 0.50390625 0.9091796875 0.0078125 0.01171875
11 0.45263671875 0.92919921875 0.00830078125 0.0068359375
11 0.52099609375 0.826171875 0.00830078125 0.0068359375
11 0.52099609375 0.92919921875 0.00830078125 0.0068359375
11 0.419921875 0.94140625 0.00830078125 0.0068359375
15 0.43603515625 0.9091796875 0.0078125 0.01171875
12 0.4365234375 0.78271484375 0.0087890625 0.0068359375
12 0.4365234375 0.7734375 0.0087890625 0.0068359375
12 0.4365234375 0.767578125 0.0087890625 0.0068359375
12 0.4365234375 0.76171875 0.0087890625 0.0068359375
12 0.4365234375 0.7529296875 0.0087890625 0.00732421875
11 0.4365234375 0.6943359375 0.00830078125 0.0068359375
11 0.4365234375 0.60595703125 0.00830078125 0.0068359375
12 0.4365234375 0.79443359375 0.0087890625 0.0068359375