11 0.63720703125 0.052734375 0.00830078125 0.0068359375
11 0.63720703125 0.10595703125 0.00830078125 0.00732421875
11 0.66748046875 0.10595703125 0.00830078125 0.00732421875
8 0.6806640625 0.0673828125 0.00634765625 0.017578125
11 0.68115234375 0.11181640625 0.00830078125 0.00732421875
11 0.68115234375 0.0556640625 0.00830078125 0.00732421875
11 0.66748046875 0.09423828125 0.00830078125 0.0068359375
11 0.65087890625 0.11181640625 0.00830078125 0.00732421875
8 0.5546875 0.1240234375 0.00634765625 0.017578125
11 0.55517578125 0.11181640625 0.00830078125 0.00732421875
12 0.54443359375 0.0498046875 0.0087890625 0.0068359375
12 0.54443359375 0.064453125 0.0087890625 0.0068359375
11 0.5703125 0.11181640625 0.0078125 0.00732421875
11 0.53271484375 0.052734375 0.00830078125 0.0068359375
11 0.53271484375 0.0673828125 0.00830078125 0.0068359375
11 0.5263671875 0.11181640625 0.00830078125 0.00732421875
11 0.60205078125 0.052734375 0.00830078125 0.0068359375
11 0.61572265625 0.11181640625 0.00830078125 0.00732421875
11 0.60205078125 0.10302734375 0.00830078125 0.0068359375
11 0.60205078125 0.0673828125 0.00830078125 0.0068359375
11 0.58544921875 0.11181640625 0.00830078125 0.00732421875
11 0.8115234375 0.04931640625 0.00830078125 0.00732421875
11 0.79296875 0.04931640625 0.00830078125 0.00732421875
11 0.775390625 0.04638671875 0.00830078125 0.0068359375
11 0.77099609375 0.11181640625 0.00830078125 0.00732421875
11 0.72705078125 0.09423828125 0.00830078125 0.0068359375
11 0.72705078125 0.10595703125 0.00830078125 0.00732421875
11 0.72705078125 0.05859375 0.00830078125 0.0068359375
11 0.71044921875 0.11181640625 0.00830078125 0.00732421875
11 0.69677734375 0.09716796875 0.00830078125 0.0068359375
11 0.69677734375 0.10302734375 0.00830078125 0.0068359375
11 0.69677734375 0.05859375 0.00830078125 0.0068359375
11 0.76611328125 0.052734375 0.00830078125 0.0068359375
11 0.75537109375 0.0556640625 0.00830078125 0.00732421875
11 0.73779296875 0.0556640625 0.00830078125 0.00732421875
11 0.3173828125 0.11181640625 0.00830078125 0.00732421875
11 0.34912109375 0.10302734375 0.00830078125 0.0068359375
11 0.34912109375 0.064453125 0.00830078125 0.0068359375
11 0.33251953125 0.11181640625 0.00830078125 0.00732421875
11 0.34912109375 0.09716796875 0.00830078125 0.0068359375
11 0.30224609375 0.11181640625 0.00830078125 0.00732421875
11 0.38427734375 0.11181640625 0.00830078125 0.00732421875
11 0.36279296875 0.11181640625 0.00830078125 0.00732421875
11 0.25244140625 0.1240234375 0.00830078125 0.0068359375
11 0.25244140625 0.052734375 0.00830078125 0.0068359375
1 0.193359375 0.1220703125 0.017578125 0.02099609375
10 0.19384765625 0.06298828125 0.0166015625 0.0458984375
0 0.17529296875 0.09423828125 0.005859375 0.08447265625
11 0.287109375 0.11181640625 0.00830078125 0.00732421875
12 0.28759765625 0.0673828125 0.0087890625 0.0068359375
11 0.27685546875 0.05859375 0.00830078125 0.0068359375
12 0.38427734375 0.0615234375 0.0087890625 0.0068359375
11 0.26953125 0.11181640625 0.00830078125 0.00732421875
11 0.48974609375 0.11181640625 0.00830078125 0.00732421875
11 0.51171875 0.0703125 0.00830078125 0.00732421875
11 0.47607421875 0.09716796875 0.00830078125 0.0068359375
11 0.47607421875 0.10302734375 0.00830078125 0.0068359375
11 0.47607421875 0.05859375 0.00830078125 0.0068359375
11 0.4599609375 0.11181640625 0.00830078125 0.00732421875
8 0.5107421875 0.1181640625 0.00634765625 0.017578125
11 0.51171875 0.10595703125 0.00830078125 0.00732421875
11 0.51171875 0.0556640625 0.00830078125 0.00732421875
11 0.4296875 0.11181640625 0.00830078125 0.00732421875
11 0.4140625 0.11181640625 0.00830078125 0.00732421875
11 0.3994140625 0.11181640625 0.00830078125 0.00732421875
11 0.44482421875 0.11181640625 0.00830078125 0.00732421875
11 0.58544921875 0.3115234375 0.00830078125 0.0068359375
11 0.5703125 0.3115234375 0.00830078125 0.0068359375
8 0.55517578125 0.32373046875 0.00634765625 0.01806640625
11 0.55517578125 0.3115234375 0.00830078125 0.0068359375
11 0.63720703125 0.3115234375 0.0078125 0.0068359375
12 0.6376953125 0.25537109375 0.0087890625 0.0068359375
11 0.61572265625 0.3115234375 0.00830078125 0.0068359375
11 0.60205078125 0.2998046875 0.00830078125 0.0068359375
11 0.60205078125 0.26123046875 0.00830078125 0.0068359375
8 0.5107421875 0.31787109375 0.00634765625 0.017578125
11 0.51171875 0.3056640625 0.00830078125 0.00732421875
11 0.51171875 0.25537109375 0.00830078125 0.0068359375
11 0.51171875 0.27001953125 0.00830078125 0.0068359375
12 0.54443359375 0.24951171875 0.0087890625 0.00732421875
12 0.54443359375 0.26416015625 0.0087890625 0.0068359375
11 0.53271484375 0.25244140625 0.00830078125 0.0068359375
11 0.53271484375 0.26708984375 0.00830078125 0.0068359375
11 0.52685546875 0.3115234375 0.00830078125 0.0068359375
11 0.7431640625 0.3115234375 0.00830078125 0.0068359375
11 0.7275390625 0.3115234375 0.00830078125 0.0068359375
11 0.712890625 0.3115234375 0.00830078125 0.0068359375
11 0.65234375 0.3115234375 0.00830078125 0.0068359375
11 0.69775390625 0.3115234375 0.00830078125 0.0068359375
19 0.69775390625 0.25048828125 0.00830078125 0.00390625
11 0.6826171875 0.3115234375 0.00830078125 0.0068359375
11 0.66748046875 0.3115234375 0.00830078125 0.0068359375
11 0.3173828125 0.3115234375 0.00830078125 0.0068359375
11 0.30224609375 0.3115234375 0.00830078125 0.0068359375
11 0.287109375 0.3115234375 0.00830078125 0.0068359375
12 0.28759765625 0.26708984375 0.0087890625 0.0068359375
11 0.36279296875 0.3115234375 0.00830078125 0.0068359375
11 0.34765625 0.3115234375 0.00830078125 0.0068359375
11 0.34765625 0.26416015625 0.00830078125 0.00732421875
11 0.33251953125 0.3115234375 0.00830078125 0.0068359375
1 0.193359375 0.32177734375 0.017578125 0.02099609375
10 0.19384765625 0.2626953125 0.0166015625 0.0458984375
0 0.17529296875 0.2939453125 0.005859375 0.08447265625
11 0.27685546875 0.25830078125 0.00830078125 0.0068359375
11 0.26953125 0.3115234375 0.00830078125 0.0068359375
11 0.25244140625 0.32373046875 0.00830078125 0.0068359375
11 0.25244140625 0.25244140625 0.00830078125 0.0068359375
11 0.44482421875 0.30859375 0.00830078125 0.0068359375
11 0.4296875 0.3115234375 0.00830078125 0.0068359375
11 0.490234375 0.3115234375 0.00830078125 0.0068359375
11 0.41455078125 0.3115234375 0.00830078125 0.0068359375
11 0.4765625 0.296875 0.00830078125 0.0068359375
11 0.4765625 0.302734375 0.00830078125 0.0068359375
11 0.4765625 0.25830078125 0.00830078125 0.0068359375
11 0.4599609375 0.3115234375 0.00830078125 0.0068359375
11 0.3994140625 0.3115234375 0.00830078125 0.0068359375
11 0.38427734375 0.3115234375 0.00830078125 0.0068359375
12 0.38427734375 0.26123046875 0.0087890625 0.0068359375
11 0.60888671875 0.5205078125 0.00830078125 0.00732421875
11 0.60888671875 0.5263671875 0.00830078125 0.0068359375
11 0.60888671875 0.49072265625 0.00830078125 0.0068359375
11 0.591796875 0.49072265625 0.00830078125 0.0068359375
11 0.64306640625 0.49072265625 0.00830078125 0.0068359375
11 0.64306640625 0.5234375 0.00830078125 0.0068359375
11 0.62548828125 0.49072265625 0.00830078125 0.0068359375
11 0.64306640625 0.53564453125 0.00830078125 0.00732421875
11 0.54052734375 0.5263671875 0.00830078125 0.0068359375
11 0.54052734375 0.54150390625 0.00830078125 0.0068359375
11 0.54052734375 0.49072265625 0.00830078125 0.0068359375
11 0.51513671875 0.49072265625 0.00830078125 0.0068359375
11 0.57470703125 0.5234375 0.00830078125 0.0068359375
11 0.57470703125 0.53564453125 0.00830078125 0.00732421875
11 0.57470703125 0.49072265625 0.00830078125 0.0068359375
11 0.5576171875 0.49072265625 0.00830078125 0.0068359375
11 0.8046875 0.49072265625 0.00830078125 0.0068359375
11 0.787109375 0.49072265625 0.00830078125 0.0068359375
11 0.7705078125 0.49072265625 0.00830078125 0.0068359375
11 0.75341796875 0.49072265625 0.00830078125 0.0068359375
13 0.6865234375 0.5234375 0.01123046875 0.0068359375
13 0.6865234375 0.53564453125 0.01123046875 0.00732421875
11 0.68505859375 0.49072265625 0.00830078125 0.0068359375
11 0.65966796875 0.49072265625 0.00830078125 0.0068359375
11 0.736328125 0.49072265625 0.00830078125 0.0068359375
11 0.71923828125 0.49072265625 0.00830078125 0.0068359375
11 0.7021484375 0.49072265625 0.00830078125 0.0068359375
11 0.3193359375 0.5263671875 0.00830078125 0.0068359375
11 0.3193359375 0.54150390625 0.00830078125 0.0068359375
11 0.3193359375 0.49072265625 0.00830078125 0.0068359375
11 0.30224609375 0.49072265625 0.00830078125 0.0068359375
11 0.28515625 0.53564453125 0.00830078125 0.00732421875
11 0.28515625 0.54443359375 0.00830078125 0.0068359375
11 0.28515625 0.49072265625 0.00830078125 0.0068359375
11 0.353515625 0.49072265625 0.00830078125 0.0068359375
11 0.353515625 0.529296875 0.00830078125 0.0068359375
11 0.353515625 0.54443359375 0.00830078125 0.0068359375
11 0.33642578125 0.49072265625 0.00830078125 0.0068359375
1 0.193359375 0.521484375 0.017578125 0.02099609375
10 0.19384765625 0.462890625 0.0166015625 0.0458984375
0 0.17529296875 0.49365234375 0.005859375 0.08447265625
11 0.26806640625 0.49072265625 0.00830078125 0.0068359375
11 0.25146484375 0.53564453125 0.00830078125 0.00732421875
11 0.25146484375 0.54736328125 0.00830078125 0.0068359375
11 0.25146484375 0.49072265625 0.00830078125 0.0068359375
11 0.44677734375 0.49072265625 0.00830078125 0.0068359375
11 0.43017578125 0.53564453125 0.00830078125 0.00732421875
11 0.43017578125 0.54150390625 0.00830078125 0.0068359375
11 0.43017578125 0.49072265625 0.00830078125 0.0068359375
11 0.4130859375 0.49072265625 0.00830078125 0.0068359375
11 0.498046875 0.5263671875 0.00830078125 0.0068359375
11 0.498046875 0.54150390625 0.00830078125 0.0068359375
11 0.498046875 0.49072265625 0.00830078125 0.0068359375
11 0.48095703125 0.49072265625 0.00830078125 0.0068359375
11 0.4638671875 0.5234375 0.00830078125 0.0068359375
11 0.4638671875 0.53857421875 0.00830078125 0.0068359375
11 0.4638671875 0.49072265625 0.00830078125 0.0068359375
11 0.39599609375 0.53564453125 0.00830078125 0.00732421875
11 0.39599609375 0.54443359375 0.00830078125 0.0068359375
11 0.39599609375 0.49072265625 0.00830078125 0.0068359375
11 0.37060546875 0.49072265625 0.00830078125 0.0068359375
11 0.59423828125 0.69091796875 0.00830078125 0.0068359375
11 0.61083984375 0.72314453125 0.00830078125 0.0068359375
11 0.61083984375 0.744140625 0.00830078125 0.0068359375
11 0.61083984375 0.69091796875 0.00830078125 0.0068359375
11 0.51171875 0.69091796875 0.00830078125 0.0068359375
11 0.66162109375 0.69091796875 0.00830078125 0.0068359375
11 0.64453125 0.72021484375 0.00830078125 0.0068359375
11 0.64453125 0.7470703125 0.00830078125 0.0068359375
11 0.64453125 0.69091796875 0.00830078125 0.0068359375
11 0.6279296875 0.69091796875 0.00830078125 0.0068359375
11 0.54345703125 0.7294921875 0.00830078125 0.00732421875
11 0.54345703125 0.744140625 0.00830078125 0.0068359375
11 0.54345703125 0.69091796875 0.00830078125 0.0068359375
11 0.5771484375 0.72607421875 0.00830078125 0.0068359375
11 0.5771484375 0.7412109375 0.00830078125 0.0068359375
11 0.5771484375 0.69091796875 0.00830078125 0.0068359375
11 0.560546875 0.69091796875 0.00830078125 0.0068359375
11 0.80419921875 0.669921875 0.00830078125 0.0068359375
11 0.80419921875 0.69091796875 0.00830078125 0.0068359375
11 0.787109375 0.669921875 0.00830078125 0.0068359375
11 0.787109375 0.69091796875 0.00830078125 0.0068359375
11 0.7705078125 0.669921875 0.00830078125 0.0068359375
11 0.7705078125 0.69091796875 0.00830078125 0.0068359375
11 0.75341796875 0.669921875 0.00830078125 0.0068359375
11 0.75341796875 0.69091796875 0.00830078125 0.0068359375
13 0.6875 0.72314453125 0.01123046875 0.00732421875
13 0.6875 0.7353515625 0.01123046875 0.00732421875
11 0.68603515625 0.69091796875 0.00830078125 0.0068359375
11 0.7197265625 0.669921875 0.00830078125 0.0068359375
11 0.73681640625 0.669921875 0.0078125 0.0068359375
11 0.73681640625 0.69091796875 0.0078125 0.0068359375
11 0.7197265625 0.69091796875 0.00830078125 0.0068359375
11 0.703125 0.669921875 0.00830078125 0.0068359375
11 0.703125 0.69091796875 0.00830078125 0.0068359375
11 0.318359375 0.72314453125 0.00830078125 0.0068359375
11 0.318359375 0.7353515625 0.00830078125 0.0068359375
11 0.318359375 0.69091796875 0.00830078125 0.0068359375
11 0.3017578125 0.69091796875 0.00830078125 0.0068359375
11 0.369140625 0.69091796875 0.00830078125 0.0068359375
11 0.28466796875 0.72021484375 0.0078125 0.0068359375
11 0.35205078125 0.72607421875 0.00830078125 0.0068359375
11 0.35205078125 0.7412109375 0.00830078125 0.0068359375
11 0.35205078125 0.69091796875 0.00830078125 0.0068359375
11 0.33544921875 0.69091796875 0.00830078125 0.0068359375
1 0.193359375 0.72119140625 0.017578125 0.02099609375
10 0.19384765625 0.66259765625 0.0166015625 0.0458984375
0 0.17529296875 0.693359375 0.005859375 0.08447265625
11 0.28466796875 0.72607421875 0.0078125 0.0068359375
11 0.28466796875 0.69091796875 0.0078125 0.0068359375
11 0.26806640625 0.69091796875 0.00830078125 0.0068359375
11 0.25146484375 0.72314453125 0.00830078125 0.0068359375
11 0.25146484375 0.7353515625 0.00830078125 0.0068359375
11 0.25146484375 0.69091796875 0.00830078125 0.0068359375
11 0.47802734375 0.69091796875 0.00830078125 0.0068359375
11 0.427734375 0.72607421875 0.00830078125 0.0068359375
11 0.427734375 0.7412109375 0.00830078125 0.0068359375
11 0.427734375 0.69091796875 0.00830078125 0.0068359375
11 0.4951171875 0.69091796875 0.00830078125 0.0068359375
11 0.46142578125 0.7294921875 0.00830078125 0.00732421875
11 0.46142578125 0.744140625 0.00830078125 0.0068359375
11 0.46142578125 0.69091796875 0.00830078125 0.0068359375
11 0.4443359375 0.69091796875 0.00830078125 0.0068359375
11 0.4951171875 0.7412109375 0.00830078125 0.0068359375
11 0.39404296875 0.69091796875 0.00830078125 0.0068359375
11 0.39404296875 0.72314453125 0.00830078125 0.0068359375
11 0.39404296875 0.7353515625 0.00830078125 0.0068359375
11 0.4111328125 0.69091796875 0.00830078125 0.0068359375
11 0.4951171875 0.72607421875 0.00830078125 0.0068359375
11 0.607421875 0.94189453125 0.00830078125 0.0068359375
11 0.5732421875 0.93896484375 0.00830078125 0.0068359375
11 0.607421875 0.87548828125 0.00830078125 0.0068359375
11 0.6103515625 0.86962890625 0.00830078125 0.0068359375
11 0.6103515625 0.890625 0.00830078125 0.0068359375
11 0.591796875 0.86962890625 0.00830078125 0.0068359375
11 0.591796875 0.890625 0.00830078125 0.0068359375
11 0.6259765625 0.890625 0.00830078125 0.0068359375
11 0.64208984375 0.93896484375 0.00830078125 0.0068359375
11 0.64208984375 0.95068359375 0.00830078125 0.0068359375
11 0.64208984375 0.87841796875 0.00830078125 0.0068359375
11 0.64453125 0.86962890625 0.00830078125 0.0068359375
11 0.64453125 0.890625 0.00830078125 0.0068359375
11 0.6259765625 0.86962890625 0.00830078125 0.0068359375
11 0.607421875 0.93603515625 0.00830078125 0.0068359375
11 0.51416015625 0.86962890625 0.00830078125 0.0068359375
11 0.53857421875 0.94189453125 0.00830078125 0.0068359375
11 0.53857421875 0.95361328125 0.00830078125 0.0068359375
11 0.53857421875 0.8818359375 0.00830078125 0.0068359375
11 0.541015625 0.86962890625 0.00830078125 0.0068359375
11 0.541015625 0.890625 0.00830078125 0.0068359375
11 0.51416015625 0.890625 0.00830078125 0.0068359375
11 0.5732421875 0.87841796875 0.00830078125 0.0068359375
11 0.57568359375 0.86962890625 0.0078125 0.0068359375
11 0.57568359375 0.890625 0.0078125 0.0068359375
11 0.55712890625 0.86962890625 0.0078125 0.0068359375
11 0.55712890625 0.890625 0.0078125 0.0068359375
11 0.5732421875 0.95068359375 0.00830078125 0.0068359375
11 0.7890625 0.86962890625 0.00830078125 0.0068359375
11 0.7890625 0.890625 0.00830078125 0.0068359375
11 0.77294921875 0.86962890625 0.00830078125 0.0068359375
11 0.77294921875 0.890625 0.00830078125 0.0068359375
11 0.7568359375 0.86962890625 0.00830078125 0.0068359375
11 0.7568359375 0.890625 0.00830078125 0.0068359375
11 0.7412109375 0.86962890625 0.00830078125 0.0068359375
11 0.7412109375 0.890625 0.00830078125 0.0068359375
11 0.8046875 0.86962890625 0.00830078125 0.0068359375
11 0.8046875 0.890625 0.00830078125 0.0068359375
12 0.67919921875 0.9716796875 0.00634765625 0.0048828125
11 0.66064453125 0.86962890625 0.00830078125 0.0068359375
11 0.66064453125 0.890625 0.00830078125 0.0068359375
11 0.72509765625 0.86962890625 0.00830078125 0.0068359375
11 0.72509765625 0.890625 0.00830078125 0.0068359375
11 0.708984375 0.86962890625 0.00830078125 0.0068359375
11 0.708984375 0.890625 0.00830078125 0.0068359375
13 0.69091796875 0.93896484375 0.01123046875 0.00732421875
13 0.69091796875 0.95068359375 0.01123046875 0.0068359375
13 0.69091796875 0.87890625 0.01123046875 0.00732421875
11 0.69287109375 0.86962890625 0.00830078125 0.0068359375
11 0.69287109375 0.890625 0.00830078125 0.0068359375
11 0.31494140625 0.95703125 0.00830078125 0.0068359375
11 0.31494140625 0.94189453125 0.00830078125 0.0068359375
11 0.31494140625 0.8818359375 0.00830078125 0.0068359375
11 0.33349609375 0.890625 0.00830078125 0.0068359375
11 0.31787109375 0.86962890625 0.00830078125 0.0068359375
11 0.31787109375 0.890625 0.00830078125 0.0068359375
11 0.29931640625 0.86962890625 0.00830078125 0.0068359375
11 0.29931640625 0.890625 0.00830078125 0.0068359375
11 0.373046875 0.86962890625 0.00830078125 0.0068359375
11 0.373046875 0.890625 0.00830078125 0.0068359375
11 0.49560546875 0.94189453125 0.00830078125 0.0068359375
11 0.35498046875 0.94482421875 0.00830078125 0.0068359375
11 0.35498046875 0.9599609375 0.00830078125 0.0068359375
11 0.35498046875 0.884765625 0.00830078125 0.0068359375
11 0.357421875 0.86962890625 0.00830078125 0.0068359375
11 0.357421875 0.890625 0.00830078125 0.0068359375
11 0.33349609375 0.86962890625 0.00830078125 0.0068359375
11 0.25146484375 0.95068359375 0.00830078125 0.0068359375
11 0.25146484375 0.962890625 0.00830078125 0.00732421875
21 0.25 0.90966796875 0.0068359375 0.0185546875
11 0.25146484375 0.86962890625 0.00830078125 0.0068359375
11 0.25146484375 0.890625 0.00830078125 0.0068359375
1 0.193359375 0.93701171875 0.017578125 0.02099609375
10 0.19384765625 0.8623046875 0.0166015625 0.0458984375
0 0.17529296875 0.9013671875 0.00634765625 0.10009765625
11 0.283203125 0.95068359375 0.00830078125 0.0068359375
11 0.283203125 0.9599609375 0.00830078125 0.0068359375
21 0.2822265625 0.90966796875 0.00634765625 0.0185546875
11 0.283203125 0.86962890625 0.00830078125 0.0068359375
11 0.283203125 0.890625 0.00830078125 0.0068359375
11 0.26708984375 0.86962890625 0.00830078125 0.0068359375
11 0.26708984375 0.890625 0.00830078125 0.0068359375
15 0.44482421875 0.90625 0.0078125 0.01171875
11 0.4453125 0.86962890625 0.00830078125 0.0068359375
11 0.4453125 0.890625 0.00830078125 0.0068359375
11 0.42919921875 0.95068359375 0.0078125 0.0068359375
11 0.42919921875 0.95703125 0.0078125 0.0068359375
15 0.42919921875 0.90625 0.0078125 0.01171875
11 0.42919921875 0.86962890625 0.0078125 0.0068359375
11 0.42919921875 0.890625 0.0078125 0.0068359375
11 0.49560546875 0.95703125 0.00830078125 0.0068359375
11 0.49560546875 0.8818359375 0.00830078125 0.0068359375
11 0.498046875 0.86962890625 0.00830078125 0.0068359375
11 0.498046875 0.890625 0.00830078125 0.0068359375
11 0.4794921875 0.86962890625 0.00830078125 0.0068359375
11 0.4794921875 0.890625 0.00830078125 0.0068359375
11 0.4609375 0.93896484375 0.00830078125 0.0068359375
11 0.4609375 0.95361328125 0.00830078125 0.0068359375
11 0.4609375 0.87841796875 0.00830078125 0.0068359375
11 0.46337890625 0.86962890625 0.00830078125 0.0068359375
11 0.46337890625 0.890625 0.00830078125 0.0068359375
11 0.3974609375 0.95068359375 0.00830078125 0.0068359375
11 0.3974609375 0.9599609375 0.00830078125 0.0068359375
15 0.3974609375 0.90625 0.0078125 0.01171875
11 0.3974609375 0.86962890625 0.00830078125 0.0068359375
11 0.3974609375 0.890625 0.00830078125 0.0068359375
15 0.41357421875 0.90625 0.0078125 0.01171875
11 0.41357421875 0.86962890625 0.00830078125 0.0068359375
11 0.41357421875 0.890625 0.00830078125 0.0068359375