11 0.6484375 0.0625 0.00830078125 0.0068359375
11 0.66845703125 0.0712890625 0.00830078125 0.00732421875
11 0.689453125 0.07470703125 0.00830078125 0.0068359375
8 0.5380859375 0.0712890625 0.00634765625 0.017578125
11 0.56005859375 0.056640625 0.00830078125 0.00732421875
11 0.59521484375 0.0595703125 0.00830078125 0.0068359375
8 0.5947265625 0.0712890625 0.00634765625 0.017578125
11 0.626953125 0.0595703125 0.00830078125 0.0068359375
11 0.7568359375 0.0654296875 0.00830078125 0.0068359375
11 0.7109375 0.0771484375 0.00830078125 0.0068359375
11 0.73388671875 0.0712890625 0.00830078125 0.00732421875
11 0.7783203125 0.068359375 0.00830078125 0.0068359375
11 0.7998046875 0.068359375 0.00830078125 0.0068359375
11 0.27587890625 0.0537109375 0.00830078125 0.0068359375
11 0.298828125 0.04736328125 0.00830078125 0.0068359375
11 0.26123046875 0.05078125 0.00830078125 0.0068359375
11 0.333984375 0.05078125 0.00830078125 0.0068359375
8 0.33349609375 0.0625 0.00634765625 0.017578125
11 0.35595703125 0.0537109375 0.00830078125 0.0068359375
1 0.193359375 0.0634765625 0.017578125 0.02099609375
11 0.53857421875 0.0595703125 0.00830078125 0.0068359375
11 0.23193359375 0.04736328125 0.00830078125 0.0068359375
11 0.4462890625 0.0654296875 0.00830078125 0.0068359375
11 0.48193359375 0.0654296875 0.00830078125 0.0068359375
8 0.48095703125 0.07666015625 0.00634765625 0.017578125
11 0.5029296875 0.0625 0.00830078125 0.0068359375
11 0.40380859375 0.04150390625 0.00830078125 0.0068359375
11 0.38232421875 0.044921875 0.00830078125 0.0068359375
21 0.55859375 0.1630859375 0.00634765625 0.01806640625
21 0.65087890625 0.1630859375 0.00634765625 0.01806640625
11 0.4951171875 0.134765625 0.0078125 0.0068359375
11 0.4765625 0.1376953125 0.00830078125 0.0068359375
15 0.5185546875 0.1650390625 0.0078125 0.01171875
21 0.53271484375 0.1630859375 0.00634765625 0.01806640625
11 0.79296875 0.17333984375 0.00830078125 0.0068359375
11 0.7666015625 0.16748046875 0.00830078125 0.0068359375
22 0.6123046875 0.16015625 0.00830078125 0.00390625
11 0.70458984375 0.16162109375 0.00830078125 0.00732421875
21 0.67724609375 0.1630859375 0.00634765625 0.01806640625
11 0.73876953125 0.16162109375 0.00830078125 0.00732421875
11 0.29248046875 0.17626953125 0.00830078125 0.00732421875
11 0.30419921875 0.17333984375 0.00830078125 0.0068359375
11 0.28125 0.1796875 0.00830078125 0.0068359375
11 0.3271484375 0.16748046875 0.00830078125 0.0068359375
11 0.31591796875 0.17041015625 0.00830078125 0.0068359375
10 0.19287109375 0.1630859375 0.0166015625 0.0458984375
11 0.2607421875 0.18212890625 0.00830078125 0.0068359375
11 0.24072265625 0.185546875 0.00830078125 0.0068359375
11 0.23095703125 0.16748046875 0.0078125 0.0068359375
11 0.40185546875 0.15234375 0.00830078125 0.0068359375
11 0.41357421875 0.14990234375 0.00830078125 0.0068359375
11 0.3388671875 0.16455078125 0.00830078125 0.0068359375
11 0.390625 0.15576171875 0.00830078125 0.0068359375
11 0.45654296875 0.140625 0.00830078125 0.00732421875
11 0.4365234375 0.1435546875 0.00830078125 0.0068359375
11 0.4248046875 0.146484375 0.00830078125 0.0068359375
11 0.35888671875 0.16162109375 0.00830078125 0.00732421875
11 0.37890625 0.15869140625 0.00830078125 0.0068359375
11 0.50634765625 0.263671875 0.00830078125 0.0068359375
11 0.59375 0.2783203125 0.00830078125 0.0068359375
11 0.6181640625 0.275390625 0.00830078125 0.0068359375
9 0.62451171875 0.263671875 0.0068359375 0.017578125
11 0.7001953125 0.263671875 0.00830078125 0.0068359375
11 0.6337890625 0.28173828125 0.00830078125 0.00732421875
11 0.658203125 0.28466796875 0.00830078125 0.0068359375
9 0.6650390625 0.2724609375 0.0068359375 0.017578125
11 0.5302734375 0.2666015625 0.00830078125 0.00732421875
9 0.537109375 0.25439453125 0.0068359375 0.017578125
11 0.5546875 0.26953125 0.00830078125 0.0068359375
9 0.583984375 0.263671875 0.0068359375 0.017578125
11 0.5771484375 0.275390625 0.00830078125 0.0068359375
11 0.806640625 0.2578125 0.00830078125 0.0068359375
8 0.80615234375 0.26953125 0.00634765625 0.01806640625
8 0.72412109375 0.2724609375 0.00634765625 0.017578125
11 0.724609375 0.2607421875 0.00830078125 0.0068359375
11 0.740234375 0.263671875 0.00830078125 0.0068359375
11 0.76611328125 0.2578125 0.00830078125 0.0068359375
8 0.765625 0.26953125 0.00634765625 0.01806640625
11 0.7822265625 0.2548828125 0.00830078125 0.0068359375
11 0.29052734375 0.2666015625 0.00830078125 0.00732421875
12 0.32861328125 0.263671875 0.0087890625 0.0068359375
11 0.36474609375 0.2783203125 0.00830078125 0.0068359375
10 0.19287109375 0.26220703125 0.0166015625 0.0458984375
11 0.23095703125 0.275390625 0.0078125 0.0068359375
11 0.2626953125 0.2548828125 0.00830078125 0.0068359375
11 0.46337890625 0.2724609375 0.00830078125 0.0068359375
9 0.453125 0.25732421875 0.0068359375 0.017578125
11 0.44677734375 0.26953125 0.00830078125 0.0068359375
11 0.40234375 0.2724609375 0.00830078125 0.0068359375
9 0.49560546875 0.25439453125 0.0068359375 0.017578125
11 0.38916015625 0.2783203125 0.00830078125 0.0068359375
11 0.42236328125 0.2724609375 0.00830078125 0.0068359375
11 0.48876953125 0.2666015625 0.00830078125 0.00732421875
11 0.61474609375 0.37451171875 0.00830078125 0.0068359375
15 0.60107421875 0.36328125 0.0078125 0.01171875
15 0.63525390625 0.36328125 0.0078125 0.01171875
11 0.64892578125 0.37744140625 0.00830078125 0.0068359375
11 0.52490234375 0.36865234375 0.00830078125 0.0068359375
9 0.53125 0.3564453125 0.0068359375 0.017578125
11 0.5390625 0.37451171875 0.00830078125 0.0068359375
11 0.50439453125 0.37158203125 0.00830078125 0.00732421875
11 0.55908203125 0.37744140625 0.00830078125 0.0068359375
9 0.49658203125 0.3564453125 0.0068359375 0.017578125
9 0.56591796875 0.36572265625 0.0068359375 0.017578125
11 0.58056640625 0.36865234375 0.00830078125 0.0068359375
19 0.74169921875 0.36083984375 0.00830078125 0.00390625
15 0.6689453125 0.36328125 0.0078125 0.01171875
11 0.68896484375 0.380859375 0.00830078125 0.0068359375
15 0.70947265625 0.36328125 0.0078125 0.01171875
21 0.72216796875 0.361328125 0.00634765625 0.0185546875
9 0.326171875 0.3623046875 0.0068359375 0.017578125
11 0.28515625 0.36572265625 0.00830078125 0.0068359375
9 0.2919921875 0.353515625 0.0068359375 0.017578125
11 0.29931640625 0.37158203125 0.00830078125 0.00732421875
11 0.31982421875 0.37451171875 0.00830078125 0.0068359375
11 0.359375 0.36572265625 0.0078125 0.0068359375
22 0.78955078125 0.3583984375 0.00830078125 0.00390625
11 0.23095703125 0.35986328125 0.0078125 0.0068359375
11 0.25048828125 0.36572265625 0.00830078125 0.0068359375
9 0.25732421875 0.353515625 0.0068359375 0.017578125
11 0.2646484375 0.36865234375 0.00830078125 0.0068359375
11 0.4287109375 0.3564453125 0.00830078125 0.0068359375
11 0.44921875 0.35986328125 0.0078125 0.0068359375
8 0.44873046875 0.37158203125 0.00634765625 0.017578125
11 0.47021484375 0.36279296875 0.00830078125 0.0068359375
11 0.490234375 0.36865234375 0.00830078125 0.0068359375
11 0.39404296875 0.36572265625 0.00830078125 0.0068359375
8 0.41455078125 0.37158203125 0.00634765625 0.017578125
8 0.3798828125 0.3740234375 0.00634765625 0.01806640625
11 0.3798828125 0.36279296875 0.00830078125 0.0068359375
11 0.4150390625 0.35986328125 0.00830078125 0.0068359375