11 0.63037109375 0.04736328125 0.00830078125 0.0068359375
11 0.64453125 0.05078125 0.0078125 0.00732421875
11 0.685546875 0.0537109375 0.00830078125 0.0068359375
11 0.60205078125 0.05078125 0.0078125 0.00732421875
11 0.720703125 0.04443359375 0.00830078125 0.00732421875
8 0.72021484375 0.056640625 0.00634765625 0.017578125
11 0.7412109375 0.04443359375 0.00830078125 0.00732421875
11 0.78271484375 0.04736328125 0.00830078125 0.0068359375
15 0.26513671875 0.06005859375 0.0078125 0.01171875
11 0.28564453125 0.04736328125 0.00830078125 0.0068359375
11 0.32568359375 0.0537109375 0.00830078125 0.0068359375
11 0.3681640625 0.04736328125 0.00830078125 0.0068359375
1 0.193359375 0.0576171875 0.017578125 0.02099609375
11 0.23193359375 0.0537109375 0.00830078125 0.0068359375
11 0.47265625 0.0537109375 0.0078125 0.0068359375
11 0.51416015625 0.0537109375 0.00830078125 0.0068359375
12 0.41796875 0.0537109375 0.0087890625 0.0068359375
11 0.6708984375 0.15576171875 0.00830078125 0.00732421875
8 0.646484375 0.16748046875 0.00634765625 0.017578125
11 0.64697265625 0.15576171875 0.00830078125 0.00732421875
11 0.54443359375 0.16455078125 0.0078125 0.0068359375
11 0.5654296875 0.16162109375 0.00830078125 0.0068359375
11 0.62255859375 0.15869140625 0.00830078125 0.0068359375
11 0.5771484375 0.16455078125 0.00830078125 0.0068359375
11 0.59326171875 0.16162109375 0.00830078125 0.0068359375
11 0.7939453125 0.140625 0.00830078125 0.0068359375
11 0.693359375 0.15234375 0.00830078125 0.0068359375
11 0.705078125 0.15576171875 0.00830078125 0.00732421875
11 0.72265625 0.146484375 0.00830078125 0.0068359375
11 0.74853515625 0.1376953125 0.00830078125 0.0068359375
8 0.748046875 0.1494140625 0.00634765625 0.017578125
11 0.7646484375 0.1376953125 0.00830078125 0.0068359375
11 0.3740234375 0.15576171875 0.00830078125 0.00732421875
8 0.373046875 0.16748046875 0.00634765625 0.017578125
11 0.39697265625 0.16162109375 0.00830078125 0.0068359375
11 0.279296875 0.15234375 0.00830078125 0.0068359375
11 0.30419921875 0.1494140625 0.00830078125 0.00732421875
8 0.3037109375 0.16162109375 0.00634765625 0.017578125
11 0.31982421875 0.15576171875 0.00830078125 0.00732421875
11 0.25048828125 0.1494140625 0.00830078125 0.00732421875
11 0.34912109375 0.15869140625 0.00830078125 0.0068359375
11 0.51708984375 0.1494140625 0.00830078125 0.00732421875
21 0.4248046875 0.1572265625 0.00634765625 0.01806640625
21 0.45263671875 0.1572265625 0.00634765625 0.01806640625
11 0.48095703125 0.146484375 0.00830078125 0.0068359375
11 0.66796875 0.263671875 0.00830078125 0.0068359375
8 0.52197265625 0.26904296875 0.00634765625 0.01806640625
11 0.541015625 0.263671875 0.00830078125 0.0068359375
11 0.57080078125 0.2607421875 0.00830078125 0.00732421875
9 0.57763671875 0.24853515625 0.0068359375 0.017578125
11 0.642578125 0.2666015625 0.00830078125 0.0068359375
11 0.59814453125 0.23974609375 0.00830078125 0.00732421875
11 0.68115234375 0.2666015625 0.00830078125 0.0068359375
11 0.70068359375 0.2578125 0.0078125 0.0068359375
11 0.732421875 0.24853515625 0.00830078125 0.0068359375
8 0.7314453125 0.2607421875 0.00634765625 0.017578125
11 0.7509765625 0.24853515625 0.00830078125 0.0068359375
11 0.787109375 0.25146484375 0.00830078125 0.0068359375
11 0.30810546875 0.23974609375 0.00830078125 0.00732421875
11 0.33349609375 0.24267578125 0.00830078125 0.0068359375
11 0.35302734375 0.24853515625 0.00830078125 0.0068359375
11 0.5224609375 0.2578125 0.00830078125 0.0068359375
11 0.25048828125 0.24267578125 0.00830078125 0.0068359375
11 0.28662109375 0.24560546875 0.00830078125 0.0068359375
11 0.38916015625 0.25146484375 0.00830078125 0.0068359375
11 0.4560546875 0.25439453125 0.00830078125 0.00732421875
11 0.4921875 0.25439453125 0.00830078125 0.00732421875
11 0.40966796875 0.24560546875 0.00830078125 0.0068359375
11 0.4345703125 0.24853515625 0.00830078125 0.0068359375
11 0.73779296875 0.37158203125 0.00830078125 0.0068359375
8 0.6318359375 0.36767578125 0.00634765625 0.01806640625
11 0.65625 0.359375 0.00830078125 0.00732421875
11 0.6962890625 0.37451171875 0.00830078125 0.0068359375
9 0.703125 0.3623046875 0.0068359375 0.017578125
11 0.720703125 0.37744140625 0.00830078125 0.0068359375
11 0.59228515625 0.353515625 0.0078125 0.0068359375
11 0.63232421875 0.3564453125 0.00830078125 0.0068359375
11 0.75537109375 0.36572265625 0.00830078125 0.00732421875
11 0.7724609375 0.3564453125 0.0078125 0.0068359375
11 0.78955078125 0.3505859375 0.00830078125 0.0068359375
11 0.806640625 0.3447265625 0.00830078125 0.00732421875
11 0.2998046875 0.353515625 0.00830078125 0.0068359375
11 0.34033203125 0.3564453125 0.00830078125 0.0068359375
8 0.33935546875 0.36767578125 0.00634765625 0.01806640625
11 0.36376953125 0.359375 0.00830078125 0.00732421875
11 0.40234375 0.36865234375 0.00830078125 0.0068359375
9 0.4091796875 0.3564453125 0.0068359375 0.017578125
11 0.4267578125 0.37158203125 0.00830078125 0.0068359375
10 0.19287109375 0.35546875 0.0166015625 0.0458984375
11 0.25048828125 0.353515625 0.00830078125 0.0068359375
11 0.48046875 0.36279296875 0.00830078125 0.0068359375
11 0.49609375 0.359375 0.00830078125 0.00732421875
11 0.51171875 0.3564453125 0.00830078125 0.0068359375
11 0.54248046875 0.353515625 0.00830078125 0.0068359375
11 0.4580078125 0.36572265625 0.00830078125 0.00732421875
11 0.4423828125 0.36865234375 0.00830078125 0.0068359375
11 0.62841796875 0.4765625 0.00830078125 0.0068359375
11 0.6669921875 0.4736328125 0.00830078125 0.0068359375
11 0.5146484375 0.4736328125 0.00830078125 0.0068359375
11 0.54296875 0.4677734375 0.00830078125 0.0068359375
11 0.5556640625 0.4765625 0.00830078125 0.0068359375
11 0.69921875 0.470703125 0.00830078125 0.00732421875
9 0.70556640625 0.45849609375 0.0068359375 0.017578125
11 0.72021484375 0.470703125 0.00830078125 0.00732421875
11 0.751953125 0.4677734375 0.00830078125 0.0068359375
9 0.7587890625 0.45556640625 0.0068359375 0.017578125
11 0.7822265625 0.458984375 0.00830078125 0.0068359375
11 0.32177734375 0.44384765625 0.00830078125 0.0068359375
8 0.32080078125 0.45556640625 0.00634765625 0.017578125
11 0.34423828125 0.44970703125 0.00830078125 0.00732421875
11 0.28955078125 0.44091796875 0.00830078125 0.0068359375
11 0.36376953125 0.470703125 0.00830078125 0.00732421875
10 0.19287109375 0.4541015625 0.0166015625 0.0458984375
11 0.25048828125 0.44091796875 0.0078125 0.0068359375
11 0.4951171875 0.45263671875 0.00830078125 0.0068359375
11 0.42529296875 0.46142578125 0.00830078125 0.0068359375
11 0.44677734375 0.45556640625 0.00830078125 0.0068359375
11 0.404296875 0.4677734375 0.00830078125 0.0068359375
11 0.390625 0.46484375 0.00830078125 0.00732421875
11 0.64599609375 0.56396484375 0.00830078125 0.0068359375
11 0.67041015625 0.560546875 0.00830078125 0.0068359375
11 0.52490234375 0.5576171875 0.00830078125 0.0068359375
9 0.53173828125 0.54541015625 0.0068359375 0.017578125
11 0.544921875 0.5576171875 0.00830078125 0.0068359375
11 0.57421875 0.56982421875 0.00830078125 0.00732421875
9 0.5810546875 0.5576171875 0.0068359375 0.017578125
11 0.60107421875 0.560546875 0.00830078125 0.0068359375
11 0.68359375 0.56396484375 0.00830078125 0.0068359375
11 0.703125 0.5546875 0.00830078125 0.00732421875
11 0.73388671875 0.5458984375 0.00830078125 0.0068359375
8 0.7333984375 0.5576171875 0.00634765625 0.01806640625
11 0.75244140625 0.5458984375 0.00830078125 0.0068359375
11 0.7880859375 0.548828125 0.00830078125 0.0068359375
11 0.3203125 0.560546875 0.00830078125 0.0068359375
11 0.3486328125 0.56982421875 0.00830078125 0.00732421875
9 0.35498046875 0.5576171875 0.0068359375 0.017578125
11 0.3671875 0.57275390625 0.00830078125 0.0068359375
10 0.19287109375 0.55322265625 0.0166015625 0.0458984375
11 0.390625 0.57861328125 0.00830078125 0.0068359375
11 0.25048828125 0.5546875 0.00830078125 0.00732421875
11 0.28515625 0.56396484375 0.00830078125 0.0068359375
11 0.474609375 0.57568359375 0.00830078125 0.00732421875
11 0.46142578125 0.57275390625 0.00830078125 0.0068359375
11 0.4091796875 0.57568359375 0.00830078125 0.00732421875
11 0.494140625 0.56640625 0.00830078125 0.0068359375
11 0.4365234375 0.57568359375 0.00830078125 0.00732421875
11 0.63330078125 0.64794921875 0.00830078125 0.0068359375
11 0.62158203125 0.65380859375 0.00830078125 0.0068359375
11 0.611328125 0.65673828125 0.00830078125 0.0068359375
11 0.5205078125 0.66259765625 0.00830078125 0.0068359375
11 0.64453125 0.64208984375 0.00830078125 0.0068359375
11 0.666015625 0.63916015625 0.00830078125 0.0068359375
11 0.5615234375 0.671875 0.00830078125 0.0068359375
11 0.546875 0.65673828125 0.00830078125 0.0068359375
11 0.53466796875 0.65380859375 0.00830078125 0.0068359375
11 0.60009765625 0.66259765625 0.00830078125 0.0068359375
11 0.58837890625 0.6689453125 0.00830078125 0.0068359375
11 0.578125 0.66552734375 0.00830078125 0.0068359375
11 0.79345703125 0.65380859375 0.00830078125 0.0068359375
11 0.779296875 0.65966796875 0.00830078125 0.00732421875
11 0.73291015625 0.6689453125 0.00830078125 0.0068359375
11 0.72021484375 0.64794921875 0.00830078125 0.0068359375
8 0.703125 0.65380859375 0.00634765625 0.01806640625
11 0.70361328125 0.64208984375 0.00830078125 0.0068359375
11 0.68603515625 0.63916015625 0.00830078125 0.0068359375
11 0.765625 0.66552734375 0.00830078125 0.0068359375
11 0.75537109375 0.66259765625 0.00830078125 0.0068359375
11 0.37255859375 0.66552734375 0.00830078125 0.0068359375
11 0.26123046875 0.66552734375 0.00830078125 0.0068359375
11 0.35546875 0.671875 0.00830078125 0.0068359375
11 0.4013671875 0.66552734375 0.00830078125 0.0068359375
11 0.4111328125 0.66259765625 0.00830078125 0.0068359375
11 0.39111328125 0.6689453125 0.00830078125 0.0068359375
11 0.314453125 0.66259765625 0.00830078125 0.0068359375
11 0.30029296875 0.6689453125 0.00830078125 0.0068359375
11 0.2841796875 0.65966796875 0.00830078125 0.00732421875
11 0.34130859375 0.65673828125 0.00830078125 0.0068359375
11 0.32861328125 0.65380859375 0.00830078125 0.0068359375
11 0.474609375 0.66552734375 0.00830078125 0.0068359375
11 0.50634765625 0.6689453125 0.00830078125 0.0068359375
11 0.4970703125 0.65966796875 0.00830078125 0.00732421875
11 0.43115234375 0.65673828125 0.00830078125 0.0068359375
11 0.42138671875 0.65966796875 0.00830078125 0.00732421875
11 0.25048828125 0.65087890625 0.00830078125 0.0068359375
10 0.19287109375 0.65234375 0.0166015625 0.0458984375
11 0.46337890625 0.65087890625 0.00830078125 0.0068359375
11 0.44140625 0.65380859375 0.00830078125 0.0068359375
11 0.6953125 0.74072265625 0.00830078125 0.0068359375
11 0.6572265625 0.7470703125 0.0078125 0.0068359375
11 0.54541015625 0.76171875 0.00830078125 0.0068359375
11 0.68212890625 0.75 0.00830078125 0.00732421875
11 0.6025390625 0.76171875 0.00830078125 0.0068359375
11 0.57373046875 0.7587890625 0.00830078125 0.0068359375
11 0.64013671875 0.7529296875 0.00830078125 0.0068359375
9 0.81396484375 0.74658203125 0.0068359375 0.017578125
11 0.75732421875 0.755859375 0.00830078125 0.0068359375
11 0.71875 0.744140625 0.00830078125 0.0068359375
8 0.71826171875 0.755859375 0.00634765625 0.017578125
11 0.734375 0.7470703125 0.00830078125 0.0068359375
9 0.76416015625 0.74365234375 0.0068359375 0.017578125
11 0.78369140625 0.755859375 0.00830078125 0.0068359375
11 0.8076171875 0.7587890625 0.00830078125 0.0068359375
11 0.3017578125 0.7646484375 0.00830078125 0.00732421875
11 0.31298828125 0.77392578125 0.00830078125 0.0068359375
12 0.40771484375 0.77392578125 0.0087890625 0.0068359375
10 0.19287109375 0.75146484375 0.0166015625 0.0458984375
11 0.26416015625 0.75 0.00830078125 0.00732421875
11 0.27978515625 0.7705078125 0.00830078125 0.0068359375
21 0.46728515625 0.75146484375 0.00634765625 0.01806640625
15 0.49462890625 0.75341796875 0.0078125 0.01171875
11 0.51708984375 0.7587890625 0.00830078125 0.0068359375
11 0.4443359375 0.77392578125 0.00830078125 0.0068359375
11 0.59912109375 0.86083984375 0.00830078125 0.0068359375
11 0.6240234375 0.85498046875 0.00830078125 0.00732421875
9 0.630859375 0.8427734375 0.0068359375 0.017578125
11 0.64111328125 0.85205078125 0.00830078125 0.0068359375
9 0.58984375 0.845703125 0.0068359375 0.017578125
11 0.6640625 0.85498046875 0.00830078125 0.00732421875
9 0.6708984375 0.8427734375 0.0068359375 0.017578125
11 0.68798828125 0.85791015625 0.00830078125 0.0068359375
11 0.5595703125 0.86083984375 0.00830078125 0.0068359375
11 0.58349609375 0.85791015625 0.00830078125 0.0068359375
11 0.5048828125 0.85498046875 0.00830078125 0.00732421875
11 0.78857421875 0.87255859375 0.00830078125 0.0068359375
9 0.79541015625 0.86083984375 0.0068359375 0.017578125
11 0.72607421875 0.86669921875 0.00830078125 0.0068359375
11 0.7099609375 0.86376953125 0.00830078125 0.0068359375
9 0.716796875 0.8515625 0.0068359375 0.017578125
11 0.74951171875 0.86376953125 0.0078125 0.0068359375
9 0.75634765625 0.8515625 0.0068359375 0.017578125
11 0.76513671875 0.86962890625 0.00830078125 0.00732421875
11 0.27880859375 0.84912109375 0.00830078125 0.00732421875
11 0.2919921875 0.83984375 0.00830078125 0.0068359375
11 0.3154296875 0.8427734375 0.00830078125 0.0068359375
8 0.31494140625 0.85498046875 0.00634765625 0.017578125
11 0.33056640625 0.845703125 0.00830078125 0.0068359375
10 0.19287109375 0.8505859375 0.0166015625 0.0458984375
11 0.2216796875 0.86083984375 0.005859375 0.00537109375
9 0.2255859375 0.8486328125 0.00927734375 0.01611328125
11 0.23681640625 0.85205078125 0.00830078125 0.0068359375
11 0.25390625 0.845703125 0.00830078125 0.0068359375
11 0.4189453125 0.86083984375 0.00830078125 0.0068359375
11 0.44873046875 0.85498046875 0.00830078125 0.00732421875
11 0.4755859375 0.86083984375 0.00830078125 0.0068359375
9 0.40185546875 0.8486328125 0.0068359375 0.017578125
11 0.373046875 0.85498046875 0.00830078125 0.00732421875
11 0.39501953125 0.86083984375 0.00830078125 0.0068359375
8 0.35205078125 0.86328125 0.00634765625 0.01806640625
11 0.3525390625 0.85205078125 0.0078125 0.0068359375
11 0.6220703125 0.9599609375 0.00830078125 0.00732421875
11 0.6416015625 0.95703125 0.00830078125 0.0068359375
9 0.6484375 0.94482421875 0.0068359375 0.017578125
12 0.69677734375 0.95703125 0.0087890625 0.0068359375
9 0.681640625 0.95361328125 0.0068359375 0.017578125
11 0.67529296875 0.9658203125 0.00830078125 0.0068359375
11 0.6552734375 0.962890625 0.00830078125 0.0068359375
11 0.5791015625 0.95068359375 0.00830078125 0.0068359375
8 0.55810546875 0.9599609375 0.00634765625 0.017578125
11 0.55859375 0.9482421875 0.00830078125 0.0068359375
11 0.5390625 0.94482421875 0.00830078125 0.0068359375
8 0.52490234375 0.9599609375 0.00634765625 0.017578125
11 0.59814453125 0.95703125 0.00830078125 0.0068359375
9 0.6044921875 0.94482421875 0.0068359375 0.017578125
8 0.80859375 0.9541015625 0.00634765625 0.017578125
11 0.80859375 0.94189453125 0.00830078125 0.0068359375
11 0.78759765625 0.9482421875 0.00830078125 0.0068359375
11 0.72607421875 0.95703125 0.00830078125 0.0068359375
12 0.7568359375 0.95703125 0.0087890625 0.0068359375
11 0.318359375 0.94482421875 0.00830078125 0.0068359375
11 0.3388671875 0.9482421875 0.00830078125 0.0068359375
8 0.31787109375 0.95703125 0.00634765625 0.01806640625
11 0.298828125 0.94189453125 0.00830078125 0.0068359375
8 0.28466796875 0.95703125 0.00634765625 0.01806640625
9 0.36474609375 0.94189453125 0.0068359375 0.017578125
11 0.35791015625 0.9541015625 0.00830078125 0.00732421875
11 0.525390625 0.9482421875 0.00830078125 0.0068359375
11 0.23095703125 0.95068359375 0.0078125 0.0068359375
11 0.28515625 0.94482421875 0.00830078125 0.0068359375
11 0.26416015625 0.95068359375 0.00830078125 0.0068359375
8 0.25 0.9599609375 0.00634765625 0.017578125
11 0.25048828125 0.9482421875 0.00830078125 0.0068359375
8 0.4912109375 0.9619140625 0.00634765625 0.01806640625
11 0.4248046875 0.962890625 0.00830078125 0.0068359375
11 0.4912109375 0.95068359375 0.00830078125 0.0068359375
9 0.431640625 0.95068359375 0.0068359375 0.017578125
11 0.4716796875 0.9541015625 0.0078125 0.00732421875
11 0.3720703125 0.95703125 0.00830078125 0.0068359375
11 0.3916015625 0.9541015625 0.00830078125 0.00732421875
9 0.3984375 0.94189453125 0.0068359375 0.017578125
11 0.50537109375 0.9541015625 0.00830078125 0.00732421875
11 0.4052734375 0.9599609375 0.00830078125 0.00732421875