11 0.61767578125 0.0712890625 0.00830078125 0.0068359375
11 0.603515625 0.07373046875 0.00830078125 0.0068359375
11 0.58984375 0.0712890625 0.00830078125 0.0068359375
11 0.6396484375 0.06201171875 0.00830078125 0.0068359375
11 0.671875 0.1591796875 0.00830078125 0.0068359375
11 0.49365234375 0.06787109375 0.00830078125 0.0068359375
12 0.67236328125 0.07373046875 0.0087890625 0.0068359375
11 0.54296875 0.05908203125 0.00830078125 0.0068359375
11 0.521484375 0.06787109375 0.00830078125 0.0068359375
11 0.50732421875 0.0712890625 0.00830078125 0.0068359375
11 0.57568359375 0.06787109375 0.00830078125 0.0068359375
12 0.56201171875 0.15625 0.0087890625 0.0068359375
11 0.56201171875 0.0712890625 0.00830078125 0.0068359375
11 0.8037109375 0.1533203125 0.00830078125 0.0068359375
11 0.783203125 0.162109375 0.00830078125 0.00732421875
11 0.783203125 0.06787109375 0.00830078125 0.0068359375
11 0.69677734375 0.1650390625 0.00830078125 0.0068359375
11 0.7236328125 0.162109375 0.00830078125 0.00732421875
11 0.7236328125 0.0771484375 0.00830078125 0.00732421875
11 0.76953125 0.1650390625 0.00830078125 0.0068359375
11 0.75537109375 0.162109375 0.00830078125 0.00732421875
11 0.74169921875 0.1591796875 0.00830078125 0.0068359375
11 0.318359375 0.1591796875 0.00830078125 0.0068359375
11 0.3046875 0.162109375 0.00830078125 0.00732421875
11 0.28662109375 0.162109375 0.00830078125 0.00732421875
12 0.36083984375 0.150390625 0.0087890625 0.0068359375
11 0.3603515625 0.06494140625 0.00830078125 0.0068359375
11 0.34619140625 0.1533203125 0.00830078125 0.0068359375
11 0.333984375 0.1474609375 0.00830078125 0.00732421875
10 0.19384765625 0.0576171875 0.0166015625 0.0458984375
1 0.193359375 0.17236328125 0.017578125 0.02099609375
11 0.27001953125 0.1591796875 0.0078125 0.0068359375
11 0.255859375 0.15625 0.00830078125 0.0068359375
11 0.2421875 0.1591796875 0.00830078125 0.0068359375
12 0.2421875 0.06494140625 0.0087890625 0.0068359375
12 0.4658203125 0.1533203125 0.0087890625 0.0068359375
11 0.46533203125 0.06787109375 0.00830078125 0.0068359375
11 0.43798828125 0.05615234375 0.00830078125 0.00732421875
11 0.4794921875 0.06494140625 0.00830078125 0.0068359375
11 0.38818359375 0.06494140625 0.00830078125 0.0068359375
11 0.416015625 0.06494140625 0.00830078125 0.0068359375
11 0.40185546875 0.06787109375 0.00830078125 0.0068359375
11 0.37451171875 0.06201171875 0.00830078125 0.0068359375
11 0.44677734375 0.66943359375 0.00830078125 0.0068359375
11 0.55126953125 0.66943359375 0.00830078125 0.0068359375
11 0.5712890625 0.66357421875 0.00830078125 0.0068359375
11 0.44677734375 0.763671875 0.00830078125 0.0068359375
11 0.47607421875 0.7548828125 0.00830078125 0.0068359375
11 0.51171875 0.66943359375 0.00830078125 0.0068359375
13 0.5126953125 0.751953125 0.01123046875 0.00732421875
12 0.62939453125 0.66650390625 0.0087890625 0.00732421875
11 0.58935546875 0.66650390625 0.00830078125 0.00732421875
11 0.60791015625 0.66943359375 0.00830078125 0.0068359375
11 0.24169921875 0.7607421875 0.00830078125 0.0068359375
11 0.26025390625 0.7578125 0.00830078125 0.00732421875
11 0.2783203125 0.7607421875 0.00830078125 0.0068359375
11 0.296875 0.763671875 0.00830078125 0.0068359375
22 0.7490234375 0.6513671875 0.00390625 0.00634765625
18 0.7490234375 0.6337890625 0.00830078125 0.0126953125
22 0.7490234375 0.7666015625 0.00390625 0.00634765625
18 0.7490234375 0.7490234375 0.00830078125 0.0126953125
10 0.19384765625 0.6533203125 0.0166015625 0.0458984375
1 0.193359375 0.767578125 0.017578125 0.02099609375
11 0.24169921875 0.67578125 0.00830078125 0.0068359375
11 0.37353515625 0.67822265625 0.00830078125 0.0068359375
11 0.37353515625 0.763671875 0.00830078125 0.0068359375
11 0.31494140625 0.66650390625 0.00830078125 0.00732421875
11 0.3916015625 0.7607421875 0.00830078125 0.0068359375
11 0.41015625 0.763671875 0.00830078125 0.0068359375
11 0.42822265625 0.7666015625 0.00830078125 0.0068359375
11 0.345703125 0.751953125 0.00830078125 0.00732421875
11 0.31494140625 0.7607421875 0.00830078125 0.0068359375