12 0.6669921875 0.0947265625 0.0068359375 0.005859375
11 0.70703125 0.0947265625 0.00634765625 0.005859375
11 0.55517578125 0.0947265625 0.00634765625 0.005859375
12 0.5908203125 0.08984375 0.0068359375 0.005859375
11 0.630859375 0.09228515625 0.00634765625 0.005859375
11 0.74267578125 0.09228515625 0.00634765625 0.005859375
11 0.7685546875 0.08984375 0.00634765625 0.005859375
11 0.79443359375 0.09228515625 0.00634765625 0.005859375
12 0.35107421875 0.0947265625 0.0068359375 0.005859375
11 0.3154296875 0.09228515625 0.00634765625 0.005859375
11 0.39111328125 0.0947265625 0.00634765625 0.005859375
12 0.27490234375 0.08984375 0.00732421875 0.005859375
10 0.24072265625 0.0791015625 0.013671875 0.03662109375
11 0.45263671875 0.0947265625 0.00634765625 0.005859375
11 0.47998046875 0.09228515625 0.00634765625 0.005859375
12 0.51611328125 0.08984375 0.0068359375 0.005859375
11 0.4267578125 0.09228515625 0.00634765625 0.005859375
11 0.6220703125 0.14501953125 0.00634765625 0.005859375
11 0.662109375 0.142578125 0.00634765625 0.005859375
12 0.7158203125 0.14990234375 0.0068359375 0.005859375
11 0.58203125 0.1474609375 0.00634765625 0.005859375
11 0.7802734375 0.1474609375 0.00634765625 0.005859375
11 0.27685546875 0.1474609375 0.00634765625 0.005859375
11 0.330078125 0.1474609375 0.00634765625 0.005859375
10 0.1904296875 0.13671875 0.01318359375 0.03662109375
12 0.2109375 0.15234375 0.0068359375 0.005859375
12 0.4638671875 0.14990234375 0.0068359375 0.005859375
11 0.5283203125 0.1474609375 0.00634765625 0.005859375
11 0.3701171875 0.14501953125 0.00634765625 0.005859375
11 0.41064453125 0.142578125 0.00634765625 0.005859375
11 0.63916015625 0.22705078125 0.00634765625 0.005859375
12 0.71240234375 0.2294921875 0.00732421875 0.005859375
11 0.58740234375 0.224609375 0.00634765625 0.005859375
11 0.2109375 0.22705078125 0.00634765625 0.005859375
11 0.26220703125 0.224609375 0.00634765625 0.005859375
11 0.314453125 0.22216796875 0.00634765625 0.005859375
10 0.1904296875 0.21630859375 0.01318359375 0.03662109375
11 0.4677734375 0.22216796875 0.00634765625 0.005859375
11 0.53564453125 0.22216796875 0.00634765625 0.005859375
12 0.38232421875 0.2294921875 0.0068359375 0.005859375