11 0.55029296875 0.06396484375 0.00830078125 0.0068359375
12 0.6259765625 0.35498046875 0.0087890625 0.0068359375
12 0.55029296875 0.36669921875 0.0087890625 0.0068359375
12 0.55029296875 0.302734375 0.0087890625 0.0068359375
12 0.55029296875 0.3232421875 0.0087890625 0.0068359375
12 0.55029296875 0.212890625 0.0087890625 0.0068359375
12 0.55029296875 0.1533203125 0.0087890625 0.0068359375
12 0.6259765625 0.150390625 0.0087890625 0.0068359375
12 0.6259765625 0.06982421875 0.0087890625 0.0068359375
12 0.6259765625 0.2099609375 0.0087890625 0.0068359375
11 0.62548828125 0.3173828125 0.00830078125 0.0068359375
11 0.572265625 0.06640625 0.00830078125 0.0068359375
12 0.6259765625 0.37548828125 0.0087890625 0.00732421875
11 0.5927734375 0.07275390625 0.00830078125 0.0068359375
11 0.5927734375 0.314453125 0.00830078125 0.0068359375
11 0.5927734375 0.29345703125 0.00830078125 0.0068359375
21 0.59130859375 0.37109375 0.0068359375 0.0185546875
21 0.79296875 0.0712890625 0.0068359375 0.0185546875
21 0.79296875 0.30419921875 0.0068359375 0.0185546875
22 0.71923828125 0.14599609375 0.00830078125 0.00390625
22 0.71923828125 0.3681640625 0.00830078125 0.00390625
22 0.71923828125 0.068359375 0.00830078125 0.00390625
22 0.345703125 0.30126953125 0.00830078125 0.00390625
11 0.6494140625 0.302734375 0.00830078125 0.0068359375
11 0.67138671875 0.2998046875 0.00830078125 0.0068359375
19 0.7001953125 0.22607421875 0.00830078125 0.00390625
12 0.7001953125 0.302734375 0.0087890625 0.0068359375
12 0.76171875 0.38720703125 0.0087890625 0.0068359375
12 0.76171875 0.36669921875 0.0087890625 0.0068359375
12 0.76171875 0.314453125 0.0087890625 0.0068359375
21 0.7314453125 0.2265625 0.00634765625 0.0185546875
12 0.76171875 0.06982421875 0.0087890625 0.0068359375
12 0.76171875 0.15625 0.0087890625 0.0068359375
12 0.76171875 0.22216796875 0.0087890625 0.0068359375
12 0.3212890625 0.20703125 0.0087890625 0.0068359375
12 0.3212890625 0.36376953125 0.0087890625 0.0068359375
12 0.3212890625 0.357421875 0.0087890625 0.0068359375
12 0.3212890625 0.1533203125 0.0087890625 0.0068359375
11 0.291015625 0.3544921875 0.00830078125 0.00732421875
11 0.291015625 0.2099609375 0.00830078125 0.0068359375
11 0.32080078125 0.07568359375 0.00830078125 0.00732421875
11 0.36474609375 0.06982421875 0.00830078125 0.0068359375
11 0.3427734375 0.07275390625 0.00830078125 0.0068359375
11 0.36474609375 0.36083984375 0.00830078125 0.00732421875
11 0.26953125 0.357421875 0.00830078125 0.0068359375
10 0.19384765625 0.0712890625 0.0166015625 0.0458984375
1 0.193359375 0.22607421875 0.017578125 0.02099609375
10 0.19384765625 0.30419921875 0.0166015625 0.0458984375
1 0.193359375 0.37060546875 0.017578125 0.02099609375
0 0.17529296875 0.3388671875 0.00634765625 0.09228515625
11 0.26953125 0.212890625 0.00830078125 0.0068359375
12 0.24755859375 0.06982421875 0.0087890625 0.0068359375
12 0.24755859375 0.150390625 0.0087890625 0.0068359375
11 0.2470703125 0.2158203125 0.00830078125 0.0068359375
12 0.24755859375 0.30859375 0.0087890625 0.0068359375
12 0.24755859375 0.302734375 0.0087890625 0.0068359375
11 0.2470703125 0.36083984375 0.00830078125 0.00732421875
12 0.4716796875 0.150390625 0.0087890625 0.0068359375
11 0.4384765625 0.357421875 0.00830078125 0.0068359375
12 0.39501953125 0.07275390625 0.0087890625 0.0068359375
11 0.4716796875 0.0576171875 0.00830078125 0.0068359375
12 0.4716796875 0.2099609375 0.0087890625 0.0068359375
12 0.4716796875 0.3115234375 0.0087890625 0.00732421875
12 0.4716796875 0.29052734375 0.0087890625 0.0068359375
12 0.4716796875 0.37548828125 0.0087890625 0.00732421875
12 0.4716796875 0.36962890625 0.0087890625 0.0068359375
11 0.515625 0.37548828125 0.00830078125 0.00732421875
11 0.49365234375 0.060546875 0.00830078125 0.00732421875
11 0.515625 0.06396484375 0.00830078125 0.0068359375
11 0.515625 0.3173828125 0.00830078125 0.0068359375
11 0.515625 0.296875 0.00830078125 0.00732421875
12 0.39501953125 0.1474609375 0.0087890625 0.0068359375
12 0.39501953125 0.3056640625 0.0087890625 0.0068359375
11 0.41650390625 0.2158203125 0.00830078125 0.0068359375
12 0.39501953125 0.3115234375 0.0087890625 0.00732421875
11 0.39453125 0.21875 0.00830078125 0.0068359375
11 0.41650390625 0.36083984375 0.00830078125 0.00732421875
11 0.4384765625 0.212890625 0.00830078125 0.0068359375
11 0.39453125 0.36376953125 0.00830078125 0.0068359375