12 0.6826171875 0.19140625 0.0087890625 0.00732421875
11 0.68212890625 0.14208984375 0.00830078125 0.0068359375
11 0.68212890625 0.052734375 0.00830078125 0.00732421875
11 0.65087890625 0.13623046875 0.00830078125 0.0068359375
11 0.69921875 0.13916015625 0.00830078125 0.0068359375
11 0.69921875 0.0498046875 0.00830078125 0.0068359375
11 0.580078125 0.1298828125 0.00830078125 0.0068359375
12 0.59521484375 0.052734375 0.0087890625 0.00732421875
11 0.56298828125 0.1826171875 0.00830078125 0.0068359375
11 0.56298828125 0.13330078125 0.00830078125 0.00732421875
11 0.6337890625 0.20068359375 0.00830078125 0.0068359375
11 0.6337890625 0.13916015625 0.00830078125 0.0068359375
11 0.61669921875 0.14208984375 0.00830078125 0.0068359375
11 0.5947265625 0.1796875 0.00830078125 0.0068359375
11 0.5947265625 0.14501953125 0.00830078125 0.0068359375
11 0.80712890625 0.1298828125 0.00830078125 0.0068359375
11 0.80712890625 0.05859375 0.00830078125 0.0068359375
11 0.732421875 0.14794921875 0.00830078125 0.0068359375
21 0.74853515625 0.193359375 0.00634765625 0.01806640625
11 0.74951171875 0.14208984375 0.00830078125 0.0068359375
11 0.74951171875 0.05859375 0.00830078125 0.0068359375
11 0.732421875 0.05615234375 0.00830078125 0.0068359375
11 0.71630859375 0.13623046875 0.00830078125 0.0068359375
11 0.71630859375 0.052734375 0.00830078125 0.00732421875
11 0.5458984375 0.13623046875 0.00830078125 0.0068359375
11 0.7890625 0.21240234375 0.00830078125 0.0068359375
11 0.7890625 0.12744140625 0.00830078125 0.0068359375
11 0.7890625 0.06494140625 0.00830078125 0.0068359375
11 0.76708984375 0.13623046875 0.00830078125 0.0068359375
11 0.76708984375 0.06201171875 0.00830078125 0.0068359375
11 0.33447265625 0.1826171875 0.00830078125 0.0068359375
11 0.33447265625 0.13330078125 0.00830078125 0.00732421875
11 0.3515625 0.1298828125 0.00830078125 0.0068359375
11 0.31787109375 0.13623046875 0.00830078125 0.0068359375
11 0.30078125 0.1767578125 0.00830078125 0.0068359375
11 0.30078125 0.13916015625 0.00830078125 0.0068359375
11 0.38134765625 0.185546875 0.00830078125 0.0068359375
11 0.38134765625 0.13623046875 0.00830078125 0.0068359375
13 0.38232421875 0.0498046875 0.01123046875 0.0068359375
11 0.23193359375 0.1826171875 0.00830078125 0.0068359375
11 0.23193359375 0.13330078125 0.00830078125 0.00732421875
13 0.23291015625 0.0498046875 0.01123046875 0.0068359375
1 0.193359375 0.19287109375 0.017578125 0.02099609375
10 0.19384765625 0.134765625 0.0166015625 0.0458984375
1 0.193359375 0.07177734375 0.017578125 0.02099609375
11 0.265625 0.1796875 0.00830078125 0.0068359375
11 0.28515625 0.1240234375 0.00830078125 0.0068359375
11 0.265625 0.12744140625 0.00830078125 0.0068359375
11 0.24853515625 0.1298828125 0.00830078125 0.0068359375
11 0.486328125 0.185546875 0.00830078125 0.0068359375
11 0.50341796875 0.13330078125 0.00830078125 0.00732421875
11 0.486328125 0.13623046875 0.00830078125 0.0068359375
11 0.46923828125 0.13916015625 0.00830078125 0.0068359375
0 0.17529296875 0.16552734375 0.005859375 0.08349609375
11 0.52880859375 0.1884765625 0.00830078125 0.0068359375
11 0.52880859375 0.13916015625 0.00830078125 0.0068359375
12 0.529296875 0.0498046875 0.0087890625 0.0068359375
11 0.39794921875 0.13330078125 0.00830078125 0.00732421875
11 0.4150390625 0.1884765625 0.00830078125 0.0068359375
11 0.4150390625 0.1298828125 0.00830078125 0.0068359375
11 0.43212890625 0.12744140625 0.00830078125 0.0068359375
11 0.45263671875 0.14208984375 0.00830078125 0.0068359375
11 0.45263671875 0.19140625 0.00830078125 0.00732421875
11 0.642578125 0.4658203125 0.00830078125 0.00732421875
11 0.642578125 0.37451171875 0.00830078125 0.0068359375
11 0.642578125 0.31494140625 0.00830078125 0.0068359375
11 0.62255859375 0.37744140625 0.00830078125 0.00732421875
11 0.62255859375 0.31201171875 0.00830078125 0.00732421875
12 0.68408203125 0.45654296875 0.0087890625 0.0068359375
11 0.68359375 0.37451171875 0.00830078125 0.0068359375
11 0.68359375 0.3212890625 0.00830078125 0.0068359375
11 0.6591796875 0.31787109375 0.00830078125 0.0068359375
11 0.56640625 0.38037109375 0.00830078125 0.0068359375
11 0.56640625 0.30908203125 0.00830078125 0.0068359375
11 0.5498046875 0.31201171875 0.00830078125 0.00732421875
21 0.6044921875 0.443359375 0.00634765625 0.0185546875
11 0.60546875 0.38037109375 0.00830078125 0.0068359375
11 0.60546875 0.30908203125 0.00830078125 0.0068359375
11 0.58837890625 0.38330078125 0.00830078125 0.0068359375
11 0.58837890625 0.30615234375 0.00830078125 0.00732421875
11 0.80517578125 0.38330078125 0.00830078125 0.0068359375
11 0.80517578125 0.330078125 0.00830078125 0.0068359375
11 0.78564453125 0.45654296875 0.00830078125 0.0068359375
11 0.78564453125 0.38037109375 0.00830078125 0.0068359375
11 0.78564453125 0.3271484375 0.00830078125 0.00732421875
11 0.7177734375 0.38623046875 0.00830078125 0.0068359375
11 0.7177734375 0.31494140625 0.00830078125 0.0068359375
11 0.70068359375 0.31787109375 0.00830078125 0.0068359375
11 0.7685546875 0.32373046875 0.00830078125 0.0068359375
21 0.75048828125 0.443359375 0.00634765625 0.0185546875
11 0.75146484375 0.38623046875 0.00830078125 0.0068359375
11 0.75146484375 0.3212890625 0.00830078125 0.0068359375
11 0.734375 0.31787109375 0.00830078125 0.0068359375
11 0.30615234375 0.31787109375 0.00830078125 0.0068359375
11 0.30615234375 0.3681640625 0.00830078125 0.0068359375
11 0.30615234375 0.45361328125 0.00830078125 0.0068359375
11 0.33203125 0.32373046875 0.00830078125 0.0068359375
11 0.33203125 0.37744140625 0.00830078125 0.00732421875
11 0.2890625 0.45068359375 0.00830078125 0.00732421875
11 0.2890625 0.31494140625 0.00830078125 0.0068359375
11 0.37548828125 0.38330078125 0.00830078125 0.0068359375
11 0.37548828125 0.30322265625 0.00830078125 0.0068359375
11 0.34912109375 0.45068359375 0.00830078125 0.00732421875
11 0.33203125 0.44775390625 0.00830078125 0.0068359375
10 0.19384765625 0.384765625 0.0166015625 0.0458984375
1 0.193359375 0.44287109375 0.017578125 0.02099609375
11 0.23193359375 0.31201171875 0.00830078125 0.00732421875
11 0.23193359375 0.38330078125 0.00830078125 0.0068359375
1 0.193359375 0.322265625 0.017578125 0.02099609375
0 0.17529296875 0.41552734375 0.005859375 0.08349609375
11 0.27197265625 0.38916015625 0.00830078125 0.0068359375
11 0.27197265625 0.44775390625 0.00830078125 0.0068359375
11 0.37548828125 0.45361328125 0.00830078125 0.0068359375
11 0.27197265625 0.31201171875 0.00830078125 0.00732421875
11 0.23193359375 0.45361328125 0.00830078125 0.0068359375
11 0.4853515625 0.37744140625 0.00830078125 0.00732421875
11 0.4853515625 0.32373046875 0.00830078125 0.0068359375
9 0.4765625 0.31201171875 0.0048828125 0.0126953125
11 0.4716796875 0.32080078125 0.005859375 0.00537109375
11 0.45947265625 0.45068359375 0.00830078125 0.00732421875
11 0.4853515625 0.44775390625 0.00830078125 0.0068359375
11 0.4423828125 0.45361328125 0.00830078125 0.0068359375
11 0.4423828125 0.37744140625 0.00830078125 0.00732421875
11 0.4423828125 0.31787109375 0.00830078125 0.0068359375
12 0.53271484375 0.44482421875 0.0087890625 0.0068359375
11 0.53271484375 0.37744140625 0.00830078125 0.00732421875
11 0.53271484375 0.30908203125 0.00830078125 0.0068359375
11 0.50244140625 0.45068359375 0.00830078125 0.00732421875
11 0.40869140625 0.44775390625 0.00830078125 0.0068359375
11 0.40869140625 0.38916015625 0.00830078125 0.0068359375
11 0.40869140625 0.31201171875 0.00830078125 0.00732421875
9 0.400390625 0.37646484375 0.0048828125 0.01220703125
11 0.3955078125 0.38623046875 0.005859375 0.00537109375
11 0.42529296875 0.45068359375 0.00830078125 0.00732421875
11 0.61669921875 0.55615234375 0.00830078125 0.0068359375
11 0.61669921875 0.69189453125 0.00830078125 0.0068359375
11 0.61669921875 0.63671875 0.00830078125 0.00732421875
11 0.59423828125 0.55029296875 0.00830078125 0.00732421875
11 0.5810546875 0.69482421875 0.00830078125 0.00732421875
8 0.59375 0.64794921875 0.00634765625 0.017578125
11 0.59423828125 0.63671875 0.00830078125 0.00732421875
8 0.59375 0.5654296875 0.00634765625 0.017578125
11 0.50732421875 0.63330078125 0.00830078125 0.0068359375
8 0.654296875 0.5654296875 0.00634765625 0.017578125
11 0.65478515625 0.6396484375 0.00830078125 0.0068359375
11 0.65478515625 0.55322265625 0.00830078125 0.0068359375
11 0.6416015625 0.712890625 0.00830078125 0.0068359375
11 0.5380859375 0.63037109375 0.005859375 0.00537109375
11 0.52001953125 0.70068359375 0.00830078125 0.0068359375
11 0.52001953125 0.630859375 0.00830078125 0.0068359375
11 0.52001953125 0.56201171875 0.00830078125 0.0068359375
11 0.552734375 0.7041015625 0.00830078125 0.0068359375
11 0.552734375 0.63330078125 0.00830078125 0.0068359375
11 0.552734375 0.55322265625 0.00830078125 0.0068359375
9 0.54296875 0.6220703125 0.0048828125 0.0126953125
11 0.80419921875 0.69482421875 0.00830078125 0.00732421875
11 0.78662109375 0.69189453125 0.00830078125 0.0068359375
11 0.78662109375 0.62158203125 0.00830078125 0.00732421875
11 0.767578125 0.70068359375 0.00830078125 0.0068359375
11 0.751953125 0.69189453125 0.00830078125 0.0068359375
12 0.751953125 0.55029296875 0.0087890625 0.0068359375
11 0.68212890625 0.7041015625 0.00830078125 0.0068359375
11 0.68212890625 0.6396484375 0.00830078125 0.0068359375
11 0.68212890625 0.55322265625 0.00830078125 0.0068359375
9 0.66162109375 0.62744140625 0.0068359375 0.017578125
11 0.734375 0.69482421875 0.00830078125 0.00732421875
11 0.716796875 0.6982421875 0.00830078125 0.0068359375
12 0.71728515625 0.61865234375 0.0087890625 0.0068359375
11 0.716796875 0.56201171875 0.00830078125 0.0068359375
11 0.69921875 0.70068359375 0.00830078125 0.0068359375
21 0.30322265625 0.693359375 0.00634765625 0.0185546875
11 0.30419921875 0.63330078125 0.00830078125 0.0068359375
11 0.30419921875 0.56201171875 0.00830078125 0.0068359375
11 0.28662109375 0.63671875 0.00830078125 0.00732421875
11 0.28662109375 0.55908203125 0.00830078125 0.0068359375
11 0.33935546875 0.568359375 0.00830078125 0.0068359375
11 0.3564453125 0.5712890625 0.00830078125 0.00732421875
11 0.33935546875 0.6982421875 0.00830078125 0.0068359375
11 0.33935546875 0.62744140625 0.00830078125 0.0068359375
11 0.32177734375 0.630859375 0.00830078125 0.0068359375
11 0.32177734375 0.5654296875 0.00830078125 0.0068359375
1 0.193359375 0.69287109375 0.017578125 0.02099609375
10 0.19384765625 0.63525390625 0.0166015625 0.0458984375
0 0.17529296875 0.66552734375 0.005859375 0.08349609375
11 0.2666015625 0.63330078125 0.00830078125 0.0068359375
11 0.2666015625 0.56201171875 0.00830078125 0.0068359375
11 0.2490234375 0.5654296875 0.00830078125 0.0068359375
12 0.23193359375 0.6982421875 0.0087890625 0.0068359375
11 0.23193359375 0.630859375 0.00830078125 0.0068359375
11 0.23193359375 0.56201171875 0.00830078125 0.0068359375
11 0.455078125 0.56201171875 0.00830078125 0.0068359375
15 0.455078125 0.69580078125 0.0078125 0.01171875
11 0.455078125 0.6396484375 0.00830078125 0.0068359375
11 0.47216796875 0.55908203125 0.00830078125 0.0068359375
11 0.4375 0.5654296875 0.00830078125 0.0068359375
11 0.49462890625 0.6982421875 0.00830078125 0.0068359375
11 0.49462890625 0.63671875 0.00830078125 0.00732421875
11 0.49462890625 0.55615234375 0.00830078125 0.0068359375
11 0.47216796875 0.69482421875 0.00830078125 0.00732421875
11 0.419921875 0.6396484375 0.00830078125 0.0068359375
12 0.3857421875 0.68896484375 0.0087890625 0.0068359375
11 0.38525390625 0.62744140625 0.00830078125 0.0068359375
11 0.38525390625 0.57421875 0.00830078125 0.0068359375
11 0.419921875 0.568359375 0.00830078125 0.0068359375
11 0.40283203125 0.5712890625 0.00830078125 0.00732421875
11 0.5986328125 0.82470703125 0.00830078125 0.0068359375
11 0.6416015625 0.83056640625 0.00830078125 0.00732421875
11 0.6416015625 0.880859375 0.00830078125 0.00732421875
11 0.6416015625 0.93310546875 0.00830078125 0.00732421875
11 0.5986328125 0.93896484375 0.00830078125 0.0068359375
11 0.6201171875 0.93603515625 0.00830078125 0.0068359375
11 0.52880859375 0.93603515625 0.00830078125 0.0068359375
11 0.6630859375 0.93896484375 0.00830078125 0.0068359375
11 0.6630859375 0.8837890625 0.00830078125 0.0068359375
11 0.5771484375 0.9423828125 0.00830078125 0.0068359375
11 0.5771484375 0.8212890625 0.00830078125 0.0068359375
11 0.5615234375 0.93603515625 0.00830078125 0.0068359375
11 0.5615234375 0.818359375 0.00830078125 0.0068359375
11 0.54541015625 0.93896484375 0.00830078125 0.0068359375
11 0.79052734375 0.86865234375 0.00830078125 0.0068359375
11 0.80712890625 0.9423828125 0.00830078125 0.0068359375
11 0.79052734375 0.93896484375 0.00830078125 0.0068359375
11 0.77392578125 0.93603515625 0.00830078125 0.0068359375
11 0.6865234375 0.951171875 0.00830078125 0.0068359375
11 0.6865234375 0.88671875 0.00830078125 0.0068359375
12 0.68701171875 0.8154296875 0.0087890625 0.00732421875
11 0.75732421875 0.93896484375 0.00830078125 0.0068359375
12 0.7578125 0.818359375 0.0087890625 0.0068359375
11 0.7412109375 0.9423828125 0.00830078125 0.0068359375
11 0.724609375 0.9453125 0.00830078125 0.0068359375
12 0.72509765625 0.86572265625 0.0087890625 0.0068359375
11 0.7080078125 0.9482421875 0.00830078125 0.0068359375
11 0.3017578125 0.951171875 0.00830078125 0.0068359375
11 0.3017578125 0.880859375 0.00830078125 0.00732421875
11 0.2802734375 0.9541015625 0.00830078125 0.00732421875
11 0.2802734375 0.8779296875 0.00830078125 0.0068359375
11 0.3603515625 0.951171875 0.00830078125 0.0068359375
11 0.3603515625 0.8095703125 0.00830078125 0.00732421875
12 0.52880859375 0.8779296875 0.0087890625 0.0068359375
11 0.3447265625 0.9453125 0.00830078125 0.0068359375
11 0.3447265625 0.88671875 0.00830078125 0.0068359375
11 0.3447265625 0.806640625 0.00830078125 0.0068359375
11 0.3232421875 0.9482421875 0.00830078125 0.0068359375
1 0.193359375 0.943359375 0.017578125 0.02099609375
10 0.19384765625 0.88525390625 0.0166015625 0.0458984375
0 0.17529296875 0.916015625 0.005859375 0.08349609375
11 0.2646484375 0.9482421875 0.00830078125 0.0068359375
11 0.2646484375 0.875 0.00830078125 0.0068359375
11 0.248046875 0.951171875 0.00830078125 0.0068359375
11 0.23193359375 0.9482421875 0.00830078125 0.0068359375
11 0.23193359375 0.87158203125 0.00830078125 0.0068359375
12 0.23193359375 0.8037109375 0.0087890625 0.0068359375
11 0.451171875 0.93017578125 0.00830078125 0.0068359375
12 0.451171875 0.875 0.0087890625 0.0068359375
11 0.4345703125 0.93310546875 0.00830078125 0.00732421875
11 0.41845703125 0.93603515625 0.00830078125 0.0068359375
12 0.41845703125 0.8125 0.0087890625 0.0068359375
11 0.52880859375 0.8154296875 0.00830078125 0.00732421875
11 0.50537109375 0.93310546875 0.00830078125 0.00732421875
11 0.48876953125 0.93017578125 0.00830078125 0.0068359375
11 0.48876953125 0.8154296875 0.00830078125 0.00732421875
11 0.47265625 0.92724609375 0.00830078125 0.0068359375
11 0.38525390625 0.9423828125 0.00830078125 0.0068359375
12 0.3857421875 0.87158203125 0.0087890625 0.0068359375
11 0.38525390625 0.8125 0.00830078125 0.0068359375
11 0.40087890625 0.93896484375 0.00830078125 0.0068359375
11 0.40087890625 0.8212890625 0.00830078125 0.0068359375