11 0.60791015625 0.1015625 0.00439453125 0.00390625
11 0.60791015625 0.15234375 0.00439453125 0.00390625
11 0.62646484375 0.076171875 0.00439453125 0.00390625
11 0.62646484375 0.1015625 0.00439453125 0.00390625
11 0.6171875 0.15380859375 0.00439453125 0.00390625
11 0.6171875 0.1015625 0.00439453125 0.00390625
11 0.62646484375 0.15234375 0.00439453125 0.00390625
11 0.5986328125 0.08154296875 0.00439453125 0.00390625
11 0.5986328125 0.04052734375 0.00439453125 0.00390625
11 0.5986328125 0.15380859375 0.00439453125 0.00390625
11 0.58935546875 0.15234375 0.00439453125 0.00390625
11 0.58935546875 0.1015625 0.00439453125 0.00390625
11 0.67138671875 0.15087890625 0.00439453125 0.00390625
11 0.67138671875 0.1064453125 0.00439453125 0.00390625
11 0.67138671875 0.111328125 0.00439453125 0.00390625
11 0.6669921875 0.11328125 0.00439453125 0.00390625
11 0.67138671875 0.076171875 0.00439453125 0.00390625
11 0.67138671875 0.07958984375 0.00439453125 0.00390625
14 0.67138671875 0.04296875 0.0048828125 0.009765625
14 0.51513671875 0.04296875 0.0048828125 0.009765625
11 0.6357421875 0.15380859375 0.00439453125 0.00390625
11 0.6357421875 0.07470703125 0.00439453125 0.00390625
11 0.654296875 0.15380859375 0.00439453125 0.00390625
11 0.64501953125 0.15234375 0.00439453125 0.00390625
11 0.5244140625 0.15234375 0.00439453125 0.00390625
11 0.5244140625 0.04248046875 0.00439453125 0.00390625
11 0.5244140625 0.0458984375 0.00439453125 0.00390625
11 0.533203125 0.15087890625 0.00439453125 0.00390625
11 0.533203125 0.10791015625 0.00439453125 0.00390625
11 0.533203125 0.11328125 0.00439453125 0.00390625
11 0.5146484375 0.15087890625 0.00439453125 0.00390625
11 0.5146484375 0.1064453125 0.00439453125 0.00390625
11 0.5146484375 0.111328125 0.00439453125 0.00390625
11 0.5107421875 0.11328125 0.00439453125 0.00390625
11 0.5146484375 0.076171875 0.00439453125 0.00390625
11 0.5146484375 0.07958984375 0.00439453125 0.00390625
11 0.54296875 0.05419921875 0.00439453125 0.00390625
11 0.57080078125 0.1181640625 0.00439453125 0.00390625
11 0.57080078125 0.15087890625 0.00439453125 0.00390625
11 0.57080078125 0.11328125 0.00439453125 0.00390625
11 0.57080078125 0.078125 0.00439453125 0.00390625
11 0.580078125 0.15234375 0.00439453125 0.00390625
11 0.583984375 0.04931640625 0.00439453125 0.00390625
11 0.580078125 0.05078125 0.00439453125 0.00390625
11 0.54296875 0.15234375 0.00439453125 0.00390625
11 0.54296875 0.07958984375 0.00439453125 0.00390625
11 0.54296875 0.04931640625 0.00439453125 0.00390625
11 0.56103515625 0.15234375 0.00439453125 0.00390625
11 0.56103515625 0.0458984375 0.00439453125 0.00390625
11 0.55224609375 0.15087890625 0.00439453125 0.00390625
11 0.55224609375 0.1064453125 0.00439453125 0.00390625
11 0.7919921875 0.15380859375 0.00439453125 0.00390625
11 0.7919921875 0.07470703125 0.00439453125 0.00390625
11 0.7919921875 0.04248046875 0.00439453125 0.00390625
11 0.80126953125 0.15234375 0.00439453125 0.00390625
11 0.80126953125 0.1181640625 0.00439453125 0.00390625
11 0.7734375 0.15380859375 0.00439453125 0.00390625
11 0.7734375 0.04248046875 0.00439453125 0.00390625
11 0.76416015625 0.15234375 0.00439453125 0.00390625
11 0.76416015625 0.11328125 0.00439453125 0.00390625
11 0.78271484375 0.15234375 0.00439453125 0.00390625
11 0.78271484375 0.111328125 0.00439453125 0.00390625
11 0.78271484375 0.1181640625 0.00439453125 0.00390625
11 0.78271484375 0.076171875 0.00439453125 0.00390625
11 0.810546875 0.15380859375 0.00439453125 0.00390625
11 0.810546875 0.04248046875 0.00439453125 0.00390625
11 0.69921875 0.15234375 0.00439453125 0.00390625
11 0.69921875 0.07958984375 0.00439453125 0.00390625
11 0.69921875 0.04931640625 0.00439453125 0.00390625
11 0.69921875 0.05419921875 0.00439453125 0.00390625
11 0.7177734375 0.0458984375 0.00439453125 0.00390625
11 0.70849609375 0.15087890625 0.00439453125 0.00390625
11 0.70849609375 0.1064453125 0.00439453125 0.00390625
11 0.6806640625 0.15234375 0.00439453125 0.00390625
11 0.6806640625 0.04248046875 0.00439453125 0.00390625
11 0.6806640625 0.0458984375 0.00439453125 0.00390625
11 0.68994140625 0.15087890625 0.00439453125 0.00390625
11 0.68994140625 0.10791015625 0.00439453125 0.00390625
11 0.68994140625 0.11328125 0.00439453125 0.00390625
11 0.7177734375 0.15234375 0.00439453125 0.00390625
11 0.74560546875 0.10986328125 0.00439453125 0.00390625
11 0.74560546875 0.15234375 0.00439453125 0.00390625
11 0.74560546875 0.11669921875 0.00439453125 0.00390625
11 0.7548828125 0.15380859375 0.00439453125 0.00390625
11 0.7548828125 0.08154296875 0.00439453125 0.00390625
11 0.7548828125 0.04052734375 0.00439453125 0.00390625
11 0.72705078125 0.15087890625 0.00439453125 0.00390625
11 0.72705078125 0.11328125 0.00439453125 0.00390625
11 0.72705078125 0.1181640625 0.00439453125 0.00390625
11 0.72705078125 0.078125 0.00439453125 0.00390625
11 0.736328125 0.15234375 0.00439453125 0.00390625
11 0.740234375 0.04931640625 0.00439453125 0.00390625
11 0.736328125 0.05078125 0.00439453125 0.00390625
11 0.28564453125 0.15380859375 0.00439453125 0.00390625
11 0.28564453125 0.08154296875 0.00439453125 0.00390625
11 0.30419921875 0.15380859375 0.00439453125 0.00390625
11 0.30419921875 0.04248046875 0.00439453125 0.00390625
11 0.28564453125 0.04052734375 0.00439453125 0.00390625
11 0.294921875 0.15234375 0.00439453125 0.00390625
11 0.294921875 0.111328125 0.00439453125 0.00390625
11 0.26708984375 0.15234375 0.00439453125 0.00390625
11 0.27099609375 0.04931640625 0.00439453125 0.00390625
11 0.26708984375 0.05078125 0.00439453125 0.00390625
11 0.2763671875 0.15234375 0.00439453125 0.00390625
11 0.2763671875 0.099609375 0.00439453125 0.00390625
11 0.2763671875 0.10498046875 0.00439453125 0.00390625
11 0.33203125 0.15234375 0.00439453125 0.00390625
11 0.33203125 0.11328125 0.00439453125 0.00390625
11 0.3583984375 0.15087890625 0.00439453125 0.00390625
11 0.3583984375 0.1064453125 0.00439453125 0.00390625
11 0.3583984375 0.111328125 0.00439453125 0.00390625
11 0.3544921875 0.11328125 0.00439453125 0.00390625
11 0.3583984375 0.076171875 0.00439453125 0.00390625
11 0.3583984375 0.07958984375 0.00439453125 0.00390625
14 0.3583984375 0.04296875 0.0048828125 0.009765625
11 0.34130859375 0.15380859375 0.00439453125 0.00390625
11 0.34130859375 0.0458984375 0.00439453125 0.00390625
11 0.3134765625 0.15234375 0.00439453125 0.00390625
11 0.3134765625 0.111328125 0.00439453125 0.00390625
11 0.3134765625 0.076171875 0.00439453125 0.00390625
11 0.32275390625 0.15380859375 0.00439453125 0.00390625
11 0.32275390625 0.07470703125 0.00439453125 0.00390625
11 0.32275390625 0.0439453125 0.00439453125 0.00390625
11 0.20166015625 0.15087890625 0.00439453125 0.00390625
11 0.20166015625 0.1064453125 0.00439453125 0.00390625
11 0.20166015625 0.111328125 0.00439453125 0.00390625
11 0.19775390625 0.11328125 0.00439453125 0.00390625
11 0.20166015625 0.076171875 0.00439453125 0.00390625
11 0.20166015625 0.07958984375 0.00439453125 0.00390625
14 0.20166015625 0.04296875 0.0048828125 0.009765625
11 0.21142578125 0.15234375 0.00439453125 0.00390625
11 0.21142578125 0.04248046875 0.00439453125 0.00390625
11 0.21142578125 0.0458984375 0.00439453125 0.00390625
0 0.1767578125 0.1337890625 0.00341796875 0.04833984375
10 0.1875 0.0400390625 0.00927734375 0.02587890625
0 0.1767578125 0.0576171875 0.00341796875 0.04833984375
10 0.1875 0.11572265625 0.00927734375 0.02587890625
1 0.18701171875 0.1494140625 0.009765625 0.01171875
1 0.18701171875 0.07373046875 0.009765625 0.01171875
11 0.24853515625 0.15234375 0.00439453125 0.00390625
11 0.24853515625 0.0458984375 0.00439453125 0.00390625
11 0.2392578125 0.15087890625 0.00439453125 0.00390625
11 0.2392578125 0.1064453125 0.00439453125 0.00390625
11 0.2578125 0.11474609375 0.00439453125 0.00390625
11 0.2578125 0.15087890625 0.00439453125 0.00390625
11 0.2578125 0.10302734375 0.00439453125 0.00390625
11 0.2578125 0.078125 0.00439453125 0.00390625
11 0.220703125 0.15087890625 0.00439453125 0.00390625
11 0.220703125 0.10791015625 0.00439453125 0.00390625
11 0.220703125 0.11328125 0.00439453125 0.00390625
11 0.2294921875 0.15234375 0.00439453125 0.00390625
11 0.2294921875 0.07958984375 0.00439453125 0.00390625
11 0.2294921875 0.04931640625 0.00439453125 0.00390625
11 0.2294921875 0.05419921875 0.00439453125 0.00390625
11 0.44189453125 0.15380859375 0.00439453125 0.00390625
11 0.44189453125 0.08154296875 0.00439453125 0.00390625
11 0.44189453125 0.04052734375 0.00439453125 0.00390625
11 0.46044921875 0.15380859375 0.00439453125 0.00390625
11 0.46044921875 0.04248046875 0.00439453125 0.00390625
11 0.451171875 0.15234375 0.00439453125 0.00390625
11 0.451171875 0.11328125 0.00439453125 0.00390625
11 0.42333984375 0.15234375 0.00439453125 0.00390625
11 0.427734375 0.04931640625 0.00439453125 0.00390625
11 0.42333984375 0.05078125 0.00439453125 0.00390625
11 0.4326171875 0.11669921875 0.00439453125 0.00390625
11 0.4326171875 0.15234375 0.00439453125 0.00390625
11 0.4326171875 0.10986328125 0.00439453125 0.00390625
11 0.48876953125 0.15234375 0.00439453125 0.00390625
11 0.48876953125 0.1181640625 0.00439453125 0.00390625
11 0.49755859375 0.15380859375 0.00439453125 0.00390625
11 0.49755859375 0.04248046875 0.00439453125 0.00390625
11 0.4697265625 0.15234375 0.00439453125 0.00390625
11 0.4697265625 0.111328125 0.00439453125 0.00390625
11 0.4697265625 0.1181640625 0.00439453125 0.00390625
11 0.4697265625 0.076171875 0.00439453125 0.00390625
11 0.47900390625 0.15380859375 0.00439453125 0.00390625
11 0.47900390625 0.07470703125 0.00439453125 0.00390625
11 0.47900390625 0.04248046875 0.00439453125 0.00390625
11 0.38623046875 0.05419921875 0.00439453125 0.00390625
11 0.38623046875 0.04931640625 0.00439453125 0.00390625
11 0.38623046875 0.07958984375 0.00439453125 0.00390625
11 0.38623046875 0.15234375 0.00439453125 0.00390625
11 0.36767578125 0.0458984375 0.00439453125 0.00390625
11 0.36767578125 0.04248046875 0.00439453125 0.00390625
11 0.36767578125 0.15234375 0.00439453125 0.00390625
11 0.376953125 0.11328125 0.00439453125 0.00390625
11 0.376953125 0.10791015625 0.00439453125 0.00390625
11 0.376953125 0.15087890625 0.00439453125 0.00390625
11 0.40478515625 0.0458984375 0.00439453125 0.00390625
11 0.40478515625 0.15234375 0.00439453125 0.00390625
11 0.4140625 0.078125 0.00439453125 0.00390625
11 0.4140625 0.1181640625 0.00439453125 0.00390625
11 0.4140625 0.11328125 0.00439453125 0.00390625
11 0.4140625 0.15087890625 0.00439453125 0.00390625
11 0.3955078125 0.1064453125 0.00439453125 0.00390625
11 0.3955078125 0.15087890625 0.00439453125 0.00390625
11 0.6240234375 0.232421875 0.00439453125 0.00390625
11 0.6171875 0.35107421875 0.00439453125 0.00390625
11 0.6240234375 0.27685546875 0.00439453125 0.00390625
11 0.6240234375 0.2685546875 0.00439453125 0.00390625
11 0.6240234375 0.3544921875 0.00439453125 0.00390625
9 0.59814453125 0.30517578125 0.00390625 0.009765625
11 0.609375 0.35302734375 0.00439453125 0.00390625
11 0.609375 0.30517578125 0.00439453125 0.00390625
11 0.609375 0.31201171875 0.00439453125 0.00390625
11 0.609375 0.27001953125 0.00439453125 0.00390625
11 0.609375 0.23388671875 0.00439453125 0.00390625
11 0.6025390625 0.34765625 0.00439453125 0.00390625
11 0.65478515625 0.349609375 0.00439453125 0.00390625
11 0.65478515625 0.30712890625 0.00439453125 0.00390625
11 0.65478515625 0.2685546875 0.00439453125 0.00390625
11 0.65478515625 0.23388671875 0.00439453125 0.00390625
11 0.66259765625 0.35107421875 0.00439453125 0.00390625
11 0.49658203125 0.30029296875 0.00439453125 0.00390625
11 0.6474609375 0.30859375 0.00439453125 0.00390625
11 0.66259765625 0.27001953125 0.00439453125 0.00390625
11 0.6318359375 0.27685546875 0.00439453125 0.00390625
11 0.6396484375 0.30712890625 0.00439453125 0.00390625
11 0.6396484375 0.27197265625 0.00439453125 0.00390625
11 0.6396484375 0.275390625 0.00439453125 0.00390625
11 0.6396484375 0.23583984375 0.00439453125 0.00390625
11 0.6318359375 0.27001953125 0.00439453125 0.00390625
11 0.6396484375 0.3544921875 0.00439453125 0.00390625
11 0.52734375 0.34619140625 0.00439453125 0.00390625
11 0.52734375 0.29541015625 0.00439453125 0.00390625
11 0.51953125 0.34619140625 0.00439453125 0.00390625
11 0.52392578125 0.24267578125 0.00439453125 0.00390625
11 0.51953125 0.244140625 0.00439453125 0.00390625
11 0.53515625 0.34765625 0.00439453125 0.00390625
11 0.53515625 0.275390625 0.00439453125 0.00390625
11 0.53515625 0.23388671875 0.00439453125 0.00390625
11 0.50439453125 0.34619140625 0.00439453125 0.00390625
11 0.50439453125 0.2392578125 0.00439453125 0.00390625
11 0.49658203125 0.3447265625 0.00439453125 0.00390625
11 0.51171875 0.3447265625 0.00439453125 0.00390625
11 0.51171875 0.30712890625 0.00439453125 0.00390625
11 0.51171875 0.31201171875 0.00439453125 0.00390625
11 0.51171875 0.27197265625 0.00439453125 0.00390625
11 0.58203125 0.34765625 0.00439453125 0.00390625
11 0.57421875 0.34619140625 0.00439453125 0.00390625
11 0.56640625 0.34765625 0.00439453125 0.00390625
11 0.5947265625 0.31201171875 0.00439453125 0.00390625
11 0.5947265625 0.349609375 0.00439453125 0.00390625
11 0.56640625 0.2685546875 0.00439453125 0.00390625
11 0.5947265625 0.3154296875 0.00439453125 0.00390625
11 0.5947265625 0.26708984375 0.00439453125 0.00390625
11 0.5947265625 0.27001953125 0.00439453125 0.00390625
11 0.5947265625 0.2734375 0.00439453125 0.00390625
11 0.5947265625 0.23046875 0.00439453125 0.00390625
11 0.5947265625 0.23388671875 0.00439453125 0.00390625
11 0.5947265625 0.2373046875 0.00439453125 0.00390625
11 0.55078125 0.34765625 0.00439453125 0.00390625
11 0.55078125 0.29541015625 0.00439453125 0.00390625
11 0.54296875 0.34619140625 0.00439453125 0.00390625
11 0.54296875 0.29541015625 0.00439453125 0.00390625
11 0.55859375 0.34619140625 0.00439453125 0.00390625
11 0.55859375 0.29541015625 0.00439453125 0.00390625
11 0.55859375 0.27001953125 0.00439453125 0.00390625
11 0.7822265625 0.34619140625 0.00439453125 0.00390625
11 0.7822265625 0.349609375 0.00439453125 0.00390625
11 0.7822265625 0.30029296875 0.00439453125 0.00390625
11 0.79541015625 0.349609375 0.00439453125 0.00390625
11 0.79541015625 0.22900390625 0.00439453125 0.00390625
11 0.77099609375 0.3427734375 0.00439453125 0.00390625
11 0.7900390625 0.30029296875 0.00439453125 0.00390625
11 0.7509765625 0.349609375 0.00439453125 0.00390625
11 0.7509765625 0.3564453125 0.00439453125 0.00390625
11 0.7509765625 0.31201171875 0.00439453125 0.00390625
11 0.7509765625 0.2734375 0.00439453125 0.00390625
11 0.7509765625 0.22900390625 0.00439453125 0.00390625
11 0.7431640625 0.27197265625 0.00439453125 0.00390625
11 0.7587890625 0.27197265625 0.00439453125 0.00390625
11 0.77099609375 0.34619140625 0.00439453125 0.00390625
11 0.77099609375 0.35302734375 0.00439453125 0.00390625
11 0.77099609375 0.30029296875 0.00439453125 0.00390625
12 0.771484375 0.275390625 0.0048828125 0.00390625
4 0.81298828125 0.30712890625 0.00390625 0.01025390625
11 0.81298828125 0.30029296875 0.00439453125 0.00390625
11 0.8076171875 0.3427734375 0.00439453125 0.00390625
11 0.6943359375 0.34765625 0.00439453125 0.00390625
11 0.6943359375 0.26708984375 0.00439453125 0.00390625
11 0.6943359375 0.24072265625 0.00439453125 0.00390625
11 0.68896484375 0.310546875 0.00439453125 0.00390625
11 0.68359375 0.23583984375 0.00439453125 0.00390625
11 0.71337890625 0.3447265625 0.00439453125 0.00390625
11 0.71337890625 0.34765625 0.00439453125 0.00390625
11 0.71337890625 0.35302734375 0.00439453125 0.00390625
11 0.71337890625 0.30712890625 0.00439453125 0.00390625
11 0.71337890625 0.2685546875 0.00439453125 0.00390625
11 0.71337890625 0.27197265625 0.00439453125 0.00390625
11 0.71337890625 0.275390625 0.00439453125 0.00390625
11 0.71337890625 0.23046875 0.00439453125 0.00390625
11 0.67041015625 0.349609375 0.00439453125 0.00390625
11 0.67041015625 0.30859375 0.00439453125 0.00390625
11 0.67041015625 0.2685546875 0.00439453125 0.00390625
11 0.67822265625 0.34765625 0.00439453125 0.00390625
11 0.67822265625 0.310546875 0.00439453125 0.00390625
11 0.67822265625 0.26708984375 0.00439453125 0.00390625
11 0.7353515625 0.27001953125 0.00439453125 0.00390625
11 0.7353515625 0.23046875 0.00439453125 0.00390625
11 0.7353515625 0.30859375 0.00439453125 0.00390625
11 0.7353515625 0.34619140625 0.00439453125 0.00390625
11 0.7353515625 0.349609375 0.00439453125 0.00390625
11 0.724609375 0.34765625 0.00439453125 0.00390625
11 0.724609375 0.310546875 0.00439453125 0.00390625
11 0.724609375 0.27197265625 0.00439453125 0.00390625
11 0.724609375 0.232421875 0.00439453125 0.00390625
11 0.67041015625 0.2373046875 0.00439453125 0.00390625
11 0.294921875 0.34619140625 0.00439453125 0.00390625
11 0.294921875 0.30517578125 0.00439453125 0.00390625
11 0.294921875 0.27001953125 0.00439453125 0.00390625
11 0.287109375 0.34765625 0.00439453125 0.00390625
11 0.287109375 0.23583984375 0.00439453125 0.00390625
11 0.302734375 0.34765625 0.00439453125 0.00390625
11 0.302734375 0.2685546875 0.00439453125 0.00390625
11 0.302734375 0.2373046875 0.00439453125 0.00390625
11 0.27197265625 0.34765625 0.00439453125 0.00390625
11 0.27197265625 0.275390625 0.00439453125 0.00390625
11 0.27197265625 0.23388671875 0.00439453125 0.00390625
11 0.279296875 0.30517578125 0.00439453125 0.00390625
11 0.279296875 0.34619140625 0.00439453125 0.00390625
11 0.34130859375 0.34619140625 0.00439453125 0.00390625
11 0.34130859375 0.23583984375 0.00439453125 0.00390625
11 0.34130859375 0.2392578125 0.00439453125 0.00390625
11 0.318359375 0.34765625 0.00439453125 0.00390625
11 0.318359375 0.2392578125 0.00439453125 0.00390625
11 0.310546875 0.34619140625 0.00439453125 0.00390625
11 0.310546875 0.30712890625 0.00439453125 0.00390625
11 0.33349609375 0.2734375 0.00439453125 0.00390625
11 0.33349609375 0.3447265625 0.00439453125 0.00390625
11 0.33349609375 0.30029296875 0.00439453125 0.00390625
11 0.33349609375 0.30517578125 0.00439453125 0.00390625
11 0.32958984375 0.30712890625 0.00439453125 0.00390625
11 0.33349609375 0.27001953125 0.00439453125 0.00390625
11 0.26416015625 0.34619140625 0.00439453125 0.00390625
14 0.33349609375 0.236328125 0.0048828125 0.009765625
11 0.20166015625 0.3447265625 0.00439453125 0.00390625
11 0.20166015625 0.30029296875 0.00439453125 0.00390625
11 0.20166015625 0.30517578125 0.00439453125 0.00390625
11 0.21728515625 0.3447265625 0.00439453125 0.00390625
11 0.21728515625 0.3017578125 0.00439453125 0.00390625
11 0.21728515625 0.30712890625 0.00439453125 0.00390625
11 0.19775390625 0.30712890625 0.00439453125 0.00390625
11 0.2099609375 0.34619140625 0.00439453125 0.00390625
11 0.2099609375 0.23583984375 0.00439453125 0.00390625
11 0.2099609375 0.2392578125 0.00439453125 0.00390625
10 0.1875 0.2333984375 0.00927734375 0.02587890625
0 0.1767578125 0.32763671875 0.00341796875 0.04833984375
0 0.1767578125 0.25146484375 0.00341796875 0.04833984375
11 0.20166015625 0.27001953125 0.00439453125 0.00390625
11 0.20166015625 0.2734375 0.00439453125 0.00390625
14 0.20166015625 0.236328125 0.0048828125 0.009765625
1 0.18701171875 0.34326171875 0.009765625 0.01171875
10 0.1875 0.3095703125 0.00927734375 0.02587890625
1 0.18701171875 0.267578125 0.009765625 0.01171875
11 0.24853515625 0.3447265625 0.00439453125 0.00390625
11 0.24853515625 0.296875 0.00439453125 0.00390625
11 0.24853515625 0.30859375 0.00439453125 0.00390625
11 0.24853515625 0.27197265625 0.00439453125 0.00390625
11 0.26416015625 0.29345703125 0.00439453125 0.00390625
11 0.26416015625 0.298828125 0.00439453125 0.00390625
11 0.25634765625 0.34619140625 0.00439453125 0.00390625
11 0.26025390625 0.24267578125 0.00439453125 0.00390625
11 0.25634765625 0.244140625 0.00439453125 0.00390625
11 0.22509765625 0.34619140625 0.00439453125 0.00390625
11 0.22509765625 0.2734375 0.00439453125 0.00390625
11 0.22509765625 0.24267578125 0.00439453125 0.00390625
11 0.22509765625 0.24755859375 0.00439453125 0.00390625
11 0.24072265625 0.34619140625 0.00439453125 0.00390625
11 0.24072265625 0.2392578125 0.00439453125 0.00390625
11 0.23291015625 0.3447265625 0.00439453125 0.00390625
11 0.23291015625 0.30029296875 0.00439453125 0.00390625
11 0.4423828125 0.34619140625 0.00439453125 0.00390625
11 0.4423828125 0.31201171875 0.00439453125 0.00390625
11 0.46533203125 0.3447265625 0.00439453125 0.00390625
11 0.46533203125 0.30029296875 0.00439453125 0.00390625
11 0.46533203125 0.30517578125 0.00439453125 0.00390625
11 0.4609375 0.30712890625 0.00439453125 0.00390625
11 0.46533203125 0.27001953125 0.00439453125 0.00390625
11 0.46533203125 0.2734375 0.00439453125 0.00390625
14 0.46533203125 0.236328125 0.0048828125 0.009765625
11 0.4501953125 0.34765625 0.00439453125 0.00390625
11 0.4501953125 0.23583984375 0.00439453125 0.00390625
11 0.4267578125 0.30517578125 0.00439453125 0.00390625
11 0.4267578125 0.31201171875 0.00439453125 0.00390625
11 0.4267578125 0.27001953125 0.00439453125 0.00390625
11 0.4189453125 0.34765625 0.00439453125 0.00390625
11 0.4189453125 0.23583984375 0.00439453125 0.00390625
11 0.4345703125 0.34765625 0.00439453125 0.00390625
11 0.4345703125 0.2685546875 0.00439453125 0.00390625
11 0.4345703125 0.23583984375 0.00439453125 0.00390625
11 0.48095703125 0.3017578125 0.00439453125 0.00390625
11 0.48095703125 0.3447265625 0.00439453125 0.00390625
11 0.48095703125 0.30712890625 0.00439453125 0.00390625
11 0.48876953125 0.34619140625 0.00439453125 0.00390625
11 0.48876953125 0.2734375 0.00439453125 0.00390625
11 0.48876953125 0.24267578125 0.00439453125 0.00390625
11 0.48876953125 0.24755859375 0.00439453125 0.00390625
11 0.47314453125 0.34619140625 0.00439453125 0.00390625
11 0.47314453125 0.23583984375 0.00439453125 0.00390625
11 0.47314453125 0.2392578125 0.00439453125 0.00390625
11 0.4267578125 0.34619140625 0.00439453125 0.00390625
11 0.38818359375 0.34619140625 0.00439453125 0.00390625
11 0.35693359375 0.2734375 0.00439453125 0.00390625
11 0.35693359375 0.34619140625 0.00439453125 0.00390625
11 0.39208984375 0.24267578125 0.00439453125 0.00390625
11 0.38818359375 0.244140625 0.00439453125 0.00390625
11 0.36474609375 0.3447265625 0.00439453125 0.00390625
11 0.36474609375 0.30029296875 0.00439453125 0.00390625
11 0.37255859375 0.34619140625 0.00439453125 0.00390625
11 0.37255859375 0.2392578125 0.00439453125 0.00390625
11 0.38037109375 0.3447265625 0.00439453125 0.00390625
11 0.38037109375 0.30712890625 0.00439453125 0.00390625
11 0.38037109375 0.31201171875 0.00439453125 0.00390625
11 0.38037109375 0.27197265625 0.00439453125 0.00390625
11 0.34912109375 0.3447265625 0.00439453125 0.00390625
11 0.4111328125 0.34619140625 0.00439453125 0.00390625
11 0.4111328125 0.30712890625 0.00439453125 0.00390625
11 0.34912109375 0.30712890625 0.00439453125 0.00390625
11 0.34912109375 0.3017578125 0.00439453125 0.00390625
11 0.39599609375 0.34619140625 0.00439453125 0.00390625
11 0.39599609375 0.3037109375 0.00439453125 0.00390625
11 0.39599609375 0.310546875 0.00439453125 0.00390625
11 0.35693359375 0.24755859375 0.00439453125 0.00390625
11 0.35693359375 0.24267578125 0.00439453125 0.00390625
11 0.4033203125 0.34765625 0.00439453125 0.00390625
11 0.4033203125 0.275390625 0.00439453125 0.00390625
11 0.4033203125 0.23388671875 0.00439453125 0.00390625
11 0.568359375 0.53857421875 0.00439453125 0.00390625
11 0.60888671875 0.50830078125 0.00439453125 0.00390625
11 0.60888671875 0.53857421875 0.00439453125 0.00390625
11 0.58203125 0.53857421875 0.00439453125 0.00390625
11 0.5751953125 0.54052734375 0.00439453125 0.00390625
11 0.60205078125 0.54052734375 0.00439453125 0.00390625
11 0.60205078125 0.509765625 0.00439453125 0.00390625
12 0.6025390625 0.4697265625 0.0048828125 0.00390625
12 0.6025390625 0.4111328125 0.0048828125 0.00390625
11 0.595703125 0.53857421875 0.00439453125 0.00390625
11 0.5888671875 0.54052734375 0.00439453125 0.00390625
11 0.64306640625 0.49951171875 0.00439453125 0.00390625
11 0.64306640625 0.54052734375 0.00439453125 0.00390625
11 0.63623046875 0.53857421875 0.00439453125 0.00390625
11 0.63623046875 0.50146484375 0.00439453125 0.00390625
11 0.64990234375 0.498046875 0.00439453125 0.00390625
11 0.64990234375 0.53857421875 0.00439453125 0.00390625
11 0.61572265625 0.54052734375 0.00439453125 0.00390625
11 0.62255859375 0.5048828125 0.00439453125 0.00390625
11 0.62255859375 0.53857421875 0.00439453125 0.00390625
11 0.61572265625 0.50634765625 0.00439453125 0.00390625
11 0.62939453125 0.5029296875 0.00439453125 0.00390625
11 0.62939453125 0.54052734375 0.00439453125 0.00390625
11 0.5205078125 0.54052734375 0.00439453125 0.00390625
11 0.5205078125 0.41259765625 0.00439453125 0.00390625
11 0.513671875 0.53857421875 0.00439453125 0.00390625
11 0.52734375 0.53857421875 0.00439453125 0.00390625
11 0.52734375 0.4111328125 0.00439453125 0.00390625
11 0.50048828125 0.53857421875 0.00439453125 0.00390625
11 0.50048828125 0.41796875 0.00439453125 0.00390625
11 0.513671875 0.41455078125 0.00439453125 0.00390625
11 0.5068359375 0.54052734375 0.00439453125 0.00390625
11 0.5068359375 0.416015625 0.00439453125 0.00390625
11 0.5546875 0.53857421875 0.00439453125 0.00390625
11 0.5546875 0.404296875 0.00439453125 0.00390625
11 0.5615234375 0.54052734375 0.00439453125 0.00390625
11 0.541015625 0.53857421875 0.00439453125 0.00390625
11 0.541015625 0.40771484375 0.00439453125 0.00390625
11 0.5341796875 0.54052734375 0.00439453125 0.00390625
11 0.5341796875 0.4091796875 0.00439453125 0.00390625
11 0.5478515625 0.40576171875 0.00439453125 0.00390625
11 0.5478515625 0.54052734375 0.00439453125 0.00390625
11 0.5478515625 0.50634765625 0.00439453125 0.00390625
11 0.5478515625 0.462890625 0.00439453125 0.00390625
11 0.76513671875 0.54052734375 0.00439453125 0.00390625
11 0.76513671875 0.48291015625 0.00439453125 0.00390625
11 0.77880859375 0.54052734375 0.00439453125 0.00390625
11 0.78564453125 0.53857421875 0.00439453125 0.00390625
11 0.75830078125 0.53857421875 0.00439453125 0.00390625
11 0.77197265625 0.53857421875 0.00439453125 0.00390625
11 0.73828125 0.54052734375 0.00439453125 0.00390625
11 0.73828125 0.48095703125 0.00439453125 0.00390625
11 0.7314453125 0.53857421875 0.00439453125 0.00390625
11 0.75146484375 0.54052734375 0.00439453125 0.00390625
11 0.7451171875 0.53857421875 0.00439453125 0.00390625
11 0.80615234375 0.54052734375 0.00439453125 0.00390625
11 0.79931640625 0.53857421875 0.00439453125 0.00390625
11 0.79248046875 0.54052734375 0.00439453125 0.00390625
11 0.81298828125 0.53857421875 0.00439453125 0.00390625
11 0.6767578125 0.53857421875 0.00439453125 0.00390625
11 0.6767578125 0.4912109375 0.00439453125 0.00390625
11 0.6904296875 0.48779296875 0.00439453125 0.00390625
11 0.68359375 0.54052734375 0.00439453125 0.00390625
11 0.68359375 0.48974609375 0.00439453125 0.00390625
11 0.65673828125 0.54052734375 0.00439453125 0.00390625
11 0.65673828125 0.49609375 0.00439453125 0.00390625
11 0.669921875 0.54052734375 0.00439453125 0.00390625
11 0.669921875 0.4931640625 0.00439453125 0.00390625
11 0.6904296875 0.53857421875 0.00439453125 0.00390625
11 0.66357421875 0.53857421875 0.00439453125 0.00390625
11 0.66357421875 0.49462890625 0.00439453125 0.00390625
11 0.7177734375 0.53857421875 0.00439453125 0.00390625
11 0.7177734375 0.48095703125 0.00439453125 0.00390625
11 0.7109375 0.54052734375 0.00439453125 0.00390625
11 0.7109375 0.48291015625 0.00439453125 0.00390625
11 0.724609375 0.54052734375 0.00439453125 0.00390625
11 0.724609375 0.4794921875 0.00439453125 0.00390625
11 0.697265625 0.54052734375 0.00439453125 0.00390625
11 0.697265625 0.486328125 0.00439453125 0.00390625
11 0.7041015625 0.484375 0.00439453125 0.00390625
11 0.7041015625 0.53857421875 0.00439453125 0.00390625
11 0.30615234375 0.46630859375 0.00439453125 0.00390625
11 0.3173828125 0.54541015625 0.00439453125 0.00390625
11 0.3173828125 0.5048828125 0.00439453125 0.00390625
11 0.3173828125 0.46435546875 0.00439453125 0.00390625
11 0.3173828125 0.43115234375 0.00439453125 0.00390625
11 0.30615234375 0.54736328125 0.00439453125 0.00390625
11 0.27197265625 0.55078125 0.00439453125 0.00390625
11 0.294921875 0.54541015625 0.00439453125 0.00390625
11 0.294921875 0.5029296875 0.00439453125 0.00390625
11 0.294921875 0.46435546875 0.00439453125 0.00390625
11 0.294921875 0.427734375 0.00439453125 0.00390625
11 0.28369140625 0.5048828125 0.00439453125 0.00390625
11 0.3466796875 0.50634765625 0.00439453125 0.00390625
11 0.337890625 0.4296875 0.00439453125 0.00390625
11 0.35595703125 0.5439453125 0.00439453125 0.00390625
11 0.35595703125 0.462890625 0.00439453125 0.00390625
11 0.35595703125 0.4345703125 0.00439453125 0.00390625
11 0.27197265625 0.5029296875 0.00439453125 0.00390625
11 0.32861328125 0.5439453125 0.00439453125 0.00390625
11 0.32861328125 0.50634765625 0.00439453125 0.00390625
11 0.32861328125 0.462890625 0.00439453125 0.00390625
11 0.20556640625 0.42431640625 0.00439453125 0.00390625
11 0.20556640625 0.54541015625 0.00439453125 0.00390625
11 0.20556640625 0.50830078125 0.00439453125 0.00390625
11 0.20556640625 0.51171875 0.00439453125 0.00390625
11 0.20556640625 0.462890625 0.00439453125 0.00390625
11 0.20556640625 0.46630859375 0.00439453125 0.00390625
11 0.20556640625 0.4697265625 0.00439453125 0.00390625
11 0.20556640625 0.427734375 0.00439453125 0.00390625
11 0.20556640625 0.43115234375 0.00439453125 0.00390625
9 0.20947265625 0.50146484375 0.00390625 0.009765625
0 0.1767578125 0.5234375 0.00341796875 0.04833984375
0 0.1767578125 0.4462890625 0.00341796875 0.05029296875
1 0.18701171875 0.53955078125 0.009765625 0.01171875
10 0.1875 0.50537109375 0.00927734375 0.02587890625
1 0.18701171875 0.46337890625 0.009765625 0.01171875
10 0.1875 0.42724609375 0.00927734375 0.02587890625
11 0.2490234375 0.55078125 0.00439453125 0.00390625
11 0.2490234375 0.46435546875 0.00439453125 0.00390625
11 0.2490234375 0.47314453125 0.00439453125 0.00390625
11 0.2490234375 0.42626953125 0.00439453125 0.00390625
11 0.2607421875 0.46630859375 0.00439453125 0.00390625
11 0.27197265625 0.4677734375 0.00439453125 0.00390625
11 0.27197265625 0.47119140625 0.00439453125 0.00390625
11 0.27197265625 0.4296875 0.00439453125 0.00390625
11 0.2607421875 0.47314453125 0.00439453125 0.00390625
11 0.2275390625 0.548828125 0.00439453125 0.00390625
11 0.2275390625 0.50146484375 0.00439453125 0.00390625
11 0.2275390625 0.50830078125 0.00439453125 0.00390625
11 0.2275390625 0.46630859375 0.00439453125 0.00390625
11 0.2275390625 0.427734375 0.00439453125 0.00390625
11 0.216796875 0.5439453125 0.00439453125 0.00390625
11 0.23876953125 0.54736328125 0.00439453125 0.00390625
11 0.44580078125 0.53857421875 0.00439453125 0.00390625
11 0.45263671875 0.54052734375 0.00439453125 0.00390625
11 0.45263671875 0.4296875 0.00439453125 0.00390625
11 0.45947265625 0.53857421875 0.00439453125 0.00390625
11 0.45947265625 0.427734375 0.00439453125 0.00390625
11 0.43212890625 0.53857421875 0.00439453125 0.00390625
11 0.42529296875 0.54052734375 0.00439453125 0.00390625
11 0.43896484375 0.54052734375 0.00439453125 0.00390625
11 0.43896484375 0.51318359375 0.00439453125 0.00390625
11 0.43896484375 0.4697265625 0.00439453125 0.00390625
11 0.43896484375 0.4296875 0.00439453125 0.00390625
11 0.48681640625 0.53857421875 0.00439453125 0.00390625
11 0.48681640625 0.4208984375 0.00439453125 0.00390625
11 0.49365234375 0.54052734375 0.00439453125 0.00390625
11 0.49365234375 0.50830078125 0.00439453125 0.00390625
11 0.49365234375 0.46630859375 0.00439453125 0.00390625
11 0.49365234375 0.41943359375 0.00439453125 0.00390625
11 0.47314453125 0.42431640625 0.00439453125 0.00390625
11 0.47314453125 0.53857421875 0.00439453125 0.00390625
11 0.46630859375 0.54052734375 0.00439453125 0.00390625
11 0.46630859375 0.42626953125 0.00439453125 0.00390625
11 0.47998046875 0.4228515625 0.00439453125 0.00390625
11 0.47998046875 0.54052734375 0.00439453125 0.00390625
11 0.3984375 0.42626953125 0.00439453125 0.00390625
11 0.3984375 0.54052734375 0.00439453125 0.00390625
11 0.42529296875 0.4296875 0.00439453125 0.00390625
11 0.3916015625 0.42431640625 0.00439453125 0.00390625
11 0.3916015625 0.53857421875 0.00439453125 0.00390625
11 0.41162109375 0.54052734375 0.00439453125 0.00390625
11 0.384765625 0.54052734375 0.00439453125 0.00390625
11 0.41845703125 0.53857421875 0.00439453125 0.00390625
11 0.384765625 0.50830078125 0.00439453125 0.00390625
11 0.384765625 0.4677734375 0.00439453125 0.00390625
11 0.384765625 0.4228515625 0.00439453125 0.00390625
11 0.4052734375 0.427734375 0.00439453125 0.00390625
11 0.4052734375 0.53857421875 0.00439453125 0.00390625
11 0.5908203125 0.689453125 0.00439453125 0.00390625
11 0.5908203125 0.7353515625 0.00439453125 0.00390625
11 0.5908203125 0.69482421875 0.00439453125 0.00390625
11 0.5869140625 0.6962890625 0.00439453125 0.00390625
11 0.5908203125 0.65966796875 0.00439453125 0.00390625
11 0.5908203125 0.6630859375 0.00439453125 0.00390625
11 0.568359375 0.73681640625 0.00439453125 0.00390625
11 0.568359375 0.70166015625 0.00439453125 0.00390625
14 0.5908203125 0.6259765625 0.0048828125 0.009765625
11 0.576171875 0.73876953125 0.00439453125 0.00390625
11 0.576171875 0.62548828125 0.00439453125 0.00390625
11 0.61376953125 0.73681640625 0.00439453125 0.00390625
11 0.61376953125 0.6630859375 0.00439453125 0.00390625
11 0.61376953125 0.63232421875 0.00439453125 0.00390625
11 0.61376953125 0.63720703125 0.00439453125 0.00390625
11 0.62158203125 0.7353515625 0.00439453125 0.00390625
11 0.62158203125 0.689453125 0.00439453125 0.00390625
11 0.62939453125 0.62890625 0.00439453125 0.00390625
11 0.62939453125 0.73681640625 0.00439453125 0.00390625
11 0.5986328125 0.73681640625 0.00439453125 0.00390625
11 0.5986328125 0.62548828125 0.00439453125 0.00390625
11 0.5986328125 0.62890625 0.00439453125 0.00390625
11 0.6064453125 0.69140625 0.00439453125 0.00390625
11 0.6064453125 0.7353515625 0.00439453125 0.00390625
11 0.6064453125 0.6962890625 0.00439453125 0.00390625
11 0.50732421875 0.7353515625 0.00439453125 0.00390625
11 0.50732421875 0.6962890625 0.00439453125 0.00390625
11 0.50732421875 0.70166015625 0.00439453125 0.00390625
11 0.50732421875 0.6611328125 0.00439453125 0.00390625
11 0.5224609375 0.69287109375 0.00439453125 0.00390625
11 0.5224609375 0.69970703125 0.00439453125 0.00390625
11 0.5146484375 0.73681640625 0.00439453125 0.00390625
11 0.51904296875 0.63232421875 0.00439453125 0.00390625
11 0.5146484375 0.6337890625 0.00439453125 0.00390625
11 0.484375 0.73681640625 0.00439453125 0.00390625
11 0.484375 0.6630859375 0.00439453125 0.00390625
11 0.484375 0.63232421875 0.00439453125 0.00390625
11 0.484375 0.63720703125 0.00439453125 0.00390625
11 0.49951171875 0.73681640625 0.00439453125 0.00390625
11 0.49951171875 0.62890625 0.00439453125 0.00390625
11 0.5224609375 0.73681640625 0.00439453125 0.00390625
11 0.4921875 0.7353515625 0.00439453125 0.00390625
11 0.4921875 0.689453125 0.00439453125 0.00390625
11 0.552734375 0.73681640625 0.00439453125 0.00390625
11 0.552734375 0.69482421875 0.00439453125 0.00390625
11 0.552734375 0.70166015625 0.00439453125 0.00390625
11 0.552734375 0.65966796875 0.00439453125 0.00390625
11 0.54541015625 0.73876953125 0.00439453125 0.00390625
11 0.54541015625 0.62548828125 0.00439453125 0.00390625
11 0.560546875 0.73876953125 0.00439453125 0.00390625
11 0.560546875 0.65771484375 0.00439453125 0.00390625
11 0.560546875 0.62548828125 0.00439453125 0.00390625
11 0.5302734375 0.73876953125 0.00439453125 0.00390625
11 0.5302734375 0.66455078125 0.00439453125 0.00390625
11 0.5302734375 0.6240234375 0.00439453125 0.00390625
11 0.53759765625 0.6962890625 0.00439453125 0.00390625
11 0.53759765625 0.73681640625 0.00439453125 0.00390625
11 0.77880859375 0.65966796875 0.00439453125 0.00390625
11 0.77880859375 0.6103515625 0.00439453125 0.00390625
11 0.77880859375 0.6171875 0.00439453125 0.00390625
11 0.771484375 0.65771484375 0.00439453125 0.00390625
11 0.79443359375 0.6962890625 0.00439453125 0.00390625
11 0.79443359375 0.70166015625 0.00439453125 0.00390625
11 0.79443359375 0.70849609375 0.00439453125 0.00390625
11 0.79443359375 0.65966796875 0.00439453125 0.00390625
11 0.78564453125 0.66455078125 0.00439453125 0.00390625
11 0.74169921875 0.6982421875 0.00439453125 0.00390625
11 0.74169921875 0.70166015625 0.00439453125 0.00390625
11 0.74169921875 0.65966796875 0.00439453125 0.00390625
11 0.72998046875 0.66455078125 0.00439453125 0.00390625
11 0.72998046875 0.60693359375 0.00439453125 0.00390625
11 0.72998046875 0.61376953125 0.00439453125 0.00390625
11 0.763671875 0.69287109375 0.00439453125 0.00390625
11 0.763671875 0.69970703125 0.00439453125 0.00390625
11 0.763671875 0.65625 0.00439453125 0.00390625
11 0.7529296875 0.65771484375 0.00439453125 0.00390625
11 0.7529296875 0.60888671875 0.00439453125 0.00390625
11 0.7529296875 0.61572265625 0.00439453125 0.00390625
11 0.80712890625 0.61376953125 0.00439453125 0.00390625
11 0.8125 0.65966796875 0.00439453125 0.00390625
8 0.80712890625 0.626953125 0.00341796875 0.01025390625
11 0.80712890625 0.62060546875 0.00439453125 0.00390625
11 0.8017578125 0.65771484375 0.00439453125 0.00390625
11 0.65966796875 0.73876953125 0.00439453125 0.00390625
11 0.65966796875 0.66455078125 0.00439453125 0.00390625
11 0.65966796875 0.6240234375 0.00439453125 0.00390625
11 0.6748046875 0.73876953125 0.00439453125 0.00390625
11 0.6748046875 0.6845703125 0.00439453125 0.00390625
11 0.66748046875 0.73681640625 0.00439453125 0.00390625
11 0.66748046875 0.6845703125 0.00439453125 0.00390625
11 0.63671875 0.7353515625 0.00439453125 0.00390625
11 0.63671875 0.6962890625 0.00439453125 0.00390625
11 0.63671875 0.70166015625 0.00439453125 0.00390625
11 0.63671875 0.6611328125 0.00439453125 0.00390625
11 0.65234375 0.73681640625 0.00439453125 0.00390625
11 0.65234375 0.6845703125 0.00439453125 0.00390625
11 0.64453125 0.73681640625 0.00439453125 0.00390625
11 0.6484375 0.63232421875 0.00439453125 0.00390625
11 0.64453125 0.6337890625 0.00439453125 0.00390625
11 0.7197265625 0.69482421875 0.00439453125 0.00390625
11 0.7197265625 0.689453125 0.00439453125 0.00390625
11 0.7197265625 0.65771484375 0.00439453125 0.00390625
15 0.7197265625 0.62451171875 0.00439453125 0.00634765625
11 0.70556640625 0.73876953125 0.00439453125 0.00390625
11 0.6826171875 0.73681640625 0.00439453125 0.00390625
11 0.6826171875 0.6845703125 0.00439453125 0.00390625
11 0.6826171875 0.65966796875 0.00439453125 0.00390625
11 0.69775390625 0.73681640625 0.00439453125 0.00390625
11 0.6904296875 0.73876953125 0.00439453125 0.00390625
11 0.6904296875 0.65771484375 0.00439453125 0.00390625
11 0.28564453125 0.73876953125 0.00439453125 0.00390625
11 0.28564453125 0.62548828125 0.00439453125 0.00390625
11 0.30126953125 0.62548828125 0.00439453125 0.00390625
11 0.29345703125 0.73681640625 0.00439453125 0.00390625
11 0.29345703125 0.69482421875 0.00439453125 0.00390625
11 0.29345703125 0.70166015625 0.00439453125 0.00390625
11 0.29345703125 0.65966796875 0.00439453125 0.00390625
11 0.2705078125 0.66455078125 0.00439453125 0.00390625
11 0.2705078125 0.6240234375 0.00439453125 0.00390625
11 0.2705078125 0.73876953125 0.00439453125 0.00390625
11 0.26318359375 0.73681640625 0.00439453125 0.00390625
11 0.26318359375 0.69287109375 0.00439453125 0.00390625
11 0.26318359375 0.69970703125 0.00439453125 0.00390625
11 0.2783203125 0.73681640625 0.00439453125 0.00390625
11 0.2783203125 0.6962890625 0.00439453125 0.00390625
11 0.30126953125 0.65771484375 0.00439453125 0.00390625
11 0.33154296875 0.7353515625 0.00439453125 0.00390625
11 0.33154296875 0.689453125 0.00439453125 0.00390625
11 0.33154296875 0.69482421875 0.00439453125 0.00390625
11 0.3271484375 0.6962890625 0.00439453125 0.00390625
11 0.33154296875 0.65966796875 0.00439453125 0.00390625
11 0.33154296875 0.6630859375 0.00439453125 0.00390625
14 0.33154296875 0.6259765625 0.0048828125 0.009765625
11 0.30859375 0.70166015625 0.00439453125 0.00390625
11 0.30859375 0.73681640625 0.00439453125 0.00390625
11 0.30126953125 0.73876953125 0.00439453125 0.00390625
11 0.31640625 0.73876953125 0.00439453125 0.00390625
11 0.31640625 0.62548828125 0.00439453125 0.00390625
11 0.20166015625 0.7353515625 0.00439453125 0.00390625
11 0.20166015625 0.689453125 0.00439453125 0.00390625
11 0.20166015625 0.69482421875 0.00439453125 0.00390625
11 0.19775390625 0.6962890625 0.00439453125 0.00390625
11 0.20166015625 0.65966796875 0.00439453125 0.00390625
11 0.20947265625 0.73681640625 0.00439453125 0.00390625
11 0.20166015625 0.6630859375 0.00439453125 0.00390625
11 0.20947265625 0.62548828125 0.00439453125 0.00390625
11 0.20947265625 0.62890625 0.00439453125 0.00390625
10 0.1875 0.623046875 0.00927734375 0.02587890625
22 0.765625 0.73291015625 0.0048828125 0.001953125
0 0.1767578125 0.71728515625 0.00341796875 0.04931640625
0 0.1767578125 0.64111328125 0.00341796875 0.04833984375
14 0.20166015625 0.6259765625 0.0048828125 0.009765625
1 0.18701171875 0.73388671875 0.009765625 0.01171875
11 0.21728515625 0.6962890625 0.00439453125 0.00390625
10 0.1875 0.69921875 0.00927734375 0.02587890625
1 0.18701171875 0.65673828125 0.009765625 0.01171875
11 0.24755859375 0.7353515625 0.00439453125 0.00390625
11 0.24755859375 0.6962890625 0.00439453125 0.00390625
11 0.24755859375 0.70166015625 0.00439453125 0.00390625
11 0.24755859375 0.6611328125 0.00439453125 0.00390625
11 0.240234375 0.73681640625 0.00439453125 0.00390625
11 0.240234375 0.62890625 0.00439453125 0.00390625
11 0.25537109375 0.73681640625 0.00439453125 0.00390625
11 0.25927734375 0.63232421875 0.00439453125 0.00390625
11 0.25537109375 0.6337890625 0.00439453125 0.00390625
11 0.224609375 0.73681640625 0.00439453125 0.00390625
11 0.224609375 0.6630859375 0.00439453125 0.00390625
11 0.224609375 0.63232421875 0.00439453125 0.00390625
11 0.224609375 0.63720703125 0.00439453125 0.00390625
11 0.21728515625 0.7353515625 0.00439453125 0.00390625
11 0.21728515625 0.69140625 0.00439453125 0.00390625
11 0.232421875 0.7353515625 0.00439453125 0.00390625
11 0.232421875 0.689453125 0.00439453125 0.00390625
11 0.4306640625 0.73876953125 0.00439453125 0.00390625
11 0.4306640625 0.65771484375 0.00439453125 0.00390625
11 0.4306640625 0.62744140625 0.00439453125 0.00390625
11 0.4384765625 0.73681640625 0.00439453125 0.00390625
11 0.4384765625 0.6962890625 0.00439453125 0.00390625
11 0.408203125 0.73681640625 0.00439453125 0.00390625
11 0.408203125 0.69482421875 0.00439453125 0.00390625
11 0.42333984375 0.73681640625 0.00439453125 0.00390625
11 0.42333984375 0.69482421875 0.00439453125 0.00390625
11 0.42333984375 0.65966796875 0.00439453125 0.00390625
11 0.41552734375 0.73876953125 0.00439453125 0.00390625
11 0.41552734375 0.62548828125 0.00439453125 0.00390625
11 0.46923828125 0.62890625 0.00439453125 0.00390625
11 0.4765625 0.7353515625 0.00439453125 0.00390625
11 0.4765625 0.69140625 0.00439453125 0.00390625
11 0.4765625 0.6962890625 0.00439453125 0.00390625
11 0.46923828125 0.73681640625 0.00439453125 0.00390625
11 0.46923828125 0.62548828125 0.00439453125 0.00390625
11 0.4609375 0.69482421875 0.00439453125 0.00390625
11 0.45703125 0.6962890625 0.00439453125 0.00390625
11 0.4609375 0.65966796875 0.00439453125 0.00390625
11 0.4609375 0.6630859375 0.00439453125 0.00390625
14 0.46142578125 0.6259765625 0.0048828125 0.009765625
11 0.4609375 0.689453125 0.00439453125 0.00390625
11 0.4462890625 0.73876953125 0.00439453125 0.00390625
11 0.4462890625 0.62890625 0.00439453125 0.00390625
11 0.4609375 0.7353515625 0.00439453125 0.00390625
11 0.3623046875 0.7353515625 0.00439453125 0.00390625
11 0.3623046875 0.689453125 0.00439453125 0.00390625
11 0.37744140625 0.7353515625 0.00439453125 0.00390625
11 0.37744140625 0.68603515625 0.00439453125 0.00390625
11 0.37744140625 0.6982421875 0.00439453125 0.00390625
11 0.37744140625 0.6611328125 0.00439453125 0.00390625
11 0.36962890625 0.73681640625 0.00439453125 0.00390625
11 0.36962890625 0.62890625 0.00439453125 0.00390625
11 0.3466796875 0.6962890625 0.00439453125 0.00390625
11 0.3466796875 0.69140625 0.00439453125 0.00390625
11 0.33935546875 0.73681640625 0.00439453125 0.00390625
11 0.33935546875 0.62548828125 0.00439453125 0.00390625
11 0.33935546875 0.62890625 0.00439453125 0.00390625
11 0.3544921875 0.73681640625 0.00439453125 0.00390625
11 0.3544921875 0.6630859375 0.00439453125 0.00390625
11 0.3544921875 0.63232421875 0.00439453125 0.00390625
11 0.3544921875 0.63720703125 0.00439453125 0.00390625
11 0.3466796875 0.7353515625 0.00439453125 0.00390625
11 0.392578125 0.73681640625 0.00439453125 0.00390625
11 0.392578125 0.6826171875 0.00439453125 0.00390625
11 0.392578125 0.68798828125 0.00439453125 0.00390625
11 0.38525390625 0.73681640625 0.00439453125 0.00390625
11 0.38916015625 0.63232421875 0.00439453125 0.00390625
11 0.38525390625 0.6337890625 0.00439453125 0.00390625
11 0.400390625 0.73876953125 0.00439453125 0.00390625
11 0.400390625 0.66455078125 0.00439453125 0.00390625
11 0.400390625 0.6240234375 0.00439453125 0.00390625
13 0.5830078125 0.845703125 0.00634765625 0.00390625
13 0.5830078125 0.90283203125 0.00634765625 0.00390625
13 0.5830078125 0.896484375 0.00634765625 0.00390625
11 0.58251953125 0.93359375 0.00439453125 0.00390625
13 0.5830078125 0.85791015625 0.00634765625 0.00390625
11 0.564453125 0.8154296875 0.00439453125 0.00390625
11 0.564453125 0.81201171875 0.00439453125 0.00390625
11 0.564453125 0.80859375 0.00439453125 0.00390625
11 0.564453125 0.845703125 0.00439453125 0.00390625
8 0.564453125 0.82177734375 0.00341796875 0.01025390625
13 0.5830078125 0.85107421875 0.00634765625 0.00390625
8 0.564453125 0.8525390625 0.00341796875 0.009765625
13 0.5830078125 0.8154296875 0.00634765625 0.00390625
13 0.5830078125 0.81201171875 0.00634765625 0.00390625
13 0.5830078125 0.80859375 0.00634765625 0.00390625
11 0.59326171875 0.93359375 0.00439453125 0.00390625
11 0.59912109375 0.935546875 0.00439453125 0.00390625
22 0.41748046875 0.85009765625 0.0048828125 0.001953125
22 0.41748046875 0.89208984375 0.0048828125 0.001953125
11 0.51171875 0.8154296875 0.00439453125 0.00390625
11 0.51171875 0.81201171875 0.00439453125 0.00390625
11 0.51171875 0.80859375 0.00439453125 0.00390625
11 0.51171875 0.845703125 0.00439453125 0.00390625
11 0.5205078125 0.90283203125 0.00439453125 0.00390625
11 0.5205078125 0.896484375 0.00439453125 0.00390625
11 0.5205078125 0.93359375 0.00439453125 0.00390625
11 0.546875 0.8154296875 0.00439453125 0.00390625
11 0.546875 0.81201171875 0.00439453125 0.00390625
11 0.546875 0.80859375 0.00439453125 0.00390625
11 0.546875 0.845703125 0.00439453125 0.00390625
11 0.5556640625 0.90283203125 0.00439453125 0.00390625
11 0.5556640625 0.896484375 0.00439453125 0.00390625
11 0.5556640625 0.93359375 0.00439453125 0.00390625
11 0.6103515625 0.935546875 0.00439453125 0.00390625
11 0.529296875 0.8154296875 0.00439453125 0.00390625
11 0.529296875 0.81201171875 0.00439453125 0.00390625
11 0.529296875 0.80859375 0.00439453125 0.00390625
11 0.529296875 0.845703125 0.00439453125 0.00390625
11 0.5380859375 0.90283203125 0.00439453125 0.00390625
11 0.5380859375 0.896484375 0.00439453125 0.00390625
11 0.5380859375 0.93359375 0.00439453125 0.00390625
11 0.74951171875 0.9404296875 0.00439453125 0.00390625
11 0.755859375 0.94189453125 0.00439453125 0.00390625
11 0.7626953125 0.94384765625 0.00439453125 0.00390625
11 0.7734375 0.94384765625 0.00439453125 0.00390625
11 0.72119140625 0.9384765625 0.00439453125 0.00390625
11 0.73193359375 0.9384765625 0.00439453125 0.00390625
11 0.73876953125 0.9404296875 0.00439453125 0.00390625
11 0.802734375 0.93359375 0.00439453125 0.00390625
12 0.77978515625 0.93359375 0.0048828125 0.00390625
9 0.806640625 0.9267578125 0.00390625 0.009765625
11 0.64013671875 0.9404296875 0.00439453125 0.00390625
11 0.65087890625 0.9404296875 0.00439453125 0.00390625
11 0.6572265625 0.94189453125 0.00439453125 0.00390625
11 0.6162109375 0.93701171875 0.00439453125 0.00390625
11 0.62255859375 0.9384765625 0.00439453125 0.00390625
11 0.63330078125 0.9384765625 0.00439453125 0.00390625
11 0.6982421875 0.935546875 0.00439453125 0.00390625
11 0.69189453125 0.93359375 0.00439453125 0.00390625
11 0.708984375 0.935546875 0.00439453125 0.00390625
11 0.71484375 0.93701171875 0.00439453125 0.00390625
11 0.6640625 0.94384765625 0.00439453125 0.00390625
11 0.6748046875 0.94384765625 0.00439453125 0.00390625
11 0.68115234375 0.93359375 0.00439453125 0.00390625
12 0.26904296875 0.8134765625 0.0048828125 0.00390625
12 0.2734375 0.81201171875 0.0048828125 0.00390625
11 0.27294921875 0.85791015625 0.00439453125 0.00390625
11 0.27294921875 0.89111328125 0.00439453125 0.00390625
11 0.26513671875 0.88427734375 0.00439453125 0.00390625
11 0.25537109375 0.89111328125 0.00439453125 0.00390625
11 0.2470703125 0.88427734375 0.00439453125 0.00390625
11 0.25537109375 0.85595703125 0.00439453125 0.00390625
11 0.30859375 0.85107421875 0.00439453125 0.00390625
11 0.30859375 0.89111328125 0.00439453125 0.00390625
11 0.318359375 0.88427734375 0.00439453125 0.00390625
11 0.32666015625 0.8544921875 0.00439453125 0.00390625
11 0.32666015625 0.89111328125 0.00439453125 0.00390625
11 0.28271484375 0.88427734375 0.00439453125 0.00390625
11 0.291015625 0.845703125 0.00439453125 0.00390625
11 0.291015625 0.89111328125 0.00439453125 0.00390625
11 0.30078125 0.88427734375 0.00439453125 0.00390625
1 0.18701171875 0.8515625 0.009765625 0.01171875
10 0.1875 0.8935546875 0.00927734375 0.02587890625
1 0.18701171875 0.927734375 0.009765625 0.01171875
12 0.2021484375 0.81689453125 0.0048828125 0.00390625
12 0.2021484375 0.81201171875 0.0048828125 0.00390625
11 0.20166015625 0.85791015625 0.00439453125 0.00390625
11 0.20166015625 0.89111328125 0.00439453125 0.00390625
0 0.1767578125 0.83544921875 0.00341796875 0.04833984375
0 0.1767578125 0.91162109375 0.00341796875 0.04833984375
22 0.267578125 0.92626953125 0.0048828125 0.001953125
10 0.1875 0.81787109375 0.00927734375 0.02587890625
11 0.2294921875 0.88427734375 0.00439453125 0.00390625
11 0.2373046875 0.8544921875 0.00439453125 0.00390625
11 0.2373046875 0.89111328125 0.00439453125 0.00390625
11 0.21142578125 0.88427734375 0.00439453125 0.00390625
11 0.2197265625 0.845703125 0.00439453125 0.00390625
11 0.2197265625 0.89111328125 0.00439453125 0.00390625
11 0.42236328125 0.919921875 0.00439453125 0.00390625
11 0.43115234375 0.921875 0.00439453125 0.00390625
11 0.43994140625 0.92333984375 0.00439453125 0.00390625
11 0.44873046875 0.92529296875 0.00439453125 0.00390625
11 0.3857421875 0.9287109375 0.00439453125 0.00390625
11 0.39453125 0.9267578125 0.00439453125 0.00390625
11 0.4033203125 0.92529296875 0.00439453125 0.00390625
11 0.41259765625 0.92333984375 0.00439453125 0.00390625
15 0.498046875 0.81884765625 0.00439453125 0.00634765625
15 0.498046875 0.85302734375 0.00439453125 0.00634765625
11 0.49853515625 0.90283203125 0.00439453125 0.00390625
11 0.49853515625 0.896484375 0.00439453125 0.00390625
11 0.49853515625 0.93359375 0.00439453125 0.00390625
11 0.484375 0.93212890625 0.00439453125 0.00390625
11 0.45751953125 0.9267578125 0.00439453125 0.00390625
11 0.466796875 0.9287109375 0.00439453125 0.00390625
11 0.4755859375 0.93017578125 0.00439453125 0.00390625
14 0.349609375 0.9306640625 0.0048828125 0.009765625
13 0.35009765625 0.78125 0.00634765625 0.00390625
11 0.35888671875 0.93359375 0.00439453125 0.00390625
11 0.36767578125 0.93212890625 0.00439453125 0.00390625
11 0.37646484375 0.93017578125 0.00439453125 0.00390625
11 0.33642578125 0.88427734375 0.00439453125 0.00390625