15 0.646484375 0.0537109375 0.0068359375 0.009765625
11 0.66357421875 0.12158203125 0.0068359375 0.00634765625
11 0.66357421875 0.07861328125 0.0068359375 0.00634765625
15 0.646484375 0.1220703125 0.0068359375 0.009765625
11 0.69091796875 0.119140625 0.0068359375 0.005859375
11 0.69091796875 0.07373046875 0.0068359375 0.005859375
8 0.66357421875 0.1318359375 0.00537109375 0.01513671875
9 0.66943359375 0.068359375 0.005859375 0.01513671875
11 0.55810546875 0.12939453125 0.0068359375 0.005859375
21 0.55712890625 0.0517578125 0.005859375 0.015625
11 0.59423828125 0.12158203125 0.0068359375 0.00634765625
15 0.61181640625 0.1220703125 0.0068359375 0.009765625
8 0.59375 0.1318359375 0.00537109375 0.01513671875
21 0.59326171875 0.0517578125 0.00537109375 0.015625
11 0.57666015625 0.12158203125 0.0068359375 0.00634765625
11 0.791015625 0.119140625 0.0068359375 0.005859375
11 0.791015625 0.06591796875 0.0068359375 0.00634765625
11 0.72509765625 0.07861328125 0.0068359375 0.00634765625
11 0.7080078125 0.12158203125 0.0068359375 0.00634765625
11 0.7080078125 0.07861328125 0.0068359375 0.00634765625
11 0.72509765625 0.12158203125 0.0068359375 0.00634765625
11 0.7724609375 0.11669921875 0.0068359375 0.005859375
11 0.7724609375 0.07373046875 0.0068359375 0.005859375
11 0.75439453125 0.11376953125 0.0068359375 0.005859375
11 0.75439453125 0.07861328125 0.0068359375 0.00634765625
9 0.3251953125 0.0556640625 0.005859375 0.01513671875
11 0.31982421875 0.13916015625 0.0068359375 0.00634765625
11 0.31982421875 0.06591796875 0.0068359375 0.00634765625
11 0.3017578125 0.1494140625 0.0068359375 0.005859375
15 0.3017578125 0.0537109375 0.00634765625 0.009765625
11 0.35595703125 0.0634765625 0.0068359375 0.005859375
11 0.3818359375 0.14697265625 0.0068359375 0.005859375
11 0.3818359375 0.0634765625 0.0068359375 0.005859375
11 0.52880859375 0.13916015625 0.0068359375 0.00634765625
11 0.35595703125 0.14453125 0.0068359375 0.005859375
11 0.33837890625 0.14208984375 0.0068359375 0.005859375
11 0.33837890625 0.060546875 0.0068359375 0.00634765625
10 0.19189453125 0.06201171875 0.01416015625 0.0390625
11 0.2353515625 0.1494140625 0.0068359375 0.005859375
11 0.2353515625 0.060546875 0.0068359375 0.00634765625
1 0.19140625 0.13037109375 0.0146484375 0.01806640625
11 0.2841796875 0.1494140625 0.0068359375 0.005859375
15 0.2841796875 0.0537109375 0.0068359375 0.009765625
11 0.26708984375 0.15185546875 0.0068359375 0.00634765625
11 0.2529296875 0.06591796875 0.0068359375 0.00634765625
8 0.23486328125 0.07080078125 0.00537109375 0.01513671875
8 0.46484375 0.07080078125 0.00537109375 0.01513671875
11 0.46533203125 0.13427734375 0.0068359375 0.00634765625
11 0.46533203125 0.0556640625 0.0068359375 0.005859375
11 0.46533203125 0.060546875 0.0068359375 0.00634765625
11 0.447265625 0.14697265625 0.0068359375 0.005859375
15 0.447265625 0.0537109375 0.0068359375 0.009765625
11 0.52880859375 0.0556640625 0.0068359375 0.005859375
11 0.52880859375 0.060546875 0.0068359375 0.00634765625
11 0.50146484375 0.14208984375 0.0068359375 0.005859375
11 0.4853515625 0.13671875 0.0068359375 0.005859375
11 0.4853515625 0.0556640625 0.0068359375 0.005859375
11 0.47900390625 0.05810546875 0.0068359375 0.005859375
11 0.3994140625 0.06591796875 0.0068359375 0.00634765625
8 0.38134765625 0.07275390625 0.00537109375 0.01513671875
11 0.4296875 0.14697265625 0.0068359375 0.005859375
15 0.4296875 0.0537109375 0.00634765625 0.009765625
11 0.41357421875 0.13671875 0.0068359375 0.005859375
11 0.68994140625 0.24951171875 0.0068359375 0.005859375
11 0.65380859375 0.29248046875 0.0068359375 0.005859375
11 0.71826171875 0.24951171875 0.0068359375 0.005859375
8 0.63623046875 0.302734375 0.00537109375 0.01513671875
11 0.623046875 0.294921875 0.0048828125 0.00439453125
11 0.63623046875 0.29248046875 0.0068359375 0.005859375
9 0.6259765625 0.28515625 0.0078125 0.013671875
11 0.5205078125 0.29248046875 0.0068359375 0.005859375
11 0.68994140625 0.244140625 0.0068359375 0.005859375
11 0.68994140625 0.294921875 0.0068359375 0.005859375
11 0.54052734375 0.294921875 0.0068359375 0.005859375
13 0.54150390625 0.24462890625 0.00927734375 0.00634765625
13 0.54150390625 0.24951171875 0.00927734375 0.005859375
15 0.60986328125 0.28564453125 0.00634765625 0.009765625
15 0.5927734375 0.28564453125 0.0068359375 0.009765625
11 0.56396484375 0.2900390625 0.0068359375 0.005859375
11 0.55224609375 0.29248046875 0.0068359375 0.005859375
15 0.75341796875 0.28564453125 0.0068359375 0.009765625
11 0.75341796875 0.244140625 0.0068359375 0.005859375
11 0.73583984375 0.2470703125 0.0068359375 0.005859375
11 0.8037109375 0.25732421875 0.0068359375 0.00634765625
11 0.787109375 0.251953125 0.0068359375 0.005859375
21 0.7177734375 0.28369140625 0.00537109375 0.015625
11 0.77099609375 0.2900390625 0.0068359375 0.005859375
11 0.77099609375 0.2470703125 0.0068359375 0.005859375
8 0.34375 0.29248046875 0.00537109375 0.01513671875
11 0.3701171875 0.2822265625 0.0068359375 0.005859375
11 0.3701171875 0.244140625 0.0068359375 0.005859375
11 0.3701171875 0.251953125 0.0068359375 0.005859375
11 0.34375 0.2822265625 0.0068359375 0.005859375
11 0.3154296875 0.2822265625 0.0068359375 0.005859375
15 0.404296875 0.28564453125 0.0068359375 0.009765625
11 0.40478515625 0.24169921875 0.0068359375 0.005859375
15 0.38720703125 0.28564453125 0.0068359375 0.009765625
8 0.36962890625 0.29248046875 0.00537109375 0.01513671875
10 0.19140625 0.24072265625 0.01416015625 0.0390625
13 0.23583984375 0.251953125 0.00927734375 0.00634765625
13 0.23583984375 0.24462890625 0.00927734375 0.00634765625
11 0.251953125 0.28466796875 0.0068359375 0.005859375
15 0.2978515625 0.28564453125 0.00634765625 0.009765625
11 0.26953125 0.2822265625 0.0068359375 0.005859375
11 0.234375 0.2822265625 0.0068359375 0.005859375
11 0.47998046875 0.28466796875 0.0068359375 0.005859375
11 0.47119140625 0.24169921875 0.0068359375 0.005859375
11 0.4541015625 0.2822265625 0.0068359375 0.005859375
11 0.5087890625 0.2900390625 0.0068359375 0.005859375
11 0.5087890625 0.2470703125 0.0068359375 0.005859375
11 0.49169921875 0.28466796875 0.0068359375 0.005859375
11 0.49169921875 0.244140625 0.0068359375 0.005859375
11 0.443359375 0.28466796875 0.0068359375 0.005859375
11 0.421875 0.2900390625 0.0068359375 0.005859375
11 0.4326171875 0.287109375 0.0068359375 0.00634765625
11 0.421875 0.2392578125 0.0068359375 0.00634765625
11 0.4541015625 0.2392578125 0.0068359375 0.00634765625
11 0.6533203125 0.4501953125 0.0068359375 0.005859375
19 0.69873046875 0.44873046875 0.00732421875 0.00341796875
12 0.69921875 0.40771484375 0.00732421875 0.005859375
12 0.69921875 0.4150390625 0.00732421875 0.005859375
15 0.74267578125 0.45068359375 0.00634765625 0.009765625
15 0.74267578125 0.3955078125 0.00634765625 0.009765625
21 0.56591796875 0.44873046875 0.00537109375 0.015625
13 0.56787109375 0.40234375 0.00927734375 0.005859375
13 0.56787109375 0.4150390625 0.00927734375 0.005859375
11 0.615234375 0.44775390625 0.0068359375 0.005859375
8 0.6337890625 0.45751953125 0.00537109375 0.01513671875
11 0.63427734375 0.44775390625 0.0068359375 0.005859375
11 0.5966796875 0.44482421875 0.0068359375 0.00634765625
11 0.78173828125 0.4150390625 0.0068359375 0.005859375
8 0.76123046875 0.46044921875 0.00537109375 0.01513671875
9 0.76708984375 0.41015625 0.005859375 0.0146484375
11 0.76171875 0.4501953125 0.0068359375 0.005859375
11 0.76171875 0.42041015625 0.0068359375 0.005859375
11 0.80029296875 0.455078125 0.0068359375 0.005859375
11 0.80029296875 0.4150390625 0.0068359375 0.005859375
11 0.78173828125 0.45751953125 0.0068359375 0.00634765625
11 0.3359375 0.462890625 0.0068359375 0.005859375
11 0.3232421875 0.46533203125 0.0068359375 0.005859375
11 0.39501953125 0.45751953125 0.0068359375 0.00634765625
12 0.3955078125 0.40478515625 0.00732421875 0.00634765625
12 0.3955078125 0.4150390625 0.00732421875 0.005859375
11 0.34814453125 0.46044921875 0.0068359375 0.005859375
10 0.19140625 0.40380859375 0.01416015625 0.0390625
15 0.28466796875 0.45068359375 0.0068359375 0.009765625
11 0.25341796875 0.46044921875 0.0068359375 0.005859375
8 0.23388671875 0.4677734375 0.00537109375 0.01513671875
11 0.234375 0.45751953125 0.0068359375 0.00634765625
13 0.23583984375 0.40771484375 0.00927734375 0.005859375
13 0.23583984375 0.41748046875 0.00927734375 0.00634765625
8 0.47021484375 0.45751953125 0.00537109375 0.01513671875
11 0.49853515625 0.4501953125 0.0068359375 0.005859375
11 0.49853515625 0.4150390625 0.0068359375 0.005859375
9 0.48779296875 0.43896484375 0.0078125 0.013671875
11 0.48486328125 0.44775390625 0.0048828125 0.00439453125
11 0.470703125 0.44775390625 0.0068359375 0.005859375
11 0.470703125 0.40478515625 0.0068359375 0.00634765625
11 0.470703125 0.4150390625 0.0068359375 0.005859375
11 0.5390625 0.40478515625 0.0068359375 0.00634765625
11 0.51904296875 0.41015625 0.0068359375 0.005859375
11 0.4326171875 0.44482421875 0.0068359375 0.00634765625
15 0.4140625 0.45068359375 0.0068359375 0.009765625
11 0.45166015625 0.44775390625 0.0068359375 0.005859375
8 0.39501953125 0.4677734375 0.00537109375 0.01513671875
12 0.640625 0.5830078125 0.00732421875 0.005859375
9 0.64599609375 0.6259765625 0.005859375 0.01513671875
11 0.64013671875 0.63623046875 0.0068359375 0.00634765625
12 0.640625 0.57275390625 0.00732421875 0.005859375
15 0.65576171875 0.61376953125 0.0068359375 0.009765625
9 0.63037109375 0.6259765625 0.005859375 0.01513671875
11 0.625 0.63623046875 0.0068359375 0.00634765625
11 0.6884765625 0.64111328125 0.0068359375 0.005859375
11 0.71044921875 0.64111328125 0.0068359375 0.005859375
12 0.71044921875 0.57275390625 0.00732421875 0.005859375
12 0.71044921875 0.5830078125 0.00732421875 0.005859375
11 0.669921875 0.638671875 0.0068359375 0.005859375
11 0.58837890625 0.63623046875 0.0068359375 0.00634765625
12 0.58837890625 0.58056640625 0.00732421875 0.005859375
12 0.58837890625 0.57275390625 0.00732421875 0.005859375
11 0.55859375 0.638671875 0.0068359375 0.005859375
15 0.5439453125 0.61376953125 0.0068359375 0.009765625
9 0.5341796875 0.6259765625 0.005859375 0.01513671875
11 0.52880859375 0.63623046875 0.0068359375 0.00634765625
15 0.6103515625 0.61376953125 0.0068359375 0.009765625
11 0.806640625 0.63623046875 0.0068359375 0.00634765625
11 0.791015625 0.64111328125 0.0068359375 0.005859375
15 0.732421875 0.61376953125 0.00634765625 0.009765625
15 0.77685546875 0.61376953125 0.0068359375 0.009765625
9 0.76806640625 0.630859375 0.005859375 0.01513671875
11 0.76220703125 0.64111328125 0.0068359375 0.005859375
12 0.7626953125 0.5703125 0.00732421875 0.005859375
12 0.7626953125 0.5830078125 0.00732421875 0.005859375
9 0.75244140625 0.630859375 0.005859375 0.01513671875
11 0.7470703125 0.64111328125 0.0068359375 0.005859375
12 0.35498046875 0.56787109375 0.00732421875 0.005859375
12 0.35498046875 0.58056640625 0.00732421875 0.005859375
11 0.33251953125 0.63330078125 0.0068359375 0.005859375
11 0.3544921875 0.630859375 0.0068359375 0.005859375
11 0.31689453125 0.638671875 0.0068359375 0.005859375
15 0.302734375 0.61376953125 0.0068359375 0.009765625
9 0.29296875 0.62060546875 0.005859375 0.01513671875
15 0.376953125 0.61376953125 0.00634765625 0.009765625
11 0.287109375 0.630859375 0.0068359375 0.005859375
1 0.19140625 0.62158203125 0.0146484375 0.01806640625
10 0.19189453125 0.56884765625 0.01416015625 0.0390625
9 0.27734375 0.62060546875 0.005859375 0.01513671875
11 0.27197265625 0.630859375 0.0068359375 0.005859375
15 0.2578125 0.61376953125 0.0068359375 0.009765625
11 0.2353515625 0.630859375 0.0068359375 0.005859375
13 0.236328125 0.56787109375 0.00927734375 0.00634765625
13 0.236328125 0.58056640625 0.00927734375 0.00634765625
13 0.47802734375 0.578125 0.00927734375 0.005859375
11 0.4765625 0.63623046875 0.0068359375 0.00634765625
13 0.47802734375 0.57275390625 0.00927734375 0.005859375
11 0.455078125 0.638671875 0.0068359375 0.005859375
9 0.51904296875 0.6259765625 0.005859375 0.01513671875
11 0.51318359375 0.63623046875 0.0068359375 0.00634765625
15 0.4990234375 0.61376953125 0.0068359375 0.009765625
15 0.421875 0.61376953125 0.00634765625 0.009765625
9 0.412109375 0.62060546875 0.005859375 0.01513671875
11 0.40673828125 0.630859375 0.0068359375 0.005859375
12 0.4072265625 0.56787109375 0.00732421875 0.005859375
12 0.4072265625 0.58056640625 0.00732421875 0.005859375
9 0.39697265625 0.62060546875 0.005859375 0.01513671875
11 0.39111328125 0.630859375 0.0068359375 0.005859375
11 0.4365234375 0.638671875 0.0068359375 0.005859375
11 0.68408203125 0.7939453125 0.0068359375 0.005859375
11 0.68408203125 0.72314453125 0.0068359375 0.00634765625
11 0.732421875 0.7841796875 0.0068359375 0.00634765625
11 0.71435546875 0.78125 0.0068359375 0.005859375
21 0.71337890625 0.72216796875 0.00537109375 0.015625
8 0.6201171875 0.7412109375 0.00537109375 0.01513671875
15 0.62060546875 0.77685546875 0.0068359375 0.009765625
11 0.62060546875 0.73095703125 0.0068359375 0.005859375
9 0.60693359375 0.78369140625 0.005859375 0.0146484375
11 0.6015625 0.7939453125 0.0068359375 0.005859375
15 0.60107421875 0.72412109375 0.0068359375 0.009765625
11 0.6572265625 0.796875 0.0068359375 0.005859375
11 0.6572265625 0.72314453125 0.0068359375 0.00634765625
11 0.638671875 0.8017578125 0.0068359375 0.00634765625
11 0.638671875 0.72607421875 0.0068359375 0.005859375
8 0.767578125 0.73583984375 0.00537109375 0.01513671875
11 0.76806640625 0.7939453125 0.0068359375 0.005859375
11 0.76806640625 0.72607421875 0.0068359375 0.005859375
11 0.75048828125 0.7841796875 0.0068359375 0.00634765625
15 0.75048828125 0.72412109375 0.0068359375 0.009765625
11 0.80419921875 0.796875 0.0068359375 0.005859375
11 0.80419921875 0.72314453125 0.0068359375 0.00634765625
11 0.78515625 0.8017578125 0.0068359375 0.00634765625
11 0.78515625 0.72314453125 0.0068359375 0.00634765625
11 0.33837890625 0.8017578125 0.0068359375 0.00634765625
15 0.3203125 0.77685546875 0.0068359375 0.009765625
9 0.3076171875 0.79150390625 0.005859375 0.01513671875
11 0.3017578125 0.8017578125 0.0068359375 0.00634765625
12 0.30224609375 0.7333984375 0.00732421875 0.005859375
12 0.30224609375 0.74609375 0.00732421875 0.005859375
11 0.384765625 0.7939453125 0.0068359375 0.005859375
13 0.3857421875 0.73583984375 0.00927734375 0.00634765625
13 0.3857421875 0.74853515625 0.00927734375 0.00634765625
11 0.35791015625 0.796875 0.0068359375 0.005859375
1 0.19140625 0.78515625 0.0146484375 0.01806640625
10 0.19189453125 0.732421875 0.01416015625 0.0390625
9 0.2880859375 0.79150390625 0.005859375 0.01513671875
11 0.28271484375 0.8017578125 0.0068359375 0.00634765625
15 0.2646484375 0.77685546875 0.00634765625 0.009765625
11 0.2353515625 0.8017578125 0.0068359375 0.00634765625
12 0.2353515625 0.7333984375 0.00732421875 0.005859375
12 0.2353515625 0.74365234375 0.00732421875 0.005859375
11 0.53466796875 0.7939453125 0.0068359375 0.005859375
12 0.53515625 0.74365234375 0.00732421875 0.005859375
12 0.53515625 0.75390625 0.00732421875 0.005859375
11 0.5078125 0.796875 0.0068359375 0.005859375
11 0.48828125 0.8017578125 0.0068359375 0.00634765625
9 0.587890625 0.78369140625 0.005859375 0.0146484375
11 0.58203125 0.7939453125 0.0068359375 0.005859375
15 0.564453125 0.77685546875 0.00634765625 0.009765625
9 0.45703125 0.78369140625 0.005859375 0.0146484375
11 0.45166015625 0.7939453125 0.0068359375 0.005859375
9 0.43798828125 0.78369140625 0.005859375 0.0146484375
11 0.43212890625 0.7939453125 0.0068359375 0.005859375
15 0.4140625 0.77685546875 0.0068359375 0.009765625
15 0.47021484375 0.77685546875 0.0068359375 0.009765625
11 0.6552734375 0.96728515625 0.0068359375 0.00634765625
11 0.6552734375 0.896484375 0.0068359375 0.005859375
11 0.7119140625 0.95751953125 0.0068359375 0.005859375
21 0.7109375 0.88525390625 0.00537109375 0.015625
11 0.681640625 0.89892578125 0.0068359375 0.005859375
11 0.681640625 0.96728515625 0.0068359375 0.00634765625
15 0.595703125 0.88720703125 0.0068359375 0.009765625
11 0.57763671875 0.96240234375 0.0068359375 0.00634765625
11 0.595703125 0.96240234375 0.0068359375 0.00634765625
11 0.55810546875 0.97021484375 0.0068359375 0.005859375
21 0.55712890625 0.88525390625 0.00537109375 0.015625
11 0.6328125 0.96484375 0.0068359375 0.005859375
11 0.6328125 0.896484375 0.0068359375 0.005859375
9 0.619140625 0.88916015625 0.005859375 0.0146484375
11 0.61376953125 0.96240234375 0.0068359375 0.00634765625
11 0.61376953125 0.89892578125 0.0068359375 0.005859375
11 0.8037109375 0.96240234375 0.0068359375 0.00634765625
11 0.8037109375 0.896484375 0.0068359375 0.005859375
11 0.765625 0.89892578125 0.0068359375 0.005859375
11 0.7470703125 0.96728515625 0.0068359375 0.00634765625
15 0.7470703125 0.88720703125 0.0068359375 0.009765625
11 0.72900390625 0.96728515625 0.0068359375 0.00634765625
11 0.78466796875 0.96728515625 0.0068359375 0.00634765625
11 0.78466796875 0.89404296875 0.0068359375 0.005859375
9 0.77099609375 0.88916015625 0.005859375 0.0146484375
11 0.765625 0.95458984375 0.0068359375 0.005859375
11 0.326171875 0.88916015625 0.0068359375 0.00634765625
11 0.3203125 0.95751953125 0.0068359375 0.005859375
11 0.30078125 0.96484375 0.0068359375 0.005859375
11 0.30078125 0.88623046875 0.0068359375 0.005859375
11 0.38330078125 0.96240234375 0.0068359375 0.00634765625
11 0.38330078125 0.896484375 0.0068359375 0.005859375
11 0.35595703125 0.96484375 0.0068359375 0.005859375
11 0.35009765625 0.89404296875 0.0068359375 0.005859375
11 0.33837890625 0.96484375 0.0068359375 0.005859375
1 0.19140625 0.9482421875 0.0146484375 0.01806640625
10 0.19189453125 0.8955078125 0.01416015625 0.0390625
21 0.263671875 0.88525390625 0.00537109375 0.015625
11 0.28271484375 0.96484375 0.0068359375 0.005859375
11 0.2646484375 0.96240234375 0.0068359375 0.00634765625
11 0.2353515625 0.95751953125 0.0068359375 0.005859375
11 0.2353515625 0.88623046875 0.0068359375 0.005859375
11 0.4736328125 0.95751953125 0.0068359375 0.005859375
11 0.4736328125 0.896484375 0.0068359375 0.005859375
11 0.45458984375 0.96240234375 0.0068359375 0.00634765625
15 0.45458984375 0.88720703125 0.00634765625 0.009765625
11 0.4365234375 0.96240234375 0.0068359375 0.00634765625
11 0.52880859375 0.96240234375 0.0068359375 0.00634765625
11 0.52880859375 0.89892578125 0.0068359375 0.005859375
11 0.490234375 0.96484375 0.0068359375 0.005859375
11 0.41943359375 0.896484375 0.0068359375 0.005859375
11 0.4013671875 0.89892578125 0.0068359375 0.005859375
11 0.41943359375 0.9521484375 0.0068359375 0.005859375