11 0.64306640625 0.11376953125 0.00830078125 0.0068359375
11 0.64306640625 0.134765625 0.00830078125 0.0068359375
11 0.64306640625 0.04736328125 0.00830078125 0.00732421875
11 0.64306640625 0.05322265625 0.00830078125 0.0068359375
11 0.64306640625 0.05908203125 0.00830078125 0.0068359375
11 0.64306640625 0.068359375 0.00830078125 0.0068359375
11 0.60498046875 0.134765625 0.00830078125 0.0068359375
11 0.60498046875 0.11376953125 0.00830078125 0.0068359375
11 0.6181640625 0.05029296875 0.00830078125 0.0068359375
11 0.60498046875 0.05322265625 0.00830078125 0.0068359375
11 0.6181640625 0.0712890625 0.00830078125 0.0068359375
11 0.662109375 0.134765625 0.00830078125 0.0068359375
11 0.662109375 0.068359375 0.00830078125 0.0068359375
11 0.662109375 0.05908203125 0.00830078125 0.0068359375
11 0.662109375 0.05322265625 0.00830078125 0.0068359375
11 0.662109375 0.04736328125 0.00830078125 0.00732421875
11 0.662109375 0.11376953125 0.00830078125 0.0068359375
11 0.5419921875 0.0654296875 0.00830078125 0.0068359375
11 0.5419921875 0.05029296875 0.00830078125 0.0068359375
11 0.5419921875 0.04443359375 0.00830078125 0.0068359375
11 0.55126953125 0.140625 0.00830078125 0.0068359375
11 0.55126953125 0.11962890625 0.00830078125 0.0068359375
11 0.52880859375 0.0625 0.00830078125 0.00732421875
11 0.52880859375 0.04736328125 0.00830078125 0.00732421875
11 0.52880859375 0.04150390625 0.00830078125 0.00732421875
11 0.52880859375 0.1435546875 0.00830078125 0.0068359375
11 0.52880859375 0.12255859375 0.00830078125 0.0068359375
8 0.5283203125 0.07421875 0.00634765625 0.017578125
11 0.591796875 0.056640625 0.00830078125 0.0068359375
11 0.591796875 0.0771484375 0.00830078125 0.00732421875
8 0.5595703125 0.080078125 0.00634765625 0.01806640625
11 0.560546875 0.068359375 0.00830078125 0.0068359375
11 0.560546875 0.05322265625 0.00830078125 0.0068359375
11 0.560546875 0.04736328125 0.00830078125 0.00732421875
11 0.60498046875 0.07421875 0.00830078125 0.0068359375
11 0.5732421875 0.068359375 0.00830078125 0.0068359375
11 0.5732421875 0.05322265625 0.00830078125 0.0068359375
11 0.5732421875 0.04736328125 0.00830078125 0.00732421875
11 0.5732421875 0.13720703125 0.00830078125 0.0068359375
11 0.5732421875 0.11669921875 0.00830078125 0.0068359375
11 0.78759765625 0.0712890625 0.00830078125 0.0068359375
11 0.78759765625 0.05029296875 0.00830078125 0.0068359375
11 0.78759765625 0.11962890625 0.00830078125 0.0068359375
11 0.76904296875 0.0712890625 0.00830078125 0.0068359375
11 0.76904296875 0.05029296875 0.00830078125 0.0068359375
11 0.76904296875 0.11962890625 0.00830078125 0.0068359375
11 0.703125 0.11376953125 0.00830078125 0.0068359375
11 0.703125 0.134765625 0.00830078125 0.0068359375
11 0.69384765625 0.05029296875 0.00830078125 0.0068359375
11 0.73046875 0.07421875 0.00830078125 0.0068359375
11 0.6806640625 0.068359375 0.00830078125 0.0068359375
11 0.6806640625 0.056640625 0.00830078125 0.0068359375
11 0.6806640625 0.04736328125 0.00830078125 0.00732421875
11 0.6806640625 0.13134765625 0.00830078125 0.0068359375
11 0.6806640625 0.11083984375 0.00830078125 0.00732421875
8 0.68017578125 0.080078125 0.00634765625 0.01806640625
11 0.73046875 0.0625 0.00830078125 0.00732421875
11 0.69384765625 0.0712890625 0.00830078125 0.0068359375
11 0.69384765625 0.056640625 0.00830078125 0.0068359375
11 0.74951171875 0.05322265625 0.00830078125 0.0068359375
11 0.74951171875 0.07421875 0.00830078125 0.0068359375
11 0.74951171875 0.12255859375 0.00830078125 0.0068359375
11 0.73046875 0.05322265625 0.00830078125 0.0068359375
11 0.73046875 0.1435546875 0.00830078125 0.0068359375
11 0.73046875 0.13134765625 0.00830078125 0.0068359375
11 0.73046875 0.11669921875 0.00830078125 0.0068359375
12 0.31689453125 0.0625 0.0087890625 0.00732421875
12 0.31689453125 0.056640625 0.0087890625 0.0068359375
12 0.31689453125 0.04736328125 0.0087890625 0.00732421875
12 0.31689453125 0.04150390625 0.0087890625 0.0068359375
11 0.31640625 0.1435546875 0.00830078125 0.0068359375
11 0.31640625 0.12255859375 0.00830078125 0.0068359375
11 0.28662109375 0.12255859375 0.00830078125 0.0068359375
11 0.28662109375 0.11669921875 0.00830078125 0.0068359375
11 0.28662109375 0.10498046875 0.00830078125 0.0068359375
11 0.2958984375 0.0625 0.00830078125 0.00732421875
11 0.2958984375 0.056640625 0.00830078125 0.0068359375
11 0.2958984375 0.04736328125 0.00830078125 0.00732421875
11 0.2958984375 0.04150390625 0.00830078125 0.00732421875
8 0.29541015625 0.07421875 0.00634765625 0.017578125
11 0.3505859375 0.0625 0.00830078125 0.00732421875
11 0.3505859375 0.056640625 0.00830078125 0.0068359375
11 0.3505859375 0.04736328125 0.00830078125 0.00732421875
11 0.3505859375 0.04150390625 0.00830078125 0.00732421875
11 0.3505859375 0.146484375 0.00830078125 0.00732421875
11 0.3505859375 0.12548828125 0.00830078125 0.00732421875
11 0.27734375 0.05322265625 0.00830078125 0.0068359375
11 0.3349609375 0.12255859375 0.00830078125 0.0068359375
11 0.3349609375 0.11669921875 0.00830078125 0.0068359375
11 0.3349609375 0.10498046875 0.00830078125 0.0068359375
11 0.22509765625 0.068359375 0.00830078125 0.0068359375
11 0.22509765625 0.056640625 0.00830078125 0.0068359375
11 0.22509765625 0.05029296875 0.00830078125 0.0068359375
11 0.22509765625 0.1435546875 0.00830078125 0.0068359375
11 0.22509765625 0.13134765625 0.00830078125 0.0068359375
11 0.22509765625 0.11669921875 0.00830078125 0.0068359375
0 0.17529296875 0.10302734375 0.005859375 0.08740234375
10 0.19384765625 0.06982421875 0.0166015625 0.0458984375
1 0.193359375 0.1328125 0.017578125 0.02099609375
8 0.26025390625 0.080078125 0.00634765625 0.01806640625
11 0.2607421875 0.068359375 0.00830078125 0.0068359375
11 0.2607421875 0.056640625 0.00830078125 0.0068359375
11 0.2607421875 0.05029296875 0.00830078125 0.0068359375
11 0.2607421875 0.15234375 0.00830078125 0.0068359375
11 0.2607421875 0.13134765625 0.00830078125 0.0068359375
11 0.27734375 0.068359375 0.00830078125 0.0068359375
11 0.2705078125 0.056640625 0.00830078125 0.0068359375
11 0.24365234375 0.05029296875 0.00830078125 0.0068359375
11 0.24365234375 0.068359375 0.00830078125 0.0068359375
11 0.24365234375 0.056640625 0.00830078125 0.0068359375
11 0.24365234375 0.12255859375 0.00830078125 0.0068359375
11 0.24365234375 0.11669921875 0.00830078125 0.0068359375
11 0.24365234375 0.10498046875 0.00830078125 0.0068359375
11 0.4912109375 0.0654296875 0.00830078125 0.0068359375
11 0.427734375 0.056640625 0.00830078125 0.0068359375
11 0.427734375 0.04150390625 0.00830078125 0.00732421875
11 0.4912109375 0.146484375 0.00830078125 0.00732421875
11 0.4912109375 0.04443359375 0.00830078125 0.0068359375
11 0.4912109375 0.12548828125 0.00830078125 0.00732421875
11 0.43701171875 0.15234375 0.00830078125 0.0068359375
11 0.43701171875 0.13134765625 0.00830078125 0.0068359375
11 0.4462890625 0.0654296875 0.00830078125 0.0068359375
11 0.427734375 0.0625 0.00830078125 0.00732421875
11 0.45947265625 0.12841796875 0.00830078125 0.0068359375
11 0.47802734375 0.068359375 0.00830078125 0.0068359375
11 0.47802734375 0.04736328125 0.00830078125 0.00732421875
11 0.45947265625 0.1494140625 0.00830078125 0.0068359375
11 0.45947265625 0.04443359375 0.00830078125 0.0068359375
11 0.45947265625 0.05908203125 0.00830078125 0.0068359375
11 0.45947265625 0.0654296875 0.00830078125 0.0068359375
8 0.44580078125 0.0771484375 0.00634765625 0.017578125
11 0.4462890625 0.04443359375 0.00830078125 0.0068359375
11 0.4462890625 0.05908203125 0.00830078125 0.0068359375
11 0.39599609375 0.0625 0.00830078125 0.00732421875
11 0.39599609375 0.04150390625 0.00830078125 0.00732421875
11 0.3642578125 0.0625 0.00830078125 0.00732421875
11 0.3642578125 0.04150390625 0.00830078125 0.00732421875
11 0.3828125 0.0654296875 0.00830078125 0.0068359375
11 0.3828125 0.04443359375 0.00830078125 0.0068359375
11 0.3828125 0.12255859375 0.00830078125 0.0068359375
11 0.3828125 0.11669921875 0.00830078125 0.0068359375
11 0.3828125 0.10498046875 0.00830078125 0.0068359375
8 0.4140625 0.0712890625 0.00634765625 0.01806640625
11 0.4150390625 0.1552734375 0.00830078125 0.0068359375
11 0.4150390625 0.134765625 0.00830078125 0.0068359375
11 0.4150390625 0.03857421875 0.00830078125 0.0068359375
11 0.4150390625 0.05322265625 0.00830078125 0.0068359375
11 0.4150390625 0.05908203125 0.00830078125 0.0068359375
11 0.509765625 0.0654296875 0.00830078125 0.0068359375
11 0.509765625 0.04443359375 0.00830078125 0.0068359375
8 0.64111328125 0.31494140625 0.00634765625 0.01806640625
11 0.685546875 0.2939453125 0.00830078125 0.0068359375
11 0.62353515625 0.32080078125 0.00830078125 0.00732421875
11 0.62353515625 0.2998046875 0.00830078125 0.0068359375
11 0.6416015625 0.302734375 0.00830078125 0.0068359375
11 0.6416015625 0.296875 0.00830078125 0.0068359375
11 0.6416015625 0.39892578125 0.00830078125 0.0068359375
11 0.6416015625 0.3779296875 0.00830078125 0.0068359375
11 0.66357421875 0.35693359375 0.00830078125 0.0068359375
11 0.67236328125 0.2998046875 0.00830078125 0.0068359375
11 0.67236328125 0.2939453125 0.00830078125 0.0068359375
11 0.66357421875 0.3662109375 0.00830078125 0.0068359375
8 0.671875 0.31201171875 0.00634765625 0.017578125
11 0.685546875 0.2998046875 0.00830078125 0.0068359375
11 0.65478515625 0.31787109375 0.00830078125 0.0068359375
11 0.66357421875 0.3720703125 0.00830078125 0.0068359375
11 0.5283203125 0.32080078125 0.00830078125 0.00732421875
11 0.5283203125 0.3056640625 0.00830078125 0.00732421875
8 0.52783203125 0.33203125 0.00634765625 0.017578125
11 0.5693359375 0.3720703125 0.00830078125 0.0068359375
12 0.54833984375 0.32373046875 0.0087890625 0.0068359375
12 0.54833984375 0.30859375 0.0087890625 0.0068359375
11 0.54833984375 0.39892578125 0.00830078125 0.0068359375
11 0.54833984375 0.3779296875 0.00830078125 0.0068359375
11 0.59765625 0.32666015625 0.00830078125 0.0068359375
11 0.59765625 0.3056640625 0.00830078125 0.00732421875
11 0.61083984375 0.32373046875 0.00830078125 0.0068359375
11 0.61083984375 0.302734375 0.00830078125 0.0068359375
11 0.61083984375 0.3720703125 0.00830078125 0.0068359375
11 0.61083984375 0.3662109375 0.00830078125 0.0068359375
11 0.61083984375 0.35693359375 0.00830078125 0.0068359375
11 0.5849609375 0.40771484375 0.00830078125 0.0068359375
11 0.5693359375 0.3662109375 0.00830078125 0.0068359375
11 0.5693359375 0.35693359375 0.00830078125 0.0068359375
11 0.5849609375 0.32373046875 0.00830078125 0.0068359375
11 0.5849609375 0.30859375 0.00830078125 0.0068359375
11 0.5849609375 0.38671875 0.00830078125 0.0068359375
11 0.791015625 0.369140625 0.0078125 0.00732421875
11 0.7978515625 0.3662109375 0.00830078125 0.0068359375
11 0.7978515625 0.35986328125 0.00830078125 0.0068359375
11 0.7978515625 0.2998046875 0.00830078125 0.0068359375
11 0.81103515625 0.296875 0.00830078125 0.0068359375
11 0.77197265625 0.40771484375 0.00830078125 0.0068359375
11 0.77197265625 0.38671875 0.00830078125 0.0068359375
11 0.78515625 0.302734375 0.0078125 0.0068359375
11 0.77197265625 0.2939453125 0.00830078125 0.0068359375
11 0.71142578125 0.2998046875 0.00830078125 0.0068359375
11 0.71142578125 0.2939453125 0.00830078125 0.0068359375
11 0.7041015625 0.3720703125 0.00830078125 0.0068359375
11 0.71142578125 0.369140625 0.00830078125 0.00732421875
11 0.71142578125 0.35693359375 0.00830078125 0.0068359375
11 0.685546875 0.3720703125 0.00830078125 0.0068359375
12 0.73583984375 0.3115234375 0.0087890625 0.0068359375
11 0.69677734375 0.31494140625 0.00830078125 0.0068359375
11 0.74951171875 0.369140625 0.00830078125 0.00732421875
11 0.7568359375 0.3662109375 0.00830078125 0.0068359375
11 0.7568359375 0.35986328125 0.00830078125 0.0068359375
11 0.77197265625 0.3115234375 0.00830078125 0.0068359375
11 0.77197265625 0.2998046875 0.00830078125 0.0068359375
12 0.73583984375 0.2998046875 0.0087890625 0.0068359375
12 0.73583984375 0.2939453125 0.0087890625 0.0068359375
11 0.73583984375 0.39599609375 0.00830078125 0.0068359375
11 0.73583984375 0.375 0.00830078125 0.0068359375
11 0.685546875 0.39306640625 0.00830078125 0.0068359375
11 0.3095703125 0.35693359375 0.0078125 0.0068359375
11 0.33349609375 0.3056640625 0.00830078125 0.00732421875
11 0.33349609375 0.2998046875 0.00830078125 0.0068359375
11 0.33349609375 0.39892578125 0.00830078125 0.0068359375
11 0.33349609375 0.380859375 0.00830078125 0.0068359375
11 0.294921875 0.32080078125 0.00830078125 0.00732421875
11 0.3095703125 0.3056640625 0.0078125 0.00732421875
11 0.3095703125 0.2998046875 0.0078125 0.0068359375
11 0.3095703125 0.375 0.0078125 0.0068359375
11 0.3095703125 0.369140625 0.0078125 0.00732421875
11 0.35546875 0.3662109375 0.0078125 0.0068359375
11 0.34619140625 0.32080078125 0.00830078125 0.00732421875
11 0.35546875 0.35986328125 0.0078125 0.0068359375
11 0.3642578125 0.30859375 0.00830078125 0.0068359375
11 0.3642578125 0.302734375 0.00830078125 0.0068359375
8 0.3330078125 0.31787109375 0.00634765625 0.017578125
11 0.23046875 0.296875 0.00830078125 0.0068359375
11 0.23046875 0.302734375 0.00830078125 0.0068359375
1 0.193359375 0.3818359375 0.017578125 0.02099609375
11 0.23046875 0.39892578125 0.00830078125 0.0068359375
11 0.23046875 0.38671875 0.00830078125 0.0068359375
8 0.23046875 0.31494140625 0.00634765625 0.01806640625
0 0.17529296875 0.35205078125 0.005859375 0.08740234375
10 0.19384765625 0.3193359375 0.0166015625 0.0458984375
11 0.267578125 0.3056640625 0.00830078125 0.00732421875
11 0.267578125 0.2998046875 0.00830078125 0.0068359375
8 0.26708984375 0.31787109375 0.00634765625 0.017578125
11 0.28076171875 0.3056640625 0.00830078125 0.00732421875
11 0.28076171875 0.2998046875 0.00830078125 0.0068359375
11 0.28076171875 0.39892578125 0.00830078125 0.0068359375
11 0.28076171875 0.3837890625 0.00830078125 0.00732421875
11 0.24365234375 0.31787109375 0.00830078125 0.0068359375
11 0.34814453125 0.369140625 0.00830078125 0.00732421875
11 0.255859375 0.3720703125 0.00830078125 0.0068359375
11 0.255859375 0.3662109375 0.00830078125 0.0068359375
11 0.255859375 0.35693359375 0.00830078125 0.0068359375
11 0.46240234375 0.369140625 0.00830078125 0.00732421875
11 0.46240234375 0.31494140625 0.00830078125 0.0068359375
11 0.46240234375 0.375 0.00830078125 0.0068359375
11 0.46240234375 0.35693359375 0.00830078125 0.0068359375
11 0.44970703125 0.31787109375 0.00830078125 0.0068359375
11 0.51025390625 0.31787109375 0.00830078125 0.0068359375
11 0.51025390625 0.302734375 0.00830078125 0.0068359375
11 0.51220703125 0.369140625 0.00830078125 0.00732421875
11 0.51904296875 0.3662109375 0.0078125 0.0068359375
11 0.51904296875 0.35986328125 0.0078125 0.0068359375
11 0.48095703125 0.31494140625 0.00830078125 0.0068359375
11 0.494140625 0.3115234375 0.00830078125 0.0068359375
11 0.494140625 0.40771484375 0.00830078125 0.0068359375
11 0.494140625 0.38671875 0.00830078125 0.0068359375
8 0.49365234375 0.32373046875 0.00634765625 0.01806640625
11 0.40283203125 0.3720703125 0.00830078125 0.0068359375
11 0.388671875 0.32373046875 0.00830078125 0.0068359375
11 0.40283203125 0.30859375 0.00830078125 0.0068359375
11 0.40283203125 0.302734375 0.00830078125 0.0068359375
11 0.40283203125 0.3662109375 0.00830078125 0.0068359375
11 0.40283203125 0.35693359375 0.00830078125 0.0068359375
8 0.36376953125 0.32080078125 0.00634765625 0.017578125
11 0.37744140625 0.30859375 0.00830078125 0.0068359375
11 0.37744140625 0.302734375 0.00830078125 0.0068359375
11 0.37744140625 0.39892578125 0.00830078125 0.0068359375
11 0.37744140625 0.3779296875 0.00830078125 0.0068359375
11 0.43115234375 0.3837890625 0.00830078125 0.00732421875
11 0.43115234375 0.369140625 0.00830078125 0.00732421875
11 0.43115234375 0.39599609375 0.00830078125 0.0068359375
11 0.43115234375 0.3056640625 0.00830078125 0.00732421875
8 0.5283203125 0.56396484375 0.00634765625 0.017578125
11 0.6240234375 0.55224609375 0.00830078125 0.0068359375
11 0.6240234375 0.54638671875 0.00830078125 0.0068359375
11 0.6240234375 0.642578125 0.00830078125 0.0068359375
11 0.6240234375 0.62158203125 0.00830078125 0.0068359375
11 0.6474609375 0.6064453125 0.00830078125 0.0068359375
11 0.666015625 0.56103515625 0.00830078125 0.0068359375
11 0.634765625 0.56396484375 0.00830078125 0.00732421875
11 0.6474609375 0.56103515625 0.00830078125 0.0068359375
11 0.64013671875 0.61572265625 0.00830078125 0.0068359375
11 0.6474609375 0.6123046875 0.00830078125 0.00732421875
11 0.52880859375 0.62158203125 0.00830078125 0.0068359375
11 0.5478515625 0.609375 0.00830078125 0.0068359375
11 0.5546875 0.61572265625 0.00830078125 0.0068359375
11 0.5546875 0.6064453125 0.00830078125 0.0068359375
11 0.5634765625 0.55810546875 0.00830078125 0.0068359375
11 0.5634765625 0.54931640625 0.00830078125 0.00732421875
11 0.54638671875 0.56103515625 0.00830078125 0.0068359375
11 0.5869140625 0.56396484375 0.00830078125 0.00732421875
11 0.6005859375 0.55810546875 0.00830078125 0.0068359375
11 0.6005859375 0.54931640625 0.00830078125 0.00732421875
11 0.6005859375 0.54345703125 0.00830078125 0.0068359375
11 0.6005859375 0.6181640625 0.00830078125 0.0068359375
11 0.6005859375 0.6123046875 0.00830078125 0.00732421875
11 0.6005859375 0.6064453125 0.00830078125 0.0068359375
11 0.57568359375 0.54345703125 0.00830078125 0.0068359375
11 0.5634765625 0.54345703125 0.00830078125 0.0068359375
8 0.56298828125 0.5703125 0.00634765625 0.017578125
11 0.57568359375 0.55810546875 0.00830078125 0.0068359375
11 0.57568359375 0.54931640625 0.00830078125 0.00732421875
11 0.57568359375 0.63916015625 0.00830078125 0.0068359375
11 0.57568359375 0.6181640625 0.00830078125 0.0068359375
11 0.79833984375 0.6181640625 0.00830078125 0.0068359375
11 0.79833984375 0.6123046875 0.00830078125 0.00732421875
11 0.79833984375 0.603515625 0.00830078125 0.0068359375
11 0.79833984375 0.56396484375 0.00830078125 0.00732421875
11 0.8125 0.55810546875 0.00830078125 0.0068359375
11 0.7861328125 0.5673828125 0.00830078125 0.0068359375
11 0.767578125 0.63330078125 0.00830078125 0.00732421875
11 0.6982421875 0.61572265625 0.00830078125 0.0068359375
11 0.705078125 0.6123046875 0.00830078125 0.00732421875
11 0.705078125 0.6064453125 0.00830078125 0.0068359375
11 0.69677734375 0.54345703125 0.00830078125 0.0068359375
11 0.7138671875 0.55224609375 0.00830078125 0.0068359375
11 0.7138671875 0.54638671875 0.00830078125 0.0068359375
8 0.71337890625 0.56396484375 0.00634765625 0.017578125
11 0.68408203125 0.55810546875 0.0078125 0.0068359375
11 0.68408203125 0.654296875 0.0078125 0.0068359375
11 0.68408203125 0.63330078125 0.0078125 0.00732421875
8 0.68359375 0.5703125 0.00634765625 0.017578125
11 0.69677734375 0.54931640625 0.00830078125 0.00732421875
11 0.7529296875 0.6123046875 0.00830078125 0.00732421875
11 0.7529296875 0.6181640625 0.00830078125 0.0068359375
11 0.7529296875 0.603515625 0.00830078125 0.0068359375
11 0.767578125 0.55517578125 0.00830078125 0.0068359375
11 0.767578125 0.54931640625 0.00830078125 0.00732421875
11 0.767578125 0.654296875 0.00830078125 0.0068359375
12 0.73291015625 0.55517578125 0.0087890625 0.0068359375
12 0.73291015625 0.54931640625 0.0087890625 0.00732421875
11 0.73291015625 0.64501953125 0.00830078125 0.0068359375
11 0.73291015625 0.62451171875 0.00830078125 0.0068359375
12 0.34619140625 0.56103515625 0.0087890625 0.0068359375
12 0.34619140625 0.55224609375 0.0087890625 0.0068359375
12 0.34619140625 0.54638671875 0.0087890625 0.0068359375
12 0.34619140625 0.5400390625 0.0087890625 0.0068359375
11 0.34619140625 0.642578125 0.00830078125 0.0068359375
11 0.34619140625 0.63037109375 0.00830078125 0.0068359375
11 0.34619140625 0.61572265625 0.00830078125 0.0068359375
11 0.3037109375 0.54345703125 0.00830078125 0.0068359375
11 0.29736328125 0.56103515625 0.0078125 0.0068359375
11 0.31103515625 0.55517578125 0.00830078125 0.0068359375
11 0.31103515625 0.5400390625 0.00830078125 0.0068359375
11 0.31103515625 0.6181640625 0.00830078125 0.0068359375
11 0.3037109375 0.6123046875 0.00830078125 0.00732421875
11 0.31103515625 0.609375 0.00830078125 0.0068359375
11 0.52880859375 0.642578125 0.00830078125 0.0068359375
11 0.36328125 0.62158203125 0.00830078125 0.0068359375
11 0.36328125 0.61572265625 0.00830078125 0.0068359375
11 0.36328125 0.609375 0.00830078125 0.0068359375
11 0.3779296875 0.56103515625 0.0078125 0.0068359375
11 0.37060546875 0.54931640625 0.00830078125 0.00732421875
11 0.3779296875 0.54638671875 0.0078125 0.0068359375
11 0.3779296875 0.5400390625 0.0078125 0.0068359375
11 0.3779296875 0.64501953125 0.0078125 0.0068359375
11 0.3779296875 0.62451171875 0.0078125 0.0068359375
11 0.23046875 0.64501953125 0.00830078125 0.0068359375
11 0.23046875 0.54931640625 0.00830078125 0.00732421875
11 0.23046875 0.54345703125 0.00830078125 0.0068359375
11 0.23046875 0.62451171875 0.00830078125 0.0068359375
8 0.23046875 0.56103515625 0.00634765625 0.017578125
0 0.17529296875 0.6015625 0.005859375 0.08740234375
10 0.19384765625 0.56884765625 0.0166015625 0.0458984375
1 0.193359375 0.63134765625 0.017578125 0.02099609375
11 0.2861328125 0.6513671875 0.0078125 0.0068359375
8 0.26708984375 0.5673828125 0.00634765625 0.01806640625
11 0.2861328125 0.55517578125 0.0078125 0.0068359375
11 0.27880859375 0.54345703125 0.00830078125 0.0068359375
11 0.2861328125 0.5400390625 0.0078125 0.0068359375
11 0.2861328125 0.63037109375 0.0078125 0.0068359375
11 0.25537109375 0.609375 0.00830078125 0.0068359375
11 0.2431640625 0.56396484375 0.00830078125 0.00732421875
11 0.248046875 0.6181640625 0.00830078125 0.0068359375
11 0.25537109375 0.61572265625 0.00830078125 0.0068359375
11 0.267578125 0.55517578125 0.00830078125 0.0068359375
11 0.26025390625 0.54345703125 0.00830078125 0.0068359375
11 0.267578125 0.5400390625 0.00830078125 0.0068359375
11 0.4453125 0.55810546875 0.00830078125 0.0068359375
8 0.43212890625 0.56396484375 0.00634765625 0.017578125
11 0.49853515625 0.54931640625 0.00830078125 0.00732421875
11 0.48046875 0.62451171875 0.00830078125 0.0068359375
11 0.48046875 0.64501953125 0.00830078125 0.0068359375
11 0.48046875 0.5400390625 0.00830078125 0.0068359375
11 0.48046875 0.54638671875 0.00830078125 0.0068359375
11 0.4736328125 0.54931640625 0.00830078125 0.00732421875
8 0.4619140625 0.56103515625 0.00634765625 0.017578125
11 0.4619140625 0.5400390625 0.00830078125 0.0068359375
11 0.4619140625 0.54638671875 0.00830078125 0.0068359375
11 0.455078125 0.54931640625 0.00830078125 0.00732421875
11 0.45361328125 0.6064453125 0.00830078125 0.0068359375
11 0.45361328125 0.61572265625 0.00830078125 0.0068359375
11 0.49169921875 0.56103515625 0.00830078125 0.0068359375
11 0.45361328125 0.62158203125 0.00830078125 0.0068359375
11 0.505859375 0.54638671875 0.00830078125 0.0068359375
11 0.40283203125 0.609375 0.00830078125 0.0068359375
11 0.40283203125 0.61572265625 0.00830078125 0.0068359375
11 0.3955078125 0.6181640625 0.00830078125 0.0068359375
11 0.40283203125 0.54345703125 0.00830078125 0.0068359375
11 0.40283203125 0.56396484375 0.00830078125 0.00732421875
11 0.39013671875 0.54638671875 0.00830078125 0.0068359375
11 0.39013671875 0.5673828125 0.00830078125 0.0068359375
11 0.52880859375 0.55224609375 0.00830078125 0.0068359375
11 0.52880859375 0.54638671875 0.00830078125 0.0068359375
11 0.52880859375 0.5400390625 0.00830078125 0.0068359375
11 0.4326171875 0.55224609375 0.00830078125 0.0068359375
11 0.505859375 0.609375 0.00830078125 0.0068359375
11 0.505859375 0.61572265625 0.00830078125 0.0068359375
11 0.4326171875 0.54638671875 0.00830078125 0.0068359375
11 0.4326171875 0.53759765625 0.00830078125 0.0068359375
11 0.4326171875 0.6484375 0.00830078125 0.00732421875
11 0.49853515625 0.6181640625 0.00830078125 0.0068359375
11 0.505859375 0.5400390625 0.00830078125 0.0068359375
11 0.4326171875 0.62744140625 0.00830078125 0.00732421875
11 0.41552734375 0.56103515625 0.00830078125 0.0068359375
11 0.41552734375 0.5400390625 0.00830078125 0.0068359375
11 0.62890625 0.8134765625 0.00830078125 0.0068359375
11 0.69091796875 0.83154296875 0.00830078125 0.0068359375
11 0.67919921875 0.90771484375 0.00830078125 0.0068359375
11 0.67919921875 0.8193359375 0.00830078125 0.0068359375
11 0.66748046875 0.82275390625 0.00830078125 0.0068359375
8 0.6787109375 0.83056640625 0.00634765625 0.01806640625
11 0.63916015625 0.81640625 0.00830078125 0.0068359375
11 0.64892578125 0.82275390625 0.00830078125 0.0068359375
11 0.64892578125 0.9111328125 0.00830078125 0.0068359375
11 0.54052734375 0.9375 0.00830078125 0.0068359375
11 0.54052734375 0.9169921875 0.00830078125 0.00732421875
11 0.55615234375 0.81640625 0.00830078125 0.0068359375
12 0.5224609375 0.82275390625 0.0087890625 0.0068359375
12 0.5224609375 0.81640625 0.0087890625 0.0068359375
12 0.5224609375 0.8076171875 0.0087890625 0.0068359375
11 0.52197265625 0.931640625 0.00830078125 0.00732421875
11 0.52197265625 0.9111328125 0.00830078125 0.0068359375
12 0.556640625 0.83447265625 0.0087890625 0.0068359375
11 0.61865234375 0.91357421875 0.00830078125 0.0068359375
11 0.61865234375 0.81640625 0.00830078125 0.0068359375
11 0.5732421875 0.8193359375 0.00830078125 0.0068359375
13 0.6201171875 0.92578125 0.01123046875 0.00732421875
12 0.556640625 0.82568359375 0.0087890625 0.0068359375
12 0.556640625 0.9345703125 0.0087890625 0.0068359375
12 0.556640625 0.91357421875 0.0087890625 0.0068359375
11 0.80322265625 0.90771484375 0.00830078125 0.0068359375
11 0.7958984375 0.810546875 0.00830078125 0.0068359375
11 0.81103515625 0.8134765625 0.00830078125 0.0068359375
8 0.810546875 0.82568359375 0.00634765625 0.01806640625
8 0.78369140625 0.83056640625 0.00634765625 0.01806640625
11 0.7841796875 0.8193359375 0.00830078125 0.0068359375
11 0.7841796875 0.90771484375 0.00830078125 0.0068359375
11 0.7958984375 0.83154296875 0.00830078125 0.0068359375
11 0.7958984375 0.8193359375 0.00830078125 0.0068359375
11 0.7236328125 0.81640625 0.00830078125 0.0068359375
11 0.7236328125 0.91357421875 0.00830078125 0.0068359375
13 0.72509765625 0.92578125 0.01123046875 0.00732421875
11 0.69091796875 0.810546875 0.00830078125 0.0068359375
11 0.6982421875 0.90771484375 0.00830078125 0.0068359375
11 0.7060546875 0.8134765625 0.00830078125 0.0068359375
8 0.70556640625 0.82568359375 0.00634765625 0.01806640625
11 0.75390625 0.82275390625 0.00830078125 0.0068359375
11 0.75390625 0.9111328125 0.00830078125 0.0068359375
11 0.77197265625 0.82275390625 0.00830078125 0.0068359375
11 0.69091796875 0.8193359375 0.00830078125 0.0068359375
11 0.73388671875 0.8134765625 0.00830078125 0.0068359375
11 0.744140625 0.81640625 0.00830078125 0.0068359375
9 0.31591796875 0.77978515625 0.00927734375 0.01611328125
11 0.31201171875 0.78955078125 0.005859375 0.0048828125
11 0.2763671875 0.8837890625 0.00830078125 0.0068359375
11 0.29296875 0.8134765625 0.00830078125 0.0068359375
11 0.28564453125 0.8076171875 0.00830078125 0.00732421875
11 0.29296875 0.8046875 0.00830078125 0.0068359375
11 0.29296875 0.90185546875 0.00830078125 0.0068359375
11 0.29296875 0.89013671875 0.00830078125 0.0068359375
11 0.2998046875 0.88671875 0.0078125 0.0068359375
11 0.34326171875 0.8837890625 0.00830078125 0.0068359375
11 0.34326171875 0.8076171875 0.00830078125 0.00732421875
11 0.34326171875 0.8017578125 0.00830078125 0.0068359375
11 0.34326171875 0.7958984375 0.00830078125 0.0068359375
11 0.34326171875 0.89892578125 0.00830078125 0.0068359375
11 0.35595703125 0.78955078125 0.005859375 0.0048828125
11 0.32763671875 0.89892578125 0.00830078125 0.0068359375
11 0.32763671875 0.8076171875 0.00830078125 0.00732421875
11 0.32763671875 0.8017578125 0.00830078125 0.0068359375
11 0.32763671875 0.79296875 0.00830078125 0.00732421875
11 0.2763671875 0.89013671875 0.00830078125 0.0068359375
11 0.32763671875 0.89013671875 0.00830078125 0.0068359375
11 0.32763671875 0.8837890625 0.00830078125 0.0068359375
9 0.2197265625 0.7890625 0.00927734375 0.01611328125
11 0.21630859375 0.798828125 0.005859375 0.00537109375
11 0.23193359375 0.8134765625 0.00830078125 0.0068359375
11 0.23193359375 0.8076171875 0.00830078125 0.00732421875
11 0.23193359375 0.8017578125 0.00830078125 0.0068359375
11 0.23193359375 0.90185546875 0.00830078125 0.0068359375
0 0.1748046875 0.8681640625 0.0068359375 0.1220703125
11 0.23193359375 0.89013671875 0.00830078125 0.0068359375
10 0.19384765625 0.818359375 0.0166015625 0.0458984375
1 0.193359375 0.9150390625 0.017578125 0.02099609375
11 0.2607421875 0.798828125 0.005859375 0.00537109375
11 0.25537109375 0.88671875 0.00830078125 0.0068359375
9 0.2646484375 0.7890625 0.00927734375 0.01611328125
11 0.2763671875 0.8134765625 0.00830078125 0.0068359375
11 0.2763671875 0.8076171875 0.00830078125 0.00732421875
11 0.2763671875 0.8017578125 0.00830078125 0.0068359375
11 0.2763671875 0.90185546875 0.00830078125 0.0068359375
11 0.23193359375 0.8837890625 0.00830078125 0.0068359375
11 0.34326171875 0.89013671875 0.00830078125 0.0068359375
11 0.248046875 0.8134765625 0.00830078125 0.0068359375
11 0.2412109375 0.8076171875 0.00830078125 0.00732421875
11 0.248046875 0.8046875 0.00830078125 0.0068359375
11 0.248046875 0.90185546875 0.00830078125 0.0068359375
11 0.248046875 0.89013671875 0.00830078125 0.0068359375
11 0.43896484375 0.90185546875 0.0078125 0.0068359375
11 0.43896484375 0.89013671875 0.0078125 0.0068359375
11 0.43896484375 0.90771484375 0.0078125 0.0068359375
11 0.4521484375 0.8076171875 0.00830078125 0.00732421875
11 0.42724609375 0.81640625 0.00830078125 0.0068359375
11 0.46533203125 0.8017578125 0.00830078125 0.0068359375
11 0.43896484375 0.8134765625 0.0078125 0.0068359375
11 0.48974609375 0.89892578125 0.00830078125 0.0068359375
11 0.48974609375 0.89306640625 0.00830078125 0.0068359375
11 0.48291015625 0.90185546875 0.00830078125 0.0068359375
11 0.50634765625 0.81640625 0.00830078125 0.0068359375
11 0.46533203125 0.9345703125 0.00830078125 0.0068359375
11 0.46533203125 0.91357421875 0.00830078125 0.0068359375
11 0.478515625 0.8046875 0.00830078125 0.0068359375
11 0.48974609375 0.810546875 0.00830078125 0.0068359375
11 0.38916015625 0.8017578125 0.00830078125 0.0068359375
11 0.373046875 0.89892578125 0.00830078125 0.0068359375
11 0.373046875 0.89013671875 0.00830078125 0.0068359375
11 0.38916015625 0.8837890625 0.00830078125 0.0068359375
11 0.38916015625 0.89013671875 0.00830078125 0.0068359375
11 0.373046875 0.8837890625 0.00830078125 0.0068359375
11 0.38916015625 0.89892578125 0.00830078125 0.0068359375
11 0.38916015625 0.7958984375 0.00830078125 0.0068359375
11 0.38916015625 0.8076171875 0.00830078125 0.00732421875
9 0.359375 0.77978515625 0.00927734375 0.01611328125
11 0.373046875 0.79296875 0.00830078125 0.00732421875
11 0.373046875 0.8017578125 0.00830078125 0.0068359375
11 0.4091796875 0.9169921875 0.00830078125 0.00732421875
15 0.4091796875 0.80810546875 0.0078125 0.01171875
11 0.373046875 0.8076171875 0.00830078125 0.00732421875
11 0.4091796875 0.9375 0.00830078125 0.0068359375