11 0.63525390625 0.2138671875 0.00830078125 0.00732421875
11 0.61865234375 0.07373046875 0.00830078125 0.0068359375
11 0.65185546875 0.07373046875 0.00830078125 0.0068359375
11 0.6640625 0.2080078125 0.00830078125 0.0068359375
12 0.6640625 0.14599609375 0.0087890625 0.0068359375
12 0.6640625 0.15185546875 0.0087890625 0.0068359375
12 0.6640625 0.15771484375 0.0087890625 0.00732421875
11 0.6884765625 0.2080078125 0.00830078125 0.0068359375
11 0.6884765625 0.0712890625 0.00830078125 0.0068359375
11 0.56201171875 0.2138671875 0.00830078125 0.00732421875
11 0.5517578125 0.07373046875 0.00830078125 0.0068359375
11 0.541015625 0.2138671875 0.00830078125 0.00732421875
9 0.5986328125 0.06494140625 0.0068359375 0.017578125
11 0.59228515625 0.2138671875 0.00830078125 0.00732421875
12 0.59228515625 0.15185546875 0.0087890625 0.0068359375
12 0.59228515625 0.15771484375 0.0087890625 0.00732421875
12 0.59228515625 0.16357421875 0.0087890625 0.0068359375
11 0.59228515625 0.0771484375 0.00830078125 0.00732421875
11 0.7998046875 0.2109375 0.00830078125 0.0068359375
11 0.7998046875 0.07373046875 0.00830078125 0.0068359375
11 0.71826171875 0.2109375 0.00830078125 0.0068359375
13 0.7197265625 0.14892578125 0.01123046875 0.00732421875
13 0.7197265625 0.15478515625 0.01123046875 0.0068359375
13 0.7197265625 0.16064453125 0.01123046875 0.0068359375
21 0.71728515625 0.0576171875 0.00634765625 0.01806640625
11 0.76904296875 0.2109375 0.00830078125 0.0068359375
11 0.76904296875 0.06787109375 0.00830078125 0.0068359375
11 0.73876953125 0.2109375 0.00830078125 0.0068359375
11 0.73876953125 0.06787109375 0.00830078125 0.0068359375
11 0.3125 0.2109375 0.00830078125 0.0068359375
11 0.3125 0.06787109375 0.00830078125 0.0068359375
11 0.3388671875 0.06787109375 0.00830078125 0.0068359375
11 0.291015625 0.06787109375 0.00830078125 0.0068359375
13 0.39892578125 0.16064453125 0.01123046875 0.0068359375
11 0.3974609375 0.06494140625 0.00830078125 0.0068359375
11 0.37451171875 0.07373046875 0.00830078125 0.0068359375
11 0.2587890625 0.2109375 0.00830078125 0.0068359375
11 0.3603515625 0.2109375 0.00830078125 0.0068359375
11 0.3603515625 0.07373046875 0.00830078125 0.0068359375
10 0.19384765625 0.13232421875 0.0166015625 0.0458984375
10 0.19384765625 0.0576171875 0.0166015625 0.0458984375
0 0.17529296875 0.16650390625 0.00634765625 0.08935546875
11 0.23828125 0.2109375 0.00830078125 0.0068359375
11 0.2587890625 0.06787109375 0.00830078125 0.0068359375
13 0.23974609375 0.14892578125 0.01123046875 0.00732421875
13 0.23974609375 0.15478515625 0.01123046875 0.0068359375
13 0.23974609375 0.16064453125 0.01123046875 0.0068359375
21 0.2373046875 0.0576171875 0.00634765625 0.01806640625
1 0.193359375 0.197265625 0.017578125 0.02099609375
11 0.4990234375 0.2138671875 0.00830078125 0.00732421875
13 0.50048828125 0.15185546875 0.01123046875 0.00732421875
13 0.50048828125 0.15771484375 0.01123046875 0.00732421875
13 0.50048828125 0.16357421875 0.01123046875 0.00732421875
21 0.49755859375 0.0576171875 0.0068359375 0.01806640625
11 0.4619140625 0.2109375 0.0078125 0.0068359375
11 0.4619140625 0.07373046875 0.0078125 0.0068359375
13 0.39892578125 0.15478515625 0.01123046875 0.0068359375
11 0.44091796875 0.2109375 0.00830078125 0.0068359375
11 0.44091796875 0.0712890625 0.00830078125 0.0068359375
11 0.51953125 0.2138671875 0.00830078125 0.00732421875
11 0.51953125 0.07373046875 0.00830078125 0.0068359375
11 0.3974609375 0.2109375 0.00830078125 0.0068359375
13 0.39892578125 0.14892578125 0.01123046875 0.00732421875
11 0.4189453125 0.2109375 0.00830078125 0.0068359375
11 0.4189453125 0.06787109375 0.00830078125 0.0068359375
11 0.6708984375 0.5634765625 0.00830078125 0.0068359375
11 0.6708984375 0.42626953125 0.00830078125 0.0068359375
11 0.64111328125 0.5634765625 0.00830078125 0.0068359375
11 0.64111328125 0.42919921875 0.00830078125 0.0068359375
13 0.73828125 0.51318359375 0.01123046875 0.00732421875
11 0.73681640625 0.43505859375 0.00830078125 0.0068359375
12 0.548828125 0.509765625 0.0087890625 0.0068359375
11 0.7099609375 0.5634765625 0.00830078125 0.0068359375
11 0.7099609375 0.43505859375 0.00830078125 0.0068359375
11 0.60791015625 0.5634765625 0.00830078125 0.0068359375
13 0.609375 0.5009765625 0.01123046875 0.0068359375
13 0.609375 0.5068359375 0.01123046875 0.00732421875
13 0.609375 0.51318359375 0.01123046875 0.00732421875
11 0.60791015625 0.43505859375 0.00830078125 0.0068359375
11 0.5673828125 0.560546875 0.00830078125 0.0068359375
11 0.5673828125 0.43505859375 0.00830078125 0.0068359375
12 0.548828125 0.50390625 0.0087890625 0.0068359375
12 0.548828125 0.498046875 0.0087890625 0.00732421875
11 0.54833984375 0.560546875 0.00830078125 0.0068359375
11 0.79931640625 0.5634765625 0.00830078125 0.0068359375
11 0.73681640625 0.5634765625 0.00830078125 0.0068359375
13 0.73828125 0.5009765625 0.01123046875 0.0068359375
11 0.79931640625 0.43505859375 0.00830078125 0.0068359375
11 0.7734375 0.5634765625 0.00830078125 0.0068359375
11 0.7734375 0.43505859375 0.00830078125 0.0068359375
13 0.73828125 0.5068359375 0.01123046875 0.00732421875
11 0.75537109375 0.5634765625 0.00830078125 0.0068359375
21 0.75439453125 0.40966796875 0.00634765625 0.0185546875
11 0.29833984375 0.42333984375 0.0078125 0.0068359375
11 0.3408203125 0.5634765625 0.00830078125 0.0068359375
11 0.3408203125 0.42626953125 0.00830078125 0.0068359375
11 0.29833984375 0.5634765625 0.0078125 0.0068359375
11 0.26513671875 0.5634765625 0.00830078125 0.0068359375
11 0.26513671875 0.42041015625 0.00830078125 0.0068359375
11 0.38232421875 0.56640625 0.00830078125 0.0068359375
13 0.3837890625 0.50390625 0.01123046875 0.00732421875
13 0.3837890625 0.509765625 0.01123046875 0.0068359375
13 0.3837890625 0.51611328125 0.01123046875 0.0068359375
11 0.38232421875 0.43505859375 0.00830078125 0.0068359375
10 0.19384765625 0.484375 0.0166015625 0.0458984375
10 0.19384765625 0.40966796875 0.0166015625 0.0458984375
0 0.17529296875 0.51904296875 0.00634765625 0.08984375
11 0.23828125 0.5634765625 0.00830078125 0.0068359375
13 0.23974609375 0.5009765625 0.01123046875 0.0068359375
13 0.23974609375 0.5068359375 0.01123046875 0.00732421875
13 0.23974609375 0.51318359375 0.01123046875 0.00732421875
11 0.23828125 0.41748046875 0.00830078125 0.00732421875
1 0.193359375 0.5498046875 0.017578125 0.02099609375
12 0.509765625 0.509765625 0.0087890625 0.0068359375
11 0.50927734375 0.56640625 0.00830078125 0.0068359375
12 0.509765625 0.50390625 0.0087890625 0.0068359375
12 0.509765625 0.51611328125 0.0087890625 0.0068359375
11 0.50927734375 0.42333984375 0.00830078125 0.0068359375
11 0.482421875 0.56640625 0.00830078125 0.0068359375
11 0.5283203125 0.56640625 0.00830078125 0.0068359375
12 0.5283203125 0.42041015625 0.0087890625 0.0068359375
11 0.482421875 0.42333984375 0.00830078125 0.0068359375
11 0.416015625 0.56640625 0.00830078125 0.0068359375
11 0.416015625 0.42919921875 0.00830078125 0.0068359375
11 0.4453125 0.56640625 0.00830078125 0.0068359375
11 0.4453125 0.42626953125 0.00830078125 0.0068359375
12 0.65673828125 0.9248046875 0.0087890625 0.0068359375
19 0.69189453125 0.76220703125 0.00830078125 0.00390625
12 0.69189453125 0.9248046875 0.0087890625 0.0068359375
13 0.693359375 0.853515625 0.01123046875 0.00732421875
13 0.693359375 0.8623046875 0.01123046875 0.00732421875
13 0.693359375 0.8681640625 0.01123046875 0.00732421875
21 0.583984375 0.76220703125 0.00634765625 0.0185546875
12 0.62890625 0.9248046875 0.0087890625 0.0068359375
13 0.63037109375 0.853515625 0.01123046875 0.00732421875
13 0.63037109375 0.8623046875 0.01123046875 0.00732421875
13 0.63037109375 0.8681640625 0.01123046875 0.00732421875
11 0.60205078125 0.78759765625 0.00830078125 0.00732421875
22 0.650390625 0.75927734375 0.00830078125 0.00390625
12 0.767578125 0.9248046875 0.0087890625 0.0068359375
13 0.7685546875 0.853515625 0.01123046875 0.00732421875
13 0.7685546875 0.8623046875 0.01123046875 0.00732421875
13 0.7685546875 0.8681640625 0.01123046875 0.00732421875
12 0.767578125 0.763671875 0.0087890625 0.0068359375
11 0.73974609375 0.7666015625 0.00830078125 0.0068359375
12 0.71923828125 0.9248046875 0.0087890625 0.0068359375
11 0.71923828125 0.7724609375 0.00830078125 0.00732421875
12 0.794921875 0.9248046875 0.0087890625 0.0068359375
12 0.794921875 0.763671875 0.0087890625 0.0068359375
11 0.322265625 0.9189453125 0.00830078125 0.0068359375
13 0.32373046875 0.8564453125 0.01123046875 0.0068359375
13 0.32373046875 0.8623046875 0.01123046875 0.00732421875
13 0.32373046875 0.8681640625 0.01123046875 0.00732421875
11 0.322265625 0.7724609375 0.00830078125 0.00732421875
11 0.29541015625 0.9189453125 0.00830078125 0.0068359375
11 0.27587890625 0.9189453125 0.00830078125 0.0068359375
12 0.2763671875 0.7724609375 0.0087890625 0.00732421875
11 0.25732421875 0.9189453125 0.00830078125 0.0068359375
10 0.19384765625 0.8369140625 0.0166015625 0.0458984375
10 0.19384765625 0.76220703125 0.0166015625 0.0458984375
0 0.17529296875 0.87109375 0.00634765625 0.08935546875
13 0.23974609375 0.8623046875 0.01123046875 0.00732421875
11 0.23828125 0.9189453125 0.00830078125 0.0068359375
13 0.23974609375 0.8564453125 0.01123046875 0.0068359375
13 0.23974609375 0.8681640625 0.01123046875 0.00732421875
12 0.23828125 0.7724609375 0.0087890625 0.00732421875
1 0.193359375 0.90185546875 0.017578125 0.02099609375
13 0.48388671875 0.91552734375 0.01123046875 0.00732421875
13 0.48388671875 0.853515625 0.01123046875 0.00732421875
13 0.48388671875 0.859375 0.01123046875 0.00732421875
13 0.48388671875 0.865234375 0.01123046875 0.0068359375
11 0.482421875 0.7724609375 0.00830078125 0.00732421875
13 0.55908203125 0.91552734375 0.01123046875 0.00732421875
13 0.55908203125 0.853515625 0.01123046875 0.00732421875
13 0.55908203125 0.859375 0.01123046875 0.00732421875
13 0.55908203125 0.865234375 0.01123046875 0.0068359375
12 0.5576171875 0.7666015625 0.0087890625 0.0068359375
12 0.52197265625 0.7666015625 0.0087890625 0.0068359375
11 0.345703125 0.775390625 0.00830078125 0.0068359375
11 0.5029296875 0.7666015625 0.00830078125 0.0068359375
11 0.37890625 0.7724609375 0.00830078125 0.00732421875
11 0.37890625 0.9189453125 0.00830078125 0.0068359375
11 0.43603515625 0.9189453125 0.00830078125 0.0068359375
11 0.43603515625 0.7724609375 0.00830078125 0.00732421875
11 0.41162109375 0.775390625 0.0078125 0.0068359375
11 0.455078125 0.9189453125 0.00830078125 0.0068359375
11 0.455078125 0.775390625 0.00830078125 0.0068359375