11 0.64697265625 0.16455078125 0.00830078125 0.0068359375
11 0.64697265625 0.203125 0.00830078125 0.0068359375
11 0.66357421875 0.1669921875 0.00830078125 0.0068359375
11 0.62646484375 0.2001953125 0.00830078125 0.0068359375
12 0.626953125 0.158203125 0.0087890625 0.0068359375
11 0.63330078125 0.1611328125 0.00830078125 0.0068359375
11 0.6943359375 0.1943359375 0.00830078125 0.0068359375
11 0.6943359375 0.21533203125 0.00830078125 0.0068359375
11 0.6943359375 0.16455078125 0.00830078125 0.0068359375
11 0.6943359375 0.158203125 0.00830078125 0.0068359375
11 0.66357421875 0.2060546875 0.00830078125 0.00732421875
11 0.57666015625 0.197265625 0.00830078125 0.0068359375
11 0.57666015625 0.158203125 0.00830078125 0.0068359375
11 0.60986328125 0.2001953125 0.00830078125 0.0068359375
11 0.60986328125 0.1611328125 0.00830078125 0.0068359375
11 0.59326171875 0.197265625 0.00830078125 0.0068359375
11 0.59326171875 0.158203125 0.00830078125 0.0068359375
11 0.7861328125 0.158203125 0.00830078125 0.0068359375
8 0.76953125 0.16748046875 0.00634765625 0.017578125
12 0.7705078125 0.1943359375 0.0087890625 0.0068359375
21 0.8017578125 0.126953125 0.00634765625 0.0185546875
11 0.7294921875 0.1943359375 0.00830078125 0.0068359375
11 0.7294921875 0.21533203125 0.00830078125 0.0068359375
11 0.7294921875 0.1611328125 0.00830078125 0.0068359375
11 0.7294921875 0.1494140625 0.00830078125 0.0068359375
11 0.71240234375 0.1494140625 0.00830078125 0.0068359375
12 0.7705078125 0.21533203125 0.0087890625 0.0068359375
11 0.7705078125 0.158203125 0.00830078125 0.0068359375
11 0.7705078125 0.1494140625 0.00830078125 0.0068359375
11 0.75830078125 0.15234375 0.00830078125 0.0068359375
11 0.74609375 0.1494140625 0.00830078125 0.0068359375
12 0.38427734375 0.185546875 0.0087890625 0.0068359375
12 0.38427734375 0.12841796875 0.0087890625 0.0068359375
12 0.38427734375 0.134765625 0.0087890625 0.0068359375
12 0.38427734375 0.1494140625 0.0087890625 0.0068359375
13 0.416015625 0.21533203125 0.01123046875 0.0068359375
11 0.41455078125 0.1943359375 0.00830078125 0.0068359375
13 0.416015625 0.1494140625 0.01123046875 0.00732421875
11 0.41845703125 0.16455078125 0.00830078125 0.0068359375
1 0.24365234375 0.1982421875 0.017578125 0.02099609375
12 0.294921875 0.1796875 0.0087890625 0.0068359375
10 0.244140625 0.13916015625 0.0166015625 0.0458984375
12 0.294921875 0.12255859375 0.0087890625 0.0068359375
12 0.294921875 0.12841796875 0.0087890625 0.0068359375
12 0.294921875 0.1435546875 0.0087890625 0.0068359375
0 0.22607421875 0.17041015625 0.005859375 0.0849609375
12 0.35791015625 0.185546875 0.0087890625 0.0068359375
12 0.35791015625 0.12841796875 0.0087890625 0.0068359375
12 0.35791015625 0.134765625 0.0087890625 0.0068359375
12 0.35791015625 0.146484375 0.0087890625 0.0068359375
12 0.3212890625 0.18212890625 0.0087890625 0.0068359375
12 0.3212890625 0.12255859375 0.0087890625 0.0068359375
12 0.3212890625 0.13134765625 0.0087890625 0.0068359375
12 0.3212890625 0.1435546875 0.0087890625 0.0068359375
11 0.5009765625 0.16455078125 0.00830078125 0.0068359375
11 0.517578125 0.203125 0.00830078125 0.0068359375
11 0.517578125 0.16455078125 0.00830078125 0.0068359375
11 0.5009765625 0.203125 0.00830078125 0.0068359375
11 0.48388671875 0.2001953125 0.00830078125 0.0068359375
11 0.48388671875 0.1611328125 0.00830078125 0.0068359375
11 0.5576171875 0.1943359375 0.00830078125 0.0068359375
11 0.5576171875 0.21533203125 0.00830078125 0.0068359375
12 0.55810546875 0.1494140625 0.0087890625 0.0068359375
11 0.560546875 0.16455078125 0.00830078125 0.0068359375
11 0.5341796875 0.2060546875 0.00830078125 0.00732421875
11 0.5341796875 0.1669921875 0.00830078125 0.0068359375
11 0.45068359375 0.197265625 0.00830078125 0.0068359375
11 0.45068359375 0.158203125 0.00830078125 0.0068359375
11 0.43408203125 0.158203125 0.00830078125 0.0068359375
11 0.43408203125 0.197265625 0.00830078125 0.0068359375
11 0.46728515625 0.2001953125 0.00830078125 0.0068359375
11 0.46728515625 0.1611328125 0.00830078125 0.0068359375
11 0.63427734375 0.3232421875 0.00830078125 0.0068359375
11 0.61767578125 0.33251953125 0.00830078125 0.0068359375
11 0.61767578125 0.38671875 0.00830078125 0.0068359375
11 0.61767578125 0.36572265625 0.00830078125 0.0068359375
11 0.64892578125 0.33544921875 0.00830078125 0.0068359375
12 0.6796875 0.33251953125 0.0087890625 0.0068359375
12 0.6796875 0.3232421875 0.0087890625 0.0068359375
12 0.6796875 0.380859375 0.0087890625 0.0068359375
12 0.6796875 0.36572265625 0.0087890625 0.0068359375
11 0.64892578125 0.3232421875 0.00830078125 0.0068359375
11 0.64892578125 0.38671875 0.00830078125 0.0068359375
11 0.64892578125 0.36572265625 0.00830078125 0.0068359375
11 0.6640625 0.32666015625 0.00830078125 0.00732421875
11 0.53369140625 0.32958984375 0.00830078125 0.0068359375
11 0.53369140625 0.35693359375 0.00830078125 0.0068359375
11 0.5224609375 0.33251953125 0.00830078125 0.0068359375
11 0.55029296875 0.3232421875 0.00830078125 0.0068359375
11 0.51513671875 0.36572265625 0.00830078125 0.0068359375
11 0.5791015625 0.36279296875 0.00830078125 0.00732421875
11 0.59228515625 0.32666015625 0.00830078125 0.00732421875
11 0.59228515625 0.37451171875 0.00830078125 0.0068359375
11 0.5654296875 0.32958984375 0.00830078125 0.0068359375
11 0.5654296875 0.3203125 0.00830078125 0.00732421875
11 0.5654296875 0.353515625 0.00830078125 0.0068359375
11 0.61767578125 0.33837890625 0.00830078125 0.0068359375
11 0.7880859375 0.3232421875 0.00830078125 0.0068359375
11 0.80322265625 0.3203125 0.00830078125 0.00732421875
11 0.80322265625 0.32666015625 0.00830078125 0.00732421875
11 0.77294921875 0.3203125 0.00830078125 0.00732421875
11 0.77294921875 0.32958984375 0.00830078125 0.0068359375
12 0.7734375 0.37451171875 0.0087890625 0.0068359375
12 0.7734375 0.36279296875 0.0087890625 0.0068359375
11 0.7099609375 0.32958984375 0.00830078125 0.0068359375
11 0.7099609375 0.33544921875 0.00830078125 0.0068359375
11 0.7099609375 0.3779296875 0.00830078125 0.0068359375
11 0.7099609375 0.36572265625 0.00830078125 0.0068359375
11 0.75830078125 0.3173828125 0.00830078125 0.0068359375
11 0.74169921875 0.3232421875 0.00830078125 0.0068359375
11 0.7265625 0.3232421875 0.00830078125 0.0068359375
11 0.74169921875 0.32958984375 0.00830078125 0.0068359375
11 0.74169921875 0.3779296875 0.00830078125 0.0068359375
11 0.74169921875 0.36279296875 0.00830078125 0.00732421875
11 0.30517578125 0.3232421875 0.00830078125 0.0068359375
11 0.31640625 0.3203125 0.00830078125 0.00732421875
12 0.2939453125 0.36279296875 0.0087890625 0.0068359375
11 0.2939453125 0.3203125 0.00830078125 0.00732421875
11 0.2939453125 0.32958984375 0.00830078125 0.0068359375
12 0.2939453125 0.37451171875 0.0087890625 0.0068359375
11 0.33154296875 0.3203125 0.0078125 0.00732421875
11 0.33154296875 0.32666015625 0.0078125 0.00732421875
11 0.27880859375 0.3173828125 0.00830078125 0.0068359375
11 0.35693359375 0.32666015625 0.00830078125 0.00732421875
11 0.3642578125 0.33544921875 0.00830078125 0.0068359375
11 0.3642578125 0.32958984375 0.00830078125 0.0068359375
11 0.35693359375 0.36865234375 0.00830078125 0.0068359375
11 0.23046875 0.33544921875 0.00830078125 0.0068359375
11 0.23046875 0.32958984375 0.00830078125 0.0068359375
11 0.23046875 0.3779296875 0.00830078125 0.0068359375
11 0.23046875 0.36572265625 0.00830078125 0.0068359375
0 0.17529296875 0.3427734375 0.005859375 0.08251953125
10 0.19384765625 0.31298828125 0.0166015625 0.0458984375
1 0.193359375 0.36962890625 0.017578125 0.02099609375
11 0.26220703125 0.36279296875 0.00830078125 0.00732421875
11 0.2470703125 0.3232421875 0.0078125 0.0068359375
11 0.26220703125 0.3232421875 0.00830078125 0.0068359375
11 0.26220703125 0.32958984375 0.00830078125 0.0068359375
11 0.26220703125 0.3779296875 0.00830078125 0.0068359375
11 0.45947265625 0.3232421875 0.00830078125 0.0068359375
11 0.4501953125 0.3203125 0.0078125 0.00732421875
11 0.44287109375 0.3173828125 0.00830078125 0.0068359375
11 0.45947265625 0.33251953125 0.00830078125 0.0068359375
11 0.44287109375 0.3232421875 0.00830078125 0.0068359375
11 0.466796875 0.3203125 0.00830078125 0.00732421875
11 0.45947265625 0.3173828125 0.00830078125 0.0068359375
11 0.45947265625 0.37451171875 0.00830078125 0.0068359375
11 0.431640625 0.3203125 0.00830078125 0.00732421875
11 0.44287109375 0.33251953125 0.00830078125 0.0068359375
11 0.49853515625 0.3779296875 0.00830078125 0.0068359375
11 0.4755859375 0.3115234375 0.00830078125 0.0068359375
11 0.49853515625 0.33251953125 0.00830078125 0.0068359375
11 0.505859375 0.32958984375 0.0078125 0.0068359375
11 0.373046875 0.3203125 0.00830078125 0.00732421875
11 0.38818359375 0.3173828125 0.00830078125 0.0068359375
11 0.38818359375 0.33837890625 0.00830078125 0.0068359375
11 0.38818359375 0.32666015625 0.00830078125 0.00732421875
11 0.38818359375 0.37451171875 0.00830078125 0.0068359375
11 0.41650390625 0.32958984375 0.00830078125 0.0068359375
11 0.41650390625 0.33837890625 0.00830078125 0.0068359375
11 0.41650390625 0.3232421875 0.00830078125 0.0068359375
19 0.4169921875 0.3486328125 0.0146484375 0.00439453125
11 0.41650390625 0.37158203125 0.00830078125 0.0068359375
11 0.4052734375 0.3203125 0.00830078125 0.00732421875
11 0.65869140625 0.56884765625 0.00830078125 0.0068359375
11 0.65869140625 0.55712890625 0.00830078125 0.00732421875
21 0.69921875 0.5703125 0.00634765625 0.0185546875
11 0.6796875 0.55126953125 0.00830078125 0.0068359375
11 0.7001953125 0.55126953125 0.00830078125 0.0068359375
11 0.7001953125 0.50390625 0.00830078125 0.0068359375
11 0.6796875 0.50390625 0.00830078125 0.0068359375
12 0.5927734375 0.55712890625 0.0087890625 0.0068359375
15 0.59228515625 0.54296875 0.0078125 0.01171875
11 0.59228515625 0.5068359375 0.00830078125 0.0068359375
12 0.5927734375 0.49169921875 0.0087890625 0.0068359375
11 0.5654296875 0.50390625 0.00830078125 0.0068359375
11 0.552734375 0.5478515625 0.00830078125 0.0068359375
11 0.65869140625 0.509765625 0.00830078125 0.0068359375
13 0.66015625 0.49462890625 0.01123046875 0.0068359375
11 0.62548828125 0.5068359375 0.00830078125 0.0068359375
11 0.6123046875 0.55126953125 0.00830078125 0.0068359375
11 0.65869140625 0.5478515625 0.00830078125 0.0068359375
11 0.80126953125 0.56005859375 0.00830078125 0.0068359375
11 0.80126953125 0.5126953125 0.00830078125 0.00732421875
21 0.77978515625 0.57666015625 0.00634765625 0.0185546875
11 0.78125 0.55712890625 0.00830078125 0.00732421875
11 0.72021484375 0.5068359375 0.0078125 0.0068359375
21 0.73974609375 0.57373046875 0.00634765625 0.01806640625
11 0.74072265625 0.55419921875 0.00830078125 0.0068359375
11 0.74072265625 0.5068359375 0.00830078125 0.0068359375
11 0.72021484375 0.55419921875 0.0078125 0.0068359375
11 0.78125 0.509765625 0.00830078125 0.0068359375
11 0.7607421875 0.55712890625 0.00830078125 0.00732421875
11 0.7607421875 0.509765625 0.00830078125 0.0068359375
11 0.296875 0.49169921875 0.00830078125 0.0068359375
11 0.31103515625 0.55419921875 0.00830078125 0.0068359375
11 0.31103515625 0.5009765625 0.00830078125 0.0068359375
11 0.31103515625 0.509765625 0.00830078125 0.0068359375
11 0.31103515625 0.49462890625 0.00830078125 0.0068359375
11 0.3515625 0.55712890625 0.00830078125 0.00732421875
11 0.35888671875 0.49169921875 0.00830078125 0.0068359375
11 0.3515625 0.49462890625 0.00830078125 0.0068359375
11 0.35888671875 0.50390625 0.00830078125 0.0068359375
11 0.3515625 0.48876953125 0.00830078125 0.0068359375
11 0.3310546875 0.49169921875 0.00830078125 0.0068359375
11 0.23046875 0.55126953125 0.00830078125 0.0068359375
11 0.23828125 0.5009765625 0.00830078125 0.0068359375
11 0.23828125 0.5068359375 0.00830078125 0.0068359375
11 0.23046875 0.49755859375 0.00830078125 0.00732421875
1 0.193359375 0.55224609375 0.017578125 0.02099609375
10 0.19384765625 0.484375 0.0166015625 0.0458984375
0 0.17529296875 0.52001953125 0.00634765625 0.0927734375
11 0.27294921875 0.55712890625 0.00830078125 0.00732421875
11 0.27294921875 0.49755859375 0.00830078125 0.00732421875
11 0.27294921875 0.509765625 0.00830078125 0.0068359375
11 0.27294921875 0.48876953125 0.00830078125 0.0068359375
11 0.25244140625 0.49169921875 0.00830078125 0.0068359375
11 0.53271484375 0.50390625 0.00830078125 0.0068359375
12 0.53271484375 0.48876953125 0.0087890625 0.0068359375
8 0.48486328125 0.4970703125 0.00634765625 0.017578125
11 0.4853515625 0.48583984375 0.00830078125 0.0068359375
11 0.47216796875 0.5390625 0.00830078125 0.0068359375
11 0.4501953125 0.5478515625 0.00830078125 0.0068359375
12 0.53271484375 0.55712890625 0.0087890625 0.0068359375
15 0.5322265625 0.54296875 0.0078125 0.01171875
11 0.4287109375 0.56005859375 0.00830078125 0.0068359375
11 0.435546875 0.5009765625 0.00830078125 0.0068359375
11 0.4287109375 0.50390625 0.00830078125 0.0068359375
11 0.38720703125 0.48291015625 0.00830078125 0.0068359375
11 0.36669921875 0.48291015625 0.00830078125 0.0068359375
11 0.62255859375 0.67138671875 0.00830078125 0.00732421875
11 0.603515625 0.67138671875 0.00830078125 0.00732421875
11 0.58447265625 0.73046875 0.00830078125 0.0068359375
11 0.65771484375 0.68310546875 0.00830078125 0.0068359375
11 0.65771484375 0.68896484375 0.00830078125 0.0068359375
11 0.6416015625 0.67724609375 0.00830078125 0.0068359375
11 0.65771484375 0.73681640625 0.00830078125 0.0068359375
11 0.65771484375 0.72802734375 0.00830078125 0.0068359375
9 0.62939453125 0.6591796875 0.0068359375 0.017578125
11 0.62255859375 0.73046875 0.00830078125 0.0068359375
11 0.62255859375 0.73974609375 0.00830078125 0.00732421875
11 0.62255859375 0.68603515625 0.00830078125 0.00732421875
11 0.546875 0.73046875 0.00830078125 0.0068359375
11 0.546875 0.73974609375 0.00830078125 0.00732421875
11 0.546875 0.67724609375 0.00830078125 0.0068359375
11 0.546875 0.67138671875 0.00830078125 0.00732421875
11 0.51953125 0.67431640625 0.00830078125 0.0068359375
11 0.58447265625 0.68310546875 0.00830078125 0.0068359375
11 0.58447265625 0.66845703125 0.00830078125 0.0068359375
11 0.56591796875 0.66845703125 0.00830078125 0.0068359375
11 0.58447265625 0.74267578125 0.00830078125 0.0068359375
11 0.79443359375 0.68017578125 0.00830078125 0.0068359375
8 0.77490234375 0.6923828125 0.00634765625 0.017578125
12 0.77587890625 0.72802734375 0.0087890625 0.0068359375
12 0.77587890625 0.73974609375 0.0087890625 0.0068359375
11 0.775390625 0.68310546875 0.00830078125 0.0068359375
12 0.77587890625 0.67431640625 0.0087890625 0.0068359375
12 0.7001953125 0.72802734375 0.0087890625 0.0068359375
12 0.7001953125 0.74267578125 0.0087890625 0.0068359375
12 0.7001953125 0.67724609375 0.0087890625 0.0068359375
12 0.7001953125 0.68310546875 0.0087890625 0.0068359375
9 0.67626953125 0.6650390625 0.0068359375 0.017578125
11 0.669921875 0.67724609375 0.00830078125 0.0068359375
11 0.76220703125 0.67431640625 0.00830078125 0.0068359375
11 0.740234375 0.67138671875 0.00830078125 0.00732421875
11 0.72119140625 0.67138671875 0.00830078125 0.00732421875
11 0.30712890625 0.67724609375 0.00830078125 0.0068359375
11 0.30712890625 0.6591796875 0.00830078125 0.0068359375
11 0.30712890625 0.71875 0.00830078125 0.0068359375
11 0.28857421875 0.71875 0.00830078125 0.0068359375
11 0.28857421875 0.6591796875 0.00830078125 0.0068359375
11 0.28857421875 0.67724609375 0.00830078125 0.0068359375
11 0.26953125 0.7158203125 0.00830078125 0.0068359375
11 0.5009765625 0.73046875 0.00830078125 0.0068359375
11 0.34423828125 0.7216796875 0.00830078125 0.0068359375
11 0.34423828125 0.662109375 0.00830078125 0.0068359375
11 0.34423828125 0.67724609375 0.00830078125 0.0068359375
11 0.26953125 0.65625 0.00830078125 0.00732421875
11 0.326171875 0.7216796875 0.00830078125 0.0068359375
11 0.326171875 0.662109375 0.00830078125 0.0068359375
11 0.326171875 0.67724609375 0.00830078125 0.0068359375
13 0.23193359375 0.74267578125 0.01123046875 0.0068359375
11 0.23046875 0.7216796875 0.00830078125 0.0068359375
11 0.23046875 0.662109375 0.00830078125 0.0068359375
11 0.23046875 0.67724609375 0.00830078125 0.0068359375
1 0.193359375 0.73486328125 0.017578125 0.02099609375
13 0.23193359375 0.73095703125 0.01123046875 0.00732421875
10 0.19384765625 0.6669921875 0.0166015625 0.0458984375
0 0.17529296875 0.70263671875 0.00634765625 0.09375
11 0.26953125 0.66845703125 0.00830078125 0.0068359375
11 0.25048828125 0.7158203125 0.00830078125 0.0068359375
11 0.25048828125 0.65625 0.00830078125 0.00732421875
11 0.25048828125 0.66845703125 0.00830078125 0.0068359375
11 0.447265625 0.66552734375 0.00830078125 0.0068359375
11 0.4287109375 0.72802734375 0.00830078125 0.0068359375
11 0.4287109375 0.74267578125 0.00830078125 0.0068359375
11 0.4287109375 0.68017578125 0.00830078125 0.0068359375
11 0.5009765625 0.74267578125 0.00830078125 0.0068359375
11 0.5009765625 0.68310546875 0.00830078125 0.0068359375
11 0.5009765625 0.67724609375 0.00830078125 0.0068359375
11 0.4873046875 0.67724609375 0.00830078125 0.0068359375
11 0.4287109375 0.662109375 0.00830078125 0.0068359375
11 0.46630859375 0.73046875 0.00830078125 0.0068359375
11 0.46630859375 0.74560546875 0.00830078125 0.00732421875
11 0.46630859375 0.68017578125 0.00830078125 0.0068359375
11 0.46630859375 0.66552734375 0.00830078125 0.0068359375
11 0.390625 0.73974609375 0.00830078125 0.00732421875
11 0.40966796875 0.662109375 0.00830078125 0.0068359375
11 0.390625 0.724609375 0.00830078125 0.00732421875
11 0.390625 0.67724609375 0.00830078125 0.0068359375
11 0.390625 0.66552734375 0.00830078125 0.0068359375
11 0.36669921875 0.66552734375 0.00830078125 0.0068359375
12 0.64990234375 0.87158203125 0.0087890625 0.0068359375
12 0.64990234375 0.85693359375 0.0087890625 0.0068359375
12 0.64990234375 0.92236328125 0.0087890625 0.0068359375
12 0.64990234375 0.916015625 0.0087890625 0.0068359375
13 0.6845703125 0.93408203125 0.01123046875 0.00732421875
11 0.68310546875 0.9130859375 0.00830078125 0.00732421875
11 0.68310546875 0.92236328125 0.00830078125 0.0068359375
11 0.68310546875 0.875 0.00830078125 0.00732421875
13 0.6845703125 0.85986328125 0.01123046875 0.00732421875
12 0.57373046875 0.85107421875 0.0087890625 0.0068359375
12 0.57373046875 0.86572265625 0.0087890625 0.0068359375
21 0.572265625 0.83154296875 0.00634765625 0.0185546875
9 0.5625 0.83984375 0.0068359375 0.017578125
11 0.5556640625 0.85107421875 0.00830078125 0.0068359375
12 0.57373046875 0.9248046875 0.0087890625 0.0068359375
12 0.62255859375 0.9130859375 0.0087890625 0.0068359375
12 0.62255859375 0.92236328125 0.0087890625 0.0068359375
12 0.62255859375 0.85400390625 0.0087890625 0.0068359375
12 0.62255859375 0.86865234375 0.0087890625 0.0068359375
11 0.59326171875 0.8388671875 0.00830078125 0.00732421875
12 0.57373046875 0.9130859375 0.0087890625 0.0068359375
11 0.8046875 0.8779296875 0.00830078125 0.0068359375
11 0.8046875 0.9248046875 0.00830078125 0.0068359375
11 0.787109375 0.92236328125 0.00830078125 0.0068359375
11 0.787109375 0.875 0.00830078125 0.00732421875
11 0.77001953125 0.92236328125 0.00830078125 0.0068359375
11 0.77001953125 0.875 0.00830078125 0.00732421875
11 0.71826171875 0.916015625 0.00830078125 0.0068359375
11 0.71826171875 0.86865234375 0.00830078125 0.0068359375
11 0.70068359375 0.916015625 0.00830078125 0.0068359375
11 0.70068359375 0.86865234375 0.00830078125 0.0068359375
11 0.7529296875 0.9189453125 0.00830078125 0.0068359375
11 0.7529296875 0.87158203125 0.00830078125 0.0068359375
11 0.73583984375 0.9189453125 0.00830078125 0.0068359375
11 0.73583984375 0.87158203125 0.00830078125 0.0068359375
9 0.3076171875 0.84765625 0.0068359375 0.017578125
8 0.30029296875 0.8779296875 0.00634765625 0.01806640625
15 0.318359375 0.83984375 0.0078125 0.01171875
11 0.318359375 0.86865234375 0.00830078125 0.0068359375
12 0.30126953125 0.9130859375 0.0087890625 0.0068359375
12 0.30126953125 0.92822265625 0.0087890625 0.0068359375
11 0.30126953125 0.86865234375 0.00830078125 0.0068359375
11 0.30126953125 0.85986328125 0.00830078125 0.00732421875
11 0.2841796875 0.86279296875 0.00830078125 0.0068359375
11 0.36181640625 0.9130859375 0.00830078125 0.00732421875
11 0.36181640625 0.9248046875 0.00830078125 0.0068359375
11 0.36181640625 0.87158203125 0.00830078125 0.0068359375
11 0.36181640625 0.86572265625 0.00830078125 0.0068359375
21 0.333984375 0.83740234375 0.00634765625 0.0185546875
1 0.193359375 0.9169921875 0.017578125 0.02099609375
11 0.23046875 0.86865234375 0.00830078125 0.0068359375
11 0.23046875 0.875 0.00830078125 0.00732421875
11 0.23046875 0.93408203125 0.00830078125 0.00732421875
11 0.23046875 0.92236328125 0.00830078125 0.0068359375
11 0.23046875 0.9130859375 0.00830078125 0.00732421875
10 0.19384765625 0.849609375 0.0166015625 0.0458984375
0 0.17529296875 0.884765625 0.00634765625 0.0927734375
11 0.2666015625 0.9130859375 0.00830078125 0.00732421875
11 0.2666015625 0.93115234375 0.00830078125 0.0068359375
11 0.2666015625 0.87158203125 0.00830078125 0.0068359375
11 0.2666015625 0.85986328125 0.00830078125 0.00732421875
11 0.24951171875 0.85986328125 0.00830078125 0.00732421875
11 0.46826171875 0.86279296875 0.00830078125 0.0068359375
11 0.46826171875 0.85693359375 0.00830078125 0.0068359375
11 0.451171875 0.85986328125 0.00830078125 0.00732421875
12 0.43408203125 0.91015625 0.0087890625 0.0068359375
12 0.43408203125 0.92236328125 0.0087890625 0.0068359375
11 0.43408203125 0.86572265625 0.00830078125 0.0068359375
11 0.43408203125 0.85693359375 0.00830078125 0.0068359375
12 0.53125 0.9130859375 0.0087890625 0.0068359375
12 0.53125 0.92822265625 0.0087890625 0.0068359375
12 0.53125 0.85986328125 0.0087890625 0.00732421875
12 0.5234375 0.86279296875 0.0087890625 0.0068359375
11 0.53125 0.84814453125 0.00830078125 0.0068359375
11 0.498046875 0.85107421875 0.00830078125 0.0068359375
11 0.4853515625 0.85400390625 0.0078125 0.00732421875
11 0.39794921875 0.9248046875 0.00830078125 0.0068359375
11 0.39794921875 0.91015625 0.00830078125 0.0068359375
11 0.39794921875 0.86572265625 0.00830078125 0.0068359375
11 0.39794921875 0.85986328125 0.00830078125 0.00732421875
11 0.38037109375 0.85986328125 0.00830078125 0.00732421875
11 0.41650390625 0.85400390625 0.00830078125 0.00732421875