11 0.5830078125 0.0654296875 0.00830078125 0.00732421875
11 0.56298828125 0.07421875 0.00830078125 0.0068359375
11 0.52783203125 0.068359375 0.00830078125 0.0068359375
11 0.54443359375 0.0771484375 0.00830078125 0.0068359375
11 0.63623046875 0.07421875 0.0078125 0.0068359375
11 0.61767578125 0.0771484375 0.00830078125 0.0068359375
11 0.60107421875 0.068359375 0.00830078125 0.0068359375
19 0.52783203125 0.17236328125 0.00830078125 0.00390625
13 0.529296875 0.34375 0.01123046875 0.0068359375
13 0.529296875 0.3349609375 0.01123046875 0.00732421875
13 0.529296875 0.11669921875 0.01123046875 0.0068359375
13 0.529296875 0.11083984375 0.01123046875 0.0068359375
11 0.8056640625 0.04150390625 0.00830078125 0.0068359375
11 0.78564453125 0.05029296875 0.00830078125 0.00732421875
11 0.69384765625 0.05908203125 0.00830078125 0.0068359375
19 0.67578125 0.17236328125 0.00830078125 0.00390625
11 0.67578125 0.05615234375 0.00830078125 0.0068359375
11 0.65576171875 0.0654296875 0.00830078125 0.00732421875
11 0.767578125 0.05322265625 0.00830078125 0.0068359375
11 0.7490234375 0.05615234375 0.00830078125 0.0068359375
11 0.73046875 0.05908203125 0.00830078125 0.0068359375
11 0.7109375 0.0654296875 0.0078125 0.00732421875
13 0.2138671875 0.337890625 0.01123046875 0.0068359375
13 0.2138671875 0.3466796875 0.01123046875 0.00732421875
11 0.21240234375 0.24072265625 0.00830078125 0.0068359375
19 0.21240234375 0.17236328125 0.00830078125 0.00390625
13 0.2138671875 0.11083984375 0.01123046875 0.0068359375
13 0.2138671875 0.11962890625 0.01123046875 0.00732421875
10 0.19384765625 0.34521484375 0.0166015625 0.0458984375
11 0.267578125 0.23779296875 0.00830078125 0.0068359375
11 0.24755859375 0.24658203125 0.00830078125 0.0068359375
11 0.2294921875 0.24951171875 0.00830078125 0.00732421875
22 0.6611328125 0.2275390625 0.00830078125 0.00390625
22 0.35302734375 0.46337890625 0.00830078125 0.00390625
22 0.35302734375 0.40576171875 0.00830078125 0.00390625
22 0.35302734375 0.28515625 0.00830078125 0.00390625
22 0.35302734375 0.0546875 0.00830078125 0.00390625
22 0.6611328125 0.28515625 0.00830078125 0.00390625
1 0.193359375 0.28759765625 0.017578125 0.02099609375
10 0.19384765625 0.23046875 0.0166015625 0.0458984375
10 0.19384765625 0.1728515625 0.0166015625 0.0458984375
10 0.19384765625 0.115234375 0.0166015625 0.0458984375
10 0.19384765625 0.0576171875 0.0166015625 0.0458984375
22 0.6611328125 0.46337890625 0.00830078125 0.00390625
22 0.6611328125 0.40576171875 0.00830078125 0.00390625
11 0.37548828125 0.1923828125 0.00830078125 0.00732421875
19 0.35888671875 0.22998046875 0.00830078125 0.00390625
11 0.35888671875 0.18310546875 0.00830078125 0.0068359375
11 0.44921875 0.1923828125 0.00830078125 0.00732421875
11 0.41357421875 0.18017578125 0.00830078125 0.0068359375
11 0.43212890625 0.18310546875 0.00830078125 0.0068359375
11 0.39404296875 0.18896484375 0.0078125 0.0068359375
11 0.302734375 0.24951171875 0.00830078125 0.00732421875
11 0.4873046875 0.18017578125 0.00830078125 0.0068359375
11 0.28564453125 0.24072265625 0.00830078125 0.0068359375
11 0.3408203125 0.23779296875 0.00830078125 0.0068359375
11 0.46728515625 0.18896484375 0.00830078125 0.0068359375
11 0.32080078125 0.24658203125 0.00830078125 0.0068359375
11 0.6708984375 0.78271484375 0.00830078125 0.0068359375
14 0.51953125 0.79248046875 0.0087890625 0.01708984375
11 0.55908203125 0.78271484375 0.00830078125 0.0068359375
8 0.55859375 0.794921875 0.00634765625 0.017578125
14 0.63134765625 0.79248046875 0.0087890625 0.01708984375
11 0.3359375 0.78271484375 0.00830078125 0.0068359375
21 0.37060546875 0.5576171875 0.00634765625 0.0185546875
19 0.51904296875 0.55712890625 0.00830078125 0.00390625
14 0.4072265625 0.79248046875 0.0087890625 0.01708984375
11 0.447265625 0.78271484375 0.00830078125 0.0068359375
8 0.44677734375 0.794921875 0.00634765625 0.017578125
8 0.67041015625 0.794921875 0.00634765625 0.017578125
14 0.7431640625 0.79248046875 0.0087890625 0.01708984375
11 0.78271484375 0.78271484375 0.00830078125 0.0068359375
4 0.78271484375 0.794921875 0.00732421875 0.01806640625
10 0.19384765625 0.72998046875 0.0166015625 0.0458984375
10 0.19384765625 0.5576171875 0.0166015625 0.0458984375
10 0.19384765625 0.61474609375 0.0166015625 0.0458984375
10 0.19384765625 0.67236328125 0.0166015625 0.0458984375
1 0.193359375 0.78662109375 0.017578125 0.02099609375
10 0.19384765625 0.8447265625 0.0166015625 0.0458984375
22 0.5107421875 0.6123046875 0.00830078125 0.00390625
22 0.5107421875 0.66943359375 0.00830078125 0.00390625
22 0.5107421875 0.72705078125 0.00830078125 0.00390625
22 0.5107421875 0.841796875 0.00830078125 0.00390625
22 0.5107421875 0.9052734375 0.00830078125 0.00390625
22 0.5107421875 0.962890625 0.00830078125 0.00390625
11 0.25634765625 0.5498046875 0.00830078125 0.0068359375
11 0.25634765625 0.78564453125 0.00830078125 0.0068359375
11 0.29443359375 0.7919921875 0.00830078125 0.0068359375
11 0.29443359375 0.55615234375 0.00830078125 0.0068359375
11 0.21728515625 0.546875 0.00830078125 0.00732421875
11 0.21728515625 0.78271484375 0.00830078125 0.0068359375