11 0.6279296875 0.0771484375 0.00830078125 0.0068359375
11 0.6279296875 0.21142578125 0.00830078125 0.00732421875
11 0.65478515625 0.21142578125 0.00830078125 0.00732421875
11 0.6982421875 0.08349609375 0.00830078125 0.0068359375
11 0.6982421875 0.21142578125 0.00830078125 0.00732421875
11 0.65478515625 0.07421875 0.00830078125 0.00732421875
12 0.54931640625 0.15185546875 0.0087890625 0.0068359375
11 0.60205078125 0.08349609375 0.00830078125 0.0068359375
12 0.54931640625 0.14599609375 0.0087890625 0.0068359375
11 0.548828125 0.20849609375 0.00830078125 0.0068359375
13 0.603515625 0.1611328125 0.01123046875 0.00732421875
11 0.57080078125 0.20849609375 0.00830078125 0.0068359375
11 0.57080078125 0.08349609375 0.00830078125 0.0068359375
11 0.60205078125 0.21142578125 0.00830078125 0.00732421875
13 0.603515625 0.14892578125 0.01123046875 0.00732421875
12 0.54931640625 0.158203125 0.0087890625 0.0068359375
13 0.603515625 0.1552734375 0.01123046875 0.00732421875
11 0.79931640625 0.21142578125 0.00830078125 0.00732421875
11 0.79931640625 0.08349609375 0.00830078125 0.0068359375
11 0.7294921875 0.21142578125 0.00830078125 0.00732421875
13 0.73095703125 0.14892578125 0.01123046875 0.00732421875
13 0.73095703125 0.1552734375 0.01123046875 0.00732421875
13 0.73095703125 0.1611328125 0.01123046875 0.00732421875
11 0.7294921875 0.08349609375 0.00830078125 0.0068359375
11 0.77294921875 0.21142578125 0.00830078125 0.00732421875
11 0.77294921875 0.08349609375 0.00830078125 0.0068359375
11 0.75146484375 0.21142578125 0.00830078125 0.00732421875
21 0.75048828125 0.05810546875 0.00634765625 0.0185546875
11 0.3115234375 0.0712890625 0.0078125 0.0068359375
11 0.298828125 0.21142578125 0.00830078125 0.00732421875
11 0.2861328125 0.068359375 0.00830078125 0.0068359375
9 0.2685546875 0.05322265625 0.0068359375 0.017578125
11 0.26220703125 0.21142578125 0.00830078125 0.00732421875
11 0.26220703125 0.0654296875 0.00830078125 0.0068359375
9 0.35107421875 0.0625 0.0068359375 0.017578125
13 0.37841796875 0.15185546875 0.01123046875 0.0068359375
13 0.37841796875 0.158203125 0.01123046875 0.0068359375
13 0.37841796875 0.1640625 0.01123046875 0.00732421875
11 0.37744140625 0.08349609375 0.00830078125 0.0068359375
11 0.3447265625 0.07421875 0.00830078125 0.00732421875
11 0.328125 0.21142578125 0.00830078125 0.00732421875
10 0.19384765625 0.1328125 0.0166015625 0.0458984375
10 0.19384765625 0.05810546875 0.0166015625 0.0458984375
0 0.17529296875 0.1669921875 0.00634765625 0.08984375
11 0.23828125 0.21142578125 0.00830078125 0.00732421875
13 0.23974609375 0.14892578125 0.01123046875 0.00732421875
13 0.23974609375 0.1552734375 0.01123046875 0.00732421875
13 0.23974609375 0.1611328125 0.01123046875 0.00732421875
11 0.37744140625 0.21435546875 0.00830078125 0.0068359375
11 0.23828125 0.068359375 0.00830078125 0.0068359375
1 0.193359375 0.19775390625 0.017578125 0.02099609375
11 0.5029296875 0.21435546875 0.00830078125 0.0068359375
12 0.5029296875 0.15185546875 0.0087890625 0.0068359375
12 0.5029296875 0.158203125 0.0087890625 0.0068359375
12 0.5029296875 0.1640625 0.0087890625 0.0068359375
11 0.5029296875 0.0712890625 0.00830078125 0.0068359375
11 0.4716796875 0.21435546875 0.00830078125 0.0068359375
11 0.4716796875 0.0712890625 0.00830078125 0.0068359375
11 0.52490234375 0.21435546875 0.00830078125 0.0068359375
12 0.525390625 0.068359375 0.0087890625 0.0068359375
11 0.40576171875 0.21435546875 0.00830078125 0.0068359375
11 0.40576171875 0.0771484375 0.00830078125 0.0068359375
11 0.4326171875 0.21435546875 0.00830078125 0.0068359375
11 0.4326171875 0.07421875 0.00830078125 0.00732421875
11 0.6728515625 0.57275390625 0.00830078125 0.0068359375
12 0.6728515625 0.42333984375 0.0087890625 0.0068359375
12 0.69287109375 0.51611328125 0.0087890625 0.0068359375
12 0.69287109375 0.51025390625 0.0087890625 0.0068359375
11 0.7412109375 0.57275390625 0.00830078125 0.0068359375
12 0.74169921875 0.50146484375 0.0087890625 0.0068359375
12 0.74169921875 0.51025390625 0.0087890625 0.0068359375
12 0.74169921875 0.51611328125 0.0087890625 0.0068359375
11 0.7412109375 0.42333984375 0.00830078125 0.0068359375
12 0.69287109375 0.50146484375 0.0087890625 0.0068359375
11 0.712890625 0.57275390625 0.00830078125 0.0068359375
11 0.712890625 0.42041015625 0.00830078125 0.0068359375
11 0.69287109375 0.57275390625 0.00830078125 0.0068359375
11 0.611328125 0.435546875 0.00830078125 0.0068359375
21 0.591796875 0.41015625 0.00634765625 0.0185546875
0 0.17529296875 0.51904296875 0.00634765625 0.08984375
11 0.642578125 0.57275390625 0.00830078125 0.0068359375
12 0.642578125 0.50146484375 0.0087890625 0.0068359375
12 0.642578125 0.51025390625 0.0087890625 0.0068359375
12 0.642578125 0.51611328125 0.0087890625 0.0068359375
11 0.642578125 0.42041015625 0.00830078125 0.0068359375
11 0.80126953125 0.57275390625 0.00830078125 0.0068359375
11 0.76123046875 0.4267578125 0.00830078125 0.0068359375
12 0.78173828125 0.50146484375 0.0087890625 0.0068359375
11 0.78125 0.57275390625 0.00830078125 0.0068359375
12 0.78173828125 0.51025390625 0.0087890625 0.0068359375
12 0.78173828125 0.51611328125 0.0087890625 0.0068359375
12 0.78173828125 0.4267578125 0.0087890625 0.0068359375
11 0.76123046875 0.57275390625 0.00830078125 0.0068359375
10 0.19384765625 0.41015625 0.0166015625 0.0458984375
11 0.3271484375 0.56640625 0.00830078125 0.0068359375
13 0.32861328125 0.50439453125 0.01123046875 0.0068359375
13 0.32861328125 0.51025390625 0.01123046875 0.0068359375
13 0.32861328125 0.51611328125 0.01123046875 0.0068359375
11 0.380859375 0.56640625 0.00830078125 0.0068359375
11 0.380859375 0.42041015625 0.00830078125 0.0068359375
11 0.3271484375 0.42041015625 0.00830078125 0.0068359375
11 0.3505859375 0.42333984375 0.0078125 0.0068359375
11 0.23828125 0.56640625 0.00830078125 0.0068359375
13 0.23974609375 0.50439453125 0.01123046875 0.0068359375
13 0.23974609375 0.51025390625 0.01123046875 0.0068359375
13 0.23974609375 0.51611328125 0.01123046875 0.0068359375
12 0.23828125 0.42041015625 0.0087890625 0.0068359375
1 0.193359375 0.5498046875 0.017578125 0.02099609375
10 0.19384765625 0.48486328125 0.0166015625 0.0458984375
11 0.2783203125 0.56640625 0.00830078125 0.0068359375
11 0.29833984375 0.56640625 0.00830078125 0.0068359375
12 0.27880859375 0.42041015625 0.0087890625 0.0068359375
11 0.25830078125 0.56640625 0.00830078125 0.0068359375
12 0.56396484375 0.4267578125 0.0087890625 0.0068359375
13 0.56494140625 0.51318359375 0.01123046875 0.00732421875
13 0.48828125 0.5009765625 0.01123046875 0.00732421875
13 0.56494140625 0.50732421875 0.01123046875 0.00732421875
12 0.52587890625 0.4267578125 0.0087890625 0.0068359375
11 0.50537109375 0.4267578125 0.00830078125 0.0068359375
13 0.48828125 0.5634765625 0.01123046875 0.00732421875
13 0.48828125 0.50732421875 0.01123046875 0.00732421875
11 0.43798828125 0.56640625 0.00830078125 0.0068359375
11 0.43798828125 0.42041015625 0.00830078125 0.0068359375
11 0.41357421875 0.42333984375 0.00830078125 0.0068359375
13 0.48828125 0.51318359375 0.01123046875 0.00732421875
11 0.48681640625 0.42041015625 0.00830078125 0.0068359375
13 0.56494140625 0.5009765625 0.01123046875 0.00732421875
13 0.56494140625 0.5634765625 0.01123046875 0.00732421875
11 0.4580078125 0.56640625 0.00830078125 0.0068359375
11 0.4580078125 0.42333984375 0.00830078125 0.0068359375
11 0.6552734375 0.9248046875 0.00830078125 0.0068359375
12 0.6552734375 0.853515625 0.0087890625 0.0068359375
11 0.61181640625 0.9248046875 0.00830078125 0.0068359375
12 0.6552734375 0.8623046875 0.0087890625 0.0068359375
12 0.6552734375 0.8681640625 0.0087890625 0.0068359375
11 0.6552734375 0.775390625 0.00830078125 0.0068359375
12 0.548828125 0.775390625 0.0087890625 0.0068359375
12 0.58056640625 0.8681640625 0.0087890625 0.0068359375
11 0.58056640625 0.9248046875 0.00830078125 0.0068359375
12 0.58056640625 0.853515625 0.0087890625 0.0068359375
12 0.58056640625 0.8623046875 0.0087890625 0.0068359375
11 0.61181640625 0.77294921875 0.00830078125 0.0068359375
11 0.54833984375 0.9248046875 0.00830078125 0.0068359375
11 0.8017578125 0.77294921875 0.00830078125 0.0068359375
12 0.7255859375 0.853515625 0.0087890625 0.0068359375
12 0.7255859375 0.8623046875 0.0087890625 0.0068359375
12 0.7255859375 0.8681640625 0.0087890625 0.0068359375
11 0.72509765625 0.77880859375 0.00830078125 0.0068359375
9 0.708984375 0.7666015625 0.0068359375 0.017578125
11 0.70263671875 0.77880859375 0.00830078125 0.0068359375
11 0.72509765625 0.9248046875 0.00830078125 0.0068359375
11 0.6865234375 0.9248046875 0.00830078125 0.0068359375
11 0.7685546875 0.9248046875 0.00830078125 0.0068359375
11 0.7685546875 0.78759765625 0.00830078125 0.0068359375
11 0.74658203125 0.78466796875 0.00830078125 0.00732421875
12 0.30126953125 0.853515625 0.0087890625 0.0068359375
12 0.30126953125 0.859375 0.0087890625 0.0068359375
12 0.30126953125 0.865234375 0.0087890625 0.00732421875
11 0.30078125 0.775390625 0.00830078125 0.0068359375
11 0.30078125 0.916015625 0.00830078125 0.0068359375
11 0.26904296875 0.916015625 0.00830078125 0.0068359375
11 0.26904296875 0.77294921875 0.00830078125 0.0068359375
11 0.33251953125 0.916015625 0.00830078125 0.0068359375
11 0.33251953125 0.77880859375 0.00830078125 0.0068359375
10 0.19384765625 0.76220703125 0.0166015625 0.0458984375
0 0.17529296875 0.87109375 0.00634765625 0.08984375
11 0.23828125 0.916015625 0.00830078125 0.0068359375
12 0.23828125 0.853515625 0.0087890625 0.0068359375
12 0.23828125 0.859375 0.0087890625 0.0068359375
12 0.23828125 0.865234375 0.0087890625 0.00732421875
21 0.2373046875 0.76220703125 0.00634765625 0.0185546875
1 0.193359375 0.90185546875 0.017578125 0.02099609375
10 0.19384765625 0.8369140625 0.0166015625 0.0458984375
12 0.439453125 0.853515625 0.0087890625 0.0068359375
11 0.43896484375 0.916015625 0.00830078125 0.0068359375
12 0.439453125 0.859375 0.0087890625 0.0068359375
12 0.439453125 0.865234375 0.0087890625 0.00732421875
11 0.43896484375 0.775390625 0.00830078125 0.0068359375
11 0.37548828125 0.775390625 0.00830078125 0.0068359375
11 0.51416015625 0.9248046875 0.00830078125 0.0068359375
12 0.51416015625 0.853515625 0.0087890625 0.0068359375
12 0.51416015625 0.8623046875 0.0087890625 0.0068359375
12 0.51416015625 0.8681640625 0.0087890625 0.0068359375
11 0.51416015625 0.77294921875 0.00830078125 0.0068359375
11 0.470703125 0.916015625 0.00830078125 0.0068359375
11 0.470703125 0.77880859375 0.00830078125 0.0068359375
11 0.40771484375 0.916015625 0.00830078125 0.0068359375
11 0.40771484375 0.77294921875 0.00830078125 0.0068359375
12 0.3759765625 0.865234375 0.0087890625 0.00732421875
12 0.3759765625 0.859375 0.0087890625 0.0068359375
12 0.3759765625 0.853515625 0.0087890625 0.0068359375
11 0.37548828125 0.916015625 0.00830078125 0.0068359375