11 0.646484375 0.0400390625 0.00830078125 0.0068359375
11 0.646484375 0.10595703125 0.00830078125 0.0068359375
11 0.62939453125 0.10888671875 0.00830078125 0.00732421875
11 0.62939453125 0.04296875 0.00830078125 0.0068359375
11 0.68603515625 0.0400390625 0.00830078125 0.0068359375
11 0.68603515625 0.10595703125 0.00830078125 0.0068359375
12 0.68603515625 0.20361328125 0.0087890625 0.0068359375
11 0.68603515625 0.2578125 0.00830078125 0.0068359375
8 0.65869140625 0.265625 0.00634765625 0.017578125
9 0.66552734375 0.1884765625 0.0068359375 0.017578125
11 0.6591796875 0.2548828125 0.00830078125 0.0068359375
11 0.6591796875 0.20068359375 0.00830078125 0.0068359375
11 0.55712890625 0.0546875 0.00830078125 0.0068359375
11 0.57373046875 0.0517578125 0.00830078125 0.0068359375
11 0.57373046875 0.11181640625 0.00830078125 0.0068359375
11 0.61279296875 0.11181640625 0.00830078125 0.0068359375
8 0.59521484375 0.2607421875 0.00634765625 0.017578125
11 0.61279296875 0.0458984375 0.00830078125 0.00732421875
11 0.61279296875 0.19775390625 0.00830078125 0.00732421875
11 0.61279296875 0.25146484375 0.00830078125 0.0068359375
11 0.595703125 0.048828125 0.00830078125 0.0068359375
11 0.595703125 0.11474609375 0.00830078125 0.0068359375
11 0.595703125 0.24853515625 0.00830078125 0.0068359375
11 0.787109375 0.20361328125 0.00830078125 0.0068359375
11 0.787109375 0.1328125 0.00830078125 0.0068359375
11 0.80419921875 0.12939453125 0.00830078125 0.0068359375
11 0.80419921875 0.20068359375 0.00830078125 0.0068359375
11 0.7705078125 0.20654296875 0.00830078125 0.0068359375
11 0.70263671875 0.04296875 0.00830078125 0.0068359375
12 0.75390625 0.0517578125 0.0087890625 0.0068359375
9 0.7431640625 0.24853515625 0.0068359375 0.017578125
11 0.75341796875 0.11767578125 0.00830078125 0.0068359375
11 0.75341796875 0.20361328125 0.00830078125 0.0068359375
12 0.75390625 0.263671875 0.0087890625 0.0068359375
11 0.7197265625 0.0458984375 0.00830078125 0.00732421875
11 0.7197265625 0.12060546875 0.00830078125 0.0068359375
11 0.736328125 0.048828125 0.00830078125 0.0068359375
11 0.736328125 0.2607421875 0.00830078125 0.00732421875
11 0.337890625 0.12939453125 0.00830078125 0.0068359375
11 0.30419921875 0.12939453125 0.00830078125 0.0068359375
11 0.3212890625 0.0576171875 0.00830078125 0.0068359375
11 0.3212890625 0.126953125 0.00830078125 0.0068359375
11 0.3212890625 0.20947265625 0.00830078125 0.0068359375
12 0.32177734375 0.2578125 0.0087890625 0.0068359375
9 0.38330078125 0.1943359375 0.0068359375 0.017578125
21 0.4013671875 0.05908203125 0.00634765625 0.0185546875
11 0.40234375 0.1328125 0.00830078125 0.0068359375
11 0.40234375 0.20361328125 0.00830078125 0.0068359375
11 0.40234375 0.2578125 0.00830078125 0.0068359375
11 0.35498046875 0.06640625 0.00830078125 0.0068359375
11 0.35498046875 0.1328125 0.00830078125 0.0068359375
11 0.37646484375 0.1357421875 0.00830078125 0.0068359375
11 0.37646484375 0.20654296875 0.00830078125 0.0068359375
1 0.193359375 0.25244140625 0.017578125 0.02099609375
0 0.17529296875 0.0908203125 0.005859375 0.0849609375
0 0.17529296875 0.224609375 0.005859375 0.0849609375
11 0.2705078125 0.12353515625 0.00830078125 0.00732421875
11 0.28759765625 0.060546875 0.00830078125 0.00732421875
11 0.28759765625 0.126953125 0.00830078125 0.0068359375
11 0.25390625 0.048828125 0.00830078125 0.0068359375
11 0.25390625 0.12353515625 0.00830078125 0.00732421875
12 0.25439453125 0.19775390625 0.0087890625 0.0068359375
12 0.25439453125 0.2607421875 0.0087890625 0.00732421875
11 0.48388671875 0.12939453125 0.00830078125 0.0068359375
11 0.5009765625 0.0458984375 0.00830078125 0.00732421875
12 0.46728515625 0.19775390625 0.0087890625 0.0068359375
11 0.44873046875 0.20068359375 0.00830078125 0.0068359375
9 0.45556640625 0.1884765625 0.0068359375 0.017578125
11 0.46728515625 0.0546875 0.00830078125 0.0068359375
11 0.5009765625 0.1328125 0.00830078125 0.0068359375
11 0.46728515625 0.25146484375 0.00830078125 0.0068359375
11 0.5400390625 0.24853515625 0.00830078125 0.0068359375
11 0.513671875 0.2578125 0.00830078125 0.0068359375
11 0.46728515625 0.126953125 0.00830078125 0.0068359375
9 0.52001953125 0.24560546875 0.0068359375 0.017578125
11 0.5400390625 0.0576171875 0.00830078125 0.0068359375
11 0.5400390625 0.1328125 0.00830078125 0.0068359375
12 0.54052734375 0.19482421875 0.0087890625 0.0068359375
11 0.43603515625 0.263671875 0.00830078125 0.0068359375
11 0.43603515625 0.126953125 0.00830078125 0.0068359375
11 0.43603515625 0.0517578125 0.00830078125 0.0068359375
11 0.41943359375 0.12939453125 0.00830078125 0.0068359375
11 0.65478515625 0.38671875 0.00830078125 0.0068359375
11 0.65478515625 0.46142578125 0.00830078125 0.0068359375
11 0.65478515625 0.5234375 0.00830078125 0.0068359375
8 0.654296875 0.47265625 0.00634765625 0.01806640625
11 0.638671875 0.3896484375 0.00830078125 0.0068359375
11 0.62255859375 0.392578125 0.00830078125 0.0068359375
8 0.654296875 0.53564453125 0.00634765625 0.01806640625
12 0.67822265625 0.3837890625 0.0087890625 0.0068359375
11 0.67822265625 0.46435546875 0.00830078125 0.0068359375
11 0.67822265625 0.52685546875 0.00830078125 0.0068359375
19 0.67822265625 0.59375 0.00830078125 0.00390625
11 0.55419921875 0.529296875 0.00830078125 0.0068359375
19 0.607421875 0.59375 0.00830078125 0.00390625
15 0.60693359375 0.40234375 0.0078125 0.01171875
11 0.60693359375 0.45849609375 0.00830078125 0.00732421875
11 0.60693359375 0.5205078125 0.00830078125 0.0068359375
11 0.5703125 0.52685546875 0.00830078125 0.0068359375
11 0.59130859375 0.45556640625 0.00830078125 0.0068359375
11 0.59130859375 0.5234375 0.00830078125 0.0068359375
8 0.5908203125 0.4677734375 0.00634765625 0.01806640625
11 0.80712890625 0.3779296875 0.0078125 0.0068359375
11 0.80712890625 0.53564453125 0.0078125 0.0068359375
11 0.80712890625 0.58642578125 0.0078125 0.0068359375
8 0.806640625 0.546875 0.00634765625 0.01806640625
11 0.7861328125 0.380859375 0.00830078125 0.00732421875
11 0.7861328125 0.59228515625 0.00830078125 0.0068359375
11 0.69921875 0.45849609375 0.00830078125 0.00732421875
11 0.71484375 0.45556640625 0.00830078125 0.0068359375
11 0.73095703125 0.45263671875 0.00830078125 0.0068359375
11 0.73095703125 0.529296875 0.00830078125 0.0068359375
11 0.765625 0.380859375 0.00830078125 0.00732421875
11 0.765625 0.595703125 0.00830078125 0.00732421875
8 0.73046875 0.54150390625 0.00634765625 0.01806640625
11 0.7470703125 0.3837890625 0.00830078125 0.0068359375
12 0.7470703125 0.44970703125 0.0087890625 0.0068359375
11 0.7470703125 0.53271484375 0.00830078125 0.00732421875
15 0.74658203125 0.59619140625 0.0078125 0.01171875
11 0.31591796875 0.46142578125 0.00830078125 0.0068359375
11 0.31591796875 0.5234375 0.00830078125 0.0068359375
19 0.31591796875 0.59375 0.00830078125 0.00390625
11 0.31591796875 0.3955078125 0.00830078125 0.00732421875
11 0.2998046875 0.46435546875 0.00830078125 0.0068359375
11 0.2998046875 0.52685546875 0.00830078125 0.0068359375
9 0.3701171875 0.45263671875 0.0068359375 0.017578125
11 0.36328125 0.52685546875 0.00830078125 0.0068359375
8 0.36279296875 0.53857421875 0.00634765625 0.017578125
12 0.38916015625 0.38671875 0.0087890625 0.0068359375
11 0.388671875 0.4677734375 0.00830078125 0.0068359375
11 0.388671875 0.529296875 0.00830078125 0.0068359375
19 0.388671875 0.59375 0.00830078125 0.00390625
11 0.33154296875 0.3955078125 0.0078125 0.00732421875
11 0.34765625 0.392578125 0.00830078125 0.0068359375
11 0.36328125 0.3896484375 0.00830078125 0.0068359375
11 0.36328125 0.46435546875 0.00830078125 0.0068359375
1 0.193359375 0.59375 0.017578125 0.02099609375
0 0.17529296875 0.431640625 0.005859375 0.0849609375
0 0.17529296875 0.5654296875 0.005859375 0.0849609375
11 0.267578125 0.470703125 0.00830078125 0.0068359375
11 0.267578125 0.53271484375 0.00830078125 0.00732421875
11 0.28369140625 0.4677734375 0.00830078125 0.0068359375
11 0.28369140625 0.529296875 0.00830078125 0.0068359375
12 0.25146484375 0.39599609375 0.0087890625 0.0068359375
11 0.25146484375 0.4677734375 0.00830078125 0.0068359375
11 0.25146484375 0.53857421875 0.00830078125 0.00732421875
12 0.25146484375 0.59228515625 0.0087890625 0.0068359375
11 0.47509765625 0.38671875 0.00830078125 0.0068359375
11 0.47509765625 0.5986328125 0.00830078125 0.0068359375
11 0.49072265625 0.3837890625 0.00830078125 0.0068359375
11 0.4541015625 0.38671875 0.00830078125 0.0068359375
12 0.4541015625 0.45263671875 0.0087890625 0.0068359375
11 0.4541015625 0.53564453125 0.00830078125 0.0068359375
15 0.45361328125 0.59619140625 0.0078125 0.01171875
11 0.49072265625 0.595703125 0.00830078125 0.00732421875
9 0.51806640625 0.5263671875 0.0068359375 0.017578125
12 0.537109375 0.3779296875 0.0087890625 0.0068359375
11 0.537109375 0.45263671875 0.00830078125 0.0068359375
11 0.537109375 0.54150390625 0.00830078125 0.0068359375
12 0.537109375 0.58984375 0.0087890625 0.0068359375
11 0.51171875 0.380859375 0.00830078125 0.00732421875
11 0.51171875 0.53857421875 0.00830078125 0.00732421875
11 0.51171875 0.59228515625 0.00830078125 0.0068359375
8 0.4375 0.54443359375 0.00634765625 0.017578125
11 0.43798828125 0.45556640625 0.00830078125 0.0068359375
11 0.40625 0.46142578125 0.00830078125 0.0068359375
11 0.43798828125 0.53271484375 0.00830078125 0.00732421875
11 0.42236328125 0.45849609375 0.00830078125 0.00732421875
11 0.6455078125 0.88232421875 0.00830078125 0.0068359375
11 0.6455078125 0.9365234375 0.00830078125 0.00732421875
11 0.61865234375 0.88232421875 0.0078125 0.0068359375
11 0.61865234375 0.9423828125 0.0078125 0.0068359375
11 0.6318359375 0.88525390625 0.00830078125 0.0068359375
11 0.6318359375 0.939453125 0.00830078125 0.0068359375
11 0.67236328125 0.93017578125 0.00830078125 0.00732421875
11 0.68603515625 0.92724609375 0.00830078125 0.0068359375
11 0.6591796875 0.7216796875 0.00830078125 0.00732421875
11 0.6591796875 0.78466796875 0.00830078125 0.0068359375
11 0.6591796875 0.87939453125 0.00830078125 0.0068359375
11 0.6591796875 0.93359375 0.00830078125 0.0068359375
8 0.52783203125 0.736328125 0.00634765625 0.017578125
11 0.5419921875 0.9423828125 0.00830078125 0.0068359375
11 0.56884765625 0.88525390625 0.00830078125 0.0068359375
11 0.56884765625 0.93359375 0.00830078125 0.0068359375
11 0.5419921875 0.88525390625 0.00830078125 0.0068359375
12 0.5419921875 0.78466796875 0.0087890625 0.0068359375
11 0.583984375 0.87939453125 0.00830078125 0.0068359375
12 0.60546875 0.71875 0.0087890625 0.0068359375
11 0.55517578125 0.88818359375 0.00830078125 0.00732421875
8 0.52783203125 0.79931640625 0.00634765625 0.017578125
12 0.5419921875 0.7216796875 0.0087890625 0.00732421875
12 0.60546875 0.78173828125 0.0087890625 0.0068359375
11 0.60498046875 0.87939453125 0.00830078125 0.0068359375
11 0.60498046875 0.9453125 0.00830078125 0.0068359375
11 0.796875 0.88525390625 0.00830078125 0.0068359375
11 0.796875 0.79052734375 0.00830078125 0.0068359375
11 0.810546875 0.724609375 0.00830078125 0.0068359375
11 0.810546875 0.78759765625 0.00830078125 0.0068359375
11 0.783203125 0.73046875 0.00830078125 0.0068359375
11 0.783203125 0.79345703125 0.00830078125 0.0068359375
11 0.796875 0.7275390625 0.00830078125 0.0068359375
12 0.71630859375 0.87353515625 0.0087890625 0.00732421875
11 0.71630859375 0.92724609375 0.0078125 0.0068359375
12 0.71630859375 0.79052734375 0.0087890625 0.0068359375
11 0.6953125 0.724609375 0.00830078125 0.0068359375
11 0.6953125 0.78759765625 0.00830078125 0.0068359375
11 0.6953125 0.87646484375 0.00830078125 0.0068359375
8 0.69482421875 0.736328125 0.00634765625 0.017578125
8 0.69482421875 0.79931640625 0.00634765625 0.017578125
8 0.69482421875 0.8876953125 0.00634765625 0.01806640625
12 0.71630859375 0.7275390625 0.0087890625 0.0068359375
11 0.7431640625 0.93359375 0.00830078125 0.0068359375
11 0.75634765625 0.9365234375 0.00830078125 0.00732421875
11 0.77001953125 0.7275390625 0.00830078125 0.0068359375
11 0.77001953125 0.79052734375 0.00830078125 0.0068359375
12 0.77001953125 0.939453125 0.0087890625 0.0068359375
11 0.7294921875 0.93017578125 0.00830078125 0.00732421875
11 0.34619140625 0.7275390625 0.00830078125 0.0068359375
11 0.3330078125 0.73046875 0.00830078125 0.0068359375
11 0.35986328125 0.724609375 0.00830078125 0.0068359375
11 0.35986328125 0.79931640625 0.00830078125 0.00732421875
11 0.35986328125 0.861328125 0.00830078125 0.0068359375
15 0.3193359375 0.7431640625 0.0078125 0.01171875
11 0.3193359375 0.79638671875 0.00830078125 0.0068359375
11 0.3193359375 0.8583984375 0.00830078125 0.0068359375
19 0.31982421875 0.9345703125 0.00830078125 0.00390625
11 0.5283203125 0.78759765625 0.00830078125 0.0068359375
8 0.359375 0.8115234375 0.00634765625 0.017578125
8 0.359375 0.87353515625 0.00634765625 0.017578125
12 0.38037109375 0.7216796875 0.0087890625 0.00732421875
12 0.38037109375 0.79638671875 0.0087890625 0.0068359375
11 0.3798828125 0.8642578125 0.00830078125 0.0068359375
21 0.37890625 0.93505859375 0.00634765625 0.0185546875
1 0.193359375 0.9345703125 0.017578125 0.02099609375
12 0.25146484375 0.7158203125 0.0087890625 0.0068359375
11 0.25146484375 0.79052734375 0.00830078125 0.0068359375
11 0.25146484375 0.87939453125 0.00830078125 0.0068359375
0 0.17529296875 0.7724609375 0.005859375 0.0849609375
0 0.17529296875 0.90673828125 0.005859375 0.0849609375
12 0.25146484375 0.92724609375 0.0087890625 0.0068359375
11 0.30078125 0.79345703125 0.00830078125 0.0068359375
11 0.28466796875 0.8642578125 0.00830078125 0.0068359375
11 0.30078125 0.8583984375 0.00830078125 0.0068359375
8 0.30029296875 0.8056640625 0.00634765625 0.017578125
11 0.26611328125 0.86767578125 0.00830078125 0.0068359375
11 0.49169921875 0.7275390625 0.00830078125 0.0068359375
11 0.49169921875 0.79052734375 0.00830078125 0.0068359375
11 0.49169921875 0.87939453125 0.00830078125 0.0068359375
21 0.49072265625 0.93505859375 0.00634765625 0.0185546875
11 0.4716796875 0.73046875 0.00830078125 0.0068359375
11 0.45947265625 0.87060546875 0.00830078125 0.0068359375
11 0.45947265625 0.93359375 0.00830078125 0.0068359375
11 0.4716796875 0.79345703125 0.00830078125 0.0068359375
11 0.4716796875 0.87646484375 0.00830078125 0.0068359375
8 0.47119140625 0.74267578125 0.00634765625 0.017578125
8 0.47119140625 0.8056640625 0.00634765625 0.017578125
11 0.5185546875 0.88525390625 0.00830078125 0.0068359375
11 0.50537109375 0.88232421875 0.00830078125 0.0068359375
11 0.5185546875 0.939453125 0.00830078125 0.0068359375
11 0.5283203125 0.724609375 0.00830078125 0.0068359375
11 0.4189453125 0.87353515625 0.00830078125 0.00732421875
11 0.4326171875 0.7333984375 0.00830078125 0.0068359375
11 0.4326171875 0.79638671875 0.00830078125 0.0068359375
11 0.4326171875 0.87060546875 0.00830078125 0.0068359375
11 0.4326171875 0.92724609375 0.00830078125 0.0068359375
11 0.3935546875 0.86767578125 0.00830078125 0.0068359375
11 0.4072265625 0.8642578125 0.00830078125 0.0068359375
11 0.4072265625 0.93017578125 0.00830078125 0.00732421875
11 0.44580078125 0.87353515625 0.00830078125 0.00732421875