11 0.6416015625 0.0478515625 0.00830078125 0.0068359375
15 0.6416015625 0.1796875 0.0078125 0.01171875
11 0.6416015625 0.2236328125 0.00830078125 0.0068359375
11 0.60791015625 0.1015625 0.00830078125 0.0068359375
11 0.60791015625 0.1669921875 0.00830078125 0.0068359375
11 0.6240234375 0.05419921875 0.00830078125 0.0068359375
8 0.607421875 0.17919921875 0.00634765625 0.01806640625
8 0.64111328125 0.2353515625 0.00634765625 0.017578125
11 0.65771484375 0.0478515625 0.00830078125 0.0068359375
11 0.6806640625 0.0478515625 0.00830078125 0.0068359375
11 0.6806640625 0.0986328125 0.00830078125 0.00732421875
15 0.6806640625 0.1796875 0.0078125 0.01171875
11 0.6806640625 0.2236328125 0.00830078125 0.0068359375
9 0.53759765625 0.232421875 0.0068359375 0.017578125
11 0.55224609375 0.05712890625 0.00830078125 0.0068359375
11 0.59130859375 0.05126953125 0.00830078125 0.00732421875
11 0.59130859375 0.17578125 0.00830078125 0.00732421875
11 0.56982421875 0.05126953125 0.00830078125 0.00732421875
11 0.56982421875 0.11328125 0.00830078125 0.00732421875
11 0.56982421875 0.1728515625 0.00830078125 0.0068359375
11 0.56982421875 0.2236328125 0.00830078125 0.0068359375
11 0.60791015625 0.05126953125 0.00830078125 0.00732421875
11 0.7978515625 0.17578125 0.00830078125 0.00732421875
11 0.7978515625 0.232421875 0.00830078125 0.0068359375
11 0.7978515625 0.1044921875 0.00830078125 0.0068359375
11 0.77685546875 0.0419921875 0.0078125 0.0068359375
11 0.77685546875 0.1015625 0.0078125 0.0068359375
11 0.7978515625 0.0419921875 0.00830078125 0.0068359375
8 0.7978515625 0.24365234375 0.00634765625 0.01806640625
11 0.71826171875 0.1728515625 0.00830078125 0.0068359375
11 0.69677734375 0.05126953125 0.00830078125 0.00732421875
11 0.71826171875 0.0478515625 0.00830078125 0.0068359375
11 0.71826171875 0.1015625 0.00830078125 0.0068359375
15 0.7578125 0.2333984375 0.0078125 0.01171875
11 0.75830078125 0.17578125 0.00830078125 0.00732421875
11 0.73681640625 0.0419921875 0.00830078125 0.0068359375
8 0.7177734375 0.18505859375 0.00634765625 0.01806640625
11 0.75830078125 0.0419921875 0.00830078125 0.0068359375
11 0.75830078125 0.1044921875 0.00830078125 0.0068359375
11 0.31640625 0.17919921875 0.00830078125 0.0068359375
11 0.31640625 0.11669921875 0.00830078125 0.0068359375
11 0.33251953125 0.18212890625 0.00830078125 0.00732421875
11 0.30029296875 0.11328125 0.00830078125 0.00732421875
11 0.30029296875 0.17578125 0.00830078125 0.00732421875
15 0.31640625 0.06396484375 0.0078125 0.01171875
11 0.3876953125 0.1103515625 0.00830078125 0.0068359375
8 0.34814453125 0.23828125 0.00634765625 0.01806640625
11 0.36474609375 0.17578125 0.00830078125 0.00732421875
11 0.3876953125 0.06005859375 0.00830078125 0.0068359375
11 0.3876953125 0.2294921875 0.00830078125 0.00732421875
11 0.3486328125 0.06005859375 0.00830078125 0.0068359375
11 0.3486328125 0.11328125 0.00830078125 0.00732421875
11 0.3486328125 0.17919921875 0.00830078125 0.0068359375
11 0.3486328125 0.2265625 0.00830078125 0.0068359375
8 0.34814453125 0.07177734375 0.00634765625 0.017578125
1 0.193359375 0.23046875 0.017578125 0.02099609375
0 0.17578125 0.08984375 0.005859375 0.07861328125
0 0.17578125 0.20556640625 0.005859375 0.07861328125
11 0.26708984375 0.107421875 0.00830078125 0.0068359375
11 0.26708984375 0.232421875 0.00830078125 0.0068359375
11 0.2841796875 0.1103515625 0.00830078125 0.0068359375
11 0.2841796875 0.2236328125 0.00830078125 0.0068359375
21 0.25 0.0615234375 0.0068359375 0.0185546875
11 0.25146484375 0.11328125 0.00830078125 0.00732421875
11 0.25146484375 0.17578125 0.00830078125 0.00732421875
11 0.25146484375 0.2236328125 0.00830078125 0.0068359375
11 0.3876953125 0.1728515625 0.00830078125 0.0068359375
11 0.47509765625 0.06005859375 0.00830078125 0.0068359375
11 0.47509765625 0.2353515625 0.00830078125 0.0068359375
11 0.4541015625 0.169921875 0.00830078125 0.0068359375
11 0.4541015625 0.05712890625 0.00830078125 0.0068359375
11 0.4541015625 0.107421875 0.00830078125 0.0068359375
11 0.4541015625 0.232421875 0.00830078125 0.0068359375
11 0.53125 0.1044921875 0.00830078125 0.0068359375
11 0.50830078125 0.05419921875 0.00830078125 0.0068359375
11 0.53125 0.05419921875 0.00830078125 0.0068359375
11 0.53125 0.169921875 0.00830078125 0.0068359375
11 0.53125 0.24462890625 0.00830078125 0.00732421875
11 0.49169921875 0.05419921875 0.00830078125 0.0068359375
11 0.49169921875 0.1044921875 0.00830078125 0.0068359375
11 0.49169921875 0.232421875 0.00830078125 0.0068359375
11 0.404296875 0.06298828125 0.00830078125 0.0068359375
11 0.42138671875 0.05712890625 0.00830078125 0.0068359375
11 0.42138671875 0.11962890625 0.00830078125 0.00732421875
11 0.42138671875 0.18212890625 0.00830078125 0.00732421875
11 0.43798828125 0.05712890625 0.00830078125 0.0068359375
11 0.43798828125 0.2294921875 0.00830078125 0.00732421875
11 0.42138671875 0.2265625 0.00830078125 0.0068359375
11 0.68310546875 0.2978515625 0.00830078125 0.0068359375
11 0.68310546875 0.357421875 0.00830078125 0.0068359375
11 0.68310546875 0.41064453125 0.00830078125 0.00732421875
11 0.65673828125 0.41064453125 0.00830078125 0.00732421875
11 0.65673828125 0.357421875 0.00830078125 0.0068359375
11 0.65673828125 0.30078125 0.00830078125 0.0068359375
11 0.572265625 0.40771484375 0.00830078125 0.0068359375
8 0.57177734375 0.419921875 0.00634765625 0.017578125
11 0.572265625 0.46435546875 0.00830078125 0.0068359375
11 0.572265625 0.3544921875 0.00830078125 0.0068359375
11 0.572265625 0.294921875 0.00830078125 0.00732421875
11 0.55029296875 0.357421875 0.00830078125 0.0068359375
11 0.6298828125 0.3544921875 0.00830078125 0.0068359375
12 0.63037109375 0.46435546875 0.0087890625 0.0068359375
11 0.6298828125 0.40771484375 0.00830078125 0.0068359375
11 0.6298828125 0.294921875 0.00830078125 0.00732421875
11 0.59326171875 0.3544921875 0.00830078125 0.0068359375
11 0.8017578125 0.41357421875 0.00830078125 0.0068359375
11 0.78076171875 0.41357421875 0.00830078125 0.0068359375
11 0.78076171875 0.36328125 0.00830078125 0.00732421875
11 0.7060546875 0.2919921875 0.00830078125 0.0068359375
11 0.7060546875 0.3515625 0.00830078125 0.0068359375
11 0.7060546875 0.41064453125 0.00830078125 0.00732421875
11 0.78076171875 0.30078125 0.00830078125 0.0068359375
11 0.7587890625 0.41650390625 0.00830078125 0.0068359375
11 0.732421875 0.41064453125 0.00830078125 0.00732421875
11 0.732421875 0.36328125 0.00830078125 0.00732421875
11 0.732421875 0.3037109375 0.00830078125 0.0068359375
11 0.32080078125 0.28564453125 0.00830078125 0.0068359375
11 0.34228515625 0.28564453125 0.00830078125 0.0068359375
15 0.34228515625 0.35791015625 0.0078125 0.01171875
11 0.29931640625 0.419921875 0.00830078125 0.0068359375
11 0.29931640625 0.28564453125 0.00830078125 0.0068359375
11 0.27783203125 0.2890625 0.00830078125 0.0068359375
11 0.38671875 0.46142578125 0.00830078125 0.0068359375
11 0.38671875 0.40478515625 0.00830078125 0.00732421875
11 0.38671875 0.34814453125 0.00830078125 0.00732421875
11 0.38671875 0.2890625 0.00830078125 0.0068359375
11 0.36279296875 0.2919921875 0.00830078125 0.0068359375
11 0.34228515625 0.46435546875 0.00830078125 0.0068359375
11 0.34228515625 0.41650390625 0.00830078125 0.0068359375
0 0.17578125 0.44677734375 0.005859375 0.07861328125
0 0.17578125 0.33056640625 0.005859375 0.07861328125
11 0.25146484375 0.41650390625 0.00830078125 0.0068359375
11 0.25146484375 0.47314453125 0.00830078125 0.00732421875
11 0.25146484375 0.34521484375 0.00830078125 0.0068359375
11 0.25146484375 0.28271484375 0.00830078125 0.0068359375
1 0.193359375 0.47119140625 0.017578125 0.02099609375
11 0.4658203125 0.3544921875 0.00830078125 0.0068359375
11 0.4873046875 0.3515625 0.00830078125 0.0068359375
11 0.4873046875 0.47314453125 0.00830078125 0.00732421875
11 0.5302734375 0.47021484375 0.00830078125 0.0068359375
15 0.5302734375 0.42041015625 0.0078125 0.01171875
11 0.5302734375 0.3515625 0.00830078125 0.0068359375
11 0.5302734375 0.2919921875 0.00830078125 0.0068359375
11 0.5087890625 0.3515625 0.00830078125 0.0068359375
11 0.43896484375 0.2919921875 0.00830078125 0.0068359375
11 0.40869140625 0.2890625 0.00830078125 0.0068359375
8 0.38671875 0.3603515625 0.00634765625 0.017578125
11 0.43896484375 0.34814453125 0.00830078125 0.00732421875
11 0.43896484375 0.40478515625 0.00830078125 0.00732421875
11 0.43896484375 0.45849609375 0.00830078125 0.00732421875
11 0.62646484375 0.53564453125 0.00830078125 0.0068359375
11 0.59423828125 0.7138671875 0.00830078125 0.0068359375
11 0.59423828125 0.53857421875 0.00830078125 0.00732421875
11 0.65869140625 0.7109375 0.00830078125 0.0068359375
11 0.65869140625 0.66357421875 0.00830078125 0.0068359375
11 0.62646484375 0.59814453125 0.00830078125 0.0068359375
11 0.62646484375 0.7109375 0.00830078125 0.0068359375
11 0.55712890625 0.7080078125 0.00830078125 0.0068359375
11 0.55712890625 0.66357421875 0.00830078125 0.0068359375
11 0.55712890625 0.58642578125 0.00830078125 0.0068359375
11 0.55712890625 0.53564453125 0.00830078125 0.0068359375
11 0.791015625 0.7138671875 0.00830078125 0.0068359375
11 0.7265625 0.71728515625 0.00830078125 0.0068359375
11 0.69580078125 0.7109375 0.00830078125 0.0068359375
11 0.69580078125 0.66064453125 0.00830078125 0.0068359375
11 0.69580078125 0.58642578125 0.00830078125 0.0068359375
8 0.75830078125 0.53857421875 0.00634765625 0.017578125
11 0.7587890625 0.7138671875 0.00830078125 0.0068359375
11 0.7587890625 0.65771484375 0.00830078125 0.0068359375
11 0.7587890625 0.5888671875 0.00830078125 0.0068359375
11 0.7587890625 0.52685546875 0.00830078125 0.0068359375
11 0.291015625 0.66064453125 0.00830078125 0.0068359375
11 0.291015625 0.54443359375 0.00830078125 0.0068359375
11 0.328125 0.705078125 0.0078125 0.0068359375
11 0.328125 0.65771484375 0.0078125 0.0068359375
11 0.328125 0.54443359375 0.0078125 0.0068359375
0 0.17578125 0.68701171875 0.005859375 0.07861328125
0 0.17578125 0.5712890625 0.005859375 0.07861328125
11 0.25390625 0.705078125 0.00830078125 0.0068359375
11 0.25390625 0.654296875 0.00830078125 0.00732421875
11 0.25390625 0.60693359375 0.00830078125 0.00732421875
11 0.25390625 0.54150390625 0.00830078125 0.0068359375
1 0.193359375 0.7119140625 0.017578125 0.02099609375
11 0.4736328125 0.7080078125 0.00830078125 0.0068359375
11 0.4736328125 0.6513671875 0.00830078125 0.0068359375
11 0.4736328125 0.59521484375 0.00830078125 0.0068359375
11 0.4736328125 0.53857421875 0.00830078125 0.00732421875
11 0.43603515625 0.7109375 0.00830078125 0.0068359375
11 0.43603515625 0.53564453125 0.00830078125 0.0068359375
11 0.50634765625 0.7080078125 0.00830078125 0.0068359375
11 0.50634765625 0.53271484375 0.00830078125 0.0068359375
11 0.39892578125 0.54150390625 0.00830078125 0.0068359375
11 0.39892578125 0.705078125 0.00830078125 0.0068359375
11 0.39892578125 0.654296875 0.00830078125 0.00732421875
11 0.39892578125 0.60400390625 0.00830078125 0.0068359375
11 0.36181640625 0.53857421875 0.0078125 0.00732421875
11 0.5830078125 0.7880859375 0.00830078125 0.00732421875
21 0.6162109375 0.95361328125 0.00634765625 0.01806640625
11 0.6171875 0.9072265625 0.00830078125 0.0068359375
11 0.6171875 0.841796875 0.00830078125 0.0068359375
11 0.6171875 0.78515625 0.00830078125 0.0068359375
11 0.685546875 0.8388671875 0.00830078125 0.0068359375
11 0.6513671875 0.78515625 0.00830078125 0.0068359375
9 0.62353515625 0.82958984375 0.0068359375 0.017578125
11 0.685546875 0.78515625 0.00830078125 0.0068359375
9 0.556640625 0.94873046875 0.0068359375 0.017578125
11 0.787109375 0.7880859375 0.00830078125 0.00732421875
9 0.75927734375 0.95166015625 0.0068359375 0.017578125
11 0.71875 0.79150390625 0.00830078125 0.0068359375
11 0.685546875 0.91015625 0.00830078125 0.0068359375
11 0.7529296875 0.9638671875 0.00830078125 0.0068359375
11 0.7529296875 0.9189453125 0.00830078125 0.00732421875
11 0.7529296875 0.8359375 0.00830078125 0.00732421875
11 0.7529296875 0.7880859375 0.00830078125 0.00732421875
11 0.29052734375 0.9609375 0.00830078125 0.0068359375
8 0.25048828125 0.9072265625 0.00634765625 0.01806640625
8 0.32421875 0.8447265625 0.00634765625 0.01806640625
11 0.25146484375 0.95458984375 0.00830078125 0.0068359375
11 0.32470703125 0.95751953125 0.00830078125 0.0068359375
21 0.32373046875 0.89990234375 0.00634765625 0.01806640625
11 0.32470703125 0.8330078125 0.00830078125 0.0068359375
11 0.32470703125 0.78515625 0.00830078125 0.0068359375
0 0.17578125 0.92822265625 0.005859375 0.07861328125
0 0.17578125 0.81201171875 0.005859375 0.07861328125
11 0.25146484375 0.89501953125 0.00830078125 0.0068359375
15 0.2509765625 0.83935546875 0.0078125 0.01171875
11 0.25146484375 0.7705078125 0.00830078125 0.0068359375
1 0.193359375 0.95263671875 0.017578125 0.02099609375
11 0.4619140625 0.88623046875 0.00830078125 0.0068359375
11 0.4619140625 0.95166015625 0.00830078125 0.00732421875
11 0.4619140625 0.8388671875 0.00830078125 0.0068359375
11 0.4619140625 0.7822265625 0.00830078125 0.0068359375
11 0.55029296875 0.9609375 0.00830078125 0.0068359375
11 0.55029296875 0.892578125 0.00830078125 0.0068359375
15 0.5498046875 0.83935546875 0.0078125 0.01171875
11 0.55029296875 0.7822265625 0.00830078125 0.0068359375
11 0.49609375 0.94873046875 0.00830078125 0.0068359375
11 0.427734375 0.95458984375 0.0078125 0.0068359375
8 0.46142578125 0.8984375 0.00634765625 0.017578125
11 0.3935546875 0.8359375 0.00830078125 0.00732421875
11 0.3935546875 0.78515625 0.00830078125 0.0068359375
11 0.359375 0.95458984375 0.00830078125 0.0068359375
11 0.359375 0.7880859375 0.00830078125 0.00732421875
11 0.3935546875 0.95166015625 0.00830078125 0.00732421875