11 0.650390625 0.2275390625 0.00634765625 0.00537109375
11 0.650390625 0.0537109375 0.00634765625 0.00537109375
11 0.640625 0.22509765625 0.00634765625 0.00537109375
11 0.640625 0.1015625 0.00634765625 0.00537109375
11 0.640625 0.05126953125 0.00634765625 0.00537109375
11 0.630859375 0.22314453125 0.00634765625 0.00537109375
11 0.56494140625 0.0400390625 0.00634765625 0.00537109375
11 0.630859375 0.048828125 0.00634765625 0.00537109375
11 0.666015625 0.2275390625 0.00634765625 0.00537109375
11 0.640625 0.3876953125 0.00634765625 0.00537109375
11 0.640625 0.328125 0.00634765625 0.00537109375
11 0.640625 0.28466796875 0.00634765625 0.00537109375
11 0.68017578125 0.380859375 0.00634765625 0.00537109375
11 0.68017578125 0.3330078125 0.00634765625 0.00537109375
11 0.68017578125 0.287109375 0.00634765625 0.00537109375
11 0.68017578125 0.22998046875 0.00634765625 0.00537109375
11 0.68017578125 0.10400390625 0.00634765625 0.00537109375
11 0.68017578125 0.05615234375 0.00634765625 0.00537109375
11 0.666015625 0.39697265625 0.00634765625 0.00537109375
11 0.666015625 0.3330078125 0.00634765625 0.00537109375
11 0.666015625 0.28466796875 0.00634765625 0.00537109375
11 0.666015625 0.1015625 0.00634765625 0.00537109375
11 0.666015625 0.0537109375 0.00634765625 0.00537109375
11 0.56494140625 0.38525390625 0.00634765625 0.00537109375
11 0.56494140625 0.2138671875 0.00634765625 0.00537109375
11 0.56494140625 0.2822265625 0.00634765625 0.00537109375
11 0.56494140625 0.326171875 0.00634765625 0.00537109375
11 0.583984375 0.0400390625 0.00634765625 0.00537109375
11 0.583984375 0.3740234375 0.00634765625 0.00537109375
11 0.583984375 0.3193359375 0.00634765625 0.00537109375
11 0.583984375 0.27587890625 0.00634765625 0.00537109375
11 0.583984375 0.2138671875 0.00634765625 0.00537109375
11 0.583984375 0.09228515625 0.00634765625 0.00537109375
11 0.62109375 0.32373046875 0.00634765625 0.00537109375
11 0.62109375 0.37158203125 0.00634765625 0.00537109375
11 0.62109375 0.27783203125 0.00634765625 0.00537109375
11 0.62109375 0.220703125 0.00634765625 0.00537109375
11 0.62109375 0.0947265625 0.00634765625 0.00537109375
11 0.62109375 0.046875 0.00634765625 0.00537109375
11 0.59716796875 0.39013671875 0.00634765625 0.00537109375
11 0.59716796875 0.3193359375 0.00634765625 0.00537109375
11 0.59716796875 0.27587890625 0.00634765625 0.00537109375
11 0.59716796875 0.21630859375 0.00634765625 0.00537109375
11 0.59716796875 0.09228515625 0.00634765625 0.00537109375
11 0.59716796875 0.0419921875 0.00634765625 0.00537109375
11 0.60693359375 0.21826171875 0.00634765625 0.00537109375
11 0.60693359375 0.04443359375 0.00634765625 0.00537109375
11 0.56494140625 0.09912109375 0.00634765625 0.00537109375
11 0.81005859375 0.37646484375 0.00634765625 0.00537109375
11 0.81005859375 0.3330078125 0.00634765625 0.00537109375
11 0.794921875 0.2685546875 0.00634765625 0.00537109375
11 0.794921875 0.21630859375 0.00634765625 0.00537109375
11 0.794921875 0.0859375 0.00634765625 0.00537109375
11 0.794921875 0.0419921875 0.00634765625 0.00537109375
11 0.80322265625 0.27099609375 0.00634765625 0.00537109375
11 0.80322265625 0.21826171875 0.00634765625 0.00537109375
11 0.80322265625 0.087890625 0.00634765625 0.00537109375
11 0.80322265625 0.04443359375 0.00634765625 0.00537109375
22 0.54541015625 0.15087890625 0.00634765625 0.0029296875
22 0.3369140625 0.0458984375 0.00634765625 0.0029296875
22 0.3369140625 0.09814453125 0.00634765625 0.0029296875
22 0.6171875 0.15087890625 0.00634765625 0.0029296875
22 0.4736328125 0.15087890625 0.00634765625 0.0029296875
22 0.69873046875 0.15087890625 0.00634765625 0.0029296875
11 0.7333984375 0.3740234375 0.00634765625 0.00537109375
11 0.7236328125 0.37646484375 0.00634765625 0.00537109375
11 0.7138671875 0.37841796875 0.00634765625 0.00537109375
9 0.75048828125 0.08251953125 0.0068359375 0.01220703125
9 0.75048828125 0.03857421875 0.0068359375 0.01220703125
11 0.74755859375 0.2734375 0.00439453125 0.00390625
11 0.74755859375 0.220703125 0.00439453125 0.00390625
11 0.74755859375 0.09033203125 0.00439453125 0.00390625
11 0.74755859375 0.046875 0.00439453125 0.00390625
11 0.6943359375 0.38330078125 0.00634765625 0.00537109375
11 0.7041015625 0.380859375 0.00634765625 0.00537109375
21 0.703125 0.3271484375 0.0048828125 0.01416015625
21 0.703125 0.2744140625 0.0048828125 0.01416015625
21 0.703125 0.2216796875 0.0048828125 0.01416015625
21 0.703125 0.1005859375 0.0048828125 0.01416015625
21 0.703125 0.0478515625 0.0048828125 0.01416015625
11 0.77197265625 0.38330078125 0.00634765625 0.00537109375
11 0.77197265625 0.3330078125 0.00634765625 0.00537109375
11 0.7861328125 0.380859375 0.00634765625 0.00537109375
11 0.7861328125 0.3330078125 0.00634765625 0.00537109375
11 0.7861328125 0.2666015625 0.00634765625 0.00537109375
11 0.7861328125 0.2138671875 0.00634765625 0.00537109375
11 0.7861328125 0.08349609375 0.00634765625 0.00537109375
11 0.7861328125 0.0400390625 0.00634765625 0.00537109375
9 0.75048828125 0.26513671875 0.0068359375 0.01220703125
9 0.75048828125 0.21240234375 0.0068359375 0.01220703125
11 0.75830078125 0.03759765625 0.00634765625 0.00537109375
11 0.75830078125 0.37158203125 0.00634765625 0.00537109375
11 0.75830078125 0.3330078125 0.00634765625 0.00537109375
11 0.75830078125 0.26416015625 0.00634765625 0.00537109375
11 0.75830078125 0.21142578125 0.00634765625 0.00537109375
11 0.75830078125 0.0810546875 0.00634765625 0.00537109375
11 0.32958984375 0.15185546875 0.00634765625 0.00537109375
11 0.32275390625 0.3740234375 0.00634765625 0.00537109375
11 0.294921875 0.23193359375 0.00634765625 0.00537109375
11 0.294921875 0.15625 0.00634765625 0.00537109375
8 0.2802734375 0.380859375 0.0048828125 0.013671875
9 0.28515625 0.32373046875 0.00537109375 0.01318359375
9 0.28515625 0.2685546875 0.00537109375 0.013671875
11 0.33935546875 0.14990234375 0.00634765625 0.00537109375
11 0.31005859375 0.36962890625 0.00634765625 0.00537109375
11 0.31005859375 0.326171875 0.00634765625 0.00537109375
11 0.31005859375 0.2822265625 0.00634765625 0.00537109375
11 0.31005859375 0.234375 0.00634765625 0.00537109375
11 0.31005859375 0.154296875 0.00634765625 0.00537109375
11 0.37939453125 0.380859375 0.00634765625 0.00537109375
11 0.37939453125 0.3212890625 0.00634765625 0.00537109375
11 0.37939453125 0.27783203125 0.00634765625 0.00537109375
11 0.37939453125 0.21826171875 0.00634765625 0.00537109375
11 0.33935546875 0.37158203125 0.00634765625 0.00537109375
21 0.33837890625 0.3271484375 0.0048828125 0.01416015625
21 0.33837890625 0.2744140625 0.0048828125 0.01416015625
21 0.33837890625 0.2216796875 0.0048828125 0.01416015625
11 0.37939453125 0.154296875 0.00634765625 0.00537109375
11 0.37939453125 0.0947265625 0.00634765625 0.00537109375
11 0.37939453125 0.04443359375 0.00634765625 0.00537109375
11 0.36669921875 0.15185546875 0.00634765625 0.00537109375
11 0.35888671875 0.154296875 0.00634765625 0.00537109375
11 0.35205078125 0.3876953125 0.005859375 0.00537109375
11 0.2216796875 0.2275390625 0.005859375 0.00537109375
11 0.2216796875 0.37158203125 0.005859375 0.00537109375
11 0.2216796875 0.3330078125 0.005859375 0.00537109375
11 0.2216796875 0.28466796875 0.005859375 0.00537109375
11 0.2216796875 0.140625 0.005859375 0.00537109375
1 0.18994140625 0.37939453125 0.01318359375 0.01611328125
11 0.23095703125 0.23193359375 0.00634765625 0.00537109375
11 0.23095703125 0.14306640625 0.00634765625 0.00537109375
22 0.77880859375 0.15087890625 0.00634765625 0.0029296875
22 0.255859375 0.09814453125 0.00634765625 0.0029296875
22 0.255859375 0.0458984375 0.00634765625 0.0029296875
10 0.1904296875 0.2744140625 0.0126953125 0.03515625
10 0.1904296875 0.2216796875 0.0126953125 0.03515625
1 0.18994140625 0.15283203125 0.01318359375 0.01611328125
10 0.1904296875 0.1005859375 0.0126953125 0.03515625
10 0.1904296875 0.0478515625 0.0126953125 0.03515625
15 0.2607421875 0.38134765625 0.005859375 0.0087890625
15 0.2607421875 0.32861328125 0.005859375 0.0087890625
15 0.2607421875 0.2763671875 0.005859375 0.0087890625
11 0.2802734375 0.37158203125 0.00634765625 0.00537109375
11 0.2802734375 0.3330078125 0.00634765625 0.00537109375
11 0.2802734375 0.27783203125 0.00634765625 0.00537109375
11 0.2802734375 0.22998046875 0.00634765625 0.00537109375
11 0.2802734375 0.154296875 0.00634765625 0.00537109375
11 0.2607421875 0.22509765625 0.00634765625 0.00537109375
11 0.2705078125 0.2275390625 0.00634765625 0.00537109375
11 0.2705078125 0.15185546875 0.00634765625 0.00537109375
11 0.24072265625 0.3876953125 0.00634765625 0.00537109375
11 0.24072265625 0.3330078125 0.00634765625 0.00537109375
11 0.24072265625 0.287109375 0.00634765625 0.00537109375
11 0.24072265625 0.22998046875 0.00634765625 0.00537109375
11 0.24072265625 0.14501953125 0.00634765625 0.00537109375
11 0.2509765625 0.1474609375 0.00634765625 0.00537109375
11 0.2607421875 0.14990234375 0.00634765625 0.00537109375
11 0.2509765625 0.22314453125 0.00634765625 0.00537109375
11 0.4931640625 0.39697265625 0.00634765625 0.00537109375
11 0.4931640625 0.326171875 0.00634765625 0.00537109375
11 0.4931640625 0.2802734375 0.00634765625 0.00537109375
11 0.4931640625 0.22314453125 0.00634765625 0.00537109375
11 0.4931640625 0.09716796875 0.00634765625 0.00537109375
11 0.52294921875 0.2802734375 0.00634765625 0.00537109375
11 0.52294921875 0.22314453125 0.00634765625 0.00537109375
11 0.52294921875 0.09716796875 0.00634765625 0.00537109375
11 0.52294921875 0.048828125 0.00634765625 0.00537109375
11 0.509765625 0.048828125 0.00634765625 0.00537109375
11 0.4931640625 0.048828125 0.00634765625 0.00537109375
11 0.50146484375 0.046875 0.00634765625 0.00537109375
11 0.47998046875 0.380859375 0.00634765625 0.00537109375
11 0.47998046875 0.3193359375 0.00634765625 0.00537109375
11 0.47998046875 0.27099609375 0.00634765625 0.00537109375
11 0.47998046875 0.20703125 0.00634765625 0.00537109375
11 0.47998046875 0.087890625 0.00634765625 0.00537109375
11 0.47998046875 0.033203125 0.00634765625 0.00537109375
11 0.46923828125 0.21826171875 0.00634765625 0.00537109375
11 0.46923828125 0.04443359375 0.00634765625 0.00537109375
11 0.52294921875 0.326171875 0.00634765625 0.00537109375
11 0.53662109375 0.326171875 0.00634765625 0.00537109375
11 0.53662109375 0.39697265625 0.00634765625 0.00537109375
11 0.53662109375 0.2822265625 0.00634765625 0.00537109375
11 0.53662109375 0.22509765625 0.00634765625 0.00537109375
11 0.53662109375 0.09912109375 0.00634765625 0.00537109375
11 0.53662109375 0.05126953125 0.00634765625 0.00537109375
11 0.55078125 0.36962890625 0.00634765625 0.00537109375
11 0.55078125 0.326171875 0.00634765625 0.00537109375
11 0.55078125 0.2822265625 0.00634765625 0.00537109375
11 0.55078125 0.21826171875 0.00634765625 0.00537109375
11 0.55078125 0.09912109375 0.00634765625 0.00537109375
11 0.55078125 0.04443359375 0.00634765625 0.00537109375
11 0.52294921875 0.380859375 0.00634765625 0.00537109375
11 0.40673828125 0.22509765625 0.00634765625 0.00537109375
11 0.40673828125 0.2822265625 0.00634765625 0.00537109375
11 0.40673828125 0.326171875 0.00634765625 0.00537109375
11 0.40673828125 0.380859375 0.00634765625 0.00537109375
11 0.41943359375 0.39697265625 0.00634765625 0.00537109375
11 0.43994140625 0.27099609375 0.00634765625 0.00537109375
11 0.43994140625 0.380859375 0.00634765625 0.00537109375
11 0.43994140625 0.31689453125 0.00634765625 0.00537109375
21 0.40625 0.1533203125 0.0048828125 0.01416015625
11 0.43994140625 0.21142578125 0.00634765625 0.00537109375
11 0.43994140625 0.087890625 0.00634765625 0.00537109375
11 0.43994140625 0.03759765625 0.00634765625 0.00537109375
11 0.45947265625 0.39697265625 0.00634765625 0.00537109375
11 0.45947265625 0.3212890625 0.00634765625 0.00537109375
11 0.39208984375 0.39697265625 0.00634765625 0.00537109375
11 0.45947265625 0.27783203125 0.00634765625 0.00537109375
11 0.45947265625 0.21630859375 0.00634765625 0.00537109375
11 0.40673828125 0.09912109375 0.00634765625 0.00537109375
11 0.45947265625 0.0947265625 0.00634765625 0.00537109375
11 0.40673828125 0.05126953125 0.00634765625 0.00537109375
11 0.45947265625 0.0419921875 0.00634765625 0.00537109375
11 0.44970703125 0.2138671875 0.00634765625 0.00537109375
11 0.44970703125 0.0400390625 0.00634765625 0.00537109375
11 0.63134765625 0.75732421875 0.00634765625 0.00537109375
11 0.62060546875 0.7548828125 0.00634765625 0.00537109375
11 0.62060546875 0.5810546875 0.00634765625 0.00537109375
11 0.63134765625 0.90380859375 0.00634765625 0.00537109375
11 0.63134765625 0.853515625 0.00634765625 0.00537109375
11 0.63134765625 0.8056640625 0.00634765625 0.00537109375
11 0.63134765625 0.6220703125 0.00634765625 0.00537109375
11 0.63134765625 0.58349609375 0.00634765625 0.00537109375
15 0.61083984375 0.90673828125 0.005859375 0.0087890625
15 0.61083984375 0.85400390625 0.005859375 0.0087890625
15 0.61083984375 0.80126953125 0.005859375 0.0087890625
11 0.611328125 0.75048828125 0.00634765625 0.00537109375
15 0.61083984375 0.62744140625 0.005859375 0.0087890625
11 0.611328125 0.57666015625 0.00634765625 0.00537109375
11 0.66162109375 0.57666015625 0.00634765625 0.00537109375
11 0.66162109375 0.6201171875 0.00634765625 0.00537109375
11 0.66162109375 0.74365234375 0.00634765625 0.00537109375
9 0.65673828125 0.5615234375 0.0068359375 0.01220703125
11 0.66162109375 0.80322265625 0.00634765625 0.00537109375
11 0.65380859375 0.56982421875 0.00439453125 0.00390625
11 0.66162109375 0.85791015625 0.00634765625 0.00537109375
9 0.63623046875 0.79638671875 0.00537109375 0.01318359375
11 0.66162109375 0.9013671875 0.00634765625 0.00537109375
11 0.6416015625 0.759765625 0.00634765625 0.00537109375
11 0.6416015625 0.5859375 0.00634765625 0.00537109375
8 0.630859375 0.9130859375 0.0048828125 0.013671875
8 0.630859375 0.63134765625 0.0048828125 0.013671875
8 0.630859375 0.86181640625 0.0048828125 0.013671875
11 0.56884765625 0.7529296875 0.00634765625 0.00537109375
11 0.56884765625 0.6220703125 0.00634765625 0.00537109375
11 0.56884765625 0.57861328125 0.00634765625 0.00537109375
11 0.56884765625 0.8056640625 0.00634765625 0.00537109375
11 0.548828125 0.75048828125 0.00634765625 0.00537109375
11 0.548828125 0.57666015625 0.00634765625 0.00537109375
9 0.54296875 0.9013671875 0.00537109375 0.013671875
11 0.56884765625 0.908203125 0.00634765625 0.00537109375
11 0.56884765625 0.84912109375 0.00634765625 0.00537109375
11 0.5380859375 0.85107421875 0.00634765625 0.00537109375
11 0.5380859375 0.8056640625 0.00634765625 0.00537109375
11 0.5380859375 0.748046875 0.00634765625 0.00537109375
11 0.5380859375 0.6220703125 0.00634765625 0.00537109375
11 0.5380859375 0.57421875 0.00634765625 0.00537109375
11 0.5380859375 0.91064453125 0.00634765625 0.00537109375
11 0.52783203125 0.74609375 0.00634765625 0.00537109375
11 0.52783203125 0.57177734375 0.00634765625 0.00537109375
8 0.5380859375 0.8603515625 0.0048828125 0.013671875
9 0.54296875 0.79638671875 0.00537109375 0.01318359375
8 0.5380859375 0.63134765625 0.0048828125 0.013671875
11 0.5888671875 0.90625 0.00634765625 0.00537109375
11 0.5888671875 0.85791015625 0.00634765625 0.00537109375
11 0.5888671875 0.8076171875 0.00634765625 0.00537109375
11 0.5888671875 0.7548828125 0.00634765625 0.00537109375
11 0.5888671875 0.62451171875 0.00634765625 0.00537109375
11 0.5888671875 0.5810546875 0.00634765625 0.00537109375
11 0.6005859375 0.748046875 0.00634765625 0.00537109375
11 0.6005859375 0.57421875 0.00634765625 0.00537109375
11 0.57861328125 0.75732421875 0.00634765625 0.00537109375
11 0.57861328125 0.58349609375 0.00634765625 0.00537109375
11 0.8115234375 0.90380859375 0.00634765625 0.00537109375
21 0.779296875 0.7998046875 0.0048828125 0.01416015625
11 0.7802734375 0.89697265625 0.00634765625 0.00537109375
21 0.779296875 0.8525390625 0.0048828125 0.01416015625
21 0.779296875 0.7470703125 0.0048828125 0.01416015625
21 0.779296875 0.62548828125 0.0048828125 0.01416015625
21 0.779296875 0.5732421875 0.0048828125 0.01416015625
11 0.76611328125 0.89013671875 0.00634765625 0.00537109375
11 0.80126953125 0.9013671875 0.00634765625 0.00537109375
11 0.79052734375 0.8994140625 0.00634765625 0.00537109375
22 0.33740234375 0.67626953125 0.00634765625 0.0029296875
22 0.4208984375 0.67626953125 0.00634765625 0.0029296875
22 0.6025390625 0.67626953125 0.00634765625 0.0029296875
22 0.6953125 0.67626953125 0.00634765625 0.0029296875
22 0.51025390625 0.67626953125 0.00634765625 0.0029296875
11 0.7236328125 0.9130859375 0.00634765625 0.00537109375
11 0.7236328125 0.84423828125 0.00634765625 0.00537109375
11 0.7236328125 0.79833984375 0.00634765625 0.00537109375
11 0.7236328125 0.7412109375 0.00634765625 0.00537109375
11 0.7236328125 0.61572265625 0.00634765625 0.00537109375
11 0.7236328125 0.5673828125 0.00634765625 0.00537109375
11 0.712890625 0.7392578125 0.00634765625 0.00537109375
11 0.712890625 0.56494140625 0.00634765625 0.00537109375
11 0.677734375 0.90625 0.00634765625 0.00537109375
11 0.677734375 0.8466796875 0.00634765625 0.00537109375
11 0.677734375 0.79638671875 0.00634765625 0.00537109375
11 0.677734375 0.61328125 0.00634765625 0.00537109375
11 0.70166015625 0.89697265625 0.00634765625 0.00537109375
11 0.70166015625 0.84912109375 0.00634765625 0.00537109375
11 0.70166015625 0.79638671875 0.00634765625 0.00537109375
11 0.70166015625 0.75048828125 0.00634765625 0.00537109375
11 0.70166015625 0.61328125 0.00634765625 0.00537109375
11 0.70166015625 0.57666015625 0.00634765625 0.00537109375
11 0.693359375 0.748046875 0.00634765625 0.00537109375
11 0.68505859375 0.75048828125 0.00634765625 0.00537109375
11 0.74951171875 0.90625 0.00634765625 0.00537109375
11 0.74951171875 0.8466796875 0.00634765625 0.00537109375
11 0.74951171875 0.80322265625 0.00634765625 0.00537109375
11 0.74951171875 0.74365234375 0.00634765625 0.00537109375
11 0.74951171875 0.6201171875 0.00634765625 0.00537109375
11 0.74951171875 0.56982421875 0.00634765625 0.00537109375
11 0.734375 0.74365234375 0.00634765625 0.00537109375
11 0.734375 0.56982421875 0.00634765625 0.00537109375
11 0.3134765625 0.90625 0.00634765625 0.00537109375
11 0.3134765625 0.8466796875 0.00634765625 0.00537109375
11 0.3134765625 0.787109375 0.00634765625 0.00537109375
11 0.3134765625 0.734375 0.00634765625 0.00537109375
11 0.3134765625 0.6201171875 0.00634765625 0.00537109375
11 0.3134765625 0.560546875 0.00634765625 0.00537109375
11 0.328125 0.85107421875 0.00634765625 0.00537109375
9 0.3056640625 0.5654296875 0.0068359375 0.01220703125
11 0.30224609375 0.80078125 0.00439453125 0.00390625
11 0.30224609375 0.748046875 0.00439453125 0.00390625
11 0.30224609375 0.6337890625 0.00439453125 0.00390625
11 0.30224609375 0.57421875 0.00439453125 0.00390625
11 0.287109375 0.90625 0.00634765625 0.00537109375
11 0.287109375 0.86279296875 0.00634765625 0.00537109375
9 0.3056640625 0.7919921875 0.0068359375 0.01220703125
9 0.3056640625 0.7392578125 0.0068359375 0.01220703125
11 0.328125 0.91064453125 0.00634765625 0.00537109375
9 0.3056640625 0.62451171875 0.0068359375 0.01220703125
11 0.35986328125 0.626953125 0.00634765625 0.00537109375
11 0.35986328125 0.5673828125 0.00634765625 0.00537109375
11 0.35986328125 0.7412109375 0.00634765625 0.00537109375
11 0.35205078125 0.79150390625 0.00634765625 0.00537109375
11 0.35205078125 0.7392578125 0.00634765625 0.00537109375
11 0.35205078125 0.62451171875 0.00634765625 0.00537109375
11 0.35986328125 0.7939453125 0.00634765625 0.00537109375
11 0.34375 0.90380859375 0.00634765625 0.00537109375
11 0.34375 0.85595703125 0.00634765625 0.00537109375
11 0.34375 0.78955078125 0.00634765625 0.00537109375
11 0.34375 0.73681640625 0.00634765625 0.00537109375
11 0.34375 0.6220703125 0.00634765625 0.00537109375
11 0.34375 0.56298828125 0.00634765625 0.00537109375
11 0.35205078125 0.56494140625 0.00634765625 0.00537109375
11 0.22265625 0.74609375 0.00439453125 0.00390625
9 0.2255859375 0.60791015625 0.00732421875 0.01220703125
9 0.2255859375 0.5634765625 0.00732421875 0.01220703125
11 0.22265625 0.79833984375 0.00439453125 0.00390625
11 0.22265625 0.615234375 0.00439453125 0.00390625
11 0.22265625 0.57177734375 0.00439453125 0.00390625
1 0.18994140625 0.90478515625 0.01318359375 0.01611328125
9 0.2255859375 0.7900390625 0.00732421875 0.01220703125
11 0.23046875 0.89697265625 0.00634765625 0.00537109375
11 0.23046875 0.85791015625 0.00634765625 0.00537109375
11 0.23046875 0.8056640625 0.00634765625 0.00537109375
11 0.23046875 0.7529296875 0.00634765625 0.00537109375
11 0.23046875 0.6220703125 0.00634765625 0.00537109375
11 0.23046875 0.57861328125 0.00634765625 0.00537109375
9 0.2255859375 0.73779296875 0.00732421875 0.01220703125
22 0.7802734375 0.67626953125 0.00634765625 0.0029296875
22 0.25341796875 0.67626953125 0.00634765625 0.0029296875
10 0.1904296875 0.7998046875 0.0126953125 0.03515625
10 0.1904296875 0.7470703125 0.0126953125 0.03515625
1 0.18994140625 0.67822265625 0.01318359375 0.01611328125
10 0.1904296875 0.62548828125 0.0126953125 0.03515625
10 0.1904296875 0.5732421875 0.0126953125 0.03515625
11 0.2724609375 0.57177734375 0.00634765625 0.00537109375
11 0.2724609375 0.89013671875 0.00634765625 0.00537109375
11 0.2724609375 0.85791015625 0.00634765625 0.00537109375
11 0.2724609375 0.79833984375 0.00634765625 0.00537109375
11 0.2724609375 0.74609375 0.00634765625 0.00537109375
11 0.2724609375 0.61572265625 0.00634765625 0.00537109375
9 0.25927734375 0.79833984375 0.0068359375 0.01220703125
9 0.25927734375 0.74560546875 0.0068359375 0.01220703125
11 0.24560546875 0.85791015625 0.00634765625 0.00537109375
11 0.24560546875 0.892578125 0.00634765625 0.00537109375
9 0.25927734375 0.6162109375 0.0068359375 0.01220703125
9 0.25927734375 0.57177734375 0.0068359375 0.01220703125
11 0.25634765625 0.8076171875 0.00439453125 0.00390625
11 0.25634765625 0.7548828125 0.00439453125 0.00390625
11 0.25634765625 0.62451171875 0.00439453125 0.00390625
11 0.25634765625 0.5810546875 0.00439453125 0.00390625
11 0.451171875 0.85791015625 0.00634765625 0.00537109375
11 0.451171875 0.90380859375 0.00634765625 0.00537109375
11 0.47216796875 0.89697265625 0.00634765625 0.00537109375
11 0.47216796875 0.86474609375 0.00634765625 0.00537109375
11 0.47216796875 0.79638671875 0.00634765625 0.00537109375
11 0.47216796875 0.74365234375 0.00634765625 0.00537109375
11 0.47216796875 0.61328125 0.00634765625 0.00537109375
11 0.47216796875 0.56982421875 0.00634765625 0.00537109375
11 0.5078125 0.7392578125 0.00634765625 0.00537109375
11 0.51806640625 0.5673828125 0.00634765625 0.00537109375
15 0.51806640625 0.62744140625 0.005859375 0.0087890625
11 0.5078125 0.56494140625 0.00634765625 0.00537109375
15 0.51806640625 0.90673828125 0.005859375 0.0087890625
15 0.51806640625 0.85400390625 0.005859375 0.0087890625
15 0.51806640625 0.80126953125 0.005859375 0.0087890625
11 0.51806640625 0.7412109375 0.00634765625 0.00537109375
11 0.49609375 0.9130859375 0.00634765625 0.00537109375
11 0.49609375 0.84912109375 0.00634765625 0.00537109375
11 0.49609375 0.79833984375 0.00634765625 0.00537109375
11 0.49609375 0.74609375 0.00634765625 0.00537109375
11 0.49609375 0.61572265625 0.00634765625 0.00537109375
11 0.49609375 0.57177734375 0.00634765625 0.00537109375
11 0.4814453125 0.748046875 0.00634765625 0.00537109375
11 0.4814453125 0.57421875 0.00634765625 0.00537109375
11 0.39404296875 0.57666015625 0.00634765625 0.00537109375
11 0.39404296875 0.89453125 0.00634765625 0.00537109375
11 0.39404296875 0.85595703125 0.00634765625 0.00537109375
11 0.39404296875 0.80322265625 0.00634765625 0.00537109375
11 0.39404296875 0.75048828125 0.00634765625 0.00537109375
11 0.39404296875 0.6201171875 0.00634765625 0.00537109375
9 0.3896484375 0.5615234375 0.0068359375 0.01220703125
11 0.38671875 0.79638671875 0.00439453125 0.00390625
9 0.3896484375 0.73583984375 0.0068359375 0.01220703125
9 0.3896484375 0.60595703125 0.0068359375 0.01220703125
9 0.3896484375 0.78857421875 0.0068359375 0.01220703125
11 0.36767578125 0.85595703125 0.00634765625 0.00537109375
9 0.42333984375 0.7958984375 0.0068359375 0.01220703125
9 0.42333984375 0.74365234375 0.0068359375 0.01220703125
11 0.36767578125 0.8994140625 0.00634765625 0.00537109375
9 0.42333984375 0.6142578125 0.0068359375 0.01220703125
11 0.40966796875 0.85595703125 0.00634765625 0.00537109375
11 0.4365234375 0.8876953125 0.00634765625 0.00537109375
11 0.4365234375 0.85595703125 0.00634765625 0.00537109375
11 0.4365234375 0.79638671875 0.00634765625 0.00537109375
11 0.4365234375 0.74365234375 0.00634765625 0.00537109375
11 0.4365234375 0.61328125 0.00634765625 0.00537109375
11 0.4365234375 0.56982421875 0.00634765625 0.00537109375
11 0.42041015625 0.57861328125 0.00439453125 0.00390625
11 0.38671875 0.61328125 0.00439453125 0.00390625
11 0.38671875 0.56982421875 0.00439453125 0.00390625
9 0.42333984375 0.5693359375 0.0068359375 0.01220703125
11 0.38671875 0.74365234375 0.00439453125 0.00390625
11 0.42041015625 0.6220703125 0.00439453125 0.00390625
11 0.42041015625 0.8056640625 0.00439453125 0.00390625
11 0.40966796875 0.89013671875 0.00634765625 0.00537109375
11 0.42041015625 0.7529296875 0.00439453125 0.00390625