11 0.62158203125 0.1171875 0.00830078125 0.0068359375
11 0.62158203125 0.197265625 0.00830078125 0.0068359375
11 0.62158203125 0.44384765625 0.00830078125 0.00732421875
11 0.62158203125 0.740234375 0.00830078125 0.0068359375
11 0.658203125 0.123046875 0.00830078125 0.00732421875
11 0.658203125 0.74658203125 0.00830078125 0.0068359375
11 0.658203125 0.44384765625 0.00830078125 0.00732421875
11 0.658203125 0.197265625 0.00830078125 0.0068359375
11 0.642578125 0.44384765625 0.00830078125 0.00732421875
21 0.64111328125 0.3828125 0.00634765625 0.0185546875
11 0.642578125 0.271484375 0.00830078125 0.0068359375
11 0.642578125 0.2001953125 0.00830078125 0.0068359375
11 0.642578125 0.1201171875 0.00830078125 0.0068359375
11 0.642578125 0.7021484375 0.00830078125 0.0068359375
11 0.642578125 0.82958984375 0.00830078125 0.0068359375
11 0.642578125 0.74365234375 0.00830078125 0.0068359375
11 0.56787109375 0.82958984375 0.00830078125 0.0068359375
11 0.56787109375 0.74365234375 0.00830078125 0.0068359375
21 0.56689453125 0.4453125 0.00634765625 0.01806640625
21 0.56689453125 0.3828125 0.00634765625 0.0185546875
11 0.56787109375 0.259765625 0.00830078125 0.0068359375
11 0.56787109375 0.2001953125 0.00830078125 0.0068359375
11 0.56787109375 0.1201171875 0.00830078125 0.0068359375
11 0.55224609375 0.740234375 0.00830078125 0.0068359375
11 0.55224609375 0.44384765625 0.00830078125 0.00732421875
11 0.55224609375 0.2626953125 0.00830078125 0.0068359375
11 0.55224609375 0.197265625 0.00830078125 0.0068359375
11 0.55224609375 0.1171875 0.00830078125 0.0068359375
11 0.58349609375 0.74658203125 0.0078125 0.0068359375
11 0.58349609375 0.197265625 0.0078125 0.0068359375
11 0.58349609375 0.123046875 0.0078125 0.00732421875
21 0.60498046875 0.8193359375 0.00634765625 0.0185546875
11 0.60595703125 0.7373046875 0.00830078125 0.0068359375
11 0.60595703125 0.7021484375 0.00830078125 0.0068359375
11 0.60595703125 0.44384765625 0.00830078125 0.00732421875
11 0.60595703125 0.39013671875 0.00830078125 0.0068359375
11 0.60595703125 0.265625 0.00830078125 0.0068359375
11 0.60595703125 0.1943359375 0.00830078125 0.0068359375
11 0.60595703125 0.1142578125 0.00830078125 0.0068359375
21 0.77490234375 0.8193359375 0.0068359375 0.0185546875
12 0.77587890625 0.716796875 0.0087890625 0.0068359375
11 0.77587890625 0.505859375 0.00830078125 0.0068359375
11 0.77587890625 0.4345703125 0.00830078125 0.0068359375
11 0.77587890625 0.39013671875 0.00830078125 0.0068359375
11 0.77587890625 0.24462890625 0.00830078125 0.0068359375
21 0.79736328125 0.3828125 0.00634765625 0.0185546875
11 0.79833984375 0.83544921875 0.00830078125 0.00732421875
11 0.79833984375 0.52099609375 0.00830078125 0.0068359375
11 0.79833984375 0.44970703125 0.00830078125 0.00732421875
11 0.79833984375 0.259765625 0.00830078125 0.0068359375
22 0.52587890625 0.5673828125 0.00830078125 0.00390625
22 0.52587890625 0.068359375 0.00830078125 0.00390625
22 0.52587890625 0.31787109375 0.00830078125 0.00390625
22 0.52587890625 0.5048828125 0.00830078125 0.00390625
22 0.3955078125 0.94677734375 0.00830078125 0.00390625
22 0.52587890625 0.62939453125 0.00830078125 0.00390625
22 0.52587890625 0.87890625 0.00830078125 0.00390625
22 0.52587890625 0.94677734375 0.00830078125 0.00390625
22 0.3955078125 0.068359375 0.00830078125 0.00390625
22 0.3955078125 0.31787109375 0.00830078125 0.00390625
22 0.3955078125 0.5048828125 0.00830078125 0.00390625
22 0.3955078125 0.5673828125 0.00830078125 0.00390625
22 0.3955078125 0.62939453125 0.00830078125 0.00390625
22 0.3955078125 0.87890625 0.00830078125 0.00390625
22 0.65625 0.068359375 0.00830078125 0.00390625
22 0.65625 0.31787109375 0.00830078125 0.00390625
22 0.65625 0.5048828125 0.00830078125 0.00390625
22 0.65625 0.5673828125 0.00830078125 0.00390625
22 0.65625 0.62939453125 0.00830078125 0.00390625
22 0.65625 0.87890625 0.00830078125 0.00390625
22 0.65625 0.94677734375 0.00830078125 0.00390625
11 0.728515625 0.716796875 0.00830078125 0.0068359375
11 0.728515625 0.505859375 0.00830078125 0.0068359375
11 0.728515625 0.4345703125 0.00830078125 0.0068359375
11 0.728515625 0.39013671875 0.00830078125 0.0068359375
11 0.728515625 0.24462890625 0.00830078125 0.0068359375
13 0.72998046875 0.1943359375 0.01123046875 0.00732421875
21 0.7275390625 0.8193359375 0.00634765625 0.0185546875
11 0.69677734375 0.82958984375 0.00830078125 0.0068359375
21 0.67236328125 0.8193359375 0.00634765625 0.0185546875
12 0.673828125 0.74658203125 0.0087890625 0.0068359375
11 0.673828125 0.7021484375 0.00830078125 0.0068359375
12 0.673828125 0.44384765625 0.0087890625 0.0068359375
11 0.673828125 0.39013671875 0.00830078125 0.0068359375
12 0.673828125 0.2744140625 0.0087890625 0.0068359375
12 0.673828125 0.20361328125 0.0087890625 0.0068359375
12 0.673828125 0.123046875 0.0087890625 0.00732421875
11 0.69677734375 0.7021484375 0.00830078125 0.0068359375
21 0.69580078125 0.3828125 0.00634765625 0.0185546875
11 0.75146484375 0.83544921875 0.00830078125 0.00732421875
11 0.75146484375 0.716796875 0.00830078125 0.0068359375
11 0.75146484375 0.52099609375 0.00830078125 0.0068359375
11 0.75146484375 0.44970703125 0.00830078125 0.00732421875
21 0.75048828125 0.3828125 0.00634765625 0.0185546875
11 0.75146484375 0.259765625 0.00830078125 0.0068359375
11 0.314453125 0.82958984375 0.00830078125 0.0068359375
11 0.314453125 0.74658203125 0.00830078125 0.0068359375
11 0.314453125 0.44384765625 0.00830078125 0.00732421875
21 0.3134765625 0.3828125 0.00634765625 0.0185546875
11 0.314453125 0.123046875 0.00830078125 0.00732421875
21 0.34423828125 0.8193359375 0.00634765625 0.0185546875
11 0.34521484375 0.7373046875 0.0078125 0.0068359375
11 0.34521484375 0.7021484375 0.0078125 0.0068359375
11 0.34521484375 0.44384765625 0.0078125 0.00732421875
11 0.34521484375 0.39013671875 0.0078125 0.0068359375
11 0.34521484375 0.265625 0.0078125 0.0068359375
11 0.34521484375 0.1943359375 0.0078125 0.0068359375
11 0.34521484375 0.1142578125 0.0078125 0.0068359375
21 0.29052734375 0.8193359375 0.00634765625 0.0185546875
11 0.2919921875 0.7373046875 0.00830078125 0.0068359375
12 0.29248046875 0.7021484375 0.0087890625 0.0068359375
11 0.2919921875 0.4345703125 0.00830078125 0.0068359375
11 0.2919921875 0.39013671875 0.00830078125 0.0068359375
11 0.2919921875 0.1142578125 0.00830078125 0.0068359375
11 0.36083984375 0.44384765625 0.00830078125 0.00732421875
21 0.53515625 0.8193359375 0.00634765625 0.0185546875
11 0.36083984375 0.740234375 0.00830078125 0.0068359375
11 0.36083984375 0.197265625 0.00830078125 0.0068359375
11 0.36083984375 0.1171875 0.00830078125 0.0068359375
10 0.19384765625 0.25830078125 0.0166015625 0.0458984375
10 0.19384765625 0.19580078125 0.0166015625 0.0458984375
10 0.19384765625 0.1337890625 0.0166015625 0.0458984375
10 0.19384765625 0.0712890625 0.0166015625 0.0458984375
22 0.7685546875 0.94677734375 0.00830078125 0.00390625
22 0.7685546875 0.87890625 0.00830078125 0.00390625
22 0.7685546875 0.75390625 0.00830078125 0.00390625
22 0.7685546875 0.62939453125 0.00830078125 0.00390625
10 0.19384765625 0.4453125 0.0166015625 0.0458984375
1 0.193359375 0.5693359375 0.017578125 0.02099609375
10 0.19384765625 0.5078125 0.0166015625 0.0458984375
22 0.7685546875 0.5673828125 0.00830078125 0.00390625
10 0.19384765625 0.3828125 0.0166015625 0.0458984375
10 0.19384765625 0.3203125 0.0166015625 0.0458984375
22 0.7685546875 0.31787109375 0.00830078125 0.00390625
22 0.7685546875 0.130859375 0.00830078125 0.00390625
22 0.7685546875 0.068359375 0.00830078125 0.00390625
22 0.283203125 0.94677734375 0.00830078125 0.00390625
22 0.283203125 0.87890625 0.00830078125 0.00390625
22 0.283203125 0.62939453125 0.00830078125 0.00390625
22 0.283203125 0.5673828125 0.00830078125 0.00390625
22 0.283203125 0.5048828125 0.00830078125 0.00390625
22 0.283203125 0.31787109375 0.00830078125 0.00390625
22 0.283203125 0.068359375 0.00830078125 0.00390625
11 0.267578125 0.74658203125 0.00830078125 0.0068359375
11 0.267578125 0.82958984375 0.00830078125 0.0068359375
11 0.267578125 0.7021484375 0.00830078125 0.0068359375
11 0.267578125 0.44384765625 0.00830078125 0.00732421875
21 0.2666015625 0.3828125 0.00634765625 0.0185546875
11 0.267578125 0.123046875 0.00830078125 0.00732421875
10 0.19384765625 0.8818359375 0.0166015625 0.0458984375
10 0.19384765625 0.8193359375 0.0166015625 0.0458984375
10 0.19384765625 0.7568359375 0.0166015625 0.0458984375
1 0.193359375 0.6943359375 0.017578125 0.02099609375
1 0.193359375 0.6318359375 0.017578125 0.02099609375
21 0.24365234375 0.8193359375 0.00634765625 0.0185546875
11 0.24462890625 0.7373046875 0.00830078125 0.0068359375
11 0.24462890625 0.7021484375 0.00830078125 0.0068359375
11 0.24462890625 0.4345703125 0.00830078125 0.0068359375
11 0.24462890625 0.39013671875 0.00830078125 0.0068359375
13 0.24609375 0.265625 0.01123046875 0.0068359375
13 0.24609375 0.1943359375 0.01123046875 0.00732421875
11 0.24462890625 0.1142578125 0.00830078125 0.0068359375
11 0.4833984375 0.1171875 0.00830078125 0.0068359375
11 0.4833984375 0.740234375 0.00830078125 0.0068359375
11 0.4833984375 0.44384765625 0.00830078125 0.00732421875
11 0.4833984375 0.197265625 0.00830078125 0.0068359375
11 0.51953125 0.74658203125 0.00830078125 0.0068359375
11 0.51953125 0.197265625 0.00830078125 0.0068359375
11 0.51953125 0.123046875 0.00830078125 0.00732421875
11 0.53662109375 0.7373046875 0.0078125 0.0068359375
12 0.53662109375 0.7021484375 0.0087890625 0.0068359375
11 0.53662109375 0.44384765625 0.0078125 0.00732421875
11 0.53662109375 0.39013671875 0.0078125 0.0068359375
11 0.53662109375 0.265625 0.0078125 0.0068359375
11 0.53662109375 0.1943359375 0.0078125 0.0068359375
11 0.53662109375 0.1142578125 0.0078125 0.0068359375
11 0.50390625 0.82958984375 0.00830078125 0.0068359375
11 0.50390625 0.74365234375 0.00830078125 0.0068359375
11 0.50390625 0.7021484375 0.00830078125 0.0068359375
21 0.5029296875 0.4453125 0.00634765625 0.01806640625
21 0.5029296875 0.3828125 0.00634765625 0.0185546875
11 0.50390625 0.271484375 0.00830078125 0.0068359375
11 0.50390625 0.2001953125 0.00830078125 0.0068359375
11 0.50390625 0.1201171875 0.00830078125 0.0068359375
11 0.3974609375 0.74658203125 0.00830078125 0.0068359375
11 0.3974609375 0.44384765625 0.00830078125 0.00732421875
11 0.3974609375 0.197265625 0.00830078125 0.0068359375
11 0.3974609375 0.123046875 0.00830078125 0.00732421875
12 0.41357421875 0.20361328125 0.0087890625 0.0068359375
12 0.41357421875 0.123046875 0.0087890625 0.00732421875
11 0.3818359375 0.1201171875 0.00830078125 0.0068359375
11 0.3818359375 0.82958984375 0.00830078125 0.0068359375
11 0.3818359375 0.74365234375 0.00830078125 0.0068359375
11 0.3818359375 0.7021484375 0.00830078125 0.0068359375
11 0.3818359375 0.44384765625 0.00830078125 0.00732421875
21 0.38037109375 0.3828125 0.00634765625 0.0185546875
11 0.3818359375 0.271484375 0.00830078125 0.0068359375
11 0.3818359375 0.2001953125 0.00830078125 0.0068359375
11 0.46728515625 0.7021484375 0.00830078125 0.0068359375
11 0.435546875 0.7021484375 0.00830078125 0.0068359375
11 0.46728515625 0.7373046875 0.00830078125 0.0068359375
21 0.4345703125 0.3828125 0.00634765625 0.0185546875
12 0.41357421875 0.2744140625 0.0087890625 0.0068359375
11 0.46728515625 0.44384765625 0.00830078125 0.00732421875
11 0.46728515625 0.1142578125 0.00830078125 0.0068359375
11 0.46728515625 0.1943359375 0.00830078125 0.0068359375
11 0.46728515625 0.265625 0.00830078125 0.0068359375
11 0.46728515625 0.39013671875 0.00830078125 0.0068359375
11 0.435546875 0.82958984375 0.00830078125 0.0068359375
21 0.46630859375 0.8193359375 0.00634765625 0.0185546875
21 0.412109375 0.8193359375 0.00634765625 0.0185546875
12 0.41357421875 0.74658203125 0.0087890625 0.0068359375
21 0.412109375 0.69482421875 0.00634765625 0.0185546875
12 0.41357421875 0.44384765625 0.0087890625 0.0068359375
11 0.4130859375 0.39013671875 0.00830078125 0.0068359375