11 0.677734375 0.16796875 0.00439453125 0.00390625
11 0.677734375 0.13671875 0.00439453125 0.00390625
11 0.677734375 0.10009765625 0.00439453125 0.00390625
11 0.68408203125 0.0673828125 0.00439453125 0.00390625
22 0.39013671875 0.4140625 0.00439453125 0.001953125
11 0.68408203125 0.16650390625 0.00439453125 0.00390625
11 0.68408203125 0.13525390625 0.00439453125 0.00390625
11 0.68408203125 0.0986328125 0.00439453125 0.00390625
11 0.677734375 0.0693359375 0.00439453125 0.00390625
11 0.677734375 0.47705078125 0.00439453125 0.00390625
11 0.677734375 0.884765625 0.00439453125 0.00390625
11 0.677734375 0.76025390625 0.00439453125 0.00390625
22 0.39013671875 0.2744140625 0.00439453125 0.001953125
11 0.6923828125 0.88623046875 0.00439453125 0.00390625
11 0.6923828125 0.76171875 0.00439453125 0.00390625
22 0.39013671875 0.23779296875 0.00439453125 0.001953125
11 0.6923828125 0.478515625 0.00439453125 0.00390625
11 0.6923828125 0.169921875 0.00439453125 0.00390625
11 0.6923828125 0.138671875 0.00439453125 0.00390625
22 0.39013671875 0.20703125 0.00439453125 0.001953125
11 0.6923828125 0.10205078125 0.00439453125 0.00390625
11 0.7060546875 0.5546875 0.00439453125 0.00390625
11 0.6923828125 0.07080078125 0.00439453125 0.00390625
22 0.39013671875 0.30712890625 0.00439453125 0.001953125
22 0.39013671875 0.07177734375 0.00439453125 0.001953125
11 0.68408203125 0.88330078125 0.00439453125 0.00390625
11 0.68408203125 0.7587890625 0.00439453125 0.00390625
22 0.39013671875 0.1708984375 0.00439453125 0.001953125
11 0.68408203125 0.47509765625 0.00439453125 0.00390625
22 0.39013671875 0.10302734375 0.00439453125 0.001953125
22 0.35986328125 0.6572265625 0.00439453125 0.001953125
22 0.35986328125 0.61767578125 0.00439453125 0.001953125
22 0.35986328125 0.5859375 0.00439453125 0.001953125
22 0.35986328125 0.517578125 0.00439453125 0.001953125
22 0.35986328125 0.71826171875 0.00439453125 0.001953125
22 0.35986328125 0.4775390625 0.00439453125 0.001953125
22 0.35986328125 0.68798828125 0.00439453125 0.001953125
22 0.35986328125 0.30712890625 0.00439453125 0.001953125
22 0.35986328125 0.2744140625 0.00439453125 0.001953125
22 0.35986328125 0.23779296875 0.00439453125 0.001953125
22 0.35986328125 0.4443359375 0.00439453125 0.001953125
22 0.35986328125 0.4140625 0.00439453125 0.001953125
22 0.35986328125 0.91845703125 0.00439453125 0.001953125
22 0.35986328125 0.94873046875 0.00439453125 0.001953125
22 0.35986328125 0.7822265625 0.00439453125 0.001953125
22 0.35986328125 0.75146484375 0.00439453125 0.001953125
22 0.41943359375 0.5859375 0.00439453125 0.001953125
22 0.41943359375 0.517578125 0.00439453125 0.001953125
22 0.41943359375 0.4775390625 0.00439453125 0.001953125
12 0.71533203125 0.47216796875 0.00439453125 0.00390625
12 0.71533203125 0.875 0.00439453125 0.00390625
12 0.71533203125 0.8447265625 0.00439453125 0.00390625
22 0.41943359375 0.68798828125 0.00439453125 0.001953125
12 0.71533203125 0.81103515625 0.00439453125 0.00390625
11 0.71533203125 0.55322265625 0.00439453125 0.00390625
12 0.71533203125 0.478515625 0.00439453125 0.00390625
22 0.41943359375 0.6572265625 0.00439453125 0.001953125
22 0.41943359375 0.4443359375 0.00439453125 0.001953125
12 0.71533203125 0.38134765625 0.00439453125 0.00390625
12 0.71533203125 0.3779296875 0.00439453125 0.00390625
22 0.41943359375 0.61767578125 0.00439453125 0.001953125
11 0.71533203125 0.34130859375 0.00439453125 0.00390625
11 0.71533203125 0.13232421875 0.00439453125 0.00390625
22 0.41943359375 0.20703125 0.00439453125 0.001953125
22 0.41943359375 0.1708984375 0.00439453125 0.001953125
22 0.41943359375 0.10302734375 0.00439453125 0.001953125
22 0.41943359375 0.4140625 0.00439453125 0.001953125
22 0.41943359375 0.30712890625 0.00439453125 0.001953125
22 0.41943359375 0.2744140625 0.00439453125 0.001953125
22 0.41943359375 0.23779296875 0.00439453125 0.001953125
11 0.72412109375 0.5517578125 0.00439453125 0.00390625
11 0.72412109375 0.3427734375 0.00439453125 0.00390625
11 0.72412109375 0.13037109375 0.00439453125 0.00390625
22 0.41943359375 0.94873046875 0.00439453125 0.001953125
11 0.73583984375 0.478515625 0.00390625 0.00390625
11 0.73583984375 0.47216796875 0.00390625 0.00390625
11 0.73583984375 0.38134765625 0.00390625 0.00390625
11 0.73583984375 0.3779296875 0.00390625 0.00390625
11 0.73583984375 0.3427734375 0.00390625 0.00390625
11 0.73583984375 0.12744140625 0.00390625 0.00390625
22 0.41943359375 0.71826171875 0.00439453125 0.001953125
22 0.41943359375 0.91845703125 0.00439453125 0.001953125
22 0.41943359375 0.7822265625 0.00439453125 0.001953125
22 0.41943359375 0.75146484375 0.00439453125 0.001953125
22 0.39013671875 0.75146484375 0.00439453125 0.001953125
22 0.39013671875 0.71826171875 0.00439453125 0.001953125
22 0.39013671875 0.68798828125 0.00439453125 0.001953125
22 0.39013671875 0.94873046875 0.00439453125 0.001953125
22 0.39013671875 0.91845703125 0.00439453125 0.001953125
22 0.39013671875 0.7822265625 0.00439453125 0.001953125
11 0.7060546875 0.47216796875 0.00439453125 0.00390625
22 0.39013671875 0.517578125 0.00439453125 0.001953125
11 0.7060546875 0.38134765625 0.00439453125 0.00390625
11 0.7060546875 0.3779296875 0.00439453125 0.00390625
22 0.39013671875 0.4775390625 0.00439453125 0.001953125
11 0.7060546875 0.478515625 0.00439453125 0.00390625
11 0.7060546875 0.33935546875 0.00439453125 0.00390625
22 0.39013671875 0.4443359375 0.00439453125 0.001953125
11 0.7060546875 0.13037109375 0.00439453125 0.00390625
22 0.39013671875 0.5859375 0.00439453125 0.001953125
22 0.39013671875 0.6572265625 0.00439453125 0.001953125
22 0.39013671875 0.61767578125 0.00439453125 0.001953125
11 0.7060546875 0.875 0.00439453125 0.00390625
11 0.7060546875 0.8447265625 0.00439453125 0.00390625
11 0.7060546875 0.81103515625 0.00439453125 0.00390625
22 0.41943359375 0.07177734375 0.00439453125 0.001953125
12 0.650390625 0.478515625 0.0048828125 0.00390625
12 0.650390625 0.58837890625 0.0048828125 0.00390625
12 0.650390625 0.54833984375 0.0048828125 0.00390625
12 0.650390625 0.5087890625 0.0048828125 0.00390625
12 0.650390625 0.47216796875 0.0048828125 0.00390625
12 0.650390625 0.44189453125 0.0048828125 0.00390625
12 0.650390625 0.40478515625 0.0048828125 0.00390625
12 0.650390625 0.75537109375 0.0048828125 0.00390625
12 0.650390625 0.84814453125 0.0048828125 0.00390625
12 0.650390625 0.81103515625 0.0048828125 0.00390625
12 0.650390625 0.6279296875 0.0048828125 0.00390625
12 0.650390625 0.16357421875 0.0048828125 0.00390625
12 0.650390625 0.13232421875 0.0048828125 0.00390625
12 0.650390625 0.095703125 0.0048828125 0.00390625
12 0.650390625 0.1982421875 0.0048828125 0.00390625
12 0.650390625 0.064453125 0.0048828125 0.00390625
12 0.650390625 0.29833984375 0.0048828125 0.00390625
12 0.650390625 0.38134765625 0.0048828125 0.00390625
12 0.650390625 0.3779296875 0.0048828125 0.00390625
12 0.650390625 0.34765625 0.0048828125 0.00390625
12 0.650390625 0.34130859375 0.0048828125 0.00390625
12 0.650390625 0.8798828125 0.0048828125 0.00390625
12 0.650390625 0.26220703125 0.0048828125 0.00390625
12 0.650390625 0.2353515625 0.0048828125 0.00390625
12 0.650390625 0.951171875 0.0048828125 0.00390625
12 0.650390625 0.90966796875 0.0048828125 0.00390625
9 0.630859375 0.15673828125 0.0048828125 0.0087890625
9 0.630859375 0.12548828125 0.0048828125 0.0087890625
9 0.630859375 0.0888671875 0.0048828125 0.00830078125
9 0.630859375 0.0576171875 0.0048828125 0.00830078125
12 0.6689453125 0.81103515625 0.0048828125 0.00390625
12 0.6689453125 0.951171875 0.0048828125 0.00390625
12 0.6689453125 0.90966796875 0.0048828125 0.00390625
11 0.66845703125 0.88330078125 0.00439453125 0.00390625
12 0.6689453125 0.84814453125 0.0048828125 0.00390625
11 0.66845703125 0.7587890625 0.00439453125 0.00390625
12 0.6689453125 0.6279296875 0.0048828125 0.00390625
12 0.6689453125 0.58837890625 0.0048828125 0.00390625
12 0.6689453125 0.54833984375 0.0048828125 0.00390625
12 0.6689453125 0.5087890625 0.0048828125 0.00390625
12 0.6689453125 0.478515625 0.0048828125 0.00390625
11 0.66845703125 0.47509765625 0.00439453125 0.00390625
12 0.6689453125 0.44189453125 0.0048828125 0.00390625
22 0.326171875 0.7822265625 0.00439453125 0.001953125
22 0.35986328125 0.07177734375 0.00439453125 0.001953125
11 0.73583984375 0.81103515625 0.00390625 0.00390625
22 0.35986328125 0.20703125 0.00439453125 0.001953125
22 0.35986328125 0.1708984375 0.00439453125 0.001953125
22 0.35986328125 0.10302734375 0.00439453125 0.001953125
12 0.6689453125 0.40478515625 0.0048828125 0.00390625
22 0.326171875 0.6572265625 0.00439453125 0.001953125
22 0.326171875 0.68798828125 0.00439453125 0.001953125
11 0.66845703125 0.13525390625 0.00439453125 0.00390625
12 0.6689453125 0.38134765625 0.0048828125 0.00390625
12 0.6689453125 0.3779296875 0.0048828125 0.00390625
12 0.6689453125 0.34765625 0.0048828125 0.00390625
12 0.6689453125 0.34130859375 0.0048828125 0.00390625
12 0.6689453125 0.29833984375 0.0048828125 0.00390625
12 0.6689453125 0.26220703125 0.0048828125 0.00390625
12 0.6689453125 0.2353515625 0.0048828125 0.00390625
12 0.6689453125 0.1982421875 0.0048828125 0.00390625
11 0.66845703125 0.16650390625 0.00439453125 0.00390625
11 0.66845703125 0.0986328125 0.00439453125 0.00390625
11 0.66845703125 0.0673828125 0.00439453125 0.00390625
22 0.326171875 0.71826171875 0.00439453125 0.001953125
22 0.564453125 0.71826171875 0.00439453125 0.001953125
22 0.564453125 0.68798828125 0.00439453125 0.001953125
11 0.8125 0.546875 0.00439453125 0.00390625
11 0.8125 0.345703125 0.00439453125 0.00390625
22 0.60009765625 0.07177734375 0.00439453125 0.001953125
11 0.8125 0.13671875 0.00439453125 0.00390625
22 0.564453125 0.75146484375 0.00439453125 0.001953125
22 0.564453125 0.517578125 0.00439453125 0.001953125
22 0.564453125 0.4775390625 0.00439453125 0.001953125
22 0.564453125 0.4443359375 0.00439453125 0.001953125
22 0.564453125 0.6572265625 0.00439453125 0.001953125
22 0.564453125 0.61767578125 0.00439453125 0.001953125
22 0.60009765625 0.4443359375 0.00439453125 0.001953125
22 0.60009765625 0.4140625 0.00439453125 0.001953125
22 0.60009765625 0.3740234375 0.00439453125 0.001953125
22 0.60009765625 0.6572265625 0.00439453125 0.001953125
22 0.60009765625 0.61767578125 0.00439453125 0.001953125
22 0.60009765625 0.1708984375 0.00439453125 0.001953125
22 0.60009765625 0.20703125 0.00439453125 0.001953125
22 0.60009765625 0.23779296875 0.00439453125 0.001953125
22 0.60009765625 0.1396484375 0.00439453125 0.001953125
22 0.60009765625 0.10302734375 0.00439453125 0.001953125
22 0.60009765625 0.30712890625 0.00439453125 0.001953125
22 0.60009765625 0.34033203125 0.00439453125 0.001953125
22 0.60009765625 0.2744140625 0.00439453125 0.001953125
22 0.537109375 0.71826171875 0.00439453125 0.001953125
22 0.537109375 0.75146484375 0.00439453125 0.001953125
22 0.537109375 0.68798828125 0.00439453125 0.001953125
22 0.537109375 0.4775390625 0.00439453125 0.001953125
22 0.537109375 0.4443359375 0.00439453125 0.001953125
22 0.537109375 0.4140625 0.00439453125 0.001953125
22 0.537109375 0.6572265625 0.00439453125 0.001953125
22 0.537109375 0.61767578125 0.00439453125 0.001953125
22 0.537109375 0.517578125 0.00439453125 0.001953125
12 0.80419921875 0.81591796875 0.0048828125 0.00390625
11 0.80419921875 0.54833984375 0.00439453125 0.00390625
12 0.80419921875 0.4833984375 0.0048828125 0.00390625
12 0.80419921875 0.47705078125 0.0048828125 0.00390625
12 0.80419921875 0.38623046875 0.0048828125 0.00390625
12 0.80419921875 0.3828125 0.0048828125 0.00390625
22 0.564453125 0.10302734375 0.00439453125 0.001953125
11 0.80419921875 0.1337890625 0.00439453125 0.00390625
22 0.564453125 0.07177734375 0.00439453125 0.001953125
22 0.564453125 0.2744140625 0.00439453125 0.001953125
22 0.564453125 0.4140625 0.00439453125 0.001953125
22 0.564453125 0.23779296875 0.00439453125 0.001953125
12 0.80419921875 0.8798828125 0.0048828125 0.00390625
12 0.80419921875 0.849609375 0.0048828125 0.00390625
22 0.564453125 0.20703125 0.00439453125 0.001953125
22 0.71484375 0.517578125 0.00439453125 0.001953125
22 0.71484375 0.5859375 0.00439453125 0.001953125
22 0.71484375 0.61767578125 0.00439453125 0.001953125
22 0.71484375 0.6572265625 0.00439453125 0.001953125
22 0.71484375 0.68798828125 0.00439453125 0.001953125
22 0.71484375 0.71826171875 0.00439453125 0.001953125
22 0.71484375 0.75146484375 0.00439453125 0.001953125
22 0.71484375 0.7822265625 0.00439453125 0.001953125
22 0.71484375 0.91845703125 0.00439453125 0.001953125
22 0.71484375 0.23779296875 0.00439453125 0.001953125
22 0.71484375 0.07177734375 0.00439453125 0.001953125
22 0.71484375 0.10302734375 0.00439453125 0.001953125
22 0.71484375 0.1708984375 0.00439453125 0.001953125
22 0.71484375 0.20703125 0.00439453125 0.001953125
22 0.71484375 0.2744140625 0.00439453125 0.001953125
22 0.71484375 0.30712890625 0.00439453125 0.001953125
22 0.71484375 0.4140625 0.00439453125 0.001953125
22 0.71484375 0.4443359375 0.00439453125 0.001953125
22 0.7451171875 0.07177734375 0.00439453125 0.001953125
22 0.7451171875 0.10302734375 0.00439453125 0.001953125
22 0.7451171875 0.1708984375 0.00439453125 0.001953125
22 0.7451171875 0.20703125 0.00439453125 0.001953125
22 0.7451171875 0.23779296875 0.00439453125 0.001953125
22 0.7451171875 0.2744140625 0.00439453125 0.001953125
22 0.71484375 0.94873046875 0.00439453125 0.001953125
22 0.64306640625 0.7822265625 0.00439453125 0.001953125
22 0.64306640625 0.71826171875 0.00439453125 0.001953125
22 0.64306640625 0.6572265625 0.00439453125 0.001953125
22 0.64306640625 0.68798828125 0.00439453125 0.001953125
22 0.68115234375 0.6572265625 0.00439453125 0.001953125
22 0.7451171875 0.30712890625 0.00439453125 0.001953125
22 0.68115234375 0.68798828125 0.00439453125 0.001953125
22 0.68115234375 0.71826171875 0.00439453125 0.001953125
22 0.68115234375 0.7822265625 0.00439453125 0.001953125
22 0.77490234375 0.71826171875 0.00439453125 0.001953125
22 0.77490234375 0.5859375 0.00439453125 0.001953125
22 0.77490234375 0.61767578125 0.00439453125 0.001953125
22 0.77490234375 0.6572265625 0.00439453125 0.001953125
22 0.77490234375 0.68798828125 0.00439453125 0.001953125
22 0.77490234375 0.75146484375 0.00439453125 0.001953125
22 0.77490234375 0.7822265625 0.00439453125 0.001953125
22 0.77490234375 0.91845703125 0.00439453125 0.001953125
22 0.77490234375 0.94873046875 0.00439453125 0.001953125
22 0.60009765625 0.75146484375 0.00439453125 0.001953125
22 0.60009765625 0.71826171875 0.00439453125 0.001953125
22 0.60009765625 0.68798828125 0.00439453125 0.001953125
22 0.60009765625 0.7822265625 0.00439453125 0.001953125
22 0.7451171875 0.71826171875 0.00439453125 0.001953125
22 0.7451171875 0.75146484375 0.00439453125 0.001953125
22 0.7451171875 0.7822265625 0.00439453125 0.001953125
22 0.7451171875 0.91845703125 0.00439453125 0.001953125
22 0.7451171875 0.94873046875 0.00439453125 0.001953125
22 0.60009765625 0.91845703125 0.00439453125 0.001953125
22 0.7451171875 0.4140625 0.00439453125 0.001953125
22 0.7451171875 0.4443359375 0.00439453125 0.001953125
22 0.7451171875 0.517578125 0.00439453125 0.001953125
22 0.7451171875 0.5859375 0.00439453125 0.001953125
22 0.7451171875 0.61767578125 0.00439453125 0.001953125
22 0.7451171875 0.6572265625 0.00439453125 0.001953125
22 0.7451171875 0.68798828125 0.00439453125 0.001953125
22 0.77490234375 0.2744140625 0.00439453125 0.001953125
22 0.77490234375 0.10302734375 0.00439453125 0.001953125
22 0.77490234375 0.1708984375 0.00439453125 0.001953125
22 0.77490234375 0.20703125 0.00439453125 0.001953125
22 0.77490234375 0.23779296875 0.00439453125 0.001953125
22 0.60009765625 0.84912109375 0.00439453125 0.001953125
22 0.77490234375 0.30712890625 0.00439453125 0.001953125
22 0.77490234375 0.4140625 0.00439453125 0.001953125
22 0.77490234375 0.4443359375 0.00439453125 0.001953125
22 0.77490234375 0.517578125 0.00439453125 0.001953125
22 0.60009765625 0.818359375 0.00439453125 0.001953125
22 0.60009765625 0.8857421875 0.00439453125 0.001953125
22 0.537109375 0.2744140625 0.00439453125 0.001953125
22 0.77490234375 0.07177734375 0.00439453125 0.001953125
12 0.7451171875 0.47998046875 0.00439453125 0.00390625
12 0.7451171875 0.87646484375 0.00439453125 0.00390625
12 0.7451171875 0.8466796875 0.00439453125 0.00390625
12 0.7451171875 0.81298828125 0.00439453125 0.00390625
11 0.7451171875 0.5498046875 0.00439453125 0.00390625
12 0.7451171875 0.4736328125 0.00439453125 0.00390625
12 0.7451171875 0.3828125 0.00439453125 0.00390625
12 0.7451171875 0.3798828125 0.00439453125 0.00390625
11 0.7451171875 0.34130859375 0.00439453125 0.00390625
11 0.7451171875 0.12548828125 0.00439453125 0.00390625
22 0.47802734375 0.07177734375 0.00439453125 0.001953125
22 0.47802734375 0.10302734375 0.00439453125 0.001953125
11 0.765625 0.87646484375 0.00439453125 0.00390625
11 0.765625 0.8466796875 0.00439453125 0.00390625
11 0.765625 0.81298828125 0.00439453125 0.00390625
11 0.765625 0.5498046875 0.00439453125 0.00390625
11 0.765625 0.47998046875 0.00439453125 0.00390625
22 0.47802734375 0.2744140625 0.00439453125 0.001953125
22 0.47802734375 0.23779296875 0.00439453125 0.001953125
11 0.765625 0.4736328125 0.00439453125 0.00390625
22 0.47802734375 0.20703125 0.00439453125 0.001953125
22 0.47802734375 0.1708984375 0.00439453125 0.001953125
11 0.765625 0.3828125 0.00439453125 0.00390625
11 0.765625 0.3798828125 0.00439453125 0.00390625
11 0.765625 0.3427734375 0.00439453125 0.00390625
11 0.765625 0.12890625 0.00439453125 0.00390625
11 0.75341796875 0.54833984375 0.00439453125 0.00390625
11 0.75341796875 0.3427734375 0.00439453125 0.00390625
11 0.75341796875 0.12890625 0.00439453125 0.00390625
22 0.44873046875 0.10302734375 0.00439453125 0.001953125
22 0.44873046875 0.1708984375 0.00439453125 0.001953125
22 0.44873046875 0.07177734375 0.00439453125 0.001953125
11 0.73583984375 0.875 0.00390625 0.00390625
11 0.73583984375 0.8447265625 0.00390625 0.00390625
22 0.44873046875 0.20703125 0.00439453125 0.001953125
22 0.44873046875 0.6572265625 0.00439453125 0.001953125
22 0.44873046875 0.75146484375 0.00439453125 0.001953125
22 0.44873046875 0.71826171875 0.00439453125 0.001953125
22 0.44873046875 0.68798828125 0.00439453125 0.001953125
22 0.44873046875 0.61767578125 0.00439453125 0.001953125
22 0.44873046875 0.5859375 0.00439453125 0.001953125
22 0.44873046875 0.94873046875 0.00439453125 0.001953125
22 0.44873046875 0.91845703125 0.00439453125 0.001953125
22 0.44873046875 0.7822265625 0.00439453125 0.001953125
22 0.44873046875 0.30712890625 0.00439453125 0.001953125
22 0.44873046875 0.2744140625 0.00439453125 0.001953125
22 0.44873046875 0.23779296875 0.00439453125 0.001953125
22 0.44873046875 0.517578125 0.00439453125 0.001953125
22 0.44873046875 0.4775390625 0.00439453125 0.001953125
22 0.44873046875 0.4443359375 0.00439453125 0.001953125
22 0.44873046875 0.4140625 0.00439453125 0.001953125
22 0.50732421875 0.6572265625 0.00439453125 0.001953125
22 0.50732421875 0.68798828125 0.00439453125 0.001953125
22 0.50732421875 0.61767578125 0.00439453125 0.001953125
11 0.783203125 0.1337890625 0.00439453125 0.00390625
22 0.50732421875 0.71826171875 0.00439453125 0.001953125
11 0.783203125 0.3427734375 0.00439453125 0.00390625
11 0.7744140625 0.34423828125 0.00439453125 0.00390625
12 0.7744140625 0.84814453125 0.0048828125 0.00390625
12 0.7744140625 0.814453125 0.0048828125 0.00390625
12 0.7744140625 0.5517578125 0.0048828125 0.00390625
12 0.7744140625 0.4814453125 0.0048828125 0.00390625
12 0.7744140625 0.47509765625 0.0048828125 0.00390625
12 0.7744140625 0.384765625 0.0048828125 0.00390625
12 0.7744140625 0.38134765625 0.0048828125 0.00390625
12 0.7744140625 0.87841796875 0.0048828125 0.00390625
11 0.7744140625 0.13232421875 0.00439453125 0.00390625
22 0.50732421875 0.517578125 0.00439453125 0.001953125
22 0.537109375 0.10302734375 0.00439453125 0.001953125
22 0.537109375 0.23779296875 0.00439453125 0.001953125
22 0.537109375 0.20703125 0.00439453125 0.001953125
22 0.537109375 0.07177734375 0.00439453125 0.001953125
11 0.79541015625 0.384765625 0.00439453125 0.00390625
11 0.79541015625 0.87841796875 0.00439453125 0.00390625
11 0.79541015625 0.84814453125 0.00439453125 0.00390625
11 0.79541015625 0.814453125 0.00439453125 0.00390625
11 0.79541015625 0.5498046875 0.00439453125 0.00390625
11 0.79541015625 0.4814453125 0.00439453125 0.00390625
11 0.79541015625 0.47509765625 0.00439453125 0.00390625
11 0.79541015625 0.38134765625 0.00439453125 0.00390625
22 0.50732421875 0.94873046875 0.00439453125 0.001953125
12 0.79541015625 0.3427734375 0.00439453125 0.00390625
11 0.79541015625 0.138671875 0.00439453125 0.00390625
22 0.50732421875 0.91845703125 0.00439453125 0.001953125
22 0.50732421875 0.75146484375 0.00439453125 0.001953125
22 0.47802734375 0.94873046875 0.00439453125 0.001953125
22 0.47802734375 0.91845703125 0.00439453125 0.001953125
22 0.47802734375 0.75146484375 0.00439453125 0.001953125
22 0.47802734375 0.517578125 0.00439453125 0.001953125
22 0.47802734375 0.4775390625 0.00439453125 0.001953125
22 0.47802734375 0.4443359375 0.00439453125 0.001953125
22 0.47802734375 0.61767578125 0.00439453125 0.001953125
22 0.47802734375 0.4140625 0.00439453125 0.001953125
22 0.47802734375 0.30712890625 0.00439453125 0.001953125
22 0.47802734375 0.71826171875 0.00439453125 0.001953125
22 0.47802734375 0.68798828125 0.00439453125 0.001953125
22 0.47802734375 0.6572265625 0.00439453125 0.001953125
22 0.50732421875 0.4140625 0.00439453125 0.001953125
22 0.50732421875 0.30712890625 0.00439453125 0.001953125
22 0.50732421875 0.4775390625 0.00439453125 0.001953125
22 0.50732421875 0.4443359375 0.00439453125 0.001953125
22 0.50732421875 0.10302734375 0.00439453125 0.001953125
22 0.50732421875 0.2744140625 0.00439453125 0.001953125
22 0.50732421875 0.23779296875 0.00439453125 0.001953125
22 0.50732421875 0.20703125 0.00439453125 0.001953125
11 0.73583984375 0.5517578125 0.00390625 0.00390625
22 0.50732421875 0.07177734375 0.00439453125 0.001953125
11 0.35107421875 0.544921875 0.00439453125 0.00390625
11 0.35107421875 0.38134765625 0.00439453125 0.00390625
11 0.35107421875 0.3779296875 0.00439453125 0.00390625
11 0.35107421875 0.34765625 0.00439453125 0.00390625
11 0.35107421875 0.34130859375 0.00439453125 0.00390625
11 0.35107421875 0.13037109375 0.00439453125 0.00390625
11 0.35107421875 0.875 0.00439453125 0.00390625
11 0.35107421875 0.8447265625 0.00439453125 0.00390625
11 0.35107421875 0.81103515625 0.00439453125 0.00390625
11 0.3369140625 0.10205078125 0.00439453125 0.00390625
11 0.3369140625 0.07080078125 0.00439453125 0.00390625
11 0.3369140625 0.138671875 0.00439453125 0.00390625
11 0.3369140625 0.88623046875 0.00439453125 0.00390625
11 0.3369140625 0.76171875 0.00439453125 0.00390625
11 0.3369140625 0.478515625 0.00439453125 0.00390625
11 0.3369140625 0.169921875 0.00439453125 0.00390625
11 0.3291015625 0.47509765625 0.00439453125 0.00390625
11 0.3291015625 0.88330078125 0.00439453125 0.00390625
11 0.3291015625 0.7587890625 0.00439453125 0.00390625
11 0.3291015625 0.16650390625 0.00439453125 0.00390625
11 0.3291015625 0.13525390625 0.00439453125 0.00390625
11 0.3291015625 0.0986328125 0.00439453125 0.00390625
11 0.3291015625 0.0673828125 0.00439453125 0.00390625
11 0.32275390625 0.13671875 0.00439453125 0.00390625
11 0.32275390625 0.884765625 0.00439453125 0.00390625
11 0.32275390625 0.76025390625 0.00439453125 0.00390625
11 0.32275390625 0.47705078125 0.00439453125 0.00390625
11 0.32275390625 0.16796875 0.00439453125 0.00390625
11 0.32275390625 0.10009765625 0.00439453125 0.00390625
11 0.32275390625 0.0693359375 0.00439453125 0.00390625
11 0.41015625 0.3828125 0.00439453125 0.00390625
11 0.41015625 0.3798828125 0.00439453125 0.00390625
11 0.41015625 0.34912109375 0.00439453125 0.00390625
11 0.41015625 0.3427734375 0.00439453125 0.00390625
11 0.41015625 0.12890625 0.00439453125 0.00390625
11 0.39794921875 0.12890625 0.00439453125 0.00390625
12 0.39013671875 0.546875 0.00439453125 0.00390625
12 0.39013671875 0.87646484375 0.00439453125 0.00390625
12 0.39013671875 0.8466796875 0.00439453125 0.00390625
12 0.39013671875 0.81298828125 0.00439453125 0.00390625
11 0.41015625 0.546875 0.00439453125 0.00390625
12 0.39013671875 0.3828125 0.00439453125 0.00390625
12 0.39013671875 0.3798828125 0.00439453125 0.00390625
12 0.39013671875 0.34912109375 0.00439453125 0.00390625
12 0.39013671875 0.3427734375 0.00439453125 0.00390625
11 0.39013671875 0.12548828125 0.00439453125 0.00390625
11 0.41015625 0.87646484375 0.00439453125 0.00390625
11 0.41015625 0.8466796875 0.00439453125 0.00390625
11 0.41015625 0.81298828125 0.00439453125 0.00390625
11 0.38134765625 0.544921875 0.00439453125 0.00390625
11 0.38134765625 0.875 0.00439453125 0.00390625
11 0.38134765625 0.8447265625 0.00439453125 0.00390625
11 0.38134765625 0.81103515625 0.00439453125 0.00390625
11 0.38134765625 0.38134765625 0.00439453125 0.00390625
11 0.38134765625 0.3779296875 0.00439453125 0.00390625
11 0.38134765625 0.34765625 0.00439453125 0.00390625
11 0.38134765625 0.34130859375 0.00439453125 0.00390625
11 0.38134765625 0.12744140625 0.00439453125 0.00390625
11 0.369140625 0.13037109375 0.00439453125 0.00390625
12 0.3603515625 0.34765625 0.00439453125 0.00390625
12 0.3603515625 0.34130859375 0.00439453125 0.00390625
11 0.35986328125 0.13232421875 0.00439453125 0.00390625
12 0.3603515625 0.3779296875 0.00439453125 0.00390625
12 0.3603515625 0.875 0.00439453125 0.00390625
12 0.3603515625 0.8447265625 0.00439453125 0.00390625
12 0.3603515625 0.81103515625 0.00439453125 0.00390625
12 0.3603515625 0.544921875 0.00439453125 0.00390625
12 0.3603515625 0.38134765625 0.00439453125 0.00390625
12 0.29541015625 0.1982421875 0.0048828125 0.00390625
12 0.29541015625 0.16357421875 0.0048828125 0.00390625
12 0.29541015625 0.13232421875 0.0048828125 0.00390625
12 0.29541015625 0.095703125 0.0048828125 0.00390625
12 0.29541015625 0.064453125 0.0048828125 0.00390625
10 0.23779296875 0.9501953125 0.0087890625 0.0244140625
10 0.23779296875 0.919921875 0.0087890625 0.0244140625
10 0.23779296875 0.88720703125 0.0087890625 0.0244140625
10 0.23779296875 0.8505859375 0.0087890625 0.0244140625
10 0.23779296875 0.8203125 0.0087890625 0.0244140625
10 0.23779296875 0.78369140625 0.0087890625 0.0244140625
10 0.23779296875 0.7529296875 0.0087890625 0.0244140625
10 0.23779296875 0.619140625 0.0087890625 0.0244140625
9 0.25830078125 0.15673828125 0.0048828125 0.0087890625
9 0.25830078125 0.12548828125 0.0048828125 0.0087890625
9 0.25830078125 0.0888671875 0.0048828125 0.00830078125
9 0.25830078125 0.0576171875 0.0048828125 0.00830078125
12 0.29541015625 0.6279296875 0.0048828125 0.00390625
12 0.29541015625 0.58837890625 0.0048828125 0.00390625
12 0.29541015625 0.54833984375 0.0048828125 0.00390625
12 0.29541015625 0.5087890625 0.0048828125 0.00390625
12 0.29541015625 0.84814453125 0.0048828125 0.00390625
12 0.29541015625 0.81103515625 0.0048828125 0.00390625
12 0.29541015625 0.478515625 0.0048828125 0.00390625
12 0.29541015625 0.75537109375 0.0048828125 0.00390625
12 0.29541015625 0.34765625 0.0048828125 0.00390625
12 0.29541015625 0.34130859375 0.0048828125 0.00390625
12 0.29541015625 0.29833984375 0.0048828125 0.00390625
12 0.29541015625 0.26220703125 0.0048828125 0.00390625
12 0.29541015625 0.2353515625 0.0048828125 0.00390625
12 0.29541015625 0.47216796875 0.0048828125 0.00390625
12 0.29541015625 0.44189453125 0.0048828125 0.00390625
12 0.29541015625 0.40478515625 0.0048828125 0.00390625
12 0.29541015625 0.38134765625 0.0048828125 0.00390625
12 0.29541015625 0.3779296875 0.0048828125 0.00390625
0 0.22802734375 0.76904296875 0.0029296875 0.0439453125
22 0.279296875 0.7822265625 0.00439453125 0.001953125
22 0.279296875 0.71826171875 0.00439453125 0.001953125
22 0.279296875 0.68798828125 0.00439453125 0.001953125
22 0.279296875 0.6572265625 0.00439453125 0.001953125
10 0.23779296875 0.208984375 0.0087890625 0.0244140625
10 0.23779296875 0.17236328125 0.0087890625 0.0244140625
11 0.25634765625 0.16162109375 0.0029296875 0.0029296875
10 0.23779296875 0.14111328125 0.0087890625 0.0244140625
11 0.25634765625 0.13037109375 0.0029296875 0.0029296875
10 0.23779296875 0.1044921875 0.0087890625 0.0244140625
11 0.25634765625 0.09375 0.0029296875 0.0029296875
10 0.23779296875 0.0732421875 0.0087890625 0.0244140625
11 0.25634765625 0.0625 0.0029296875 0.0029296875
10 0.23779296875 0.41552734375 0.0087890625 0.0244140625
10 0.23779296875 0.58740234375 0.0087890625 0.0244140625
10 0.23779296875 0.5556640625 0.0087890625 0.0244140625
10 0.23779296875 0.51904296875 0.0087890625 0.0244140625
10 0.23779296875 0.482421875 0.0087890625 0.0244140625
10 0.23779296875 0.44580078125 0.0087890625 0.0244140625
10 0.23779296875 0.37890625 0.0087890625 0.0244140625
10 0.23779296875 0.34521484375 0.0087890625 0.0244140625
10 0.23779296875 0.30859375 0.0087890625 0.0244140625
10 0.23779296875 0.27587890625 0.0087890625 0.0244140625
10 0.23779296875 0.2392578125 0.0087890625 0.0244140625
22 0.8046875 0.2744140625 0.00439453125 0.001953125
22 0.8046875 0.61767578125 0.00439453125 0.001953125
22 0.8046875 0.5859375 0.00439453125 0.001953125
22 0.8046875 0.517578125 0.00439453125 0.001953125
22 0.8046875 0.4443359375 0.00439453125 0.001953125
22 0.8046875 0.4140625 0.00439453125 0.001953125
22 0.8046875 0.30712890625 0.00439453125 0.001953125
22 0.8046875 0.6572265625 0.00439453125 0.001953125
22 0.8046875 0.23779296875 0.00439453125 0.001953125
22 0.8046875 0.20703125 0.00439453125 0.001953125
22 0.8046875 0.1708984375 0.00439453125 0.001953125
22 0.8046875 0.10302734375 0.00439453125 0.001953125
22 0.8046875 0.07177734375 0.00439453125 0.001953125
22 0.8046875 0.94873046875 0.00439453125 0.001953125
22 0.8046875 0.91845703125 0.00439453125 0.001953125
22 0.8046875 0.7822265625 0.00439453125 0.001953125
22 0.8046875 0.75146484375 0.00439453125 0.001953125
22 0.8046875 0.71826171875 0.00439453125 0.001953125
22 0.8046875 0.68798828125 0.00439453125 0.001953125
12 0.31396484375 0.84814453125 0.0048828125 0.00390625
12 0.31396484375 0.951171875 0.0048828125 0.00390625
12 0.31396484375 0.90966796875 0.0048828125 0.00390625
11 0.3134765625 0.88330078125 0.00439453125 0.00390625
12 0.31396484375 0.81103515625 0.0048828125 0.00390625
11 0.3134765625 0.7587890625 0.00439453125 0.00390625
12 0.31396484375 0.6279296875 0.0048828125 0.00390625
12 0.31396484375 0.58837890625 0.0048828125 0.00390625
12 0.31396484375 0.54833984375 0.0048828125 0.00390625
12 0.31396484375 0.5087890625 0.0048828125 0.00390625
12 0.31396484375 0.478515625 0.0048828125 0.00390625
11 0.3134765625 0.47509765625 0.00439453125 0.00390625
12 0.31396484375 0.44189453125 0.0048828125 0.00390625
12 0.31396484375 0.40478515625 0.0048828125 0.00390625
12 0.31396484375 0.38134765625 0.0048828125 0.00390625
11 0.3134765625 0.0673828125 0.00439453125 0.00390625
12 0.31396484375 0.3779296875 0.0048828125 0.00390625
12 0.31396484375 0.34765625 0.0048828125 0.00390625
12 0.31396484375 0.34130859375 0.0048828125 0.00390625
12 0.31396484375 0.29833984375 0.0048828125 0.00390625
12 0.31396484375 0.26220703125 0.0048828125 0.00390625
12 0.31396484375 0.2353515625 0.0048828125 0.00390625
12 0.31396484375 0.1982421875 0.0048828125 0.00390625
11 0.3134765625 0.16650390625 0.00439453125 0.00390625
11 0.3134765625 0.13525390625 0.00439453125 0.00390625
11 0.3134765625 0.0986328125 0.00439453125 0.00390625
12 0.29541015625 0.951171875 0.0048828125 0.00390625
12 0.29541015625 0.90966796875 0.0048828125 0.00390625
12 0.29541015625 0.8798828125 0.0048828125 0.00390625
11 0.5361328125 0.951171875 0.00439453125 0.00390625
11 0.5361328125 0.9208984375 0.00439453125 0.00390625
12 0.5361328125 0.884765625 0.00439453125 0.00390625
11 0.5361328125 0.859375 0.00439453125 0.00390625
12 0.5361328125 0.82080078125 0.00439453125 0.00390625
11 0.5361328125 0.7841796875 0.00439453125 0.00390625
11 0.5361328125 0.587890625 0.00439453125 0.00390625
12 0.5361328125 0.5546875 0.00439453125 0.00390625
12 0.5361328125 0.39111328125 0.00439453125 0.00390625
11 0.5361328125 0.38134765625 0.00439453125 0.00390625
12 0.5361328125 0.357421875 0.00439453125 0.00390625
12 0.5361328125 0.3505859375 0.00439453125 0.00390625
11 0.5361328125 0.32080078125 0.00439453125 0.00390625
11 0.5361328125 0.169921875 0.00439453125 0.00390625
12 0.56201171875 0.13232421875 0.0048828125 0.00390625
12 0.56201171875 0.16796875 0.0048828125 0.00390625
12 0.56201171875 0.884765625 0.0048828125 0.00390625
12 0.56201171875 0.94970703125 0.0048828125 0.00390625
12 0.56201171875 0.9189453125 0.0048828125 0.00390625
12 0.56201171875 0.85791015625 0.0048828125 0.00390625
12 0.56201171875 0.82080078125 0.0048828125 0.00390625
12 0.56201171875 0.78271484375 0.0048828125 0.00390625
12 0.56201171875 0.58642578125 0.0048828125 0.00390625
12 0.56201171875 0.5546875 0.0048828125 0.00390625
12 0.56201171875 0.39111328125 0.0048828125 0.00390625
12 0.56201171875 0.3798828125 0.0048828125 0.00390625
12 0.56201171875 0.357421875 0.0048828125 0.00390625
12 0.56201171875 0.3505859375 0.0048828125 0.00390625
12 0.56201171875 0.31884765625 0.0048828125 0.00390625
11 0.5458984375 0.94482421875 0.00439453125 0.00390625
11 0.5458984375 0.9140625 0.00439453125 0.00390625
11 0.5458984375 0.85302734375 0.00439453125 0.00390625
11 0.5458984375 0.77783203125 0.00439453125 0.00390625
11 0.5458984375 0.58154296875 0.00439453125 0.00390625
11 0.5458984375 0.375 0.00439453125 0.00390625
11 0.5458984375 0.31396484375 0.00439453125 0.00390625
11 0.5458984375 0.16357421875 0.00439453125 0.00390625
21 0.52685546875 0.30859375 0.00341796875 0.009765625
11 0.52734375 0.88330078125 0.00439453125 0.00390625
11 0.52734375 0.85302734375 0.00439453125 0.00390625
11 0.52734375 0.8193359375 0.00439453125 0.00390625
11 0.52734375 0.77783203125 0.00439453125 0.00390625
11 0.52734375 0.58154296875 0.00439453125 0.00390625
11 0.52734375 0.55322265625 0.00439453125 0.00390625
11 0.52734375 0.38916015625 0.00439453125 0.00390625
11 0.52734375 0.38623046875 0.00439453125 0.00390625
11 0.52734375 0.35546875 0.00439453125 0.00390625
11 0.52734375 0.34912109375 0.00439453125 0.00390625
21 0.52685546875 0.919921875 0.00341796875 0.009765625
11 0.52734375 0.16650390625 0.00439453125 0.00390625
12 0.52783203125 0.13232421875 0.00439453125 0.00390625
21 0.52685546875 0.95068359375 0.00341796875 0.009765625
11 0.51513671875 0.13232421875 0.00439453125 0.00390625
11 0.51513671875 0.77490234375 0.00439453125 0.00390625
11 0.51513671875 0.57861328125 0.00439453125 0.00390625
11 0.51513671875 0.16650390625 0.00439453125 0.00390625
13 0.59619140625 0.587890625 0.005859375 0.00390625
12 0.59521484375 0.55322265625 0.00439453125 0.00390625
12 0.59521484375 0.52001953125 0.00439453125 0.00390625
13 0.59619140625 0.47509765625 0.005859375 0.00390625
12 0.59521484375 0.47216796875 0.00439453125 0.00390625
13 0.59619140625 0.95458984375 0.005859375 0.00390625
12 0.60791015625 0.5166015625 0.00439453125 0.00390625
12 0.60791015625 0.54833984375 0.00439453125 0.00390625
12 0.60791015625 0.47021484375 0.00439453125 0.00390625
11 0.62890625 0.13037109375 0.0029296875 0.0029296875
11 0.62890625 0.16162109375 0.0029296875 0.0029296875
11 0.62890625 0.09375 0.0029296875 0.0029296875
11 0.62890625 0.0625 0.0029296875 0.0029296875
12 0.44873046875 0.345703125 0.00439453125 0.00390625
12 0.44873046875 0.8798828125 0.00439453125 0.00390625
12 0.44873046875 0.849609375 0.00439453125 0.00390625
12 0.44873046875 0.81591796875 0.00439453125 0.00390625
12 0.44873046875 0.5498046875 0.00439453125 0.00390625
12 0.44873046875 0.38623046875 0.00439453125 0.00390625
12 0.44873046875 0.3828125 0.00439453125 0.00390625
12 0.44873046875 0.35205078125 0.00439453125 0.00390625
11 0.44873046875 0.1337890625 0.00439453125 0.00390625
11 0.45703125 0.13671875 0.00439453125 0.00390625
11 0.46875 0.849609375 0.00439453125 0.00390625
11 0.46875 0.8798828125 0.00439453125 0.00390625
11 0.46875 0.81591796875 0.00439453125 0.00390625
21 0.46826171875 0.78369140625 0.00341796875 0.009765625
21 0.46826171875 0.58740234375 0.00341796875 0.009765625
11 0.46875 0.5498046875 0.00439453125 0.00390625
11 0.46875 0.38623046875 0.00439453125 0.00390625
11 0.46875 0.3828125 0.00439453125 0.00390625
11 0.46875 0.35205078125 0.00439453125 0.00390625
11 0.46875 0.345703125 0.00439453125 0.00390625
12 0.46923828125 0.13671875 0.00439453125 0.00390625
12 0.41943359375 0.87841796875 0.0048828125 0.00390625
12 0.41943359375 0.84814453125 0.0048828125 0.00390625
12 0.41943359375 0.814453125 0.0048828125 0.00390625
12 0.41943359375 0.54833984375 0.0048828125 0.00390625
12 0.41943359375 0.384765625 0.0048828125 0.00390625
12 0.41943359375 0.38134765625 0.0048828125 0.00390625
12 0.41943359375 0.3505859375 0.0048828125 0.00390625
12 0.41943359375 0.34423828125 0.0048828125 0.00390625
11 0.4189453125 0.13232421875 0.00439453125 0.00390625
11 0.43994140625 0.3505859375 0.00439453125 0.00390625
11 0.43994140625 0.87841796875 0.00439453125 0.00390625
11 0.43994140625 0.84814453125 0.00439453125 0.00390625
11 0.43994140625 0.814453125 0.00439453125 0.00390625
11 0.43994140625 0.54833984375 0.00439453125 0.00390625
11 0.43994140625 0.384765625 0.00439453125 0.00390625
11 0.43994140625 0.38134765625 0.00439453125 0.00390625
11 0.43994140625 0.34423828125 0.00439453125 0.00390625
11 0.43994140625 0.138671875 0.00439453125 0.00390625
11 0.427734375 0.1337890625 0.00439453125 0.00390625
11 0.49853515625 0.384765625 0.00439453125 0.00390625
11 0.49853515625 0.88134765625 0.00439453125 0.00390625
11 0.49853515625 0.8515625 0.00439453125 0.00390625
11 0.49853515625 0.81787109375 0.00439453125 0.00390625
12 0.49853515625 0.779296875 0.0048828125 0.00390625
11 0.49853515625 0.5517578125 0.00439453125 0.00390625
11 0.49853515625 0.3876953125 0.00439453125 0.00390625
11 0.49853515625 0.35400390625 0.00439453125 0.00390625
11 0.49853515625 0.34765625 0.00439453125 0.00390625
19 0.49853515625 0.171875 0.00439453125 0.001953125
11 0.49853515625 0.12548828125 0.00439453125 0.00390625
12 0.50732421875 0.88330078125 0.00439453125 0.00390625
12 0.50732421875 0.85302734375 0.00439453125 0.00390625
12 0.50732421875 0.8193359375 0.00439453125 0.00390625
12 0.50732421875 0.55322265625 0.00439453125 0.00390625
12 0.50732421875 0.38916015625 0.00439453125 0.00390625
12 0.50732421875 0.38623046875 0.00439453125 0.00390625
12 0.50732421875 0.35546875 0.00439453125 0.00390625
12 0.50732421875 0.34912109375 0.00439453125 0.00390625
11 0.50732421875 0.12890625 0.00390625 0.00390625
12 0.49853515625 0.5830078125 0.0048828125 0.00390625
11 0.4775390625 0.78271484375 0.00439453125 0.00390625
12 0.4775390625 0.8515625 0.0048828125 0.00390625
12 0.4775390625 0.81787109375 0.0048828125 0.00390625
11 0.4775390625 0.58642578125 0.00439453125 0.00390625
12 0.4775390625 0.5517578125 0.0048828125 0.00390625
12 0.4775390625 0.3876953125 0.0048828125 0.00390625
12 0.4775390625 0.384765625 0.0048828125 0.00390625
12 0.4775390625 0.35400390625 0.0048828125 0.00390625
12 0.4775390625 0.34765625 0.0048828125 0.00390625
12 0.4775390625 0.88134765625 0.0048828125 0.00390625
11 0.486328125 0.78125 0.00439453125 0.00390625
11 0.486328125 0.5849609375 0.00439453125 0.00390625
11 0.486328125 0.1337890625 0.00439453125 0.00390625