11 0.6650390625 0.1259765625 0.00830078125 0.00732421875
15 0.64599609375 0.11181640625 0.0078125 0.01171875
11 0.70263671875 0.12890625 0.00830078125 0.0068359375
11 0.68408203125 0.1259765625 0.00830078125 0.00732421875
11 0.58447265625 0.1318359375 0.00830078125 0.00732421875
15 0.6181640625 0.11181640625 0.0078125 0.01171875
9 0.6376953125 0.1142578125 0.0068359375 0.017578125
11 0.63134765625 0.1259765625 0.00830078125 0.00732421875
11 0.59619140625 0.13818359375 0.00830078125 0.0068359375
19 0.7978515625 0.109375 0.00830078125 0.00390625
11 0.775390625 0.13818359375 0.00830078125 0.0068359375
22 0.41455078125 0.177734375 0.00830078125 0.00390625
22 0.5126953125 0.177734375 0.00830078125 0.00390625
22 0.60888671875 0.177734375 0.00830078125 0.00390625
22 0.70458984375 0.177734375 0.00830078125 0.00390625
11 0.7421875 0.1318359375 0.00830078125 0.00732421875
11 0.72900390625 0.12890625 0.00830078125 0.0068359375
11 0.7158203125 0.1318359375 0.00830078125 0.00732421875
15 0.7626953125 0.11181640625 0.0078125 0.01171875
11 0.375 0.12890625 0.0078125 0.0068359375
11 0.34912109375 0.1259765625 0.00830078125 0.00732421875
11 0.41455078125 0.1318359375 0.00830078125 0.00732421875
11 0.4013671875 0.12890625 0.0078125 0.0068359375
11 0.38818359375 0.1318359375 0.00830078125 0.00732421875
1 0.24365234375 0.1796875 0.017578125 0.02099609375
10 0.244140625 0.12158203125 0.0166015625 0.0458984375
21 0.29345703125 0.10986328125 0.00634765625 0.0185546875
22 0.78662109375 0.177734375 0.00830078125 0.00390625
0 0.22607421875 0.15234375 0.005859375 0.08349609375
22 0.322265625 0.177734375 0.00830078125 0.00390625
11 0.33056640625 0.1259765625 0.00830078125 0.00732421875
11 0.3115234375 0.1259765625 0.00830078125 0.00732421875
15 0.48681640625 0.11181640625 0.0078125 0.01171875
11 0.5 0.1259765625 0.00830078125 0.00732421875
11 0.5185546875 0.1259765625 0.00830078125 0.00732421875
11 0.57177734375 0.12890625 0.00830078125 0.0068359375
11 0.55078125 0.1318359375 0.00830078125 0.00732421875
11 0.53759765625 0.12890625 0.00830078125 0.0068359375
11 0.4462890625 0.13818359375 0.00830078125 0.0068359375
11 0.47216796875 0.13818359375 0.00830078125 0.0068359375
15 0.43310546875 0.11181640625 0.0078125 0.01171875
9 0.47900390625 0.1259765625 0.0068359375 0.017578125
11 0.6376953125 0.31640625 0.00830078125 0.0068359375
11 0.6845703125 0.3193359375 0.00830078125 0.0068359375
11 0.6708984375 0.32275390625 0.00830078125 0.0068359375
11 0.65771484375 0.3193359375 0.00830078125 0.0068359375
11 0.552734375 0.31640625 0.0078125 0.0068359375
11 0.54052734375 0.310546875 0.00830078125 0.0068359375
11 0.611328125 0.31640625 0.00830078125 0.0068359375
21 0.59228515625 0.30029296875 0.00634765625 0.01806640625
11 0.580078125 0.32275390625 0.00830078125 0.0068359375
11 0.56640625 0.3193359375 0.00830078125 0.0068359375
9 0.81396484375 0.3046875 0.0068359375 0.017578125
11 0.8076171875 0.31640625 0.00830078125 0.0068359375
11 0.78466796875 0.31640625 0.00830078125 0.0068359375
22 0.36474609375 0.3681640625 0.00830078125 0.00390625
22 0.47314453125 0.3681640625 0.00830078125 0.00390625
22 0.580078125 0.3681640625 0.00830078125 0.00390625
22 0.6826171875 0.3681640625 0.00830078125 0.00390625
11 0.74609375 0.3193359375 0.00830078125 0.0068359375
11 0.72509765625 0.32275390625 0.0078125 0.0068359375
11 0.7119140625 0.3193359375 0.00830078125 0.0068359375
11 0.6982421875 0.32275390625 0.00830078125 0.0068359375
11 0.76123046875 0.31640625 0.00830078125 0.0068359375
9 0.7529296875 0.3076171875 0.0068359375 0.017578125
9 0.33056640625 0.31640625 0.0068359375 0.017578125
11 0.32421875 0.32861328125 0.00830078125 0.0068359375
11 0.30322265625 0.32275390625 0.00830078125 0.0068359375
11 0.3701171875 0.31640625 0.00830078125 0.0068359375
21 0.35107421875 0.30029296875 0.00634765625 0.01806640625
14 0.34130859375 0.30517578125 0.0087890625 0.017578125
22 0.77783203125 0.3681640625 0.00830078125 0.00390625
1 0.193359375 0.37060546875 0.017578125 0.02099609375
10 0.19384765625 0.31201171875 0.0166015625 0.0458984375
22 0.26318359375 0.3681640625 0.00830078125 0.00390625
0 0.17529296875 0.3427734375 0.005859375 0.083984375
11 0.28955078125 0.3193359375 0.00830078125 0.0068359375
11 0.27001953125 0.31640625 0.00830078125 0.0068359375
11 0.25048828125 0.31640625 0.00830078125 0.0068359375
11 0.23046875 0.31640625 0.00830078125 0.0068359375
11 0.3896484375 0.3193359375 0.00830078125 0.0068359375
11 0.49169921875 0.32275390625 0.00830078125 0.0068359375
11 0.43798828125 0.32275390625 0.00830078125 0.0068359375
11 0.46484375 0.32275390625 0.00830078125 0.0068359375
11 0.478515625 0.3193359375 0.00830078125 0.0068359375
11 0.451171875 0.3193359375 0.00830078125 0.0068359375
11 0.5205078125 0.310546875 0.00830078125 0.0068359375
11 0.40283203125 0.32275390625 0.00830078125 0.0068359375
11 0.50537109375 0.3193359375 0.00830078125 0.0068359375
11 0.42431640625 0.3193359375 0.00830078125 0.0068359375
11 0.64013671875 0.51611328125 0.00830078125 0.0068359375
11 0.619140625 0.51318359375 0.00830078125 0.0068359375
11 0.6962890625 0.51904296875 0.00830078125 0.0068359375
12 0.65625 0.51904296875 0.0087890625 0.0068359375
11 0.57568359375 0.51904296875 0.00830078125 0.0068359375
11 0.56103515625 0.51318359375 0.00830078125 0.0068359375
11 0.54541015625 0.51611328125 0.00830078125 0.0068359375
11 0.5986328125 0.51025390625 0.00830078125 0.0068359375
11 0.529296875 0.51904296875 0.00830078125 0.0068359375
11 0.806640625 0.51904296875 0.00830078125 0.0068359375
22 0.40478515625 0.494140625 0.00830078125 0.00390625
22 0.40478515625 0.55859375 0.00830078125 0.00390625
22 0.52197265625 0.494140625 0.00830078125 0.00390625
22 0.52197265625 0.55859375 0.00830078125 0.00390625
22 0.63720703125 0.494140625 0.00830078125 0.00390625
22 0.63720703125 0.55859375 0.00830078125 0.00390625
11 0.728515625 0.51904296875 0.00830078125 0.0068359375
11 0.71240234375 0.51904296875 0.00830078125 0.0068359375
11 0.7919921875 0.51318359375 0.00830078125 0.0068359375
11 0.77587890625 0.51611328125 0.00830078125 0.0068359375
11 0.76025390625 0.51904296875 0.00830078125 0.0068359375
11 0.744140625 0.51904296875 0.00830078125 0.0068359375
11 0.31103515625 0.51611328125 0.00830078125 0.0068359375
11 0.29541015625 0.51904296875 0.00830078125 0.0068359375
11 0.279296875 0.51904296875 0.00830078125 0.0068359375
11 0.26318359375 0.51904296875 0.00830078125 0.0068359375
12 0.365234375 0.50439453125 0.0087890625 0.0068359375
11 0.51318359375 0.51904296875 0.00830078125 0.0068359375
11 0.34130859375 0.51904296875 0.00830078125 0.0068359375
11 0.3271484375 0.51318359375 0.00830078125 0.0068359375
22 0.28271484375 0.55859375 0.00830078125 0.00390625
1 0.193359375 0.56103515625 0.017578125 0.02099609375
10 0.19384765625 0.5029296875 0.0166015625 0.0458984375
22 0.7529296875 0.55859375 0.00830078125 0.00390625
22 0.7529296875 0.494140625 0.00830078125 0.00390625
22 0.28271484375 0.494140625 0.00830078125 0.00390625
0 0.17529296875 0.53369140625 0.005859375 0.083984375
11 0.25146484375 0.51904296875 0.00830078125 0.0068359375
11 0.23046875 0.51904296875 0.00830078125 0.0068359375
11 0.46533203125 0.51904296875 0.00830078125 0.0068359375
15 0.44287109375 0.5166015625 0.0078125 0.01171875
11 0.49755859375 0.51904296875 0.00830078125 0.0068359375
11 0.4814453125 0.51904296875 0.00830078125 0.0068359375
11 0.41259765625 0.51318359375 0.00830078125 0.0068359375
11 0.4267578125 0.51904296875 0.00830078125 0.0068359375
11 0.39794921875 0.5068359375 0.00830078125 0.0068359375
19 0.66357421875 0.705078125 0.00830078125 0.00390625
11 0.70068359375 0.70947265625 0.00830078125 0.00732421875
11 0.5439453125 0.70654296875 0.00830078125 0.0068359375
12 0.56591796875 0.70947265625 0.0087890625 0.00732421875
19 0.63330078125 0.705078125 0.00830078125 0.00390625
19 0.59619140625 0.705078125 0.00830078125 0.00390625
11 0.5244140625 0.70361328125 0.00830078125 0.0068359375
8 0.806640625 0.71875 0.00634765625 0.01806640625
11 0.80712890625 0.70947265625 0.0078125 0.00732421875
22 0.37841796875 0.6845703125 0.00830078125 0.00390625
22 0.37841796875 0.7490234375 0.00830078125 0.00390625
22 0.49853515625 0.6845703125 0.00830078125 0.00390625
22 0.49853515625 0.7490234375 0.00830078125 0.00390625
22 0.58935546875 0.6845703125 0.00830078125 0.00390625
22 0.58935546875 0.7490234375 0.00830078125 0.00390625
22 0.6572265625 0.6845703125 0.00830078125 0.00390625
22 0.6572265625 0.7490234375 0.00830078125 0.00390625
11 0.74560546875 0.70947265625 0.00830078125 0.00732421875
11 0.73046875 0.70947265625 0.00830078125 0.00732421875
11 0.71533203125 0.70947265625 0.00830078125 0.00732421875
14 0.7958984375 0.71044921875 0.0087890625 0.01708984375
11 0.77587890625 0.70947265625 0.00830078125 0.00732421875
11 0.7607421875 0.70947265625 0.00830078125 0.00732421875
11 0.3251953125 0.70947265625 0.00830078125 0.00732421875
15 0.3037109375 0.70751953125 0.0078125 0.01171875
11 0.28857421875 0.70947265625 0.00830078125 0.00732421875
11 0.34033203125 0.70947265625 0.0078125 0.00732421875
11 0.35546875 0.70947265625 0.00830078125 0.00732421875
22 0.263671875 0.7490234375 0.00830078125 0.00390625
1 0.193359375 0.75146484375 0.017578125 0.02099609375
10 0.19384765625 0.693359375 0.0166015625 0.0458984375
22 0.7548828125 0.7490234375 0.00830078125 0.00390625
22 0.7548828125 0.6845703125 0.00830078125 0.00390625
22 0.263671875 0.6845703125 0.00830078125 0.00390625
0 0.17529296875 0.72412109375 0.005859375 0.083984375
11 0.27490234375 0.70361328125 0.00830078125 0.0068359375
11 0.26171875 0.69775390625 0.00830078125 0.0068359375
12 0.23095703125 0.69482421875 0.0087890625 0.0068359375
11 0.470703125 0.70361328125 0.00830078125 0.0068359375
11 0.451171875 0.70068359375 0.00830078125 0.0068359375
11 0.42919921875 0.70947265625 0.00830078125 0.00732421875
11 0.3857421875 0.70947265625 0.00830078125 0.00732421875
15 0.48974609375 0.70751953125 0.0078125 0.01171875
11 0.5048828125 0.70068359375 0.00830078125 0.0068359375
11 0.37060546875 0.70947265625 0.00830078125 0.00732421875
11 0.40087890625 0.70654296875 0.00830078125 0.0068359375
11 0.41552734375 0.70361328125 0.00830078125 0.0068359375
11 0.6611328125 0.900390625 0.00830078125 0.0068359375
11 0.64599609375 0.900390625 0.00830078125 0.0068359375
11 0.63037109375 0.900390625 0.00830078125 0.0068359375
11 0.69873046875 0.900390625 0.00830078125 0.0068359375
4 0.69873046875 0.91064453125 0.0078125 0.01806640625
11 0.6767578125 0.900390625 0.00830078125 0.0068359375
11 0.53955078125 0.89111328125 0.0078125 0.00732421875
8 0.56884765625 0.90087890625 0.00634765625 0.01806640625
11 0.5693359375 0.89111328125 0.00830078125 0.00732421875
11 0.615234375 0.900390625 0.00830078125 0.0068359375
11 0.599609375 0.900390625 0.00830078125 0.0068359375
15 0.58447265625 0.89794921875 0.0078125 0.01171875
11 0.79931640625 0.900390625 0.00830078125 0.0068359375
22 0.41162109375 0.875 0.00830078125 0.00390625
22 0.41162109375 0.939453125 0.00830078125 0.00390625
22 0.515625 0.875 0.00830078125 0.00390625
22 0.515625 0.939453125 0.00830078125 0.00390625
22 0.6240234375 0.875 0.00830078125 0.00390625
22 0.6240234375 0.939453125 0.00830078125 0.00390625
11 0.72216796875 0.900390625 0.00830078125 0.0068359375
14 0.71044921875 0.90087890625 0.0087890625 0.01708984375
11 0.78369140625 0.900390625 0.0078125 0.0068359375
11 0.7685546875 0.8974609375 0.00830078125 0.00732421875
11 0.7529296875 0.89404296875 0.00830078125 0.0068359375
11 0.73779296875 0.8974609375 0.00830078125 0.00732421875
11 0.29248046875 0.900390625 0.00830078125 0.0068359375
15 0.3076171875 0.89794921875 0.0078125 0.01171875
8 0.2919921875 0.9091796875 0.00634765625 0.017578125
11 0.32275390625 0.9033203125 0.00830078125 0.0068359375
11 0.27685546875 0.900390625 0.00830078125 0.0068359375
11 0.3603515625 0.9033203125 0.00830078125 0.0068359375
11 0.337890625 0.9033203125 0.00830078125 0.0068359375
22 0.28076171875 0.939453125 0.00830078125 0.00390625
1 0.193359375 0.94189453125 0.017578125 0.02099609375
10 0.19384765625 0.8837890625 0.0166015625 0.0458984375
22 0.75390625 0.939453125 0.00830078125 0.00390625
22 0.75390625 0.875 0.00830078125 0.00390625
22 0.28076171875 0.875 0.00830078125 0.00390625
0 0.17529296875 0.91455078125 0.005859375 0.083984375
11 0.26171875 0.8974609375 0.00830078125 0.00732421875
11 0.24609375 0.89404296875 0.00830078125 0.0068359375
11 0.23046875 0.8974609375 0.00830078125 0.00732421875
11 0.482421875 0.8974609375 0.00830078125 0.00732421875
8 0.4599609375 0.90625 0.00634765625 0.01806640625
11 0.46044921875 0.8974609375 0.00830078125 0.00732421875
11 0.43701171875 0.900390625 0.0078125 0.0068359375
8 0.42138671875 0.912109375 0.00634765625 0.017578125
11 0.421875 0.9033203125 0.00830078125 0.0068359375
11 0.51171875 0.88818359375 0.00830078125 0.0068359375
11 0.39111328125 0.9033203125 0.00830078125 0.0068359375
11 0.37548828125 0.9033203125 0.00830078125 0.0068359375
11 0.40625 0.9033203125 0.00830078125 0.0068359375