11 0.62548828125 0.12109375 0.00830078125 0.0068359375
11 0.646484375 0.1181640625 0.00830078125 0.0068359375
13 0.6728515625 0.07373046875 0.01123046875 0.0068359375
13 0.6728515625 0.06787109375 0.01123046875 0.0068359375
11 0.67138671875 0.1181640625 0.00830078125 0.0068359375
12 0.5361328125 0.06787109375 0.0087890625 0.0068359375
11 0.5087890625 0.07373046875 0.0078125 0.0068359375
12 0.5361328125 0.07373046875 0.0087890625 0.0068359375
11 0.5087890625 0.06494140625 0.0078125 0.0068359375
11 0.54931640625 0.1240234375 0.00830078125 0.00732421875
11 0.56494140625 0.13330078125 0.00830078125 0.0068359375
11 0.58349609375 0.1240234375 0.00830078125 0.00732421875
9 0.80224609375 0.126953125 0.0068359375 0.017578125
11 0.7958984375 0.14501953125 0.00830078125 0.0068359375
11 0.6875 0.1240234375 0.00830078125 0.00732421875
11 0.75439453125 0.14501953125 0.00830078125 0.0068359375
11 0.71923828125 0.1240234375 0.00830078125 0.00732421875
11 0.283203125 0.1298828125 0.00830078125 0.0068359375
12 0.29150390625 0.05615234375 0.0087890625 0.0068359375
12 0.28369140625 0.05908203125 0.0087890625 0.0068359375
12 0.28369140625 0.06494140625 0.0087890625 0.0068359375
12 0.28369140625 0.0712890625 0.0087890625 0.0068359375
12 0.36083984375 0.06494140625 0.0087890625 0.0068359375
12 0.36083984375 0.13330078125 0.0087890625 0.0068359375
12 0.36083984375 0.05908203125 0.0087890625 0.0068359375
12 0.36083984375 0.0712890625 0.0087890625 0.0068359375
9 0.330078125 0.126953125 0.0068359375 0.017578125
11 0.3232421875 0.14208984375 0.00830078125 0.0068359375
10 0.19384765625 0.0576171875 0.0166015625 0.0458984375
1 0.193359375 0.1162109375 0.017578125 0.02099609375
0 0.17529296875 0.08837890625 0.005859375 0.08447265625
12 0.236328125 0.14208984375 0.0087890625 0.0068359375
12 0.236328125 0.05615234375 0.0087890625 0.0068359375
12 0.236328125 0.06494140625 0.0087890625 0.0068359375
12 0.236328125 0.0712890625 0.0087890625 0.0068359375
9 0.455078125 0.12109375 0.0068359375 0.017578125
11 0.482421875 0.1240234375 0.00830078125 0.00732421875
11 0.482421875 0.05908203125 0.00830078125 0.0068359375
11 0.482421875 0.06787109375 0.00830078125 0.0068359375
11 0.482421875 0.07373046875 0.00830078125 0.0068359375
11 0.4482421875 0.13330078125 0.0078125 0.0068359375
12 0.4072265625 0.0712890625 0.0087890625 0.0068359375
12 0.4072265625 0.06494140625 0.0087890625 0.0068359375
12 0.4072265625 0.05908203125 0.0087890625 0.0068359375
11 0.40673828125 0.13330078125 0.00830078125 0.0068359375
11 0.6337890625 0.33056640625 0.0078125 0.00732421875
11 0.65087890625 0.3271484375 0.00830078125 0.0068359375
12 0.677734375 0.27099609375 0.0087890625 0.0068359375
12 0.677734375 0.26513671875 0.0087890625 0.0068359375
12 0.677734375 0.25634765625 0.0087890625 0.0068359375
11 0.67724609375 0.3212890625 0.00830078125 0.0068359375
12 0.544921875 0.3212890625 0.0087890625 0.0068359375
12 0.544921875 0.25634765625 0.0087890625 0.0068359375
12 0.544921875 0.26513671875 0.0087890625 0.0068359375
12 0.544921875 0.27099609375 0.0087890625 0.0068359375
12 0.59228515625 0.27099609375 0.0087890625 0.0068359375
12 0.59228515625 0.26513671875 0.0087890625 0.0068359375
12 0.59228515625 0.25927734375 0.0087890625 0.0068359375
12 0.60009765625 0.25634765625 0.0087890625 0.0068359375
11 0.59228515625 0.3212890625 0.00830078125 0.0068359375
9 0.8017578125 0.32421875 0.0068359375 0.017578125
11 0.79541015625 0.34228515625 0.00830078125 0.0068359375
11 0.751953125 0.34228515625 0.00830078125 0.0068359375
12 0.76025390625 0.25634765625 0.0087890625 0.0068359375
12 0.75244140625 0.25927734375 0.0087890625 0.0068359375
12 0.75244140625 0.26513671875 0.0087890625 0.0068359375
12 0.75244140625 0.27099609375 0.0087890625 0.0068359375
11 0.736328125 0.3271484375 0.00830078125 0.0068359375
11 0.71875 0.33056640625 0.00830078125 0.00732421875
11 0.30810546875 0.318359375 0.00830078125 0.0068359375
12 0.31591796875 0.25341796875 0.0087890625 0.00732421875
12 0.30810546875 0.25634765625 0.0087890625 0.0068359375
12 0.30810546875 0.26220703125 0.0087890625 0.0068359375
12 0.30810546875 0.26806640625 0.0087890625 0.0068359375
9 0.287109375 0.3154296875 0.0068359375 0.017578125
11 0.28076171875 0.3271484375 0.00830078125 0.0068359375
11 0.37158203125 0.3125 0.00830078125 0.0068359375
9 0.51611328125 0.318359375 0.0068359375 0.017578125
11 0.3515625 0.3125 0.00830078125 0.0068359375
10 0.19384765625 0.2548828125 0.0166015625 0.0458984375
1 0.193359375 0.3134765625 0.017578125 0.02099609375
0 0.17529296875 0.28564453125 0.005859375 0.08447265625
11 0.236328125 0.33935546875 0.00830078125 0.0068359375
12 0.244140625 0.25341796875 0.0087890625 0.00732421875
12 0.236328125 0.25634765625 0.0087890625 0.0068359375
12 0.236328125 0.26220703125 0.0087890625 0.0068359375
12 0.236328125 0.26806640625 0.0087890625 0.0068359375
12 0.4697265625 0.26806640625 0.0087890625 0.0068359375
11 0.423828125 0.33056640625 0.00830078125 0.00732421875
12 0.4775390625 0.26513671875 0.0087890625 0.0068359375
11 0.509765625 0.33056640625 0.00830078125 0.00732421875
11 0.46923828125 0.3095703125 0.00830078125 0.0068359375
12 0.4697265625 0.25341796875 0.0087890625 0.00732421875
12 0.4697265625 0.25927734375 0.0087890625 0.0068359375
12 0.39697265625 0.26806640625 0.0087890625 0.0068359375
12 0.40478515625 0.26513671875 0.0087890625 0.0068359375
12 0.39697265625 0.25927734375 0.0087890625 0.0068359375
12 0.39697265625 0.25341796875 0.0087890625 0.00732421875
11 0.396484375 0.3095703125 0.00830078125 0.0068359375
8 0.39599609375 0.3212890625 0.00634765625 0.017578125
11 0.6328125 0.46240234375 0.00830078125 0.0068359375
11 0.6328125 0.46826171875 0.00830078125 0.0068359375
11 0.6328125 0.474609375 0.00830078125 0.0068359375
11 0.62060546875 0.46240234375 0.00830078125 0.0068359375
11 0.62060546875 0.46826171875 0.00830078125 0.0068359375
11 0.62060546875 0.474609375 0.00830078125 0.0068359375
11 0.67041015625 0.46826171875 0.00830078125 0.0068359375
11 0.67041015625 0.474609375 0.00830078125 0.0068359375
11 0.658203125 0.46240234375 0.00830078125 0.0068359375
11 0.658203125 0.46826171875 0.00830078125 0.0068359375
11 0.658203125 0.474609375 0.00830078125 0.0068359375
11 0.6455078125 0.5185546875 0.00830078125 0.0068359375
11 0.6455078125 0.46240234375 0.00830078125 0.0068359375
11 0.6455078125 0.46826171875 0.00830078125 0.0068359375
11 0.6455078125 0.474609375 0.00830078125 0.0068359375
11 0.60302734375 0.46240234375 0.00830078125 0.0068359375
11 0.5615234375 0.45947265625 0.00830078125 0.00732421875
11 0.5615234375 0.46826171875 0.00830078125 0.0068359375
11 0.5615234375 0.474609375 0.00830078125 0.0068359375
11 0.5439453125 0.45361328125 0.00830078125 0.0068359375
11 0.5439453125 0.46826171875 0.00830078125 0.0068359375
11 0.53125 0.45947265625 0.00830078125 0.00732421875
11 0.53125 0.46826171875 0.00830078125 0.0068359375
11 0.67041015625 0.46240234375 0.00830078125 0.0068359375
11 0.60302734375 0.46826171875 0.00830078125 0.0068359375
11 0.60302734375 0.474609375 0.00830078125 0.0068359375
11 0.591796875 0.5244140625 0.00830078125 0.0068359375
11 0.60302734375 0.53955078125 0.00830078125 0.0068359375
11 0.5791015625 0.52734375 0.00830078125 0.00732421875
11 0.5791015625 0.46240234375 0.00830078125 0.0068359375
11 0.5791015625 0.46826171875 0.00830078125 0.0068359375
11 0.5791015625 0.474609375 0.00830078125 0.0068359375
13 0.783203125 0.5185546875 0.01123046875 0.00732421875
13 0.783203125 0.45361328125 0.01123046875 0.00732421875
13 0.783203125 0.46240234375 0.01123046875 0.0068359375
13 0.783203125 0.46826171875 0.01123046875 0.0068359375
9 0.7587890625 0.515625 0.0068359375 0.017578125
11 0.751953125 0.52734375 0.00830078125 0.00732421875
12 0.69873046875 0.52734375 0.0087890625 0.00732421875
12 0.69873046875 0.45361328125 0.0087890625 0.0068359375
12 0.69873046875 0.45947265625 0.0087890625 0.0068359375
12 0.69873046875 0.46533203125 0.0087890625 0.00732421875
12 0.72705078125 0.45361328125 0.0087890625 0.0068359375
11 0.7265625 0.52734375 0.00830078125 0.00732421875
12 0.73486328125 0.4501953125 0.0087890625 0.0068359375
12 0.72705078125 0.45947265625 0.0087890625 0.0068359375
12 0.72705078125 0.46533203125 0.0087890625 0.00732421875
11 0.34130859375 0.5068359375 0.00830078125 0.00732421875
12 0.341796875 0.4501953125 0.0087890625 0.0068359375
12 0.341796875 0.45654296875 0.0087890625 0.0068359375
12 0.349609375 0.46240234375 0.0087890625 0.0068359375
12 0.341796875 0.46533203125 0.0087890625 0.00732421875
11 0.3232421875 0.509765625 0.00830078125 0.0068359375
11 0.30712890625 0.509765625 0.00830078125 0.0068359375
12 0.3876953125 0.46533203125 0.0087890625 0.00732421875
11 0.35888671875 0.52734375 0.0078125 0.00732421875
8 0.3408203125 0.5185546875 0.00634765625 0.017578125
10 0.19384765625 0.4521484375 0.0166015625 0.0458984375
12 0.236328125 0.46533203125 0.0087890625 0.00732421875
1 0.193359375 0.5107421875 0.017578125 0.02099609375
12 0.236328125 0.45947265625 0.0087890625 0.0068359375
0 0.17529296875 0.48291015625 0.005859375 0.08447265625
11 0.26318359375 0.5244140625 0.00830078125 0.0068359375
11 0.28076171875 0.515625 0.00830078125 0.0068359375
12 0.2890625 0.4501953125 0.0087890625 0.0068359375
12 0.28125 0.45361328125 0.0087890625 0.0068359375
12 0.28125 0.45947265625 0.0087890625 0.0068359375
12 0.28125 0.46533203125 0.0087890625 0.00732421875
9 0.26953125 0.5126953125 0.0068359375 0.017578125
11 0.236328125 0.53662109375 0.00830078125 0.0068359375
12 0.244140625 0.4501953125 0.0087890625 0.0068359375
12 0.236328125 0.45361328125 0.0087890625 0.0068359375
11 0.486328125 0.52734375 0.00830078125 0.00732421875
11 0.46240234375 0.5185546875 0.00830078125 0.0068359375
12 0.470703125 0.45361328125 0.0087890625 0.0068359375
12 0.462890625 0.45654296875 0.0087890625 0.0068359375
12 0.462890625 0.46240234375 0.0087890625 0.0068359375
12 0.462890625 0.46826171875 0.0087890625 0.0068359375
12 0.3955078125 0.46240234375 0.0087890625 0.0068359375
11 0.5185546875 0.5185546875 0.00830078125 0.0068359375
11 0.5185546875 0.46240234375 0.00830078125 0.0068359375
11 0.5185546875 0.46826171875 0.00830078125 0.0068359375
11 0.4990234375 0.5244140625 0.00830078125 0.0068359375
12 0.43359375 0.53955078125 0.0087890625 0.0068359375
12 0.43359375 0.45361328125 0.0087890625 0.0068359375
12 0.43359375 0.46240234375 0.0087890625 0.0068359375
12 0.43359375 0.46826171875 0.0087890625 0.0068359375
9 0.41650390625 0.515625 0.0068359375 0.017578125
11 0.41015625 0.52734375 0.00830078125 0.00732421875
12 0.3876953125 0.45654296875 0.0087890625 0.0068359375
12 0.3876953125 0.4501953125 0.0087890625 0.0068359375
11 0.38720703125 0.5068359375 0.00830078125 0.00732421875