11 0.63720703125 0.12548828125 0.00830078125 0.00732421875
11 0.63720703125 0.193359375 0.00830078125 0.0068359375
11 0.62060546875 0.12841796875 0.00830078125 0.0068359375
11 0.68115234375 0.193359375 0.00830078125 0.0068359375
12 0.681640625 0.11083984375 0.0087890625 0.00732421875
11 0.68115234375 0.044921875 0.00830078125 0.0068359375
11 0.65576171875 0.11962890625 0.00830078125 0.0068359375
11 0.552734375 0.0625 0.00830078125 0.00732421875
21 0.60400390625 0.1923828125 0.00634765625 0.01806640625
11 0.60498046875 0.11962890625 0.00830078125 0.0068359375
12 0.60546875 0.044921875 0.0087890625 0.0068359375
8 0.5869140625 0.12841796875 0.00634765625 0.01806640625
11 0.58740234375 0.11669921875 0.00830078125 0.0068359375
11 0.58740234375 0.0537109375 0.00830078125 0.0068359375
11 0.5693359375 0.0595703125 0.00830078125 0.0068359375
9 0.810546875 0.19921875 0.0068359375 0.017578125
11 0.80419921875 0.21142578125 0.00830078125 0.00732421875
11 0.80419921875 0.11669921875 0.00830078125 0.0068359375
11 0.7890625 0.107421875 0.00830078125 0.0068359375
22 0.45458984375 0.2490234375 0.00830078125 0.00390625
22 0.59814453125 0.2490234375 0.00830078125 0.00390625
11 0.69677734375 0.20849609375 0.00830078125 0.0068359375
11 0.7138671875 0.20556640625 0.00830078125 0.00732421875
11 0.7138671875 0.056640625 0.00830078125 0.0068359375
11 0.77197265625 0.10498046875 0.00830078125 0.0068359375
11 0.75341796875 0.21142578125 0.00830078125 0.00732421875
11 0.75341796875 0.11083984375 0.00830078125 0.00732421875
12 0.75390625 0.04736328125 0.0087890625 0.0068359375
11 0.73193359375 0.19970703125 0.00830078125 0.0068359375
11 0.3017578125 0.19970703125 0.00830078125 0.0068359375
11 0.3193359375 0.04150390625 0.00830078125 0.00732421875
19 0.31982421875 0.11767578125 0.00830078125 0.00390625
11 0.3193359375 0.1904296875 0.00830078125 0.00732421875
19 0.31982421875 0.251953125 0.00830078125 0.00390625
11 0.283203125 0.20556640625 0.00830078125 0.00732421875
11 0.283203125 0.04150390625 0.00830078125 0.00732421875
11 0.2666015625 0.20849609375 0.00830078125 0.0068359375
11 0.2666015625 0.044921875 0.00830078125 0.0068359375
11 0.3515625 0.04736328125 0.00830078125 0.0068359375
11 0.3349609375 0.05078125 0.00830078125 0.0068359375
22 0.74462890625 0.2490234375 0.00830078125 0.00390625
0 0.17529296875 0.2236328125 0.005859375 0.0849609375
0 0.17529296875 0.08984375 0.005859375 0.0849609375
12 0.25146484375 0.25927734375 0.0087890625 0.0068359375
11 0.25146484375 0.20263671875 0.00830078125 0.0068359375
12 0.25146484375 0.1015625 0.0087890625 0.0068359375
11 0.25146484375 0.03857421875 0.00830078125 0.0068359375
1 0.193359375 0.25146484375 0.017578125 0.02099609375
11 0.4609375 0.1962890625 0.00830078125 0.0068359375
11 0.4609375 0.11962890625 0.00830078125 0.0068359375
12 0.46142578125 0.056640625 0.0087890625 0.0068359375
11 0.44580078125 0.107421875 0.00830078125 0.0068359375
11 0.42724609375 0.11376953125 0.00830078125 0.0068359375
11 0.41064453125 0.11669921875 0.00830078125 0.0068359375
12 0.537109375 0.20263671875 0.0087890625 0.0068359375
11 0.537109375 0.11376953125 0.00830078125 0.0068359375
11 0.537109375 0.056640625 0.00830078125 0.0068359375
11 0.51171875 0.1904296875 0.00830078125 0.00732421875
11 0.4931640625 0.19970703125 0.00830078125 0.0068359375
11 0.4931640625 0.11669921875 0.00830078125 0.0068359375
11 0.4765625 0.20263671875 0.00830078125 0.0068359375
12 0.39453125 0.1962890625 0.0087890625 0.0068359375
15 0.39404296875 0.1201171875 0.0078125 0.01171875
12 0.39453125 0.0537109375 0.0087890625 0.0068359375
8 0.36962890625 0.20458984375 0.00634765625 0.01806640625
11 0.3701171875 0.193359375 0.00830078125 0.0068359375
11 0.3701171875 0.04150390625 0.00830078125 0.00732421875
11 0.666015625 0.5947265625 0.00830078125 0.0068359375
11 0.666015625 0.53173828125 0.00830078125 0.0068359375
21 0.69287109375 0.3994140625 0.0068359375 0.0185546875
11 0.64453125 0.52880859375 0.00830078125 0.0068359375
11 0.64453125 0.455078125 0.00830078125 0.00732421875
11 0.64453125 0.40087890625 0.00830078125 0.0068359375
11 0.55419921875 0.40087890625 0.00830078125 0.0068359375
11 0.55419921875 0.455078125 0.00830078125 0.00732421875
11 0.69384765625 0.591796875 0.00830078125 0.0068359375
11 0.69384765625 0.52880859375 0.00830078125 0.0068359375
21 0.69287109375 0.45947265625 0.0068359375 0.0185546875
8 0.66552734375 0.60595703125 0.00634765625 0.01806640625
11 0.59619140625 0.39501953125 0.00830078125 0.0068359375
11 0.59619140625 0.52587890625 0.00830078125 0.0068359375
11 0.5751953125 0.52880859375 0.00830078125 0.0068359375
11 0.5751953125 0.4521484375 0.00830078125 0.0068359375
11 0.5751953125 0.39794921875 0.00830078125 0.0068359375
11 0.62841796875 0.52587890625 0.00830078125 0.0068359375
11 0.61279296875 0.59765625 0.00830078125 0.00732421875
11 0.61279296875 0.52294921875 0.00830078125 0.0068359375
11 0.61279296875 0.44580078125 0.00830078125 0.0068359375
11 0.61279296875 0.39208984375 0.00830078125 0.00732421875
11 0.80712890625 0.53173828125 0.0078125 0.0068359375
11 0.7861328125 0.3798828125 0.00830078125 0.0068359375
11 0.77001953125 0.52587890625 0.00830078125 0.0068359375
11 0.7861328125 0.44580078125 0.00830078125 0.0068359375
11 0.7861328125 0.52880859375 0.00830078125 0.0068359375
22 0.45068359375 0.5908203125 0.00830078125 0.00390625
11 0.70849609375 0.5380859375 0.00830078125 0.0068359375
11 0.72705078125 0.38623046875 0.00830078125 0.00732421875
11 0.72705078125 0.4521484375 0.00830078125 0.0068359375
11 0.72705078125 0.51708984375 0.00830078125 0.0068359375
11 0.75537109375 0.51708984375 0.00830078125 0.0068359375
12 0.755859375 0.5859375 0.0087890625 0.0068359375
11 0.75537109375 0.455078125 0.00830078125 0.00732421875
11 0.7392578125 0.5888671875 0.00830078125 0.0068359375
8 0.73876953125 0.60107421875 0.00634765625 0.01806640625
11 0.75537109375 0.38916015625 0.00830078125 0.0068359375
11 0.333984375 0.38916015625 0.00830078125 0.0068359375
11 0.30078125 0.5380859375 0.00830078125 0.0068359375
15 0.31787109375 0.40185546875 0.0078125 0.01171875
19 0.318359375 0.45947265625 0.00830078125 0.00390625
11 0.318359375 0.52880859375 0.00830078125 0.0068359375
12 0.39111328125 0.39208984375 0.0087890625 0.00732421875
15 0.390625 0.46142578125 0.0078125 0.01171875
12 0.39111328125 0.53515625 0.0087890625 0.0068359375
8 0.3671875 0.5439453125 0.00634765625 0.01806640625
11 0.36767578125 0.53173828125 0.00830078125 0.0068359375
11 0.35009765625 0.38623046875 0.00830078125 0.00732421875
11 0.36767578125 0.3798828125 0.00830078125 0.0068359375
1 0.193359375 0.5927734375 0.017578125 0.02099609375
0 0.17529296875 0.43115234375 0.005859375 0.08447265625
0 0.17529296875 0.56494140625 0.005859375 0.0849609375
22 0.3056640625 0.5908203125 0.00830078125 0.00390625
11 0.26708984375 0.546875 0.00830078125 0.0068359375
11 0.283203125 0.39208984375 0.00830078125 0.00732421875
11 0.283203125 0.5439453125 0.00830078125 0.0068359375
12 0.25146484375 0.455078125 0.0087890625 0.00732421875
11 0.25146484375 0.38916015625 0.00830078125 0.0068359375
11 0.25146484375 0.5498046875 0.00830078125 0.00732421875
11 0.50830078125 0.52880859375 0.00830078125 0.0068359375
11 0.533203125 0.39501953125 0.00830078125 0.0068359375
11 0.533203125 0.4521484375 0.00830078125 0.0068359375
11 0.533203125 0.54052734375 0.00830078125 0.0068359375
12 0.533203125 0.5888671875 0.0087890625 0.0068359375
11 0.474609375 0.54052734375 0.00830078125 0.0068359375
11 0.49072265625 0.455078125 0.00830078125 0.00732421875
11 0.49072265625 0.5380859375 0.00830078125 0.0068359375
11 0.41162109375 0.455078125 0.00830078125 0.00732421875
11 0.427734375 0.4521484375 0.00830078125 0.0068359375
11 0.4599609375 0.53466796875 0.00830078125 0.00732421875
11 0.4599609375 0.4580078125 0.00830078125 0.0068359375
12 0.46044921875 0.39501953125 0.0087890625 0.0068359375
11 0.4453125 0.44580078125 0.00830078125 0.0068359375
11 0.681640625 0.93896484375 0.00830078125 0.0068359375
11 0.62353515625 0.93310546875 0.00830078125 0.0068359375
11 0.6103515625 0.79345703125 0.00830078125 0.0068359375
11 0.62353515625 0.7900390625 0.00830078125 0.0068359375
11 0.62353515625 0.87939453125 0.00830078125 0.00732421875
11 0.66845703125 0.736328125 0.00830078125 0.00732421875
11 0.681640625 0.7333984375 0.00830078125 0.0068359375
11 0.681640625 0.7900390625 0.00830078125 0.0068359375
11 0.681640625 0.88525390625 0.00830078125 0.0068359375
11 0.494140625 0.8671875 0.00830078125 0.0068359375
11 0.6552734375 0.79638671875 0.00830078125 0.0068359375
11 0.63671875 0.79345703125 0.00830078125 0.0068359375
15 0.6552734375 0.7431640625 0.0078125 0.01171875
11 0.6552734375 0.87353515625 0.00830078125 0.0068359375
11 0.6552734375 0.92724609375 0.00830078125 0.00732421875
15 0.53369140625 0.93701171875 0.0078125 0.01171875
11 0.54638671875 0.92724609375 0.0078125 0.00732421875
11 0.5068359375 0.8701171875 0.00830078125 0.0068359375
11 0.5595703125 0.87353515625 0.00830078125 0.0068359375
11 0.5205078125 0.8671875 0.00830078125 0.0068359375
19 0.53369140625 0.74072265625 0.00830078125 0.00390625
19 0.53369140625 0.80078125 0.00830078125 0.00390625
11 0.53369140625 0.8642578125 0.00830078125 0.00732421875
11 0.59765625 0.92431640625 0.00830078125 0.0068359375
11 0.59765625 0.8701171875 0.00830078125 0.0068359375
11 0.5595703125 0.93017578125 0.00830078125 0.0068359375
11 0.5732421875 0.92724609375 0.00830078125 0.00732421875
19 0.59765625 0.74072265625 0.00830078125 0.00390625
15 0.59716796875 0.802734375 0.0078125 0.01171875
11 0.78369140625 0.87353515625 0.00830078125 0.0068359375
11 0.796875 0.79931640625 0.00830078125 0.00732421875
11 0.796875 0.8759765625 0.00830078125 0.0068359375
21 0.7958984375 0.9345703125 0.00634765625 0.0185546875
19 0.77099609375 0.74072265625 0.00830078125 0.00390625
11 0.7705078125 0.7900390625 0.00830078125 0.0068359375
15 0.7705078125 0.876953125 0.0078125 0.01171875
11 0.7705078125 0.93310546875 0.00830078125 0.0068359375
11 0.81005859375 0.87353515625 0.00830078125 0.0068359375
12 0.71826171875 0.7392578125 0.0087890625 0.0068359375
15 0.7177734375 0.802734375 0.0078125 0.01171875
11 0.71826171875 0.88232421875 0.00830078125 0.0068359375
11 0.71826171875 0.93603515625 0.00830078125 0.0068359375
11 0.69482421875 0.736328125 0.00830078125 0.00732421875
11 0.744140625 0.79638671875 0.00830078125 0.0068359375
11 0.744140625 0.87353515625 0.00830078125 0.0068359375
11 0.744140625 0.93603515625 0.00830078125 0.0068359375
11 0.75732421875 0.79345703125 0.00830078125 0.0068359375
11 0.73095703125 0.79345703125 0.00830078125 0.0068359375
11 0.3173828125 0.7841796875 0.00830078125 0.00732421875
11 0.3173828125 0.71826171875 0.00830078125 0.0068359375
11 0.3173828125 0.8701171875 0.00830078125 0.0068359375
15 0.30419921875 0.876953125 0.0078125 0.01171875
11 0.30419921875 0.72119140625 0.00830078125 0.0068359375
11 0.30419921875 0.78759765625 0.00830078125 0.0068359375
11 0.30419921875 0.92724609375 0.00830078125 0.00732421875
11 0.36376953125 0.87939453125 0.00830078125 0.00732421875
8 0.34326171875 0.9423828125 0.00634765625 0.017578125
11 0.36376953125 0.71533203125 0.00830078125 0.00732421875
11 0.34423828125 0.93017578125 0.00830078125 0.0068359375
12 0.3642578125 0.93310546875 0.0087890625 0.0068359375
11 0.33056640625 0.71533203125 0.00830078125 0.00732421875
11 0.33056640625 0.78125 0.00830078125 0.0068359375
11 0.33056640625 0.87353515625 0.00830078125 0.0068359375
11 0.34423828125 0.8759765625 0.00830078125 0.0068359375
1 0.193359375 0.93408203125 0.017578125 0.02099609375
11 0.25146484375 0.7333984375 0.00830078125 0.0068359375
11 0.25146484375 0.79931640625 0.00830078125 0.00732421875
11 0.25146484375 0.861328125 0.00830078125 0.0068359375
12 0.25146484375 0.92431640625 0.0087890625 0.0068359375
0 0.17529296875 0.7724609375 0.005859375 0.0849609375
0 0.17529296875 0.90625 0.005859375 0.0849609375
11 0.27783203125 0.72705078125 0.00830078125 0.0068359375
11 0.27783203125 0.79345703125 0.00830078125 0.0068359375
11 0.27783203125 0.8701171875 0.00830078125 0.0068359375
11 0.291015625 0.724609375 0.00830078125 0.0068359375
11 0.291015625 0.7900390625 0.00830078125 0.0068359375
11 0.36376953125 0.78125 0.00830078125 0.0068359375
11 0.26416015625 0.73046875 0.00830078125 0.00732421875
11 0.26416015625 0.79638671875 0.00830078125 0.0068359375
11 0.43017578125 0.93603515625 0.00830078125 0.0068359375
11 0.443359375 0.87939453125 0.00830078125 0.00732421875
11 0.443359375 0.93310546875 0.00830078125 0.0068359375
11 0.45703125 0.93017578125 0.00830078125 0.0068359375
12 0.41748046875 0.72705078125 0.0087890625 0.0068359375
12 0.41748046875 0.79345703125 0.0087890625 0.0068359375
11 0.4169921875 0.8701171875 0.00830078125 0.0068359375
11 0.4169921875 0.93310546875 0.00830078125 0.0068359375
12 0.482421875 0.73046875 0.0087890625 0.0068359375
12 0.482421875 0.79638671875 0.0087890625 0.0068359375
11 0.482421875 0.8583984375 0.00830078125 0.0068359375
12 0.482421875 0.92724609375 0.0087890625 0.0068359375
11 0.37744140625 0.71826171875 0.00830078125 0.0068359375
11 0.37744140625 0.7841796875 0.00830078125 0.00732421875
11 0.390625 0.72119140625 0.00830078125 0.0068359375
11 0.390625 0.78759765625 0.00830078125 0.0068359375
8 0.4033203125 0.88525390625 0.00634765625 0.017578125
11 0.40380859375 0.724609375 0.00830078125 0.0068359375
11 0.40380859375 0.87353515625 0.00830078125 0.0068359375
11 0.40380859375 0.7900390625 0.00830078125 0.0068359375