11 0.6357421875 0.173828125 0.005859375 0.0048828125
11 0.6357421875 0.11962890625 0.005859375 0.00537109375
11 0.6357421875 0.06201171875 0.005859375 0.0048828125
11 0.6162109375 0.40283203125 0.00830078125 0.0068359375
11 0.6162109375 0.33642578125 0.00830078125 0.0068359375
11 0.6162109375 0.173828125 0.00830078125 0.0068359375
11 0.6162109375 0.11962890625 0.00830078125 0.0068359375
11 0.6162109375 0.06201171875 0.00830078125 0.0068359375
11 0.64990234375 0.40283203125 0.00830078125 0.0068359375
11 0.64990234375 0.33642578125 0.00830078125 0.0068359375
11 0.66162109375 0.11669921875 0.00830078125 0.0068359375
11 0.66162109375 0.39990234375 0.00830078125 0.0068359375
11 0.66162109375 0.33349609375 0.00830078125 0.0068359375
11 0.66162109375 0.1708984375 0.00830078125 0.0068359375
11 0.64990234375 0.173828125 0.00830078125 0.0068359375
11 0.66162109375 0.05908203125 0.00830078125 0.0068359375
5 0.640625 0.1650390625 0.00537109375 0.0146484375
5 0.640625 0.1103515625 0.00537109375 0.0146484375
5 0.640625 0.052734375 0.00537109375 0.0146484375
11 0.6357421875 0.40283203125 0.005859375 0.00537109375
11 0.64990234375 0.11962890625 0.00830078125 0.0068359375
11 0.64990234375 0.06201171875 0.00830078125 0.0068359375
5 0.640625 0.39404296875 0.00537109375 0.01513671875
11 0.6357421875 0.33642578125 0.005859375 0.00537109375
5 0.640625 0.32861328125 0.00537109375 0.01513671875
11 0.56982421875 0.39990234375 0.0078125 0.0068359375
11 0.56982421875 0.33349609375 0.0078125 0.0068359375
11 0.56982421875 0.1708984375 0.0078125 0.0068359375
11 0.56982421875 0.11669921875 0.0078125 0.0068359375
11 0.56982421875 0.05908203125 0.0078125 0.0068359375
11 0.53857421875 0.39990234375 0.00830078125 0.0068359375
11 0.53857421875 0.33349609375 0.00830078125 0.0068359375
11 0.53857421875 0.1708984375 0.00830078125 0.0068359375
11 0.53857421875 0.11669921875 0.00830078125 0.0068359375
11 0.53857421875 0.05908203125 0.00830078125 0.0068359375
11 0.55419921875 0.39697265625 0.00830078125 0.0068359375
11 0.55419921875 0.33056640625 0.00830078125 0.00732421875
11 0.55419921875 0.16796875 0.00830078125 0.0068359375
11 0.55419921875 0.11328125 0.00830078125 0.00732421875
11 0.55419921875 0.05615234375 0.00830078125 0.0068359375
11 0.59228515625 0.1708984375 0.00830078125 0.0068359375
11 0.59228515625 0.11669921875 0.00830078125 0.0068359375
11 0.59228515625 0.05908203125 0.00830078125 0.0068359375
13 0.59375 0.21923828125 0.01123046875 0.00732421875
13 0.59375 0.462890625 0.01123046875 0.00732421875
11 0.59228515625 0.39990234375 0.00830078125 0.0068359375
11 0.59228515625 0.33349609375 0.00830078125 0.0068359375
13 0.59375 0.28515625 0.01123046875 0.0068359375
11 0.79443359375 0.39990234375 0.00830078125 0.0068359375
11 0.79443359375 0.33349609375 0.00830078125 0.0068359375
11 0.79443359375 0.1708984375 0.00830078125 0.0068359375
11 0.79443359375 0.11669921875 0.00830078125 0.0068359375
11 0.79443359375 0.05908203125 0.00830078125 0.0068359375
11 0.7744140625 0.05615234375 0.00830078125 0.0068359375
11 0.7744140625 0.39697265625 0.00830078125 0.0068359375
11 0.7744140625 0.33056640625 0.00830078125 0.00732421875
11 0.7744140625 0.16796875 0.00830078125 0.0068359375
11 0.7744140625 0.11328125 0.00830078125 0.00732421875
22 0.40283203125 0.45556640625 0.00830078125 0.00390625
22 0.40283203125 0.2265625 0.00830078125 0.00390625
22 0.40283203125 0.2841796875 0.00830078125 0.00390625
13 0.716796875 0.4541015625 0.01123046875 0.0068359375
11 0.71533203125 0.39990234375 0.00830078125 0.0068359375
11 0.71533203125 0.33349609375 0.00830078125 0.0068359375
13 0.716796875 0.29443359375 0.01123046875 0.00732421875
13 0.716796875 0.2099609375 0.01123046875 0.00732421875
11 0.71533203125 0.1708984375 0.00830078125 0.0068359375
11 0.71533203125 0.11669921875 0.00830078125 0.0068359375
11 0.71533203125 0.05908203125 0.00830078125 0.0068359375
11 0.68505859375 0.39990234375 0.00830078125 0.0068359375
11 0.68505859375 0.33349609375 0.00830078125 0.0068359375
11 0.68505859375 0.1708984375 0.00830078125 0.0068359375
11 0.68505859375 0.11669921875 0.00830078125 0.0068359375
11 0.68505859375 0.05908203125 0.00830078125 0.0068359375
11 0.73876953125 0.39697265625 0.00830078125 0.0068359375
11 0.7626953125 0.39404296875 0.00830078125 0.00732421875
11 0.7626953125 0.32763671875 0.00830078125 0.0068359375
11 0.7626953125 0.1650390625 0.00830078125 0.0068359375
11 0.7626953125 0.1103515625 0.00830078125 0.0068359375
11 0.7626953125 0.05322265625 0.00830078125 0.0068359375
11 0.73876953125 0.33056640625 0.00830078125 0.00732421875
11 0.73876953125 0.16796875 0.00830078125 0.0068359375
11 0.73876953125 0.11328125 0.00830078125 0.00732421875
11 0.73876953125 0.05615234375 0.00830078125 0.0068359375
11 0.30517578125 0.11669921875 0.00830078125 0.0068359375
11 0.30517578125 0.39990234375 0.00830078125 0.0068359375
11 0.30517578125 0.33349609375 0.00830078125 0.0068359375
11 0.30517578125 0.1708984375 0.00830078125 0.0068359375
11 0.30517578125 0.05908203125 0.00830078125 0.0068359375
11 0.3291015625 0.39990234375 0.00830078125 0.0068359375
11 0.3291015625 0.33349609375 0.00830078125 0.0068359375
11 0.3291015625 0.1708984375 0.00830078125 0.0068359375
11 0.3291015625 0.11669921875 0.00830078125 0.0068359375
11 0.3291015625 0.05908203125 0.00830078125 0.0068359375
11 0.29345703125 0.11962890625 0.00830078125 0.0068359375
11 0.29345703125 0.06201171875 0.00830078125 0.0068359375
5 0.28466796875 0.39404296875 0.00537109375 0.01513671875
11 0.29345703125 0.173828125 0.00830078125 0.0068359375
5 0.28466796875 0.32861328125 0.00537109375 0.01513671875
11 0.29345703125 0.40283203125 0.00830078125 0.0068359375
11 0.29345703125 0.33642578125 0.00830078125 0.0068359375
11 0.38232421875 0.05615234375 0.00830078125 0.0068359375
11 0.35888671875 0.39990234375 0.00830078125 0.0068359375
11 0.35888671875 0.33349609375 0.00830078125 0.0068359375
11 0.35888671875 0.1708984375 0.00830078125 0.0068359375
11 0.35888671875 0.11669921875 0.00830078125 0.0068359375
11 0.35888671875 0.05908203125 0.00830078125 0.0068359375
1 0.193359375 0.4580078125 0.017578125 0.02099609375
10 0.19384765625 0.4013671875 0.0166015625 0.0458984375
10 0.19384765625 0.34423828125 0.0166015625 0.0458984375
1 0.193359375 0.2861328125 0.017578125 0.02099609375
10 0.19384765625 0.2294921875 0.0166015625 0.0458984375
11 0.236328125 0.39990234375 0.00830078125 0.0068359375
11 0.236328125 0.33349609375 0.00830078125 0.0068359375
11 0.236328125 0.1708984375 0.00830078125 0.0068359375
11 0.236328125 0.11669921875 0.00830078125 0.0068359375
11 0.236328125 0.05908203125 0.00830078125 0.0068359375
10 0.19384765625 0.17236328125 0.0166015625 0.0458984375
10 0.19384765625 0.115234375 0.0166015625 0.04541015625
10 0.19384765625 0.0576171875 0.0166015625 0.0458984375
22 0.28271484375 0.45556640625 0.00830078125 0.00390625
22 0.28271484375 0.2841796875 0.00830078125 0.00390625
22 0.28271484375 0.2265625 0.00830078125 0.00390625
11 0.27978515625 0.33642578125 0.005859375 0.00537109375
11 0.27978515625 0.173828125 0.005859375 0.0048828125
11 0.27978515625 0.11962890625 0.005859375 0.00537109375
11 0.27978515625 0.06201171875 0.005859375 0.0048828125
11 0.27978515625 0.40283203125 0.005859375 0.00537109375
5 0.28466796875 0.1650390625 0.00537109375 0.0146484375
5 0.28466796875 0.1103515625 0.00537109375 0.0146484375
5 0.28466796875 0.052734375 0.00537109375 0.0146484375
11 0.259765625 0.40283203125 0.00830078125 0.0068359375
11 0.259765625 0.33642578125 0.00830078125 0.0068359375
11 0.259765625 0.173828125 0.00830078125 0.0068359375
11 0.259765625 0.11962890625 0.00830078125 0.0068359375
11 0.259765625 0.06201171875 0.00830078125 0.0068359375
13 0.4697265625 0.46875 0.01123046875 0.0068359375
11 0.46826171875 0.39990234375 0.00830078125 0.0068359375
11 0.46826171875 0.33349609375 0.00830078125 0.0068359375
13 0.4697265625 0.29150390625 0.01123046875 0.0068359375
13 0.4697265625 0.22509765625 0.01123046875 0.00732421875
11 0.49951171875 0.33349609375 0.00830078125 0.0068359375
11 0.49951171875 0.39990234375 0.00830078125 0.0068359375
11 0.49951171875 0.1708984375 0.00830078125 0.0068359375
11 0.49951171875 0.11669921875 0.00830078125 0.0068359375
11 0.49951171875 0.05908203125 0.00830078125 0.0068359375
11 0.5234375 0.33642578125 0.00830078125 0.0068359375
11 0.5234375 0.173828125 0.00830078125 0.0068359375
11 0.5234375 0.11962890625 0.00830078125 0.0068359375
11 0.5234375 0.06201171875 0.00830078125 0.0068359375
11 0.5234375 0.40283203125 0.00830078125 0.0068359375
11 0.48388671875 0.1708984375 0.00830078125 0.0068359375
11 0.48388671875 0.39990234375 0.00830078125 0.0068359375
11 0.48388671875 0.33349609375 0.00830078125 0.0068359375
11 0.48388671875 0.11669921875 0.00830078125 0.0068359375
11 0.48388671875 0.05908203125 0.00830078125 0.0068359375
11 0.46826171875 0.1708984375 0.00830078125 0.0068359375
11 0.41748046875 0.16796875 0.00830078125 0.0068359375
11 0.41748046875 0.11328125 0.00830078125 0.00732421875
11 0.41748046875 0.05615234375 0.00830078125 0.0068359375
11 0.38232421875 0.39697265625 0.00830078125 0.0068359375
11 0.38232421875 0.33056640625 0.00830078125 0.00732421875
11 0.38232421875 0.16796875 0.00830078125 0.0068359375
11 0.38232421875 0.11328125 0.00830078125 0.00732421875
11 0.40625 0.39404296875 0.00830078125 0.00732421875
11 0.40625 0.32763671875 0.00830078125 0.0068359375
11 0.40625 0.1650390625 0.00830078125 0.0068359375
11 0.40625 0.1103515625 0.00830078125 0.0068359375
11 0.40625 0.05322265625 0.00830078125 0.0068359375
11 0.41748046875 0.33056640625 0.00830078125 0.00732421875
11 0.43798828125 0.39990234375 0.00830078125 0.0068359375
11 0.43798828125 0.33349609375 0.00830078125 0.0068359375
11 0.43798828125 0.1708984375 0.00830078125 0.0068359375
11 0.43798828125 0.11669921875 0.00830078125 0.0068359375
11 0.43798828125 0.05908203125 0.00830078125 0.0068359375
11 0.46826171875 0.05908203125 0.00830078125 0.0068359375
11 0.41748046875 0.39697265625 0.00830078125 0.0068359375
11 0.46826171875 0.11669921875 0.00830078125 0.0068359375