11 0.6767578125 0.97900390625 0.00830078125 0.0068359375
15 0.67626953125 0.93896484375 0.0078125 0.01171875
15 0.67626953125 0.9169921875 0.0078125 0.01171875
8 0.67626953125 0.564453125 0.00634765625 0.01806640625
15 0.67626953125 0.89453125 0.0078125 0.01171875
11 0.6767578125 0.8505859375 0.00830078125 0.0068359375
9 0.68310546875 0.5830078125 0.0068359375 0.017578125
11 0.6767578125 0.87158203125 0.00830078125 0.0068359375
15 0.67626953125 0.78857421875 0.0078125 0.01171875
15 0.67626953125 0.76708984375 0.0078125 0.01171875
11 0.6767578125 0.95703125 0.00830078125 0.0068359375
8 0.67626953125 0.29833984375 0.00634765625 0.01806640625
9 0.68310546875 0.31689453125 0.0068359375 0.017578125
8 0.67626953125 0.6083984375 0.00634765625 0.01806640625
11 0.71728515625 0.2705078125 0.00830078125 0.00732421875
15 0.67626953125 0.24658203125 0.0078125 0.01171875
15 0.67626953125 0.224609375 0.0078125 0.01171875
15 0.67626953125 0.201171875 0.0078125 0.01171875
15 0.67626953125 0.17919921875 0.0078125 0.01171875
15 0.67626953125 0.1572265625 0.0078125 0.01171875
15 0.67626953125 0.1357421875 0.0078125 0.01171875
15 0.67626953125 0.11328125 0.0078125 0.01171875
15 0.67626953125 0.26806640625 0.0078125 0.01171875
11 0.66796875 0.6123046875 0.005859375 0.0048828125
11 0.6767578125 0.552734375 0.00830078125 0.0068359375
15 0.67626953125 0.72314453125 0.0078125 0.01171875
15 0.67626953125 0.70166015625 0.0078125 0.01171875
15 0.67626953125 0.67333984375 0.0078125 0.01171875
21 0.67529296875 0.63671875 0.00634765625 0.0185546875
11 0.6767578125 0.625 0.00830078125 0.0068359375
11 0.6767578125 0.6123046875 0.00830078125 0.0068359375
11 0.6767578125 0.59619140625 0.00830078125 0.0068359375
11 0.6767578125 0.59521484375 0.00830078125 0.00732421875
15 0.67626953125 0.49072265625 0.0078125 0.01171875
15 0.67626953125 0.46875 0.0078125 0.01171875
15 0.67626953125 0.4033203125 0.0078125 0.01171875
15 0.67626953125 0.3818359375 0.0078125 0.01171875
15 0.67626953125 0.35986328125 0.0078125 0.01171875
15 0.67626953125 0.33642578125 0.0078125 0.01171875
11 0.6767578125 0.3291015625 0.00830078125 0.0068359375
11 0.6767578125 0.2861328125 0.00830078125 0.0068359375
15 0.67626953125 0.7451171875 0.0078125 0.01171875
11 0.70458984375 0.9013671875 0.00830078125 0.00732421875
11 0.70458984375 0.94091796875 0.00830078125 0.00732421875
11 0.70458984375 0.94677734375 0.00830078125 0.0068359375
11 0.70458984375 0.873046875 0.00830078125 0.0068359375
11 0.70458984375 0.80322265625 0.00830078125 0.0068359375
11 0.70458984375 0.775390625 0.00830078125 0.00732421875
11 0.70458984375 0.75927734375 0.00830078125 0.0068359375
11 0.70458984375 0.7314453125 0.00830078125 0.0068359375
11 0.70458984375 0.70361328125 0.00830078125 0.0068359375
11 0.70458984375 0.669921875 0.00830078125 0.0068359375
11 0.70458984375 0.4931640625 0.00830078125 0.0068359375
11 0.70458984375 0.46533203125 0.00830078125 0.0068359375
11 0.70458984375 0.41796875 0.00830078125 0.0068359375
11 0.70458984375 0.39013671875 0.00830078125 0.00732421875
11 0.70458984375 0.3740234375 0.00830078125 0.0068359375
11 0.70458984375 0.3447265625 0.00830078125 0.0068359375
11 0.70458984375 0.2705078125 0.00830078125 0.00732421875
11 0.70458984375 0.24267578125 0.00830078125 0.0068359375
11 0.70458984375 0.2177734375 0.00830078125 0.0068359375
11 0.70458984375 0.2001953125 0.00830078125 0.0068359375
11 0.70458984375 0.16357421875 0.00830078125 0.0068359375
11 0.70458984375 0.15673828125 0.00830078125 0.0068359375
11 0.70458984375 0.1201171875 0.00830078125 0.0068359375
11 0.70458984375 0.091796875 0.00830078125 0.00732421875
8 0.552734375 0.15966796875 0.00634765625 0.017578125
11 0.71728515625 0.23388671875 0.00830078125 0.0068359375
11 0.71728515625 0.2177734375 0.00830078125 0.0068359375
11 0.71728515625 0.20654296875 0.00830078125 0.0068359375
11 0.71728515625 0.16943359375 0.00830078125 0.0068359375
11 0.71728515625 0.14794921875 0.00830078125 0.00732421875
11 0.71728515625 0.1201171875 0.00830078125 0.0068359375
11 0.71728515625 0.08251953125 0.00830078125 0.0068359375
11 0.69287109375 0.669921875 0.00830078125 0.0068359375
15 0.69287109375 0.9609375 0.0078125 0.01171875
11 0.69287109375 0.94091796875 0.00830078125 0.00732421875
11 0.69287109375 0.94677734375 0.00830078125 0.0068359375
11 0.69287109375 0.9013671875 0.00830078125 0.00732421875
11 0.69287109375 0.873046875 0.00830078125 0.0068359375
15 0.69287109375 0.8544921875 0.0078125 0.01171875
11 0.69287109375 0.80322265625 0.00830078125 0.0068359375
11 0.69287109375 0.775390625 0.00830078125 0.00732421875
11 0.69287109375 0.75927734375 0.00830078125 0.0068359375
11 0.69287109375 0.7314453125 0.00830078125 0.0068359375
11 0.69287109375 0.70361328125 0.00830078125 0.0068359375
15 0.69287109375 0.982421875 0.0078125 0.01171875
15 0.69287109375 0.60009765625 0.0078125 0.01171875
15 0.69287109375 0.578125 0.0078125 0.01171875
15 0.69287109375 0.55615234375 0.0078125 0.01171875
11 0.69287109375 0.4931640625 0.00830078125 0.0068359375
11 0.69287109375 0.46533203125 0.00830078125 0.0068359375
11 0.69287109375 0.41796875 0.00830078125 0.0068359375
11 0.69287109375 0.39013671875 0.00830078125 0.00732421875
11 0.69287109375 0.3740234375 0.00830078125 0.0068359375
11 0.69287109375 0.3447265625 0.00830078125 0.0068359375
15 0.69287109375 0.31201171875 0.0078125 0.01171875
15 0.69287109375 0.2900390625 0.0078125 0.01171875
9 0.68310546875 0.83984375 0.0068359375 0.017578125
8 0.67626953125 0.99072265625 0.00634765625 0.017578125
11 0.69287109375 0.2705078125 0.00830078125 0.00732421875
11 0.69287109375 0.24267578125 0.00830078125 0.0068359375
11 0.69287109375 0.2177734375 0.00830078125 0.0068359375
11 0.69287109375 0.2001953125 0.00830078125 0.0068359375
11 0.69287109375 0.16357421875 0.00830078125 0.0068359375
11 0.69287109375 0.15673828125 0.00830078125 0.0068359375
11 0.69287109375 0.1201171875 0.00830078125 0.0068359375
11 0.69287109375 0.091796875 0.00830078125 0.00732421875
8 0.67626953125 0.96875 0.00634765625 0.01806640625
15 0.5693359375 0.72314453125 0.0078125 0.01171875
15 0.5693359375 0.982421875 0.0078125 0.01171875
15 0.5693359375 0.9609375 0.0078125 0.01171875
15 0.5693359375 0.93896484375 0.0078125 0.01171875
15 0.5693359375 0.9169921875 0.0078125 0.01171875
15 0.5693359375 0.89453125 0.0078125 0.01171875
15 0.5693359375 0.8544921875 0.0078125 0.01171875
15 0.5693359375 0.78857421875 0.0078125 0.01171875
15 0.5693359375 0.76708984375 0.0078125 0.01171875
15 0.5693359375 0.7451171875 0.0078125 0.01171875
15 0.5693359375 0.70166015625 0.0078125 0.01171875
15 0.5693359375 0.67333984375 0.0078125 0.01171875
15 0.5693359375 0.60009765625 0.0078125 0.01171875
15 0.5693359375 0.578125 0.0078125 0.01171875
15 0.5693359375 0.55615234375 0.0078125 0.01171875
15 0.5693359375 0.49072265625 0.0078125 0.01171875
15 0.5693359375 0.46875 0.0078125 0.01171875
15 0.5693359375 0.4033203125 0.0078125 0.01171875
15 0.5693359375 0.3818359375 0.0078125 0.01171875
11 0.5791015625 0.6123046875 0.005859375 0.0048828125
12 0.59521484375 0.08251953125 0.0087890625 0.0068359375
12 0.59521484375 0.3359375 0.0087890625 0.0068359375
11 0.5947265625 0.3291015625 0.00830078125 0.0068359375
11 0.5947265625 0.2861328125 0.00830078125 0.0068359375
12 0.59521484375 0.2705078125 0.0087890625 0.0068359375
12 0.59521484375 0.23388671875 0.0087890625 0.0068359375
12 0.59521484375 0.203125 0.0087890625 0.0068359375
12 0.59521484375 0.19140625 0.0087890625 0.0068359375
12 0.59521484375 0.16357421875 0.0087890625 0.0068359375
12 0.59521484375 0.14794921875 0.0087890625 0.0068359375
12 0.59521484375 0.1201171875 0.0087890625 0.0068359375
11 0.58642578125 0.6123046875 0.005859375 0.0048828125
15 0.5693359375 0.35986328125 0.0078125 0.01171875
8 0.552734375 0.46826171875 0.00634765625 0.017578125
9 0.5595703125 0.40576171875 0.0068359375 0.017578125
8 0.552734375 0.39208984375 0.00634765625 0.01806640625
9 0.5595703125 0.36181640625 0.0068359375 0.017578125
9 0.5595703125 0.59326171875 0.0068359375 0.017578125
9 0.5595703125 0.5859375 0.0068359375 0.017578125
9 0.5595703125 0.54931640625 0.0068359375 0.017578125
9 0.5595703125 0.48095703125 0.0068359375 0.017578125
8 0.552734375 0.21484375 0.00634765625 0.01806640625
8 0.552734375 0.20361328125 0.00634765625 0.017578125
8 0.552734375 0.24560546875 0.00634765625 0.017578125
8 0.552734375 0.17578125 0.00634765625 0.01806640625
9 0.5595703125 0.283203125 0.0068359375 0.017578125
8 0.552734375 0.3466796875 0.00634765625 0.017578125
9 0.5595703125 0.31982421875 0.0068359375 0.017578125
9 0.5595703125 0.25830078125 0.0068359375 0.017578125
8 0.552734375 0.9560546875 0.00634765625 0.017578125
8 0.552734375 0.91357421875 0.00634765625 0.017578125
8 0.552734375 0.884765625 0.00634765625 0.017578125
9 0.5595703125 0.84765625 0.0068359375 0.017578125
15 0.5693359375 0.11328125 0.0078125 0.01171875
15 0.5693359375 0.33642578125 0.0078125 0.01171875
15 0.5693359375 0.31201171875 0.0078125 0.01171875
15 0.5693359375 0.2900390625 0.0078125 0.01171875
15 0.5693359375 0.26806640625 0.0078125 0.01171875
15 0.5693359375 0.24658203125 0.0078125 0.01171875
15 0.5693359375 0.224609375 0.0078125 0.01171875
15 0.5693359375 0.201171875 0.0078125 0.01171875
15 0.5693359375 0.17919921875 0.0078125 0.01171875
15 0.5693359375 0.1572265625 0.0078125 0.01171875
15 0.5693359375 0.1357421875 0.0078125 0.01171875
9 0.5595703125 0.9755859375 0.0068359375 0.017578125
9 0.5595703125 0.9541015625 0.0068359375 0.017578125
9 0.5595703125 0.69189453125 0.0068359375 0.017578125
8 0.552734375 0.6728515625 0.00634765625 0.017578125
9 0.5595703125 0.791015625 0.0068359375 0.017578125
8 0.552734375 0.77734375 0.00634765625 0.01806640625
12 0.59521484375 0.3740234375 0.0087890625 0.0068359375
9 0.5595703125 0.7470703125 0.0068359375 0.017578125
8 0.552734375 0.73388671875 0.00634765625 0.01806640625
11 0.62744140625 0.88037109375 0.00830078125 0.0068359375
9 0.6337890625 0.283203125 0.0068359375 0.017578125
11 0.62744140625 0.98779296875 0.00830078125 0.0068359375
11 0.62744140625 0.9658203125 0.00830078125 0.00732421875
11 0.62744140625 0.859375 0.00830078125 0.0068359375
9 0.6337890625 0.31982421875 0.0068359375 0.017578125
11 0.62744140625 0.63818359375 0.00830078125 0.00732421875
21 0.62646484375 0.6240234375 0.00634765625 0.0185546875
21 0.62646484375 0.61083984375 0.00634765625 0.01806640625
11 0.62744140625 0.60546875 0.00830078125 0.00732421875
11 0.62744140625 0.6044921875 0.00830078125 0.0068359375
11 0.62744140625 0.5615234375 0.00830078125 0.0068359375
11 0.62744140625 0.337890625 0.00830078125 0.0068359375
11 0.62744140625 0.29541015625 0.00830078125 0.00732421875
9 0.6337890625 0.5859375 0.0068359375 0.017578125
9 0.6337890625 0.59326171875 0.0068359375 0.017578125
9 0.6337890625 0.54931640625 0.0068359375 0.017578125
15 0.611328125 0.9609375 0.0078125 0.01171875
15 0.611328125 0.982421875 0.0078125 0.01171875
15 0.611328125 0.8544921875 0.0078125 0.01171875
15 0.611328125 0.60009765625 0.0078125 0.01171875
15 0.611328125 0.578125 0.0078125 0.01171875
15 0.611328125 0.55615234375 0.0078125 0.01171875
15 0.611328125 0.31201171875 0.0078125 0.01171875
15 0.611328125 0.2900390625 0.0078125 0.01171875
8 0.59423828125 0.99072265625 0.0068359375 0.017578125
11 0.66064453125 0.6123046875 0.005859375 0.0048828125
9 0.6337890625 0.9541015625 0.0068359375 0.017578125
9 0.6337890625 0.84765625 0.0068359375 0.017578125
9 0.6337890625 0.9755859375 0.0068359375 0.017578125
15 0.6435546875 0.982421875 0.0078125 0.01171875
15 0.6435546875 0.9609375 0.0078125 0.01171875
15 0.6435546875 0.8544921875 0.0078125 0.01171875
15 0.6435546875 0.60009765625 0.0078125 0.01171875
15 0.6435546875 0.578125 0.0078125 0.01171875
15 0.6435546875 0.55615234375 0.0078125 0.01171875
15 0.6435546875 0.31201171875 0.0078125 0.01171875
15 0.6435546875 0.2900390625 0.0078125 0.01171875
8 0.59423828125 0.29833984375 0.00634765625 0.01806640625
9 0.6015625 0.31689453125 0.0068359375 0.017578125
21 0.59375 0.63671875 0.00634765625 0.0185546875
12 0.59521484375 0.9013671875 0.0087890625 0.0068359375
12 0.59521484375 0.8642578125 0.0087890625 0.0068359375
11 0.5947265625 0.8505859375 0.00830078125 0.0068359375
11 0.5947265625 0.87158203125 0.00830078125 0.0068359375
12 0.59521484375 0.80322265625 0.0087890625 0.0068359375
12 0.59521484375 0.76611328125 0.0087890625 0.0068359375
12 0.59521484375 0.75927734375 0.0087890625 0.0068359375
12 0.59521484375 0.72265625 0.0087890625 0.0068359375
12 0.59521484375 0.70361328125 0.0087890625 0.0068359375
12 0.59521484375 0.6611328125 0.0087890625 0.0068359375
12 0.59521484375 0.94677734375 0.0087890625 0.0068359375
11 0.5947265625 0.625 0.00830078125 0.0068359375
11 0.5947265625 0.6123046875 0.00830078125 0.0068359375
11 0.5947265625 0.59619140625 0.00830078125 0.0068359375
11 0.5947265625 0.59521484375 0.00830078125 0.00732421875
11 0.5947265625 0.552734375 0.00830078125 0.0068359375
12 0.59521484375 0.4931640625 0.0087890625 0.0068359375
12 0.59521484375 0.45654296875 0.0087890625 0.0068359375
12 0.59521484375 0.41796875 0.0087890625 0.0068359375
12 0.59521484375 0.380859375 0.0087890625 0.0068359375
11 0.5947265625 0.97900390625 0.00830078125 0.0068359375
11 0.5947265625 0.95703125 0.00830078125 0.0068359375
12 0.59521484375 0.9111328125 0.0087890625 0.0068359375
12 0.59521484375 0.92626953125 0.0087890625 0.00732421875
12 0.59521484375 0.93212890625 0.0087890625 0.0068359375
9 0.6015625 0.83984375 0.0068359375 0.017578125
8 0.59423828125 0.96875 0.00634765625 0.01806640625
9 0.6015625 0.5830078125 0.0068359375 0.017578125
8 0.59423828125 0.564453125 0.00634765625 0.01806640625
8 0.59423828125 0.6083984375 0.00634765625 0.01806640625
9 0.79833984375 0.84765625 0.0068359375 0.017578125
9 0.79833984375 0.5859375 0.0068359375 0.017578125
9 0.79833984375 0.54931640625 0.0068359375 0.017578125
9 0.79833984375 0.59326171875 0.0068359375 0.017578125
15 0.80859375 0.982421875 0.0078125 0.01171875
15 0.80859375 0.31201171875 0.0078125 0.01171875
15 0.80859375 0.2900390625 0.0078125 0.01171875
11 0.80859375 0.2646484375 0.00830078125 0.0068359375
11 0.80859375 0.23095703125 0.00830078125 0.00732421875
11 0.80859375 0.2119140625 0.00830078125 0.0068359375
11 0.80859375 0.2001953125 0.00830078125 0.0068359375
11 0.80859375 0.16650390625 0.00830078125 0.0068359375
11 0.80859375 0.14453125 0.00830078125 0.0068359375
11 0.80859375 0.11376953125 0.00830078125 0.0068359375
11 0.80859375 0.07958984375 0.00830078125 0.0068359375
11 0.80859375 0.33251953125 0.00830078125 0.0068359375
9 0.79833984375 0.9755859375 0.0068359375 0.017578125
9 0.79833984375 0.9541015625 0.0068359375 0.017578125
11 0.80859375 0.69775390625 0.00830078125 0.0068359375
15 0.80859375 0.9609375 0.0078125 0.01171875
11 0.80859375 0.92919921875 0.00830078125 0.0068359375
11 0.80859375 0.94091796875 0.00830078125 0.00732421875
11 0.80859375 0.8955078125 0.00830078125 0.0068359375
11 0.80859375 0.86083984375 0.00830078125 0.0068359375
15 0.80859375 0.8544921875 0.0078125 0.01171875
11 0.80859375 0.796875 0.00830078125 0.0068359375
11 0.80859375 0.76318359375 0.00830078125 0.0068359375
11 0.80859375 0.75341796875 0.00830078125 0.0068359375
11 0.80859375 0.7197265625 0.00830078125 0.0068359375
11 0.80859375 0.65771484375 0.00830078125 0.0068359375
15 0.80859375 0.60009765625 0.0078125 0.01171875
15 0.80859375 0.578125 0.0078125 0.01171875
15 0.80859375 0.55615234375 0.0078125 0.01171875
11 0.80859375 0.4873046875 0.00830078125 0.00732421875
11 0.80859375 0.453125 0.00830078125 0.0068359375
11 0.80859375 0.41162109375 0.00830078125 0.0068359375
11 0.80859375 0.3779296875 0.00830078125 0.0068359375
11 0.80859375 0.3681640625 0.00830078125 0.0068359375
11 0.79150390625 0.2177734375 0.00830078125 0.0068359375
11 0.79150390625 0.4931640625 0.00830078125 0.0068359375
11 0.79150390625 0.45654296875 0.00830078125 0.0068359375
11 0.79150390625 0.41796875 0.00830078125 0.0068359375
11 0.79150390625 0.380859375 0.00830078125 0.0068359375
11 0.79150390625 0.3740234375 0.00830078125 0.0068359375
11 0.79150390625 0.33544921875 0.00830078125 0.00732421875
11 0.79150390625 0.337890625 0.00830078125 0.0068359375
11 0.79150390625 0.29541015625 0.00830078125 0.00732421875
11 0.79150390625 0.2705078125 0.00830078125 0.00732421875
11 0.79150390625 0.23388671875 0.00830078125 0.0068359375
11 0.79150390625 0.20654296875 0.00830078125 0.0068359375
11 0.79150390625 0.16943359375 0.00830078125 0.0068359375
11 0.79150390625 0.14794921875 0.00830078125 0.00732421875
11 0.79150390625 0.1201171875 0.00830078125 0.0068359375
11 0.79150390625 0.08251953125 0.00830078125 0.0068359375
11 0.79150390625 0.5615234375 0.00830078125 0.0068359375
9 0.79833984375 0.283203125 0.0068359375 0.017578125
9 0.79833984375 0.31982421875 0.0068359375 0.017578125
11 0.79150390625 0.80322265625 0.00830078125 0.0068359375
11 0.79150390625 0.98779296875 0.00830078125 0.0068359375
11 0.79150390625 0.9658203125 0.00830078125 0.00732421875
11 0.79150390625 0.93212890625 0.00830078125 0.0068359375
11 0.79150390625 0.94677734375 0.00830078125 0.0068359375
11 0.79150390625 0.9013671875 0.00830078125 0.00732421875
11 0.79150390625 0.8642578125 0.00830078125 0.0068359375
11 0.79150390625 0.859375 0.00830078125 0.0068359375
11 0.79150390625 0.88037109375 0.00830078125 0.0068359375
11 0.79150390625 0.76611328125 0.00830078125 0.0068359375
11 0.79150390625 0.75927734375 0.00830078125 0.0068359375
11 0.79150390625 0.72265625 0.00830078125 0.0068359375
11 0.79150390625 0.70361328125 0.00830078125 0.0068359375
11 0.79150390625 0.6611328125 0.00830078125 0.0068359375
11 0.79150390625 0.63818359375 0.00830078125 0.00732421875
21 0.79052734375 0.6240234375 0.00634765625 0.0185546875
21 0.79052734375 0.61083984375 0.00634765625 0.01806640625
11 0.79150390625 0.60546875 0.00830078125 0.00732421875
11 0.79150390625 0.6044921875 0.00830078125 0.0068359375
22 0.57666015625 0.82763671875 0.00830078125 0.00390625
22 0.57666015625 0.42041015625 0.00830078125 0.00390625
22 0.57666015625 0.646484375 0.00830078125 0.00390625
22 0.57666015625 0.44189453125 0.00830078125 0.00390625
22 0.57666015625 0.5078125 0.00830078125 0.00390625
22 0.57666015625 0.529296875 0.00830078125 0.00390625
22 0.57666015625 0.8056640625 0.00830078125 0.00390625
15 0.734375 0.982421875 0.0078125 0.01171875
15 0.734375 0.9609375 0.0078125 0.01171875
11 0.734375 0.92919921875 0.00830078125 0.0068359375
11 0.734375 0.94091796875 0.00830078125 0.00732421875
11 0.734375 0.8955078125 0.00830078125 0.0068359375
11 0.734375 0.86083984375 0.00830078125 0.0068359375
15 0.734375 0.8544921875 0.0078125 0.01171875
11 0.734375 0.796875 0.00830078125 0.0068359375
11 0.734375 0.76318359375 0.00830078125 0.0068359375
11 0.734375 0.07958984375 0.00830078125 0.0068359375
9 0.72412109375 0.9755859375 0.0068359375 0.017578125
9 0.72412109375 0.9541015625 0.0068359375 0.017578125
11 0.734375 0.11376953125 0.00830078125 0.0068359375
11 0.734375 0.3779296875 0.00830078125 0.0068359375
11 0.734375 0.75341796875 0.00830078125 0.0068359375
11 0.734375 0.7197265625 0.00830078125 0.0068359375
11 0.734375 0.69775390625 0.00830078125 0.0068359375
11 0.734375 0.65771484375 0.00830078125 0.0068359375
15 0.734375 0.60009765625 0.0078125 0.01171875
15 0.734375 0.578125 0.0078125 0.01171875
15 0.734375 0.55615234375 0.0078125 0.01171875
11 0.734375 0.4873046875 0.00830078125 0.00732421875
11 0.734375 0.453125 0.00830078125 0.0068359375
11 0.734375 0.41162109375 0.00830078125 0.0068359375
11 0.734375 0.3681640625 0.00830078125 0.0068359375
11 0.734375 0.33251953125 0.00830078125 0.0068359375
15 0.734375 0.31201171875 0.0078125 0.01171875
15 0.734375 0.2900390625 0.0078125 0.01171875
11 0.734375 0.2646484375 0.00830078125 0.0068359375
11 0.734375 0.23095703125 0.00830078125 0.00732421875
11 0.734375 0.2119140625 0.00830078125 0.0068359375
11 0.734375 0.2001953125 0.00830078125 0.0068359375
11 0.734375 0.16650390625 0.00830078125 0.0068359375
11 0.734375 0.14453125 0.00830078125 0.0068359375
9 0.72412109375 0.31982421875 0.0068359375 0.017578125
9 0.72412109375 0.283203125 0.0068359375 0.017578125
21 0.71630859375 0.61083984375 0.00634765625 0.01806640625
11 0.71728515625 0.859375 0.00830078125 0.0068359375
11 0.71728515625 0.88037109375 0.00830078125 0.0068359375
11 0.71728515625 0.80322265625 0.00830078125 0.0068359375
11 0.71728515625 0.76611328125 0.00830078125 0.0068359375
11 0.71728515625 0.75927734375 0.00830078125 0.0068359375
11 0.71728515625 0.72265625 0.00830078125 0.0068359375
11 0.71728515625 0.70361328125 0.00830078125 0.0068359375
11 0.71728515625 0.6611328125 0.00830078125 0.0068359375
11 0.71728515625 0.63818359375 0.00830078125 0.00732421875
21 0.71630859375 0.6240234375 0.00634765625 0.0185546875
11 0.71728515625 0.8642578125 0.00830078125 0.0068359375
11 0.71728515625 0.60546875 0.00830078125 0.00732421875
11 0.71728515625 0.6044921875 0.00830078125 0.0068359375
11 0.71728515625 0.5615234375 0.00830078125 0.0068359375
11 0.71728515625 0.4931640625 0.00830078125 0.0068359375
11 0.71728515625 0.45654296875 0.00830078125 0.0068359375
11 0.71728515625 0.41796875 0.00830078125 0.0068359375
11 0.71728515625 0.380859375 0.00830078125 0.0068359375
11 0.71728515625 0.3740234375 0.00830078125 0.0068359375
11 0.71728515625 0.33544921875 0.00830078125 0.00732421875
11 0.71728515625 0.337890625 0.00830078125 0.0068359375
11 0.71728515625 0.98779296875 0.00830078125 0.0068359375
11 0.71728515625 0.9658203125 0.00830078125 0.00732421875
11 0.71728515625 0.93212890625 0.00830078125 0.0068359375
11 0.71728515625 0.94677734375 0.00830078125 0.0068359375
11 0.71728515625 0.9013671875 0.00830078125 0.00732421875
9 0.72412109375 0.84765625 0.0068359375 0.017578125
9 0.72412109375 0.59326171875 0.0068359375 0.017578125
9 0.72412109375 0.5859375 0.0068359375 0.017578125
9 0.72412109375 0.54931640625 0.0068359375 0.017578125
8 0.75927734375 0.99072265625 0.00634765625 0.017578125
8 0.75927734375 0.96875 0.00634765625 0.01806640625
11 0.77587890625 0.33251953125 0.00830078125 0.0068359375
11 0.77587890625 0.69775390625 0.00830078125 0.0068359375
11 0.77587890625 0.65771484375 0.00830078125 0.0068359375
15 0.775390625 0.60009765625 0.0078125 0.01171875
15 0.775390625 0.578125 0.0078125 0.01171875
15 0.775390625 0.55615234375 0.0078125 0.01171875
11 0.77587890625 0.4873046875 0.00830078125 0.00732421875
11 0.77587890625 0.453125 0.00830078125 0.0068359375
11 0.77587890625 0.41162109375 0.00830078125 0.0068359375
11 0.77587890625 0.3779296875 0.00830078125 0.0068359375
11 0.77587890625 0.3681640625 0.00830078125 0.0068359375
15 0.775390625 0.31201171875 0.0078125 0.01171875
15 0.775390625 0.2900390625 0.0078125 0.01171875
11 0.77587890625 0.2646484375 0.00830078125 0.0068359375
11 0.77587890625 0.23095703125 0.00830078125 0.00732421875
11 0.77587890625 0.2119140625 0.00830078125 0.0068359375
11 0.77587890625 0.2001953125 0.00830078125 0.0068359375
11 0.77587890625 0.16650390625 0.00830078125 0.0068359375
11 0.77587890625 0.14453125 0.00830078125 0.0068359375
11 0.77587890625 0.11376953125 0.00830078125 0.0068359375
11 0.77587890625 0.07958984375 0.00830078125 0.0068359375
9 0.76611328125 0.83984375 0.0068359375 0.017578125
11 0.77587890625 0.7197265625 0.00830078125 0.0068359375
15 0.775390625 0.982421875 0.0078125 0.01171875
15 0.775390625 0.9609375 0.0078125 0.01171875
11 0.77587890625 0.92919921875 0.00830078125 0.0068359375
11 0.77587890625 0.94091796875 0.00830078125 0.00732421875
11 0.77587890625 0.8955078125 0.00830078125 0.0068359375
11 0.77587890625 0.86083984375 0.00830078125 0.0068359375
15 0.775390625 0.8544921875 0.0078125 0.01171875
11 0.77587890625 0.796875 0.00830078125 0.0068359375
11 0.77587890625 0.76318359375 0.00830078125 0.0068359375
11 0.77587890625 0.75341796875 0.00830078125 0.0068359375
11 0.759765625 0.59521484375 0.0078125 0.00732421875
11 0.759765625 0.7880859375 0.0078125 0.0068359375
11 0.759765625 0.76025390625 0.0078125 0.00732421875
11 0.759765625 0.74462890625 0.0078125 0.0068359375
11 0.759765625 0.716796875 0.0078125 0.0068359375
11 0.759765625 0.68896484375 0.0078125 0.0068359375
11 0.759765625 0.65478515625 0.0078125 0.0068359375
21 0.7587890625 0.63671875 0.00634765625 0.0185546875
11 0.759765625 0.625 0.0078125 0.0068359375
11 0.759765625 0.6123046875 0.0078125 0.0068359375
11 0.759765625 0.59619140625 0.0078125 0.0068359375
11 0.759765625 0.87158203125 0.0078125 0.0068359375
11 0.759765625 0.552734375 0.0078125 0.0068359375
11 0.759765625 0.47802734375 0.0078125 0.0068359375
11 0.759765625 0.4501953125 0.0078125 0.0068359375
11 0.759765625 0.40283203125 0.0078125 0.0068359375
11 0.759765625 0.375 0.0078125 0.0068359375
11 0.759765625 0.359375 0.0078125 0.0068359375
11 0.759765625 0.32958984375 0.0078125 0.0068359375
11 0.759765625 0.3291015625 0.0078125 0.0068359375
11 0.759765625 0.2861328125 0.0078125 0.0068359375
11 0.759765625 0.255859375 0.0078125 0.00732421875
11 0.759765625 0.22802734375 0.0078125 0.0068359375
11 0.759765625 0.97900390625 0.0078125 0.0068359375
11 0.759765625 0.95703125 0.0078125 0.0068359375
11 0.759765625 0.92626953125 0.0078125 0.00732421875
11 0.759765625 0.93212890625 0.0078125 0.0068359375
11 0.759765625 0.88671875 0.0078125 0.00732421875
11 0.759765625 0.8583984375 0.0078125 0.0068359375
11 0.759765625 0.8505859375 0.0078125 0.0068359375
11 0.759765625 0.203125 0.0078125 0.0068359375
11 0.759765625 0.19140625 0.0078125 0.0068359375
11 0.759765625 0.16357421875 0.0078125 0.0068359375
11 0.759765625 0.14208984375 0.0078125 0.0068359375
11 0.759765625 0.10498046875 0.0078125 0.0068359375
11 0.759765625 0.07666015625 0.0078125 0.00732421875
11 0.75146484375 0.6123046875 0.005859375 0.0048828125
11 0.744140625 0.6123046875 0.005859375 0.0048828125
8 0.75927734375 0.6083984375 0.00634765625 0.01806640625
9 0.76611328125 0.5830078125 0.0068359375 0.017578125
8 0.75927734375 0.564453125 0.00634765625 0.01806640625
9 0.76611328125 0.31689453125 0.0068359375 0.017578125
11 0.71728515625 0.29541015625 0.00830078125 0.00732421875
8 0.75927734375 0.29833984375 0.00634765625 0.01806640625
11 0.3837890625 0.775390625 0.00830078125 0.00732421875
11 0.3837890625 0.94091796875 0.00830078125 0.00732421875
11 0.3837890625 0.94677734375 0.00830078125 0.0068359375
11 0.3837890625 0.9013671875 0.00830078125 0.00732421875
11 0.3837890625 0.873046875 0.00830078125 0.0068359375
11 0.3837890625 0.80322265625 0.00830078125 0.0068359375
11 0.3837890625 0.75927734375 0.00830078125 0.0068359375
11 0.3837890625 0.7314453125 0.00830078125 0.0068359375
11 0.3837890625 0.70361328125 0.00830078125 0.0068359375
11 0.3837890625 0.669921875 0.00830078125 0.0068359375
11 0.3837890625 0.4931640625 0.00830078125 0.0068359375
11 0.3837890625 0.46533203125 0.00830078125 0.0068359375
11 0.3837890625 0.41796875 0.00830078125 0.0068359375
11 0.3837890625 0.39013671875 0.00830078125 0.00732421875
11 0.3837890625 0.3740234375 0.00830078125 0.0068359375
11 0.3837890625 0.3447265625 0.00830078125 0.0068359375
11 0.396484375 0.33544921875 0.00830078125 0.00732421875
11 0.396484375 0.5615234375 0.00830078125 0.0068359375
21 0.39501953125 0.5322265625 0.00634765625 0.01806640625
21 0.39501953125 0.51025390625 0.00634765625 0.0185546875
11 0.396484375 0.4931640625 0.00830078125 0.0068359375
11 0.396484375 0.45654296875 0.00830078125 0.0068359375
21 0.39501953125 0.44482421875 0.00634765625 0.01806640625
21 0.39501953125 0.42333984375 0.00634765625 0.0185546875
11 0.396484375 0.41796875 0.00830078125 0.0068359375
11 0.396484375 0.380859375 0.00830078125 0.0068359375
11 0.396484375 0.3740234375 0.00830078125 0.0068359375
11 0.396484375 0.6044921875 0.00830078125 0.0068359375
11 0.396484375 0.337890625 0.00830078125 0.0068359375
11 0.396484375 0.29541015625 0.00830078125 0.00732421875
11 0.396484375 0.2705078125 0.00830078125 0.00732421875
11 0.396484375 0.23388671875 0.00830078125 0.0068359375
11 0.396484375 0.2177734375 0.00830078125 0.0068359375
11 0.396484375 0.20654296875 0.00830078125 0.0068359375
11 0.396484375 0.16943359375 0.00830078125 0.0068359375
11 0.396484375 0.14794921875 0.00830078125 0.00732421875
11 0.396484375 0.1201171875 0.00830078125 0.0068359375
11 0.396484375 0.08251953125 0.00830078125 0.0068359375
21 0.39501953125 0.80859375 0.00634765625 0.0185546875
11 0.396484375 0.98779296875 0.00830078125 0.0068359375
11 0.396484375 0.9658203125 0.00830078125 0.00732421875
11 0.396484375 0.93212890625 0.00830078125 0.0068359375
11 0.396484375 0.94677734375 0.00830078125 0.0068359375
11 0.396484375 0.9013671875 0.00830078125 0.00732421875
11 0.396484375 0.8642578125 0.00830078125 0.0068359375
11 0.396484375 0.859375 0.00830078125 0.0068359375
11 0.396484375 0.88037109375 0.00830078125 0.0068359375
21 0.39501953125 0.83056640625 0.00634765625 0.01806640625
11 0.396484375 0.80322265625 0.00830078125 0.0068359375
11 0.396484375 0.76611328125 0.00830078125 0.0068359375
11 0.396484375 0.75927734375 0.00830078125 0.0068359375
11 0.396484375 0.72265625 0.00830078125 0.0068359375
11 0.396484375 0.70361328125 0.00830078125 0.0068359375
11 0.396484375 0.6611328125 0.00830078125 0.0068359375
11 0.396484375 0.63818359375 0.00830078125 0.00732421875
21 0.39501953125 0.6240234375 0.00634765625 0.0185546875
21 0.39501953125 0.61083984375 0.00634765625 0.01806640625
11 0.396484375 0.60546875 0.00830078125 0.00732421875
11 0.3837890625 0.2705078125 0.00830078125 0.00732421875
11 0.3837890625 0.24267578125 0.00830078125 0.0068359375
11 0.3837890625 0.2177734375 0.00830078125 0.0068359375
11 0.3837890625 0.2001953125 0.00830078125 0.0068359375
11 0.3837890625 0.16357421875 0.00830078125 0.0068359375
11 0.3837890625 0.15673828125 0.00830078125 0.0068359375
11 0.3837890625 0.1201171875 0.00830078125 0.0068359375
11 0.3837890625 0.091796875 0.00830078125 0.00732421875
15 0.41357421875 0.982421875 0.0078125 0.01171875
15 0.41357421875 0.9609375 0.0078125 0.01171875
11 0.41357421875 0.92919921875 0.00830078125 0.0068359375
11 0.41357421875 0.94091796875 0.00830078125 0.00732421875
11 0.41357421875 0.2119140625 0.00830078125 0.0068359375
11 0.41357421875 0.2001953125 0.00830078125 0.0068359375
11 0.41357421875 0.16650390625 0.00830078125 0.0068359375
11 0.41357421875 0.14453125 0.00830078125 0.0068359375
11 0.41357421875 0.11376953125 0.00830078125 0.0068359375
11 0.41357421875 0.07958984375 0.00830078125 0.0068359375
9 0.40283203125 0.9755859375 0.0068359375 0.017578125
11 0.41357421875 0.23095703125 0.00830078125 0.00732421875
9 0.40283203125 0.9541015625 0.0068359375 0.017578125
15 0.41357421875 0.578125 0.0078125 0.01171875
11 0.41357421875 0.8955078125 0.00830078125 0.0068359375
11 0.41357421875 0.86083984375 0.00830078125 0.0068359375
15 0.41357421875 0.8544921875 0.0078125 0.01171875
11 0.41357421875 0.796875 0.00830078125 0.0068359375
11 0.41357421875 0.76318359375 0.00830078125 0.0068359375
11 0.41357421875 0.75341796875 0.00830078125 0.0068359375
11 0.41357421875 0.7197265625 0.00830078125 0.0068359375
11 0.41357421875 0.69775390625 0.00830078125 0.0068359375
11 0.41357421875 0.65771484375 0.00830078125 0.0068359375
15 0.41357421875 0.60009765625 0.0078125 0.01171875
15 0.41357421875 0.55615234375 0.0078125 0.01171875
11 0.41357421875 0.4873046875 0.00830078125 0.00732421875
11 0.41357421875 0.453125 0.00830078125 0.0068359375
11 0.41357421875 0.41162109375 0.00830078125 0.0068359375
11 0.41357421875 0.3779296875 0.00830078125 0.0068359375
11 0.41357421875 0.3681640625 0.00830078125 0.0068359375
11 0.41357421875 0.33251953125 0.00830078125 0.0068359375
15 0.41357421875 0.31201171875 0.0078125 0.01171875
15 0.41357421875 0.2900390625 0.0078125 0.01171875
11 0.41357421875 0.2646484375 0.00830078125 0.0068359375
9 0.40283203125 0.31982421875 0.0068359375 0.017578125
9 0.40283203125 0.283203125 0.0068359375 0.017578125
9 0.40283203125 0.84765625 0.0068359375 0.017578125
9 0.40283203125 0.59326171875 0.0068359375 0.017578125
9 0.40283203125 0.5859375 0.0068359375 0.017578125
9 0.40283203125 0.54931640625 0.0068359375 0.017578125
11 0.35595703125 0.08251953125 0.00830078125 0.0068359375
11 0.35595703125 0.14794921875 0.00830078125 0.00732421875
11 0.35595703125 0.10498046875 0.00830078125 0.0068359375
11 0.28564453125 0.6123046875 0.005859375 0.0048828125
10 0.2431640625 0.95849609375 0.0166015625 0.0458984375
10 0.2431640625 0.93701171875 0.0166015625 0.0458984375
10 0.2431640625 0.9150390625 0.0166015625 0.0458984375
10 0.2431640625 0.892578125 0.0166015625 0.0458984375
10 0.2431640625 0.85205078125 0.0166015625 0.0458984375
10 0.2431640625 0.830078125 0.0166015625 0.0458984375
10 0.2431640625 0.80859375 0.0166015625 0.0458984375
10 0.2431640625 0.78662109375 0.0166015625 0.0458984375
11 0.35595703125 0.5087890625 0.00830078125 0.0068359375
11 0.35595703125 0.4931640625 0.00830078125 0.0068359375
11 0.35595703125 0.45654296875 0.00830078125 0.0068359375
11 0.35595703125 0.46435546875 0.00830078125 0.0068359375
11 0.35595703125 0.4306640625 0.00830078125 0.0068359375
11 0.35595703125 0.625 0.00830078125 0.0068359375
11 0.35595703125 0.6123046875 0.00830078125 0.0068359375
11 0.35595703125 0.59619140625 0.00830078125 0.0068359375
11 0.35595703125 0.41162109375 0.00830078125 0.0068359375
11 0.35595703125 0.59521484375 0.00830078125 0.00732421875
11 0.35595703125 0.552734375 0.00830078125 0.0068359375
11 0.35595703125 0.53662109375 0.00830078125 0.00732421875
11 0.35595703125 0.203125 0.00830078125 0.0068359375
11 0.35595703125 0.2646484375 0.00830078125 0.0068359375
11 0.35595703125 0.23388671875 0.00830078125 0.0068359375
11 0.35595703125 0.2001953125 0.00830078125 0.0068359375
11 0.35595703125 0.16943359375 0.00830078125 0.0068359375
11 0.35595703125 0.375 0.00830078125 0.0068359375
11 0.35595703125 0.359375 0.00830078125 0.0068359375
10 0.2431640625 0.76513671875 0.0166015625 0.0458984375
11 0.35595703125 0.32373046875 0.00830078125 0.0068359375
11 0.35595703125 0.3291015625 0.00830078125 0.0068359375
11 0.35595703125 0.2861328125 0.00830078125 0.0068359375
10 0.2431640625 0.51025390625 0.0166015625 0.0458984375
10 0.2431640625 0.48876953125 0.0166015625 0.0458984375
10 0.2431640625 0.466796875 0.0166015625 0.0458984375
10 0.2431640625 0.44482421875 0.0166015625 0.0458984375
10 0.2431640625 0.42333984375 0.0166015625 0.0458984375
10 0.2431640625 0.5322265625 0.0166015625 0.0458984375
10 0.2431640625 0.4013671875 0.0166015625 0.0458984375
10 0.2431640625 0.37939453125 0.0166015625 0.0458984375
10 0.2431640625 0.357421875 0.0166015625 0.0458984375
10 0.2431640625 0.333984375 0.0166015625 0.0458984375
10 0.2431640625 0.31005859375 0.0166015625 0.0458984375
10 0.2431640625 0.7431640625 0.0166015625 0.0458984375
10 0.2431640625 0.72119140625 0.0166015625 0.0458984375
10 0.2431640625 0.69921875 0.0166015625 0.0458984375
10 0.2431640625 0.67138671875 0.0166015625 0.0458984375
10 0.2431640625 0.6494140625 0.0166015625 0.0458984375
10 0.2431640625 0.2880859375 0.0166015625 0.0458984375
11 0.2783203125 0.6123046875 0.005859375 0.0048828125
10 0.2431640625 0.59814453125 0.0166015625 0.0458984375
10 0.2431640625 0.576171875 0.0166015625 0.0458984375
10 0.2431640625 0.55419921875 0.0166015625 0.0458984375
22 0.73681640625 0.44189453125 0.00830078125 0.00390625
22 0.73681640625 0.42041015625 0.00830078125 0.00390625
22 0.73681640625 0.5078125 0.00830078125 0.00390625
22 0.38427734375 0.646484375 0.00830078125 0.00390625
10 0.2431640625 0.26611328125 0.0166015625 0.0458984375
10 0.2431640625 0.244140625 0.0166015625 0.0458984375
10 0.2431640625 0.22265625 0.0166015625 0.0458984375
10 0.2431640625 0.19873046875 0.0166015625 0.04541015625
10 0.2431640625 0.17724609375 0.0166015625 0.0458984375
21 0.35498046875 0.63671875 0.00634765625 0.0185546875
10 0.2431640625 0.1552734375 0.0166015625 0.0458984375
10 0.2431640625 0.13330078125 0.0166015625 0.0458984375
10 0.2431640625 0.11083984375 0.0166015625 0.0458984375
22 0.73681640625 0.82763671875 0.00830078125 0.00390625
22 0.73681640625 0.8056640625 0.00830078125 0.00390625
22 0.73681640625 0.646484375 0.00830078125 0.00390625
22 0.73681640625 0.529296875 0.00830078125 0.00390625
8 0.35546875 0.80126953125 0.00634765625 0.017578125
9 0.36279296875 0.5830078125 0.0068359375 0.017578125
8 0.35546875 0.564453125 0.00634765625 0.01806640625
9 0.36279296875 0.5244140625 0.0068359375 0.017578125
8 0.35546875 0.8349609375 0.00634765625 0.017578125
8 0.35546875 0.6083984375 0.00634765625 0.01806640625
15 0.37158203125 0.2900390625 0.0078125 0.01171875
15 0.37158203125 0.5126953125 0.0078125 0.01171875
11 0.3720703125 0.4931640625 0.00830078125 0.0068359375
11 0.3720703125 0.46533203125 0.00830078125 0.0068359375
15 0.37158203125 0.447265625 0.0078125 0.01171875
15 0.37158203125 0.42529296875 0.0078125 0.01171875
11 0.3720703125 0.41796875 0.00830078125 0.0068359375
11 0.3720703125 0.39013671875 0.00830078125 0.00732421875
11 0.3720703125 0.3740234375 0.00830078125 0.0068359375
11 0.3720703125 0.3447265625 0.00830078125 0.0068359375
15 0.37158203125 0.31201171875 0.0078125 0.01171875
15 0.37158203125 0.53466796875 0.0078125 0.01171875
11 0.3720703125 0.2705078125 0.00830078125 0.00732421875
11 0.3720703125 0.24267578125 0.00830078125 0.0068359375
11 0.3720703125 0.2177734375 0.00830078125 0.0068359375
11 0.3720703125 0.2001953125 0.00830078125 0.0068359375
11 0.3720703125 0.16357421875 0.00830078125 0.0068359375
11 0.3720703125 0.15673828125 0.00830078125 0.0068359375
11 0.3720703125 0.1201171875 0.00830078125 0.0068359375
11 0.3720703125 0.091796875 0.00830078125 0.00732421875
15 0.37158203125 0.83251953125 0.0078125 0.01171875
15 0.37158203125 0.982421875 0.0078125 0.01171875
15 0.37158203125 0.9609375 0.0078125 0.01171875
11 0.3720703125 0.94091796875 0.00830078125 0.00732421875
11 0.3720703125 0.94677734375 0.00830078125 0.0068359375
11 0.3720703125 0.9013671875 0.00830078125 0.00732421875
11 0.3720703125 0.873046875 0.00830078125 0.0068359375
15 0.37158203125 0.8544921875 0.0078125 0.01171875
15 0.37158203125 0.810546875 0.0078125 0.01171875
11 0.3720703125 0.80322265625 0.00830078125 0.0068359375
11 0.3720703125 0.775390625 0.00830078125 0.00732421875
11 0.3720703125 0.75927734375 0.00830078125 0.0068359375
11 0.3720703125 0.7314453125 0.00830078125 0.0068359375
11 0.3720703125 0.70361328125 0.00830078125 0.0068359375
11 0.3720703125 0.669921875 0.00830078125 0.0068359375
15 0.37158203125 0.60009765625 0.0078125 0.01171875
15 0.37158203125 0.578125 0.0078125 0.01171875
15 0.37158203125 0.55615234375 0.0078125 0.01171875
9 0.36279296875 0.83984375 0.0068359375 0.017578125
8 0.35595703125 0.99072265625 0.00634765625 0.017578125
8 0.35546875 0.52099609375 0.00634765625 0.01806640625
8 0.35546875 0.951171875 0.00634765625 0.017578125
11 0.35595703125 0.97900390625 0.00830078125 0.0068359375
11 0.35595703125 0.93603515625 0.00830078125 0.0068359375
11 0.35595703125 0.93212890625 0.00830078125 0.0068359375
11 0.35595703125 0.9072265625 0.00830078125 0.0068359375
11 0.35595703125 0.8642578125 0.00830078125 0.0068359375
11 0.35595703125 0.75341796875 0.00830078125 0.0068359375
11 0.35595703125 0.716796875 0.00830078125 0.0068359375
11 0.35595703125 0.76611328125 0.00830078125 0.0068359375
11 0.35595703125 0.69775390625 0.00830078125 0.0068359375
11 0.35595703125 0.6611328125 0.00830078125 0.0068359375
11 0.35595703125 0.8505859375 0.00830078125 0.0068359375
11 0.35595703125 0.87158203125 0.00830078125 0.0068359375
11 0.35595703125 0.82275390625 0.00830078125 0.0068359375
11 0.35595703125 0.7861328125 0.00830078125 0.0068359375
11 0.35595703125 0.796875 0.00830078125 0.0068359375
9 0.36279296875 0.41845703125 0.0068359375 0.017578125
9 0.36279296875 0.4521484375 0.0068359375 0.017578125
9 0.36279296875 0.31689453125 0.0068359375 0.017578125
8 0.35546875 0.29833984375 0.00634765625 0.01806640625
11 0.5205078125 0.7880859375 0.00830078125 0.0068359375
11 0.5205078125 0.97900390625 0.00830078125 0.0068359375
11 0.5205078125 0.95703125 0.00830078125 0.0068359375
11 0.5205078125 0.92626953125 0.00830078125 0.00732421875
11 0.5205078125 0.93212890625 0.00830078125 0.0068359375
11 0.5205078125 0.88671875 0.00830078125 0.00732421875
11 0.5205078125 0.8583984375 0.00830078125 0.0068359375
11 0.5205078125 0.8505859375 0.00830078125 0.0068359375
11 0.5205078125 0.87158203125 0.00830078125 0.0068359375
8 0.52001953125 0.103515625 0.00634765625 0.017578125
11 0.5205078125 0.76025390625 0.00830078125 0.00732421875
11 0.5205078125 0.74462890625 0.00830078125 0.0068359375
11 0.5205078125 0.716796875 0.00830078125 0.0068359375
11 0.5205078125 0.68896484375 0.00830078125 0.0068359375
11 0.5205078125 0.65478515625 0.00830078125 0.0068359375
21 0.51953125 0.63671875 0.00634765625 0.0185546875
11 0.5205078125 0.625 0.00830078125 0.0068359375
11 0.5205078125 0.6123046875 0.00830078125 0.0068359375
11 0.5205078125 0.59619140625 0.00830078125 0.0068359375
11 0.5205078125 0.59521484375 0.00830078125 0.00732421875
8 0.52001953125 0.20361328125 0.00634765625 0.017578125
8 0.52001953125 0.17578125 0.00634765625 0.01806640625
11 0.5205078125 0.552734375 0.00830078125 0.0068359375
8 0.52001953125 0.15380859375 0.00634765625 0.017578125
8 0.52001953125 0.1259765625 0.00634765625 0.01806640625
11 0.51171875 0.6123046875 0.005859375 0.0048828125
11 0.5205078125 0.203125 0.00830078125 0.0068359375
11 0.5205078125 0.47802734375 0.00830078125 0.0068359375
11 0.5205078125 0.4501953125 0.00830078125 0.0068359375
11 0.5205078125 0.40283203125 0.00830078125 0.0068359375
11 0.5205078125 0.375 0.00830078125 0.0068359375
11 0.5205078125 0.359375 0.00830078125 0.0068359375
11 0.5205078125 0.32958984375 0.00830078125 0.0068359375
11 0.5205078125 0.3291015625 0.00830078125 0.0068359375
11 0.5205078125 0.2861328125 0.00830078125 0.0068359375
11 0.5205078125 0.255859375 0.00830078125 0.00732421875
11 0.5205078125 0.22802734375 0.00830078125 0.0068359375
11 0.5205078125 0.19140625 0.00830078125 0.0068359375
11 0.5205078125 0.16357421875 0.00830078125 0.0068359375
11 0.5205078125 0.14208984375 0.00830078125 0.0068359375
11 0.5205078125 0.10498046875 0.00830078125 0.0068359375
11 0.5205078125 0.07666015625 0.00830078125 0.00732421875
15 0.48779296875 0.982421875 0.0078125 0.01171875
15 0.48779296875 0.9609375 0.0078125 0.01171875
11 0.50439453125 0.6123046875 0.005859375 0.0048828125
11 0.55322265625 0.5615234375 0.00830078125 0.0068359375
11 0.55322265625 0.76611328125 0.00830078125 0.0068359375
11 0.55322265625 0.75927734375 0.00830078125 0.0068359375
11 0.55322265625 0.72265625 0.00830078125 0.0068359375
11 0.55322265625 0.70361328125 0.00830078125 0.0068359375
11 0.55322265625 0.6611328125 0.00830078125 0.0068359375
11 0.55322265625 0.63818359375 0.00830078125 0.00732421875
21 0.5517578125 0.6240234375 0.00634765625 0.0185546875
21 0.5517578125 0.61083984375 0.00634765625 0.01806640625
11 0.55322265625 0.60546875 0.00830078125 0.00732421875
11 0.55322265625 0.6044921875 0.00830078125 0.0068359375
11 0.55322265625 0.80322265625 0.00830078125 0.0068359375
11 0.55322265625 0.4931640625 0.00830078125 0.0068359375
11 0.55322265625 0.45654296875 0.00830078125 0.0068359375
11 0.55322265625 0.41796875 0.00830078125 0.0068359375
11 0.55322265625 0.380859375 0.00830078125 0.0068359375
11 0.55322265625 0.3740234375 0.00830078125 0.0068359375
11 0.55322265625 0.33544921875 0.00830078125 0.00732421875
11 0.55322265625 0.337890625 0.00830078125 0.0068359375
11 0.55322265625 0.29541015625 0.00830078125 0.00732421875
11 0.55322265625 0.2705078125 0.00830078125 0.00732421875
11 0.55322265625 0.23388671875 0.00830078125 0.0068359375
8 0.552734375 0.1318359375 0.00634765625 0.01806640625
8 0.552734375 0.103515625 0.00634765625 0.017578125
11 0.55322265625 0.203125 0.00830078125 0.0068359375
11 0.55322265625 0.98779296875 0.00830078125 0.0068359375
11 0.55322265625 0.9658203125 0.00830078125 0.00732421875
11 0.55322265625 0.9111328125 0.00830078125 0.0068359375
11 0.55322265625 0.92626953125 0.00830078125 0.00732421875
11 0.55322265625 0.93212890625 0.00830078125 0.0068359375
11 0.55322265625 0.94677734375 0.00830078125 0.0068359375
11 0.55322265625 0.9013671875 0.00830078125 0.00732421875
11 0.55322265625 0.8642578125 0.00830078125 0.0068359375
11 0.55322265625 0.859375 0.00830078125 0.0068359375
11 0.55322265625 0.88037109375 0.00830078125 0.0068359375
11 0.55322265625 0.19140625 0.00830078125 0.0068359375
11 0.55322265625 0.16357421875 0.00830078125 0.0068359375
11 0.55322265625 0.14794921875 0.00830078125 0.00732421875
11 0.55322265625 0.1201171875 0.00830078125 0.0068359375
11 0.55322265625 0.08251953125 0.00830078125 0.0068359375
15 0.53662109375 0.982421875 0.0078125 0.01171875
9 0.52685546875 0.5830078125 0.0068359375 0.017578125
8 0.52001953125 0.564453125 0.00634765625 0.01806640625
8 0.52001953125 0.490234375 0.00634765625 0.01806640625
8 0.52001953125 0.46240234375 0.00634765625 0.017578125
8 0.52001953125 0.6669921875 0.00634765625 0.017578125
8 0.52001953125 0.4140625 0.00634765625 0.017578125
8 0.52001953125 0.6083984375 0.00634765625 0.01806640625
8 0.52001953125 0.29833984375 0.00634765625 0.01806640625
8 0.52001953125 0.267578125 0.00634765625 0.017578125
8 0.52001953125 0.23974609375 0.00634765625 0.01806640625
8 0.52001953125 0.21484375 0.00634765625 0.01806640625
8 0.52001953125 0.38671875 0.00634765625 0.01806640625
8 0.52001953125 0.3701171875 0.00634765625 0.017578125
8 0.52001953125 0.341796875 0.00634765625 0.017578125
9 0.52685546875 0.31689453125 0.0068359375 0.017578125
15 0.53662109375 0.2900390625 0.0078125 0.01171875
15 0.53662109375 0.26806640625 0.0078125 0.01171875
15 0.53662109375 0.24658203125 0.0078125 0.01171875
15 0.53662109375 0.224609375 0.0078125 0.01171875
15 0.53662109375 0.201171875 0.0078125 0.01171875
15 0.53662109375 0.17919921875 0.0078125 0.01171875
15 0.53662109375 0.1572265625 0.0078125 0.01171875
15 0.53662109375 0.1357421875 0.0078125 0.01171875
15 0.53662109375 0.11328125 0.0078125 0.01171875
15 0.53662109375 0.31201171875 0.0078125 0.01171875
8 0.52001953125 0.99072265625 0.0068359375 0.017578125
8 0.52001953125 0.96875 0.00634765625 0.01806640625
15 0.53662109375 0.67333984375 0.0078125 0.01171875
15 0.53662109375 0.9609375 0.0078125 0.01171875
15 0.53662109375 0.93896484375 0.0078125 0.01171875
15 0.53662109375 0.9169921875 0.0078125 0.01171875
15 0.53662109375 0.89453125 0.0078125 0.01171875
15 0.53662109375 0.8544921875 0.0078125 0.01171875
15 0.53662109375 0.78857421875 0.0078125 0.01171875
15 0.53662109375 0.76708984375 0.0078125 0.01171875
15 0.53662109375 0.7451171875 0.0078125 0.01171875
15 0.53662109375 0.72314453125 0.0078125 0.01171875
15 0.53662109375 0.70166015625 0.0078125 0.01171875
8 0.52001953125 0.9443359375 0.00634765625 0.01806640625
15 0.53662109375 0.60009765625 0.0078125 0.01171875
15 0.53662109375 0.578125 0.0078125 0.01171875
15 0.53662109375 0.55615234375 0.0078125 0.01171875
15 0.53662109375 0.49072265625 0.0078125 0.01171875
15 0.53662109375 0.46875 0.0078125 0.01171875
15 0.53662109375 0.4033203125 0.0078125 0.01171875
15 0.53662109375 0.3818359375 0.0078125 0.01171875
15 0.53662109375 0.35986328125 0.0078125 0.01171875
15 0.53662109375 0.33642578125 0.0078125 0.01171875
8 0.52001953125 0.7724609375 0.00634765625 0.017578125
8 0.52001953125 0.755859375 0.00634765625 0.017578125
8 0.52001953125 0.728515625 0.00634765625 0.01806640625
8 0.52001953125 0.70068359375 0.00634765625 0.017578125
8 0.52001953125 0.9072265625 0.00634765625 0.017578125
8 0.52001953125 0.884765625 0.00634765625 0.017578125
9 0.52685546875 0.83984375 0.0068359375 0.017578125
8 0.52001953125 0.79931640625 0.00634765625 0.017578125
9 0.4453125 0.83984375 0.0068359375 0.017578125
8 0.4384765625 0.96875 0.00634765625 0.01806640625
8 0.4384765625 0.6083984375 0.00634765625 0.01806640625
9 0.4453125 0.5830078125 0.0068359375 0.017578125
11 0.48779296875 0.92919921875 0.00830078125 0.0068359375
11 0.45458984375 0.2646484375 0.00830078125 0.0068359375
15 0.45458984375 0.578125 0.0078125 0.01171875
15 0.45458984375 0.55615234375 0.0078125 0.01171875
11 0.45458984375 0.4873046875 0.00830078125 0.00732421875
11 0.45458984375 0.453125 0.00830078125 0.0068359375
11 0.45458984375 0.41162109375 0.00830078125 0.0068359375
11 0.45458984375 0.3779296875 0.00830078125 0.0068359375
11 0.45458984375 0.3681640625 0.00830078125 0.0068359375
11 0.45458984375 0.33251953125 0.00830078125 0.0068359375
15 0.45458984375 0.31201171875 0.0078125 0.01171875
15 0.45458984375 0.2900390625 0.0078125 0.01171875
15 0.45458984375 0.60009765625 0.0078125 0.01171875
11 0.45458984375 0.23095703125 0.00830078125 0.00732421875
11 0.45458984375 0.2119140625 0.00830078125 0.0068359375
11 0.45458984375 0.2001953125 0.00830078125 0.0068359375
11 0.45458984375 0.16650390625 0.00830078125 0.0068359375
11 0.45458984375 0.14453125 0.00830078125 0.0068359375
11 0.45458984375 0.11376953125 0.00830078125 0.0068359375
11 0.45458984375 0.07958984375 0.00830078125 0.0068359375
8 0.4384765625 0.99072265625 0.0068359375 0.017578125
11 0.45458984375 0.94091796875 0.00830078125 0.00732421875
15 0.45458984375 0.982421875 0.0078125 0.01171875
15 0.45458984375 0.9609375 0.0078125 0.01171875
11 0.45458984375 0.92919921875 0.00830078125 0.0068359375
11 0.45458984375 0.8955078125 0.00830078125 0.0068359375
11 0.45458984375 0.86083984375 0.00830078125 0.0068359375
15 0.45458984375 0.8544921875 0.0078125 0.01171875
11 0.45458984375 0.796875 0.00830078125 0.0068359375
11 0.45458984375 0.76318359375 0.00830078125 0.0068359375
11 0.45458984375 0.75341796875 0.00830078125 0.0068359375
11 0.45458984375 0.7197265625 0.00830078125 0.0068359375
11 0.45458984375 0.69775390625 0.00830078125 0.0068359375
11 0.45458984375 0.65771484375 0.00830078125 0.0068359375
11 0.43896484375 0.59619140625 0.00830078125 0.0068359375
19 0.43896484375 0.80810546875 0.00830078125 0.00390625
11 0.43896484375 0.7880859375 0.00830078125 0.0068359375
11 0.43896484375 0.76025390625 0.00830078125 0.00732421875
11 0.43896484375 0.74462890625 0.00830078125 0.0068359375
11 0.43896484375 0.716796875 0.00830078125 0.0068359375
11 0.43896484375 0.68896484375 0.00830078125 0.0068359375
11 0.43896484375 0.65478515625 0.00830078125 0.0068359375
21 0.43798828125 0.63671875 0.00634765625 0.0185546875
11 0.43896484375 0.625 0.00830078125 0.0068359375
11 0.43896484375 0.6123046875 0.00830078125 0.0068359375
19 0.43896484375 0.830078125 0.00830078125 0.00390625
11 0.43896484375 0.59521484375 0.00830078125 0.00732421875
11 0.43896484375 0.552734375 0.00830078125 0.0068359375
19 0.43896484375 0.5322265625 0.00830078125 0.00390625
19 0.43896484375 0.51025390625 0.00830078125 0.00390625
11 0.43896484375 0.47802734375 0.00830078125 0.0068359375
11 0.43896484375 0.4501953125 0.00830078125 0.0068359375
19 0.43896484375 0.44482421875 0.00830078125 0.00390625
19 0.43896484375 0.4228515625 0.00830078125 0.00390625
11 0.43896484375 0.40283203125 0.00830078125 0.0068359375
11 0.43896484375 0.375 0.00830078125 0.0068359375
11 0.43896484375 0.359375 0.00830078125 0.0068359375
11 0.43896484375 0.97900390625 0.00830078125 0.0068359375
11 0.43896484375 0.95703125 0.00830078125 0.0068359375
11 0.43896484375 0.92626953125 0.00830078125 0.00732421875
11 0.43896484375 0.93212890625 0.00830078125 0.0068359375
11 0.43896484375 0.88671875 0.00830078125 0.00732421875
11 0.43896484375 0.8583984375 0.00830078125 0.0068359375
11 0.43896484375 0.8505859375 0.00830078125 0.0068359375
11 0.43896484375 0.87158203125 0.00830078125 0.0068359375
11 0.4228515625 0.6123046875 0.005859375 0.0048828125
11 0.43896484375 0.07666015625 0.00830078125 0.00732421875
11 0.43896484375 0.32958984375 0.00830078125 0.0068359375
11 0.43896484375 0.3291015625 0.00830078125 0.0068359375
11 0.43896484375 0.2861328125 0.00830078125 0.0068359375
11 0.43896484375 0.255859375 0.00830078125 0.00732421875
11 0.43896484375 0.22802734375 0.00830078125 0.0068359375
11 0.43896484375 0.203125 0.00830078125 0.0068359375
11 0.43896484375 0.19140625 0.00830078125 0.0068359375
11 0.43896484375 0.16357421875 0.00830078125 0.0068359375
11 0.43896484375 0.14208984375 0.00830078125 0.0068359375
11 0.43896484375 0.10498046875 0.00830078125 0.0068359375
11 0.43017578125 0.6123046875 0.005859375 0.0048828125
8 0.4384765625 0.564453125 0.00634765625 0.01806640625
9 0.4453125 0.31689453125 0.0068359375 0.017578125
8 0.4384765625 0.29833984375 0.00634765625 0.01806640625
9 0.47705078125 0.54931640625 0.0068359375 0.017578125
9 0.47705078125 0.5859375 0.0068359375 0.017578125
9 0.47705078125 0.59326171875 0.0068359375 0.017578125
9 0.47705078125 0.283203125 0.0068359375 0.017578125
9 0.47705078125 0.31982421875 0.0068359375 0.017578125
11 0.48779296875 0.23095703125 0.00830078125 0.00732421875
11 0.48779296875 0.2119140625 0.00830078125 0.0068359375
11 0.48779296875 0.2001953125 0.00830078125 0.0068359375
11 0.48779296875 0.16650390625 0.00830078125 0.0068359375
11 0.48779296875 0.14453125 0.00830078125 0.0068359375
11 0.48779296875 0.11376953125 0.00830078125 0.0068359375
11 0.48779296875 0.07958984375 0.00830078125 0.0068359375
9 0.47705078125 0.9755859375 0.0068359375 0.017578125
11 0.48779296875 0.2646484375 0.00830078125 0.0068359375
9 0.47705078125 0.9541015625 0.0068359375 0.017578125
15 0.48779296875 0.60009765625 0.0078125 0.01171875
11 0.48779296875 0.94091796875 0.00830078125 0.00732421875
11 0.48779296875 0.8955078125 0.00830078125 0.0068359375
11 0.48779296875 0.86083984375 0.00830078125 0.0068359375
15 0.48779296875 0.8544921875 0.0078125 0.01171875
11 0.48779296875 0.796875 0.00830078125 0.0068359375
11 0.48779296875 0.76318359375 0.00830078125 0.0068359375
11 0.48779296875 0.75341796875 0.00830078125 0.0068359375
11 0.48779296875 0.7197265625 0.00830078125 0.0068359375
11 0.48779296875 0.69775390625 0.00830078125 0.0068359375
11 0.48779296875 0.65771484375 0.00830078125 0.0068359375
15 0.48779296875 0.578125 0.0078125 0.01171875
15 0.48779296875 0.55615234375 0.0078125 0.01171875
11 0.48779296875 0.4873046875 0.00830078125 0.00732421875
11 0.48779296875 0.453125 0.00830078125 0.0068359375
11 0.48779296875 0.41162109375 0.00830078125 0.0068359375
11 0.48779296875 0.3779296875 0.00830078125 0.0068359375
11 0.48779296875 0.3681640625 0.00830078125 0.0068359375
11 0.48779296875 0.33251953125 0.00830078125 0.0068359375
15 0.48779296875 0.31201171875 0.0078125 0.01171875
15 0.48779296875 0.2900390625 0.0078125 0.01171875
9 0.47705078125 0.84765625 0.0068359375 0.017578125
11 0.470703125 0.88037109375 0.00830078125 0.0068359375
11 0.470703125 0.98779296875 0.00830078125 0.0068359375
11 0.470703125 0.9658203125 0.00830078125 0.00732421875
11 0.470703125 0.93212890625 0.00830078125 0.0068359375
11 0.470703125 0.94677734375 0.00830078125 0.0068359375
11 0.470703125 0.9013671875 0.00830078125 0.00732421875
11 0.470703125 0.8642578125 0.00830078125 0.0068359375
11 0.470703125 0.859375 0.00830078125 0.0068359375
11 0.470703125 0.76611328125 0.00830078125 0.0068359375
11 0.470703125 0.75927734375 0.00830078125 0.0068359375
11 0.470703125 0.72265625 0.00830078125 0.0068359375
11 0.470703125 0.70361328125 0.00830078125 0.0068359375
11 0.470703125 0.6611328125 0.00830078125 0.0068359375
11 0.470703125 0.63818359375 0.00830078125 0.00732421875
21 0.4697265625 0.6240234375 0.0068359375 0.0185546875
21 0.4697265625 0.61083984375 0.0068359375 0.01806640625
11 0.470703125 0.80322265625 0.00830078125 0.0068359375
11 0.470703125 0.29541015625 0.00830078125 0.00732421875
11 0.470703125 0.3740234375 0.00830078125 0.0068359375
11 0.470703125 0.33544921875 0.00830078125 0.00732421875
11 0.470703125 0.337890625 0.00830078125 0.0068359375
11 0.470703125 0.08251953125 0.00830078125 0.0068359375
11 0.470703125 0.1201171875 0.00830078125 0.0068359375
11 0.470703125 0.2705078125 0.00830078125 0.00732421875
11 0.470703125 0.23388671875 0.00830078125 0.0068359375
11 0.470703125 0.60546875 0.00830078125 0.00732421875
11 0.470703125 0.14794921875 0.00830078125 0.00732421875
11 0.470703125 0.16943359375 0.00830078125 0.0068359375
11 0.470703125 0.20654296875 0.00830078125 0.0068359375
11 0.470703125 0.2177734375 0.00830078125 0.0068359375
11 0.470703125 0.380859375 0.00830078125 0.0068359375
11 0.470703125 0.41796875 0.00830078125 0.0068359375
11 0.470703125 0.6044921875 0.00830078125 0.0068359375
11 0.470703125 0.45654296875 0.00830078125 0.0068359375
11 0.470703125 0.5615234375 0.00830078125 0.0068359375
11 0.470703125 0.4931640625 0.00830078125 0.0068359375