11 0.64404296875 0.7822265625 0.00732421875 0.00634765625
11 0.64404296875 0.71435546875 0.00732421875 0.00634765625
9 0.65966796875 0.2958984375 0.005859375 0.015625
11 0.654296875 0.9443359375 0.00732421875 0.00634765625
11 0.654296875 0.8896484375 0.00732421875 0.00634765625
11 0.654296875 0.30615234375 0.00732421875 0.00634765625
11 0.64404296875 0.83544921875 0.00732421875 0.00634765625
9 0.607421875 0.29052734375 0.005859375 0.015625
11 0.62353515625 0.71435546875 0.00732421875 0.00634765625
11 0.62353515625 0.3037109375 0.00732421875 0.00634765625
9 0.607421875 0.92822265625 0.005859375 0.015625
9 0.607421875 0.87353515625 0.005859375 0.015625
11 0.62353515625 0.7822265625 0.00732421875 0.00634765625
11 0.60205078125 0.93896484375 0.00732421875 0.00634765625
11 0.60205078125 0.88427734375 0.00732421875 0.00634765625
11 0.60205078125 0.30126953125 0.00732421875 0.00634765625
11 0.62353515625 0.94140625 0.00732421875 0.00634765625
11 0.62353515625 0.88720703125 0.00732421875 0.00634765625
11 0.62353515625 0.83544921875 0.00732421875 0.00634765625
22 0.42431640625 0.11279296875 0.00732421875 0.00341796875
11 0.6796875 0.0595703125 0.00732421875 0.00634765625
13 0.68115234375 0.30908203125 0.009765625 0.00634765625
11 0.6796875 0.23095703125 0.00732421875 0.00634765625
11 0.6796875 0.16552734375 0.00732421875 0.00634765625
11 0.6796875 0.18408203125 0.00732421875 0.00634765625
11 0.591796875 0.71435546875 0.00732421875 0.00634765625
9 0.65966796875 0.93359375 0.005859375 0.015625
13 0.68115234375 0.94677734375 0.009765625 0.00634765625
13 0.68115234375 0.89208984375 0.009765625 0.00634765625
11 0.6796875 0.83544921875 0.00732421875 0.00634765625
9 0.65966796875 0.87890625 0.005859375 0.015625
11 0.6796875 0.78759765625 0.00732421875 0.00634765625
11 0.6796875 0.7197265625 0.00732421875 0.00634765625
13 0.68115234375 0.6494140625 0.009765625 0.00634765625
11 0.6796875 0.5791015625 0.00732421875 0.00634765625
11 0.6796875 0.5322265625 0.00732421875 0.00634765625
11 0.6796875 0.52685546875 0.00732421875 0.00634765625
11 0.57177734375 0.93603515625 0.00732421875 0.00634765625
11 0.57177734375 0.8818359375 0.00732421875 0.00634765625
11 0.57177734375 0.83544921875 0.00732421875 0.00634765625
11 0.57177734375 0.78759765625 0.00732421875 0.00634765625
11 0.57177734375 0.71435546875 0.00732421875 0.00634765625
11 0.57177734375 0.29833984375 0.00732421875 0.00634765625
8 0.55419921875 0.943359375 0.00537109375 0.01611328125
11 0.591796875 0.83544921875 0.00732421875 0.00634765625
11 0.591796875 0.78759765625 0.00732421875 0.00634765625
11 0.54443359375 0.82470703125 0.00732421875 0.00634765625
11 0.54443359375 0.78759765625 0.00732421875 0.00634765625
11 0.54443359375 0.71435546875 0.00732421875 0.00634765625
8 0.55419921875 0.88916015625 0.00537109375 0.015625
8 0.55419921875 0.3056640625 0.00537109375 0.015625
11 0.5546875 0.93359375 0.00732421875 0.00634765625
11 0.5546875 0.87890625 0.00732421875 0.00634765625
11 0.5546875 0.2958984375 0.00732421875 0.00634765625
11 0.79736328125 0.83544921875 0.00732421875 0.00634765625
11 0.79736328125 0.78515625 0.00732421875 0.00634765625
11 0.79736328125 0.71435546875 0.00732421875 0.00634765625
11 0.80712890625 0.1787109375 0.00732421875 0.00634765625
9 0.81298828125 0.16845703125 0.005859375 0.015625
9 0.81298828125 0.06201171875 0.005859375 0.015625
11 0.80712890625 0.244140625 0.00732421875 0.00634765625
11 0.80712890625 0.197265625 0.00732421875 0.00634765625
11 0.80712890625 0.07275390625 0.00732421875 0.00634765625
11 0.7548828125 0.19189453125 0.00732421875 0.00634765625
9 0.7607421875 0.1640625 0.005859375 0.015625
8 0.7548828125 0.0771484375 0.00537109375 0.015625
11 0.7548828125 0.23876953125 0.00732421875 0.00634765625
11 0.7548828125 0.173828125 0.00732421875 0.00634765625
11 0.7548828125 0.0673828125 0.00732421875 0.00634765625
11 0.77685546875 0.83544921875 0.00732421875 0.00634765625
11 0.77685546875 0.7822265625 0.00732421875 0.00634765625
11 0.77685546875 0.71435546875 0.00732421875 0.00634765625
11 0.77685546875 0.2412109375 0.00732421875 0.00634765625
11 0.77685546875 0.17626953125 0.00732421875 0.00634765625
11 0.77685546875 0.19482421875 0.00732421875 0.00634765625
11 0.77685546875 0.06982421875 0.00732421875 0.00634765625
8 0.7548828125 0.24951171875 0.00537109375 0.01611328125
22 0.58544921875 0.4638671875 0.00732421875 0.00341796875
22 0.58544921875 0.3544921875 0.00732421875 0.00341796875
22 0.58544921875 0.63232421875 0.00732421875 0.00341796875
9 0.81298828125 0.2333984375 0.005859375 0.015625
22 0.58544921875 0.11279296875 0.00732421875 0.00341796875
22 0.42431640625 0.63232421875 0.00732421875 0.00341796875
11 0.7001953125 0.83544921875 0.00732421875 0.00634765625
11 0.7001953125 0.78759765625 0.00732421875 0.00634765625
11 0.7001953125 0.7197265625 0.00732421875 0.00634765625
21 0.69921875 0.58056640625 0.005859375 0.0166015625
21 0.69921875 0.53662109375 0.005859375 0.01611328125
21 0.69921875 0.51513671875 0.005859375 0.0166015625
22 0.42431640625 0.4091796875 0.00732421875 0.00341796875
22 0.42431640625 0.3544921875 0.00732421875 0.00341796875
22 0.42431640625 0.4638671875 0.00732421875 0.00341796875
11 0.724609375 0.83544921875 0.00732421875 0.00634765625
11 0.724609375 0.78759765625 0.00732421875 0.00634765625
11 0.724609375 0.71435546875 0.00732421875 0.00634765625
22 0.724609375 0.57763671875 0.00732421875 0.00341796875
11 0.7451171875 0.83544921875 0.00732421875 0.00634765625
11 0.7451171875 0.78759765625 0.00732421875 0.00634765625
11 0.7451171875 0.71435546875 0.00732421875 0.00634765625
22 0.724609375 0.5390625 0.00732421875 0.00341796875
11 0.7099609375 0.2333984375 0.00732421875 0.00634765625
11 0.7099609375 0.16845703125 0.00732421875 0.00634765625
11 0.7099609375 0.18701171875 0.00732421875 0.00634765625
11 0.7099609375 0.06201171875 0.00732421875 0.00634765625
22 0.724609375 0.51806640625 0.00732421875 0.00341796875
11 0.724609375 0.236328125 0.00732421875 0.00634765625
11 0.724609375 0.1708984375 0.00732421875 0.00634765625
11 0.724609375 0.189453125 0.00732421875 0.00634765625
11 0.724609375 0.064453125 0.00732421875 0.00634765625
8 0.7099609375 0.244140625 0.00537109375 0.01611328125
9 0.7158203125 0.16015625 0.005859375 0.015625
8 0.7099609375 0.07275390625 0.00537109375 0.015625
11 0.30810546875 0.9443359375 0.00732421875 0.00634765625
11 0.30810546875 0.8896484375 0.00732421875 0.00634765625
11 0.30810546875 0.83251953125 0.00732421875 0.00634765625
11 0.30810546875 0.771484375 0.00732421875 0.00634765625
11 0.30810546875 0.708984375 0.00732421875 0.00634765625
11 0.30810546875 0.2880859375 0.00732421875 0.00634765625
11 0.30810546875 0.2255859375 0.00732421875 0.00634765625
11 0.30810546875 0.16015625 0.00732421875 0.00634765625
11 0.30810546875 0.1787109375 0.00732421875 0.00634765625
11 0.30810546875 0.05419921875 0.00732421875 0.00634765625
21 0.27294921875 0.93212890625 0.005859375 0.01611328125
21 0.27294921875 0.8779296875 0.005859375 0.01611328125
21 0.27294921875 0.8232421875 0.005859375 0.0166015625
21 0.27294921875 0.76513671875 0.005859375 0.0166015625
21 0.27294921875 0.70263671875 0.005859375 0.0166015625
21 0.27294921875 0.2294921875 0.005859375 0.01611328125
21 0.27294921875 0.16455078125 0.005859375 0.0166015625
21 0.27294921875 0.0556640625 0.005859375 0.0166015625
9 0.337890625 0.701171875 0.005859375 0.015625
8 0.33203125 0.30126953125 0.00537109375 0.015625
8 0.33203125 0.23876953125 0.00537109375 0.01611328125
8 0.33203125 0.18994140625 0.00537109375 0.01611328125
8 0.33203125 0.0673828125 0.00537109375 0.015625
11 0.33251953125 0.94677734375 0.00732421875 0.00634765625
11 0.33251953125 0.89208984375 0.00732421875 0.00634765625
11 0.33251953125 0.83544921875 0.00732421875 0.00634765625
11 0.33251953125 0.7744140625 0.00732421875 0.00634765625
12 0.3583984375 0.52197265625 0.0078125 0.00634765625
13 0.359375 0.29345703125 0.009765625 0.00634765625
11 0.35791015625 0.23095703125 0.00732421875 0.00634765625
11 0.35791015625 0.16552734375 0.00732421875 0.00634765625
11 0.35791015625 0.18408203125 0.00732421875 0.00634765625
11 0.35791015625 0.0595703125 0.00732421875 0.00634765625
9 0.337890625 0.93603515625 0.005859375 0.015625
11 0.33251953125 0.7119140625 0.00732421875 0.00634765625
9 0.337890625 0.8818359375 0.005859375 0.015625
9 0.337890625 0.82470703125 0.005859375 0.015625
9 0.337890625 0.763671875 0.005859375 0.015625
11 0.33251953125 0.29052734375 0.00732421875 0.00634765625
11 0.33251953125 0.22802734375 0.00732421875 0.00634765625
11 0.33251953125 0.1630859375 0.00732421875 0.00634765625
11 0.33251953125 0.181640625 0.00732421875 0.00634765625
11 0.33251953125 0.056640625 0.00732421875 0.00634765625
10 0.1923828125 0.4169921875 0.0146484375 0.04052734375
10 0.1923828125 0.3623046875 0.0146484375 0.04052734375
1 0.19140625 0.29443359375 0.015625 0.0185546875
1 0.19140625 0.23974609375 0.015625 0.0185546875
10 0.1923828125 0.17529296875 0.0146484375 0.04052734375
10 0.1923828125 0.12060546875 0.0146484375 0.04052734375
10 0.1923828125 0.06591796875 0.0146484375 0.04052734375
1 0.19140625 0.63427734375 0.015625 0.0185546875
10 0.1923828125 0.76513671875 0.0146484375 0.04052734375
10 0.1923828125 0.70263671875 0.0146484375 0.04052734375
1 0.19140625 0.580078125 0.015625 0.0185546875
10 0.1923828125 0.4716796875 0.0146484375 0.04052734375
22 0.2763671875 0.3544921875 0.00732421875 0.00341796875
22 0.74267578125 0.4638671875 0.00732421875 0.00341796875
22 0.74267578125 0.4091796875 0.00732421875 0.00341796875
22 0.74267578125 0.3544921875 0.00732421875 0.00341796875
22 0.74267578125 0.11279296875 0.00732421875 0.00341796875
22 0.2763671875 0.63232421875 0.00732421875 0.00341796875
22 0.2763671875 0.57763671875 0.00732421875 0.00341796875
22 0.2763671875 0.51806640625 0.00732421875 0.00341796875
22 0.2763671875 0.4638671875 0.00732421875 0.00341796875
22 0.2763671875 0.4091796875 0.00732421875 0.00341796875
22 0.2763671875 0.11279296875 0.00732421875 0.00341796875
11 0.25341796875 0.0458984375 0.00732421875 0.00634765625
11 0.25341796875 0.064453125 0.00732421875 0.00634765625
11 0.25341796875 0.189453125 0.00732421875 0.00634765625
11 0.25341796875 0.93603515625 0.00732421875 0.00634765625
11 0.25341796875 0.8818359375 0.00732421875 0.00634765625
11 0.25341796875 0.82470703125 0.00732421875 0.00634765625
11 0.25341796875 0.7822265625 0.00732421875 0.00634765625
11 0.25341796875 0.701171875 0.00732421875 0.00634765625
11 0.25341796875 0.2255859375 0.00732421875 0.00634765625
11 0.25341796875 0.244140625 0.00732421875 0.00634765625
11 0.25341796875 0.1708984375 0.00732421875 0.00634765625
12 0.2265625 0.93115234375 0.0078125 0.00634765625
12 0.2265625 0.87646484375 0.0078125 0.00634765625
12 0.2265625 0.8193359375 0.0078125 0.00634765625
12 0.2265625 0.77685546875 0.0078125 0.00634765625
12 0.2265625 0.69580078125 0.0078125 0.00634765625
22 0.2265625 0.2919921875 0.00732421875 0.00341796875
12 0.2265625 0.22021484375 0.0078125 0.00634765625
12 0.2265625 0.23876953125 0.0078125 0.00634765625
12 0.2265625 0.16552734375 0.0078125 0.00634765625
12 0.2265625 0.18408203125 0.0078125 0.00634765625
12 0.2265625 0.041015625 0.0078125 0.00634765625
12 0.2265625 0.0595703125 0.0078125 0.00634765625
1 0.19140625 0.93212890625 0.015625 0.0185546875
1 0.19140625 0.87744140625 0.015625 0.0185546875
12 0.462890625 0.52685546875 0.0078125 0.00634765625
11 0.46240234375 0.2412109375 0.00732421875 0.00634765625
11 0.46240234375 0.17626953125 0.00732421875 0.00634765625
11 0.46240234375 0.19482421875 0.00732421875 0.00634765625
11 0.46240234375 0.06982421875 0.00732421875 0.00634765625
8 0.4404296875 0.24951171875 0.00537109375 0.01611328125
9 0.4462890625 0.1640625 0.005859375 0.015625
12 0.462890625 0.5322265625 0.0078125 0.00634765625
8 0.4404296875 0.0771484375 0.00537109375 0.015625
11 0.4404296875 0.23876953125 0.00732421875 0.00634765625
11 0.4404296875 0.173828125 0.00732421875 0.00634765625
11 0.4404296875 0.19189453125 0.00732421875 0.00634765625
11 0.4404296875 0.0673828125 0.00732421875 0.00634765625
11 0.46240234375 0.82470703125 0.00732421875 0.00634765625
11 0.46240234375 0.78759765625 0.00732421875 0.00634765625
11 0.46240234375 0.71435546875 0.00732421875 0.00634765625
11 0.4306640625 0.71435546875 0.00732421875 0.00634765625
11 0.4306640625 0.837890625 0.00732421875 0.00634765625
11 0.4306640625 0.7822265625 0.00732421875 0.00634765625
11 0.4306640625 0.52197265625 0.00732421875 0.00634765625
13 0.525390625 0.0751953125 0.009765625 0.00634765625
11 0.52392578125 0.87646484375 0.00732421875 0.00634765625
11 0.52392578125 0.82470703125 0.00732421875 0.00634765625
11 0.52392578125 0.78759765625 0.00732421875 0.00634765625
11 0.52392578125 0.71435546875 0.00732421875 0.00634765625
13 0.525390625 0.5791015625 0.009765625 0.00634765625
13 0.525390625 0.5322265625 0.009765625 0.00634765625
13 0.525390625 0.52734375 0.009765625 0.00634765625
13 0.525390625 0.41552734375 0.009765625 0.00634765625
13 0.525390625 0.43408203125 0.009765625 0.00634765625
11 0.52392578125 0.29296875 0.00732421875 0.00634765625
13 0.525390625 0.24658203125 0.009765625 0.00634765625
13 0.525390625 0.181640625 0.009765625 0.00634765625
13 0.525390625 0.2001953125 0.009765625 0.00634765625
11 0.52392578125 0.93115234375 0.00732421875 0.00634765625
9 0.49853515625 0.2333984375 0.005859375 0.015625
9 0.49853515625 0.16845703125 0.005859375 0.015625
9 0.49853515625 0.06201171875 0.005859375 0.015625
11 0.49267578125 0.244140625 0.00732421875 0.00634765625
11 0.49267578125 0.1787109375 0.00732421875 0.00634765625
11 0.49267578125 0.197265625 0.00732421875 0.00634765625
11 0.49267578125 0.07275390625 0.00732421875 0.00634765625
11 0.48291015625 0.82470703125 0.00732421875 0.00634765625
11 0.48291015625 0.78759765625 0.00732421875 0.00634765625
11 0.48291015625 0.71435546875 0.00732421875 0.00634765625
13 0.359375 0.9306640625 0.009765625 0.00634765625
13 0.359375 0.87646484375 0.009765625 0.00634765625
11 0.35791015625 0.837890625 0.00732421875 0.00634765625
11 0.35791015625 0.77685546875 0.00732421875 0.00634765625
11 0.35791015625 0.71435546875 0.00732421875 0.00634765625
13 0.359375 0.5791015625 0.009765625 0.00634765625
8 0.38818359375 0.07275390625 0.00537109375 0.015625
11 0.388671875 0.2333984375 0.00732421875 0.00634765625
11 0.388671875 0.16845703125 0.00732421875 0.00634765625
11 0.388671875 0.18701171875 0.00732421875 0.00634765625
11 0.388671875 0.06201171875 0.00732421875 0.00634765625
11 0.37841796875 0.837890625 0.00732421875 0.00634765625
11 0.37841796875 0.77685546875 0.00732421875 0.00634765625
11 0.37841796875 0.71435546875 0.00732421875 0.00634765625
11 0.41015625 0.837890625 0.0068359375 0.00634765625
11 0.41015625 0.7822265625 0.0068359375 0.00634765625
11 0.41015625 0.71435546875 0.0068359375 0.00634765625
12 0.41064453125 0.52685546875 0.0078125 0.00634765625
11 0.41015625 0.236328125 0.0068359375 0.00634765625
11 0.41015625 0.1708984375 0.0068359375 0.00634765625
11 0.41015625 0.189453125 0.0068359375 0.00634765625
11 0.41015625 0.064453125 0.0068359375 0.00634765625
8 0.38818359375 0.244140625 0.00537109375 0.01611328125
9 0.39404296875 0.16015625 0.00634765625 0.015625