11 0.7451171875 0.14697265625 0.00830078125 0.0068359375
12 0.68994140625 0.3056640625 0.0087890625 0.00732421875
11 0.689453125 0.15283203125 0.00830078125 0.0068359375
11 0.71337890625 0.15283203125 0.00830078125 0.0068359375
12 0.6015625 0.3056640625 0.0087890625 0.00732421875
11 0.60107421875 0.14697265625 0.00830078125 0.0068359375
11 0.64111328125 0.14697265625 0.00830078125 0.0068359375
11 0.66552734375 0.14990234375 0.00830078125 0.00732421875
11 0.61669921875 0.14697265625 0.00830078125 0.0068359375
22 0.70703125 0.2265625 0.00830078125 0.00390625
22 0.70703125 0.38232421875 0.00830078125 0.00390625
22 0.63525390625 0.38232421875 0.00830078125 0.00390625
22 0.509765625 0.1396484375 0.00830078125 0.00390625
22 0.31982421875 0.1396484375 0.00830078125 0.00390625
22 0.3837890625 0.1396484375 0.00830078125 0.00390625
22 0.3837890625 0.38232421875 0.00830078125 0.00390625
22 0.44921875 0.1396484375 0.00830078125 0.00390625
22 0.44921875 0.38232421875 0.00830078125 0.00390625
22 0.509765625 0.38232421875 0.00830078125 0.00390625
22 0.55859375 0.1396484375 0.00830078125 0.00390625
22 0.55859375 0.2265625 0.00830078125 0.00390625
22 0.55859375 0.38232421875 0.00830078125 0.00390625
22 0.63525390625 0.2265625 0.00830078125 0.00390625
11 0.76513671875 0.14697265625 0.00830078125 0.0068359375
11 0.8056640625 0.14990234375 0.00830078125 0.00732421875
12 0.74560546875 0.3056640625 0.0087890625 0.00732421875
11 0.78173828125 0.14697265625 0.00830078125 0.0068359375
12 0.36376953125 0.3056640625 0.0087890625 0.00732421875
11 0.36328125 0.224609375 0.00830078125 0.00732421875
11 0.33349609375 0.224609375 0.00830078125 0.00732421875
11 0.39453125 0.224609375 0.00830078125 0.00732421875
11 0.4248046875 0.224609375 0.00830078125 0.00732421875
11 0.37890625 0.224609375 0.00830078125 0.00732421875
1 0.24365234375 0.384765625 0.017578125 0.02099609375
12 0.302734375 0.3056640625 0.0087890625 0.00732421875
11 0.30224609375 0.224609375 0.0078125 0.00732421875
10 0.244140625 0.142578125 0.0166015625 0.0458984375
22 0.77685546875 0.38232421875 0.00830078125 0.00390625
22 0.77685546875 0.2265625 0.00830078125 0.00390625
22 0.31982421875 0.38232421875 0.00830078125 0.00390625
11 0.31787109375 0.224609375 0.00830078125 0.00732421875
12 0.42529296875 0.3056640625 0.0087890625 0.00732421875
12 0.494140625 0.3056640625 0.0087890625 0.00732421875
11 0.49365234375 0.224609375 0.00830078125 0.00732421875
12 0.55224609375 0.3056640625 0.0087890625 0.00732421875
21 0.51611328125 0.22314453125 0.0068359375 0.0185546875
11 0.4560546875 0.224609375 0.00830078125 0.00732421875
11 0.4404296875 0.224609375 0.00830078125 0.00732421875
11 0.4716796875 0.224609375 0.00830078125 0.00732421875
11 0.7333984375 0.72119140625 0.00830078125 0.0068359375
11 0.7333984375 0.64306640625 0.00830078125 0.0068359375
11 0.69384765625 0.72119140625 0.00830078125 0.0068359375
11 0.67431640625 0.72119140625 0.0078125 0.0068359375
12 0.58251953125 0.80224609375 0.0087890625 0.0068359375
11 0.65478515625 0.72119140625 0.00830078125 0.0068359375
11 0.61376953125 0.6494140625 0.00830078125 0.0068359375
22 0.60693359375 0.72265625 0.00830078125 0.00390625
22 0.60693359375 0.87890625 0.00830078125 0.00390625
22 0.6826171875 0.6357421875 0.00830078125 0.00390625
22 0.6826171875 0.8037109375 0.00830078125 0.00390625
22 0.6826171875 0.87890625 0.00830078125 0.00390625
22 0.43408203125 0.72265625 0.00830078125 0.00390625
22 0.34619140625 0.72265625 0.00830078125 0.00390625
22 0.34619140625 0.87890625 0.00830078125 0.00390625
22 0.43408203125 0.87890625 0.00830078125 0.00390625
22 0.5205078125 0.72265625 0.00830078125 0.00390625
22 0.5205078125 0.87890625 0.00830078125 0.00390625
11 0.77734375 0.72119140625 0.00830078125 0.0068359375
11 0.77734375 0.64306640625 0.00830078125 0.0068359375
11 0.7529296875 0.72119140625 0.00830078125 0.0068359375
11 0.7529296875 0.64306640625 0.00830078125 0.0068359375
11 0.80224609375 0.64013671875 0.00830078125 0.0068359375
12 0.306640625 0.80224609375 0.0087890625 0.0068359375
11 0.306640625 0.64306640625 0.00830078125 0.0068359375
11 0.38037109375 0.646484375 0.00830078125 0.0068359375
11 0.35498046875 0.64306640625 0.00830078125 0.0068359375
11 0.33251953125 0.64306640625 0.00830078125 0.0068359375
10 0.19384765625 0.638671875 0.0166015625 0.0458984375
22 0.7705078125 0.87890625 0.00830078125 0.00390625
22 0.7705078125 0.8037109375 0.00830078125 0.00390625
22 0.2568359375 0.87890625 0.00830078125 0.00390625
22 0.2568359375 0.72265625 0.00830078125 0.00390625
11 0.26513671875 0.6494140625 0.00830078125 0.0068359375
12 0.23388671875 0.80224609375 0.0087890625 0.0068359375
11 0.23388671875 0.6494140625 0.0078125 0.0068359375
11 0.58203125 0.6494140625 0.00830078125 0.0068359375
1 0.193359375 0.88134765625 0.017578125 0.02099609375
12 0.48291015625 0.80224609375 0.0087890625 0.0068359375
11 0.482421875 0.64306640625 0.00830078125 0.0068359375
11 0.552734375 0.646484375 0.0078125 0.0068359375
11 0.52587890625 0.64306640625 0.00830078125 0.0068359375
11 0.501953125 0.64306640625 0.00830078125 0.0068359375
12 0.41015625 0.80224609375 0.0087890625 0.0068359375
11 0.40966796875 0.6494140625 0.00830078125 0.0068359375
11 0.44140625 0.6494140625 0.00830078125 0.0068359375