15 0.68115234375 0.0595703125 0.0078125 0.01171875
11 0.681640625 0.1279296875 0.00830078125 0.00732421875
11 0.681640625 0.19189453125 0.00830078125 0.0068359375
11 0.666015625 0.1953125 0.00830078125 0.0068359375
11 0.666015625 0.1220703125 0.00830078125 0.0068359375
11 0.65185546875 0.18603515625 0.00830078125 0.00732421875
11 0.712890625 0.18603515625 0.00830078125 0.00732421875
11 0.712890625 0.125 0.00830078125 0.0068359375
15 0.72900390625 0.0595703125 0.0078125 0.01171875
11 0.7294921875 0.1162109375 0.00830078125 0.0068359375
11 0.7294921875 0.18896484375 0.00830078125 0.0068359375
11 0.697265625 0.18896484375 0.00830078125 0.0068359375
11 0.6025390625 0.119140625 0.0078125 0.0068359375
11 0.6142578125 0.07373046875 0.00830078125 0.0068359375
11 0.6025390625 0.0712890625 0.0078125 0.0068359375
9 0.64208984375 0.0498046875 0.0068359375 0.017578125
14 0.6357421875 0.19580078125 0.0087890625 0.01708984375
11 0.63525390625 0.1162109375 0.00830078125 0.0068359375
11 0.63525390625 0.06201171875 0.00830078125 0.0068359375
11 0.7607421875 0.119140625 0.00830078125 0.0068359375
11 0.7607421875 0.18310546875 0.00830078125 0.0068359375
11 0.7763671875 0.046875 0.00830078125 0.0068359375
11 0.7763671875 0.1162109375 0.00830078125 0.0068359375
11 0.7763671875 0.18017578125 0.00830078125 0.0068359375
11 0.7451171875 0.18603515625 0.00830078125 0.00732421875
11 0.80810546875 0.1162109375 0.00830078125 0.0068359375
11 0.80810546875 0.18603515625 0.00830078125 0.00732421875
11 0.79248046875 0.18310546875 0.00830078125 0.0068359375
8 0.77587890625 0.05908203125 0.00634765625 0.01806640625
8 0.33642578125 0.1923828125 0.00634765625 0.017578125
11 0.36083984375 0.13134765625 0.00830078125 0.0068359375
11 0.37646484375 0.05908203125 0.00830078125 0.0068359375
11 0.37646484375 0.1279296875 0.00830078125 0.00732421875
15 0.37646484375 0.19287109375 0.0078125 0.01171875
15 0.3369140625 0.0595703125 0.0078125 0.01171875
11 0.3369140625 0.1279296875 0.00830078125 0.00732421875
11 0.3369140625 0.18017578125 0.00830078125 0.0068359375
8 0.37646484375 0.0703125 0.00634765625 0.01806640625
11 0.4248046875 0.05615234375 0.00830078125 0.00732421875
11 0.4248046875 0.1220703125 0.00830078125 0.0068359375
14 0.42529296875 0.19580078125 0.0087890625 0.01708984375
8 0.42431640625 0.06787109375 0.00634765625 0.017578125
11 0.31982421875 0.13427734375 0.00830078125 0.00732421875
11 0.40087890625 0.125 0.00830078125 0.0068359375
1 0.193359375 0.1904296875 0.017578125 0.02099609375
11 0.25146484375 0.046875 0.00830078125 0.0068359375
11 0.25146484375 0.1279296875 0.00830078125 0.00732421875
11 0.25146484375 0.19189453125 0.00830078125 0.0068359375
0 0.17431640625 0.12548828125 0.00830078125 0.158203125
10 0.19384765625 0.0576171875 0.0166015625 0.0458984375
11 0.29443359375 0.14013671875 0.00830078125 0.0068359375
11 0.29443359375 0.18310546875 0.00830078125 0.0068359375
11 0.27392578125 0.13427734375 0.00830078125 0.00732421875
11 0.513671875 0.1953125 0.00830078125 0.0068359375
15 0.53369140625 0.0595703125 0.0078125 0.01171875
11 0.5341796875 0.1220703125 0.00830078125 0.0068359375
11 0.5341796875 0.1982421875 0.00830078125 0.0068359375
11 0.5 0.19189453125 0.0078125 0.0068359375
11 0.5 0.1279296875 0.0078125 0.00732421875
11 0.486328125 0.18896484375 0.00830078125 0.0068359375
11 0.5576171875 0.0712890625 0.00830078125 0.0068359375
11 0.5576171875 0.125 0.00830078125 0.0068359375
5 0.564453125 0.060546875 0.0068359375 0.02099609375
11 0.57861328125 0.06787109375 0.00830078125 0.0068359375
11 0.57861328125 0.1220703125 0.00830078125 0.0068359375
15 0.57861328125 0.19287109375 0.0078125 0.01171875
9 0.54052734375 0.18603515625 0.0068359375 0.017578125
11 0.45849609375 0.18310546875 0.00830078125 0.0068359375
11 0.4453125 0.18017578125 0.00830078125 0.0068359375
11 0.4453125 0.1279296875 0.00830078125 0.00732421875
11 0.47265625 0.13427734375 0.00830078125 0.00732421875
15 0.47216796875 0.0595703125 0.0078125 0.01171875
11 0.47265625 0.18603515625 0.00830078125 0.00732421875
11 0.6865234375 0.3984375 0.00830078125 0.0068359375
11 0.6865234375 0.4853515625 0.00830078125 0.00732421875
15 0.6865234375 0.54638671875 0.0078125 0.01171875
11 0.67236328125 0.48828125 0.00830078125 0.0068359375
11 0.65771484375 0.3984375 0.00830078125 0.0068359375
11 0.67236328125 0.4013671875 0.00830078125 0.0068359375
11 0.73583984375 0.49462890625 0.00830078125 0.0068359375
11 0.7158203125 0.4912109375 0.00830078125 0.0068359375
11 0.73583984375 0.3984375 0.00830078125 0.0068359375
15 0.7353515625 0.54638671875 0.0078125 0.01171875
8 0.6865234375 0.41064453125 0.00634765625 0.01806640625
11 0.701171875 0.48828125 0.00830078125 0.0068359375
11 0.60107421875 0.43408203125 0.00830078125 0.0068359375
11 0.6103515625 0.53955078125 0.00830078125 0.0068359375
11 0.61962890625 0.4375 0.00830078125 0.0068359375
11 0.5869140625 0.43115234375 0.00830078125 0.0068359375
11 0.5869140625 0.48828125 0.00830078125 0.0068359375
11 0.5869140625 0.53662109375 0.00830078125 0.0068359375
9 0.59326171875 0.4765625 0.0068359375 0.017578125
11 0.572265625 0.43408203125 0.00830078125 0.0068359375
8 0.642578125 0.5546875 0.00634765625 0.017578125
11 0.64306640625 0.54296875 0.00830078125 0.00732421875
11 0.64306640625 0.3955078125 0.00830078125 0.0068359375
11 0.64306640625 0.4912109375 0.00830078125 0.0068359375
11 0.7646484375 0.404296875 0.00830078125 0.0068359375
11 0.7646484375 0.4794921875 0.00830078125 0.0068359375
11 0.779296875 0.4013671875 0.00830078125 0.0068359375
11 0.779296875 0.4765625 0.00830078125 0.0068359375
11 0.779296875 0.53955078125 0.00830078125 0.0068359375
11 0.75048828125 0.4013671875 0.00830078125 0.0068359375
11 0.80859375 0.4072265625 0.00830078125 0.00732421875
11 0.80859375 0.482421875 0.00830078125 0.0068359375
8 0.779296875 0.5517578125 0.00634765625 0.01806640625
11 0.7939453125 0.404296875 0.00830078125 0.0068359375
11 0.7939453125 0.4794921875 0.00830078125 0.0068359375
11 0.349609375 0.4072265625 0.00830078125 0.00732421875
11 0.3642578125 0.404296875 0.00830078125 0.0068359375
11 0.3056640625 0.482421875 0.00830078125 0.0068359375
11 0.3203125 0.4794921875 0.00830078125 0.0068359375
11 0.3349609375 0.41064453125 0.00830078125 0.0068359375
11 0.3349609375 0.4765625 0.00830078125 0.0068359375
15 0.3349609375 0.54638671875 0.0078125 0.01171875
11 0.3935546875 0.404296875 0.00830078125 0.0068359375
11 0.408203125 0.4013671875 0.00830078125 0.0068359375
11 0.42822265625 0.42529296875 0.00830078125 0.0068359375
11 0.42822265625 0.4794921875 0.00830078125 0.0068359375
11 0.42822265625 0.52783203125 0.00830078125 0.0068359375
11 0.37890625 0.4072265625 0.00830078125 0.00732421875
11 0.37890625 0.53076171875 0.00830078125 0.0068359375
8 0.37841796875 0.54296875 0.00634765625 0.017578125
1 0.193359375 0.5439453125 0.017578125 0.02099609375
11 0.25146484375 0.3896484375 0.00830078125 0.0068359375
11 0.25146484375 0.46484375 0.00830078125 0.00732421875
11 0.25146484375 0.54296875 0.00830078125 0.00732421875
0 0.17431640625 0.4794921875 0.00830078125 0.1572265625
10 0.19384765625 0.412109375 0.0166015625 0.0458984375
11 0.291015625 0.41064453125 0.00830078125 0.0068359375
11 0.291015625 0.4853515625 0.00830078125 0.00732421875
15 0.291015625 0.54638671875 0.0078125 0.01171875
8 0.25048828125 0.5546875 0.00634765625 0.017578125
11 0.26416015625 0.470703125 0.00830078125 0.0068359375
11 0.27734375 0.4765625 0.00830078125 0.0068359375
11 0.48681640625 0.52783203125 0.00830078125 0.0068359375
11 0.5029296875 0.52197265625 0.00830078125 0.00732421875
11 0.52978515625 0.42822265625 0.00830078125 0.00732421875
15 0.529296875 0.48046875 0.0078125 0.01171875
11 0.52978515625 0.54296875 0.00830078125 0.00732421875
11 0.47216796875 0.42822265625 0.0078125 0.00732421875
11 0.47216796875 0.49462890625 0.0078125 0.0068359375
11 0.47216796875 0.52490234375 0.0078125 0.0068359375
9 0.478515625 0.41650390625 0.0068359375 0.017578125
11 0.54931640625 0.53955078125 0.00830078125 0.0068359375
11 0.5537109375 0.43115234375 0.00830078125 0.0068359375
11 0.5634765625 0.53662109375 0.0078125 0.0068359375
11 0.44287109375 0.52490234375 0.00830078125 0.0068359375
11 0.44287109375 0.42822265625 0.00830078125 0.00732421875
11 0.45751953125 0.52197265625 0.00830078125 0.00732421875
11 0.45751953125 0.43115234375 0.00830078125 0.0068359375
11 0.71826171875 0.7548828125 0.00830078125 0.0068359375
8 0.64404296875 0.896484375 0.00634765625 0.01806640625
15 0.6923828125 0.89990234375 0.0078125 0.01171875
11 0.6923828125 0.841796875 0.00830078125 0.0068359375
11 0.6923828125 0.74609375 0.00830078125 0.0068359375
11 0.67333984375 0.7548828125 0.00830078125 0.0068359375
9 0.58544921875 0.830078125 0.0068359375 0.017578125
11 0.57861328125 0.88134765625 0.00830078125 0.0068359375
11 0.57861328125 0.841796875 0.00830078125 0.0068359375
11 0.57861328125 0.751953125 0.00830078125 0.0068359375
11 0.56103515625 0.87841796875 0.00830078125 0.00732421875
11 0.64453125 0.88427734375 0.00830078125 0.0068359375
11 0.64453125 0.8212890625 0.00830078125 0.00732421875
11 0.64453125 0.76123046875 0.00830078125 0.0068359375
11 0.60595703125 0.88427734375 0.00830078125 0.0068359375
11 0.77880859375 0.896484375 0.00830078125 0.0068359375
11 0.77880859375 0.8359375 0.00830078125 0.00732421875
11 0.77880859375 0.76123046875 0.00830078125 0.0068359375
11 0.76171875 0.76416015625 0.00830078125 0.00732421875
15 0.734375 0.89990234375 0.0078125 0.01171875
11 0.734375 0.84814453125 0.00830078125 0.0068359375
11 0.734375 0.76123046875 0.00830078125 0.0068359375
11 0.806640625 0.75830078125 0.00830078125 0.0068359375
8 0.77880859375 0.908203125 0.00634765625 0.017578125
15 0.3408203125 0.89990234375 0.0078125 0.01171875
11 0.3408203125 0.84521484375 0.00830078125 0.0068359375
11 0.3408203125 0.75830078125 0.00830078125 0.0068359375
11 0.32470703125 0.751953125 0.0078125 0.0068359375
15 0.298828125 0.89990234375 0.0078125 0.01171875
11 0.29931640625 0.8388671875 0.00830078125 0.0068359375
11 0.3681640625 0.76123046875 0.00830078125 0.0068359375
11 0.390625 0.8330078125 0.00830078125 0.0068359375
11 0.390625 0.75830078125 0.00830078125 0.0068359375
11 0.29931640625 0.7431640625 0.00830078125 0.00732421875
10 0.19384765625 0.765625 0.0166015625 0.04541015625
1 0.193359375 0.8974609375 0.017578125 0.02099609375
0 0.17431640625 0.8330078125 0.00830078125 0.1572265625
11 0.27978515625 0.751953125 0.00830078125 0.0068359375
8 0.25048828125 0.89306640625 0.00634765625 0.017578125
11 0.390625 0.88134765625 0.00830078125 0.0068359375
11 0.25146484375 0.88134765625 0.00830078125 0.0068359375
11 0.25146484375 0.8330078125 0.00830078125 0.0068359375
11 0.25146484375 0.75830078125 0.00830078125 0.0068359375
11 0.484375 0.8994140625 0.00830078125 0.0068359375
15 0.484375 0.833984375 0.0078125 0.01171875
11 0.484375 0.76708984375 0.00830078125 0.0068359375
11 0.46875 0.89013671875 0.00830078125 0.0068359375
11 0.5322265625 0.88427734375 0.00830078125 0.0068359375
15 0.5322265625 0.833984375 0.0078125 0.01171875
11 0.5322265625 0.76123046875 0.00830078125 0.0068359375
11 0.51318359375 0.89013671875 0.00830078125 0.0068359375
11 0.44287109375 0.88427734375 0.00830078125 0.0068359375
11 0.44287109375 0.841796875 0.00830078125 0.0068359375
11 0.44287109375 0.751953125 0.00830078125 0.0068359375
11 0.41796875 0.751953125 0.00830078125 0.0068359375
8 0.39013671875 0.89306640625 0.00634765625 0.017578125
9 0.44921875 0.830078125 0.0068359375 0.017578125