11 0.53271484375 0.39013671875 0.00830078125 0.0068359375
11 0.53271484375 0.05322265625 0.00830078125 0.0068359375
11 0.53271484375 0.10986328125 0.00830078125 0.0068359375
11 0.53271484375 0.16357421875 0.00830078125 0.0068359375
11 0.53271484375 0.32470703125 0.00830078125 0.00732421875
11 0.54931640625 0.32763671875 0.00830078125 0.0068359375
11 0.54931640625 0.05615234375 0.00830078125 0.0068359375
11 0.54931640625 0.11279296875 0.00830078125 0.0068359375
11 0.54931640625 0.16650390625 0.00830078125 0.0068359375
11 0.54931640625 0.39306640625 0.00830078125 0.0068359375
11 0.48876953125 0.11279296875 0.00830078125 0.0068359375
11 0.48876953125 0.16650390625 0.00830078125 0.0068359375
11 0.48876953125 0.32763671875 0.00830078125 0.0068359375
11 0.48876953125 0.39306640625 0.00830078125 0.0068359375
11 0.48876953125 0.05615234375 0.00830078125 0.0068359375
12 0.7587890625 0.1845703125 0.0087890625 0.0068359375
12 0.7587890625 0.07421875 0.0087890625 0.0068359375
12 0.7587890625 0.130859375 0.0087890625 0.0068359375
11 0.71630859375 0.17578125 0.0078125 0.0068359375
11 0.71630859375 0.0654296875 0.0078125 0.00732421875
11 0.71630859375 0.1220703125 0.0078125 0.00732421875
11 0.67236328125 0.06201171875 0.00830078125 0.0068359375
11 0.67236328125 0.11865234375 0.00830078125 0.0068359375
11 0.67236328125 0.17236328125 0.00830078125 0.00732421875
11 0.58544921875 0.33056640625 0.00830078125 0.0068359375
11 0.58544921875 0.05908203125 0.00830078125 0.0068359375
11 0.58544921875 0.11572265625 0.00830078125 0.00732421875
11 0.58544921875 0.16943359375 0.00830078125 0.0068359375
11 0.58544921875 0.39599609375 0.00830078125 0.00732421875
11 0.27978515625 0.11865234375 0.00830078125 0.0068359375
11 0.27978515625 0.17236328125 0.00830078125 0.00732421875
11 0.27978515625 0.21728515625 0.00830078125 0.0068359375
11 0.27978515625 0.294921875 0.00830078125 0.00732421875
11 0.27978515625 0.33349609375 0.00830078125 0.0068359375
11 0.27978515625 0.3994140625 0.00830078125 0.0068359375
11 0.27978515625 0.46484375 0.00830078125 0.0068359375
11 0.27978515625 0.06201171875 0.00830078125 0.0068359375
10 0.19384765625 0.1142578125 0.0166015625 0.0458984375
22 0.736328125 0.33837890625 0.00830078125 0.00390625
22 0.736328125 0.39501953125 0.00830078125 0.00390625
22 0.736328125 0.45166015625 0.00830078125 0.00390625
10 0.19384765625 0.0576171875 0.0166015625 0.0458984375
22 0.736328125 0.28173828125 0.00830078125 0.00390625
10 0.19384765625 0.1708984375 0.0166015625 0.0458984375
10 0.19384765625 0.22802734375 0.0166015625 0.0458984375
22 0.736328125 0.22509765625 0.00830078125 0.00390625
11 0.236328125 0.05908203125 0.00830078125 0.0068359375
11 0.236328125 0.11572265625 0.00830078125 0.00732421875
11 0.236328125 0.16943359375 0.00830078125 0.0068359375
11 0.236328125 0.21435546875 0.00830078125 0.0068359375
11 0.236328125 0.2919921875 0.00830078125 0.0068359375
11 0.236328125 0.33056640625 0.00830078125 0.0068359375
11 0.236328125 0.39599609375 0.00830078125 0.00732421875
11 0.236328125 0.4619140625 0.00830078125 0.00732421875
10 0.19384765625 0.39794921875 0.0166015625 0.04541015625
1 0.193359375 0.2841796875 0.017578125 0.02099609375
10 0.19384765625 0.34130859375 0.0166015625 0.0458984375
1 0.193359375 0.4541015625 0.017578125 0.02099609375
11 0.3857421875 0.05908203125 0.00830078125 0.0068359375
11 0.3857421875 0.11572265625 0.00830078125 0.00732421875
11 0.3857421875 0.16943359375 0.00830078125 0.0068359375
12 0.34228515625 0.21728515625 0.0087890625 0.0068359375
12 0.34228515625 0.28271484375 0.0087890625 0.0068359375
11 0.341796875 0.39599609375 0.00830078125 0.00732421875
12 0.34228515625 0.458984375 0.0087890625 0.0068359375
11 0.3857421875 0.33056640625 0.00830078125 0.0068359375
11 0.44482421875 0.05908203125 0.00830078125 0.0068359375
11 0.44482421875 0.11572265625 0.00830078125 0.00732421875
11 0.44482421875 0.16943359375 0.00830078125 0.0068359375
13 0.4462890625 0.21435546875 0.01123046875 0.00732421875
13 0.4462890625 0.28564453125 0.01123046875 0.0068359375
11 0.44482421875 0.33056640625 0.00830078125 0.0068359375
11 0.44482421875 0.39599609375 0.00830078125 0.00732421875
13 0.4462890625 0.44970703125 0.01123046875 0.0068359375
11 0.3857421875 0.39599609375 0.00830078125 0.00732421875
11 0.341796875 0.33056640625 0.00830078125 0.0068359375
5 0.31298828125 0.3251953125 0.00537109375 0.0146484375
5 0.31298828125 0.390625 0.00537109375 0.0146484375
5 0.31298828125 0.052734375 0.00537109375 0.0146484375
11 0.3251953125 0.06201171875 0.00830078125 0.0068359375
11 0.3251953125 0.11865234375 0.00830078125 0.0068359375
5 0.31298828125 0.109375 0.00537109375 0.01513671875
11 0.3251953125 0.17236328125 0.00830078125 0.00732421875
5 0.31298828125 0.16357421875 0.00537109375 0.01513671875
11 0.3076171875 0.06201171875 0.005859375 0.0048828125
11 0.3076171875 0.3994140625 0.005859375 0.0048828125
11 0.341796875 0.05908203125 0.00830078125 0.0068359375
11 0.341796875 0.11572265625 0.00830078125 0.00732421875
11 0.341796875 0.16943359375 0.00830078125 0.0068359375
11 0.3076171875 0.11865234375 0.005859375 0.0048828125
11 0.3251953125 0.33349609375 0.00830078125 0.0068359375
11 0.3251953125 0.3994140625 0.00830078125 0.0068359375
11 0.3076171875 0.33349609375 0.005859375 0.00537109375
11 0.3076171875 0.17236328125 0.005859375 0.00537109375
21 0.640625 0.9423828125 0.00634765625 0.0185546875
21 0.640625 0.8857421875 0.00634765625 0.0185546875
11 0.6416015625 0.6845703125 0.00830078125 0.0068359375
11 0.6416015625 0.57373046875 0.00830078125 0.0068359375
11 0.6416015625 0.630859375 0.00830078125 0.0068359375
19 0.69580078125 0.94189453125 0.00830078125 0.00390625
19 0.69580078125 0.88525390625 0.00830078125 0.00390625
11 0.69580078125 0.67822265625 0.00830078125 0.0068359375
11 0.69580078125 0.625 0.00830078125 0.00732421875
11 0.69580078125 0.56787109375 0.00830078125 0.00732421875
11 0.5869140625 0.9287109375 0.00830078125 0.00732421875
11 0.5869140625 0.90478515625 0.00830078125 0.0068359375
11 0.5869140625 0.6845703125 0.00830078125 0.0068359375
11 0.5869140625 0.630859375 0.00830078125 0.0068359375
11 0.5869140625 0.57373046875 0.00830078125 0.0068359375
22 0.5048828125 0.712890625 0.00830078125 0.00390625
22 0.5048828125 0.76953125 0.00830078125 0.00390625
11 0.72119140625 0.67236328125 0.0078125 0.0068359375
11 0.72119140625 0.61865234375 0.0078125 0.00732421875
11 0.72119140625 0.56201171875 0.0078125 0.0068359375
11 0.7666015625 0.67236328125 0.00830078125 0.0068359375
11 0.7666015625 0.61865234375 0.00830078125 0.00732421875
11 0.7666015625 0.56201171875 0.00830078125 0.0068359375
12 0.24755859375 0.931640625 0.0087890625 0.0068359375
12 0.24755859375 0.88720703125 0.0087890625 0.0068359375
12 0.24755859375 0.82177734375 0.0087890625 0.0068359375
13 0.24853515625 0.77392578125 0.01123046875 0.0068359375
13 0.24853515625 0.7021484375 0.01123046875 0.0068359375
11 0.2470703125 0.66650390625 0.00830078125 0.0068359375
11 0.2470703125 0.61279296875 0.00830078125 0.0068359375
11 0.2470703125 0.55615234375 0.00830078125 0.0068359375
12 0.30419921875 0.6513671875 0.0087890625 0.0068359375
12 0.30419921875 0.59814453125 0.0087890625 0.0068359375
12 0.30419921875 0.54150390625 0.0087890625 0.0068359375
10 0.19384765625 0.6025390625 0.0166015625 0.0458984375
10 0.19384765625 0.5458984375 0.0166015625 0.0458984375
22 0.69287109375 0.826171875 0.00830078125 0.00390625
22 0.69287109375 0.76953125 0.00830078125 0.00390625
22 0.69287109375 0.712890625 0.00830078125 0.00390625
10 0.19384765625 0.8291015625 0.0166015625 0.0458984375
1 0.193359375 0.94189453125 0.017578125 0.02099609375
10 0.19384765625 0.8857421875 0.0166015625 0.0458984375
1 0.193359375 0.77197265625 0.017578125 0.02099609375
10 0.19384765625 0.7158203125 0.0166015625 0.0458984375
10 0.19384765625 0.6591796875 0.0166015625 0.0458984375
13 0.46630859375 0.93505859375 0.01123046875 0.00732421875
13 0.46630859375 0.90185546875 0.01123046875 0.0068359375
13 0.46630859375 0.83056640625 0.01123046875 0.0068359375
13 0.46630859375 0.66064453125 0.01123046875 0.00732421875
11 0.3779296875 0.93505859375 0.00830078125 0.00732421875
11 0.3779296875 0.89599609375 0.00830078125 0.0068359375
11 0.3779296875 0.83056640625 0.00830078125 0.0068359375
8 0.34228515625 0.94970703125 0.00634765625 0.017578125
9 0.349609375 0.880859375 0.0068359375 0.017578125
8 0.34228515625 0.83935546875 0.00634765625 0.017578125
11 0.3427734375 0.93798828125 0.00830078125 0.0068359375
11 0.3427734375 0.89306640625 0.00830078125 0.0068359375
11 0.3427734375 0.82763671875 0.00830078125 0.00732421875
13 0.46630859375 0.60986328125 0.01123046875 0.00732421875
13 0.46630859375 0.5380859375 0.01123046875 0.00732421875