11 0.65576171875 0.81298828125 0.00732421875 0.00634765625
11 0.65576171875 0.826171875 0.00732421875 0.00634765625
11 0.666015625 0.87646484375 0.00732421875 0.00634765625
11 0.666015625 0.7646484375 0.00732421875 0.00634765625
11 0.666015625 0.69287109375 0.00732421875 0.00634765625
21 0.6650390625 0.505859375 0.005859375 0.0166015625
21 0.6650390625 0.48486328125 0.005859375 0.0166015625
21 0.6650390625 0.44287109375 0.005859375 0.0166015625
21 0.6650390625 0.421875 0.005859375 0.0166015625
11 0.666015625 0.2509765625 0.00732421875 0.00634765625
11 0.666015625 0.2431640625 0.00732421875 0.00634765625
11 0.666015625 0.18408203125 0.00732421875 0.00634765625
11 0.666015625 0.1923828125 0.00732421875 0.00634765625
21 0.6650390625 0.119140625 0.005859375 0.0166015625
21 0.6650390625 0.06298828125 0.005859375 0.0166015625
11 0.666015625 0.88134765625 0.00732421875 0.00634765625
12 0.64208984375 0.93505859375 0.0078125 0.00634765625
11 0.6416015625 0.87646484375 0.00732421875 0.00634765625
11 0.6416015625 0.88134765625 0.00732421875 0.00634765625
11 0.6416015625 0.81298828125 0.00732421875 0.00634765625
11 0.6416015625 0.826171875 0.00732421875 0.00634765625
11 0.6416015625 0.76220703125 0.00732421875 0.00634765625
11 0.6416015625 0.6904296875 0.00732421875 0.00634765625
12 0.64208984375 0.3017578125 0.0078125 0.00634765625
11 0.6416015625 0.23779296875 0.00732421875 0.00634765625
11 0.6416015625 0.232421875 0.00732421875 0.00634765625
11 0.6416015625 0.173828125 0.00732421875 0.00634765625
11 0.6416015625 0.1787109375 0.00732421875 0.00634765625
12 0.69677734375 0.767578125 0.0078125 0.00634765625
21 0.69580078125 0.93896484375 0.005859375 0.0166015625
21 0.69580078125 0.8857421875 0.005859375 0.0166015625
21 0.69580078125 0.830078125 0.005859375 0.01611328125
12 0.69677734375 0.69580078125 0.0078125 0.00634765625
21 0.69580078125 0.421875 0.005859375 0.0166015625
21 0.69580078125 0.36083984375 0.005859375 0.0166015625
21 0.69580078125 0.3056640625 0.005859375 0.0166015625
21 0.69580078125 0.24169921875 0.005859375 0.0166015625
21 0.69580078125 0.17236328125 0.005859375 0.0166015625
8 0.67578125 0.8369140625 0.005859375 0.01611328125
11 0.67626953125 0.81298828125 0.00732421875 0.00634765625
11 0.67626953125 0.826171875 0.00732421875 0.00634765625
11 0.57177734375 0.818359375 0.00732421875 0.00634765625
11 0.5615234375 0.88134765625 0.00732421875 0.00634765625
11 0.5615234375 0.89208984375 0.00732421875 0.00634765625
11 0.55126953125 0.80517578125 0.00732421875 0.00634765625
11 0.55126953125 0.818359375 0.00732421875 0.00634765625
11 0.57177734375 0.80517578125 0.00732421875 0.00634765625
11 0.587890625 0.8896484375 0.00732421875 0.00634765625
12 0.58837890625 0.94287109375 0.0078125 0.00634765625
11 0.587890625 0.88134765625 0.00732421875 0.00634765625
11 0.587890625 0.80517578125 0.00732421875 0.00634765625
11 0.587890625 0.818359375 0.00732421875 0.00634765625
11 0.587890625 0.77001953125 0.00732421875 0.00634765625
11 0.587890625 0.6982421875 0.00732421875 0.00634765625
11 0.587890625 0.42578125 0.00732421875 0.00634765625
12 0.58837890625 0.3095703125 0.0078125 0.00634765625
12 0.58837890625 0.18408203125 0.0078125 0.00634765625
12 0.58837890625 0.189453125 0.0078125 0.00634765625
8 0.537109375 0.82861328125 0.00537109375 0.015625
11 0.6142578125 0.88134765625 0.00732421875 0.00634765625
11 0.6142578125 0.8896484375 0.00732421875 0.00634765625
11 0.6142578125 0.775390625 0.00732421875 0.00634765625
11 0.62451171875 0.80517578125 0.00732421875 0.00634765625
11 0.62451171875 0.818359375 0.00732421875 0.00634765625
11 0.6142578125 0.70361328125 0.00732421875 0.00634765625
12 0.61474609375 0.5126953125 0.0078125 0.00634765625
12 0.61474609375 0.50732421875 0.0078125 0.00634765625
12 0.61474609375 0.4443359375 0.0078125 0.00634765625
12 0.61474609375 0.42041015625 0.0078125 0.00634765625
11 0.6142578125 0.248046875 0.00732421875 0.00634765625
11 0.6142578125 0.2431640625 0.00732421875 0.00634765625
12 0.61474609375 0.13330078125 0.0078125 0.00634765625
12 0.61474609375 0.05859375 0.0078125 0.00634765625
11 0.60205078125 0.80517578125 0.00732421875 0.00634765625
11 0.60205078125 0.818359375 0.00732421875 0.00634765625
11 0.60205078125 0.767578125 0.00732421875 0.00634765625
11 0.60205078125 0.69580078125 0.00732421875 0.00634765625
11 0.80908203125 0.791015625 0.00732421875 0.00634765625
11 0.80908203125 0.71923828125 0.00732421875 0.00634765625
11 0.7919921875 0.783203125 0.00732421875 0.00634765625
11 0.7919921875 0.71142578125 0.00732421875 0.00634765625
22 0.60546875 0.6015625 0.00732421875 0.00341796875
22 0.60546875 0.65478515625 0.00732421875 0.00341796875
22 0.4453125 0.65478515625 0.00732421875 0.00341796875
22 0.4453125 0.6015625 0.00732421875 0.00341796875
22 0.60546875 0.36376953125 0.00732421875 0.00341796875
22 0.60546875 0.54296875 0.00732421875 0.00341796875
12 0.71630859375 0.39111328125 0.0078125 0.00634765625
12 0.71630859375 0.33056640625 0.0078125 0.00634765625
12 0.71630859375 0.240234375 0.0078125 0.00634765625
12 0.71630859375 0.25341796875 0.0078125 0.00634765625
12 0.71630859375 0.181640625 0.0078125 0.00634765625
12 0.71630859375 0.19482421875 0.0078125 0.00634765625
12 0.71630859375 0.94580078125 0.0078125 0.00634765625
12 0.71630859375 0.89208984375 0.0078125 0.00634765625
12 0.71630859375 0.833984375 0.0078125 0.00634765625
12 0.71630859375 0.84716796875 0.0078125 0.00634765625
12 0.71630859375 0.43115234375 0.0078125 0.00634765625
22 0.4453125 0.36376953125 0.00732421875 0.00341796875
22 0.4453125 0.54296875 0.00732421875 0.00341796875
11 0.755859375 0.9453125 0.00732421875 0.00634765625
12 0.75634765625 0.77783203125 0.0078125 0.00634765625
12 0.75634765625 0.7060546875 0.0078125 0.00634765625
11 0.755859375 0.4306640625 0.00732421875 0.00634765625
11 0.755859375 0.39111328125 0.00732421875 0.00634765625
12 0.7783203125 0.42822265625 0.0078125 0.00634765625
12 0.7783203125 0.92724609375 0.0078125 0.00634765625
12 0.7783203125 0.87353515625 0.0078125 0.00634765625
12 0.7783203125 0.82861328125 0.0078125 0.00634765625
12 0.7783203125 0.833984375 0.0078125 0.00634765625
12 0.7783203125 0.3857421875 0.0078125 0.00634765625
12 0.7783203125 0.31201171875 0.0078125 0.00634765625
12 0.7783203125 0.24560546875 0.0078125 0.00634765625
12 0.7783203125 0.2509765625 0.0078125 0.00634765625
12 0.7783203125 0.17626953125 0.0078125 0.00634765625
12 0.7783203125 0.181640625 0.0078125 0.00634765625
11 0.7421875 0.77783203125 0.00732421875 0.00634765625
11 0.755859375 0.33056640625 0.00732421875 0.00634765625
11 0.755859375 0.181640625 0.00732421875 0.00634765625
11 0.755859375 0.19482421875 0.00732421875 0.00634765625
11 0.7421875 0.7060546875 0.00732421875 0.00634765625
11 0.72998046875 0.77294921875 0.00732421875 0.00634765625
11 0.72998046875 0.70068359375 0.00732421875 0.00634765625
12 0.30224609375 0.95068359375 0.0078125 0.00634765625
11 0.3017578125 0.8896484375 0.00732421875 0.00634765625
11 0.3017578125 0.8974609375 0.00732421875 0.00634765625
11 0.3017578125 0.826171875 0.00732421875 0.00634765625
11 0.3017578125 0.83154296875 0.00732421875 0.00634765625
11 0.3017578125 0.77783203125 0.00732421875 0.00634765625
11 0.3017578125 0.7060546875 0.00732421875 0.00634765625
12 0.30224609375 0.38330078125 0.0078125 0.00634765625
12 0.30224609375 0.40185546875 0.0078125 0.00634765625
12 0.30224609375 0.3173828125 0.0078125 0.00634765625
12 0.30224609375 0.2509765625 0.0078125 0.00634765625
12 0.30224609375 0.1923828125 0.0078125 0.00634765625
11 0.3154296875 0.83154296875 0.00732421875 0.00634765625
8 0.30126953125 0.84130859375 0.005859375 0.015625
11 0.27197265625 0.8896484375 0.00732421875 0.00634765625
11 0.27197265625 0.89990234375 0.00732421875 0.00634765625
11 0.27197265625 0.783203125 0.00732421875 0.00634765625
11 0.27197265625 0.71142578125 0.00732421875 0.00634765625
11 0.26171875 0.81298828125 0.00732421875 0.00634765625
11 0.26171875 0.826171875 0.00732421875 0.00634765625
11 0.2509765625 0.8896484375 0.00732421875 0.00634765625
11 0.2509765625 0.89990234375 0.00732421875 0.00634765625
11 0.24072265625 0.81298828125 0.00732421875 0.00634765625
11 0.24072265625 0.826171875 0.00732421875 0.00634765625
11 0.28564453125 0.81298828125 0.0068359375 0.00634765625
8 0.28515625 0.8369140625 0.005859375 0.01611328125
11 0.3154296875 0.826171875 0.00732421875 0.00634765625
11 0.28564453125 0.826171875 0.0068359375 0.00634765625
11 0.28564453125 0.78076171875 0.0068359375 0.00634765625
11 0.28564453125 0.708984375 0.0068359375 0.00634765625
12 0.37744140625 0.138671875 0.0078125 0.00634765625
11 0.37744140625 0.83154296875 0.00732421875 0.00634765625
11 0.37744140625 0.775390625 0.00732421875 0.00634765625
11 0.37744140625 0.70361328125 0.00732421875 0.00634765625
13 0.3857421875 0.5126953125 0.009765625 0.00634765625
12 0.37744140625 0.5126953125 0.0078125 0.00634765625
12 0.37744140625 0.44921875 0.0078125 0.00634765625
12 0.37744140625 0.43115234375 0.0078125 0.00634765625
12 0.37744140625 0.31494140625 0.0078125 0.00634765625
13 0.3857421875 0.248046875 0.009765625 0.00634765625
12 0.37744140625 0.248046875 0.0078125 0.00634765625
19 0.37744140625 0.171875 0.00732421875 0.00341796875
11 0.37744140625 0.82373046875 0.00732421875 0.00634765625
12 0.37744140625 0.06396484375 0.0078125 0.00634765625
8 0.3564453125 0.84130859375 0.005859375 0.015625
11 0.35693359375 0.826171875 0.00732421875 0.00634765625
11 0.35693359375 0.83154296875 0.00732421875 0.00634765625
12 0.37744140625 0.9482421875 0.0078125 0.00634765625
11 0.37744140625 0.88134765625 0.00732421875 0.00634765625
11 0.37744140625 0.89501953125 0.00732421875 0.00634765625
11 0.3359375 0.826171875 0.00732421875 0.00634765625
11 0.3359375 0.83154296875 0.00732421875 0.00634765625
21 0.34521484375 0.17236328125 0.005859375 0.0166015625
11 0.32568359375 0.8896484375 0.00732421875 0.00634765625
11 0.32568359375 0.8974609375 0.00732421875 0.00634765625
11 0.32568359375 0.77001953125 0.00732421875 0.00634765625
11 0.32568359375 0.6982421875 0.00732421875 0.00634765625
11 0.34619140625 0.8896484375 0.00732421875 0.00634765625
11 0.34619140625 0.8974609375 0.00732421875 0.00634765625
11 0.34619140625 0.77294921875 0.00732421875 0.00634765625
11 0.34619140625 0.70068359375 0.00732421875 0.00634765625
21 0.34521484375 0.36083984375 0.005859375 0.0166015625
21 0.34521484375 0.24169921875 0.005859375 0.0166015625
22 0.69091796875 0.65478515625 0.00732421875 0.00341796875
22 0.69091796875 0.6015625 0.00732421875 0.00341796875
22 0.69091796875 0.54296875 0.00732421875 0.00341796875
22 0.69091796875 0.48779296875 0.00732421875 0.00341796875
22 0.69091796875 0.12158203125 0.00732421875 0.00341796875
22 0.69091796875 0.0654296875 0.00732421875 0.00341796875
22 0.2880859375 0.65478515625 0.00732421875 0.00341796875
22 0.2880859375 0.6015625 0.00732421875 0.00341796875
22 0.2880859375 0.54296875 0.00732421875 0.00341796875
10 0.1923828125 0.37158203125 0.0146484375 0.04052734375
1 0.19140625 0.30517578125 0.015625 0.0185546875
1 0.19140625 0.251953125 0.015625 0.0185546875
22 0.2880859375 0.48779296875 0.00732421875 0.00341796875
10 0.1923828125 0.18310546875 0.0146484375 0.04052734375
10 0.1923828125 0.1298828125 0.0146484375 0.04052734375
10 0.1923828125 0.0732421875 0.0146484375 0.04052734375
22 0.2880859375 0.42431640625 0.00732421875 0.00341796875
22 0.2880859375 0.12158203125 0.00732421875 0.00341796875
22 0.2880859375 0.0654296875 0.00732421875 0.00341796875
12 0.2275390625 0.95361328125 0.0078125 0.00634765625
11 0.22705078125 0.8896484375 0.00732421875 0.00634765625
11 0.22705078125 0.89990234375 0.00732421875 0.00634765625
11 0.22705078125 0.81298828125 0.00732421875 0.00634765625
11 0.22705078125 0.826171875 0.00732421875 0.00634765625
8 0.22705078125 0.8369140625 0.005859375 0.01611328125
10 0.1923828125 0.77685546875 0.0146484375 0.04052734375
10 0.1923828125 0.7236328125 0.0146484375 0.04052734375
1 0.19140625 0.6572265625 0.015625 0.0185546875
1 0.19140625 0.603515625 0.015625 0.0185546875
10 0.1923828125 0.49560546875 0.0146484375 0.04052734375
10 0.1923828125 0.43212890625 0.0146484375 0.04052734375
12 0.2275390625 0.78076171875 0.0078125 0.00634765625
12 0.2275390625 0.708984375 0.0078125 0.00634765625
12 0.2275390625 0.3701171875 0.0078125 0.00634765625
12 0.2275390625 0.388671875 0.0078125 0.00634765625
12 0.2275390625 0.31982421875 0.0078125 0.00634765625
12 0.2275390625 0.23779296875 0.0078125 0.00634765625
12 0.2275390625 0.17919921875 0.0078125 0.00634765625
1 0.19140625 0.9384765625 0.015625 0.0185546875
1 0.19140625 0.88525390625 0.015625 0.0185546875
8 0.45751953125 0.833984375 0.00537109375 0.015625
11 0.4921875 0.818359375 0.00732421875 0.00634765625
11 0.4921875 0.82373046875 0.00732421875 0.00634765625
11 0.48193359375 0.88134765625 0.00732421875 0.00634765625
11 0.48193359375 0.89208984375 0.00732421875 0.00634765625
11 0.47119140625 0.818359375 0.00732421875 0.00634765625
11 0.47119140625 0.82373046875 0.00732421875 0.00634765625
12 0.4580078125 0.94580078125 0.0078125 0.00634765625
11 0.45751953125 0.88134765625 0.00732421875 0.00634765625
11 0.45751953125 0.89208984375 0.00732421875 0.00634765625
11 0.45751953125 0.818359375 0.00732421875 0.00634765625
11 0.45751953125 0.82373046875 0.00732421875 0.00634765625
12 0.4580078125 0.77294921875 0.0078125 0.00634765625
12 0.4580078125 0.70068359375 0.0078125 0.00634765625
12 0.53759765625 0.04541015625 0.0078125 0.00634765625
11 0.53759765625 0.80517578125 0.00732421875 0.00634765625
11 0.53759765625 0.818359375 0.00732421875 0.00634765625
12 0.53759765625 0.77294921875 0.0078125 0.00634765625
12 0.53759765625 0.70068359375 0.0078125 0.00634765625
12 0.53759765625 0.5126953125 0.0078125 0.00634765625
12 0.53759765625 0.494140625 0.0078125 0.00634765625
12 0.53759765625 0.43115234375 0.0078125 0.00634765625
12 0.53759765625 0.42578125 0.0078125 0.00634765625
12 0.53759765625 0.31201171875 0.0078125 0.00634765625
12 0.53759765625 0.248046875 0.0078125 0.00634765625
12 0.53759765625 0.2294921875 0.0078125 0.00634765625
12 0.53759765625 0.18408203125 0.0078125 0.00634765625
12 0.53759765625 0.189453125 0.0078125 0.00634765625
12 0.53759765625 0.1201171875 0.0078125 0.00634765625
11 0.53759765625 0.89208984375 0.00732421875 0.00634765625
8 0.51220703125 0.833984375 0.00537109375 0.015625
11 0.5126953125 0.818359375 0.00732421875 0.00634765625
11 0.5126953125 0.82373046875 0.00732421875 0.00634765625
11 0.50244140625 0.88134765625 0.00732421875 0.00634765625
11 0.50244140625 0.89208984375 0.00732421875 0.00634765625
12 0.53759765625 0.94580078125 0.0078125 0.00634765625
11 0.53759765625 0.88134765625 0.00732421875 0.00634765625
8 0.376953125 0.84130859375 0.005859375 0.015625
11 0.4404296875 0.708984375 0.00732421875 0.00634765625
11 0.42529296875 0.88134765625 0.00732421875 0.00634765625
11 0.42529296875 0.89501953125 0.00732421875 0.00634765625
11 0.42529296875 0.7861328125 0.00732421875 0.00634765625
21 0.42431640625 0.17236328125 0.005859375 0.0166015625
12 0.4580078125 0.50732421875 0.0078125 0.00634765625
12 0.4580078125 0.43115234375 0.0078125 0.00634765625
12 0.4580078125 0.42578125 0.0078125 0.00634765625
12 0.4580078125 0.31201171875 0.0078125 0.00634765625
12 0.4580078125 0.2431640625 0.0078125 0.00634765625
12 0.4580078125 0.18408203125 0.0078125 0.00634765625
12 0.4580078125 0.189453125 0.0078125 0.00634765625
12 0.4580078125 0.13330078125 0.0078125 0.00634765625
12 0.4580078125 0.05859375 0.0078125 0.00634765625
8 0.43994140625 0.84130859375 0.00537109375 0.015625
11 0.42529296875 0.7138671875 0.00732421875 0.00634765625
11 0.4404296875 0.82373046875 0.00732421875 0.00634765625
11 0.4404296875 0.83154296875 0.00732421875 0.00634765625
11 0.4404296875 0.78076171875 0.00732421875 0.00634765625
11 0.41162109375 0.82373046875 0.00732421875 0.00634765625
11 0.39111328125 0.83154296875 0.00732421875 0.00634765625
11 0.41162109375 0.83154296875 0.00732421875 0.00634765625
11 0.41162109375 0.78857421875 0.00732421875 0.00634765625
11 0.41162109375 0.716796875 0.00732421875 0.00634765625
11 0.39111328125 0.82373046875 0.00732421875 0.00634765625
11 0.4013671875 0.89501953125 0.0068359375 0.00634765625
11 0.4013671875 0.88134765625 0.0068359375 0.00634765625