11 0.63232421875 0.08056640625 0.00830078125 0.0068359375
11 0.61962890625 0.08935546875 0.00830078125 0.0068359375
11 0.60009765625 0.08642578125 0.00830078125 0.0068359375
11 0.50830078125 0.1103515625 0.00830078125 0.0068359375
11 0.677734375 0.18212890625 0.00830078125 0.0068359375
12 0.677734375 0.1015625 0.0087890625 0.0068359375
11 0.65087890625 0.07470703125 0.00830078125 0.0068359375
11 0.51953125 0.11328125 0.00830078125 0.0068359375
15 0.5302734375 0.10205078125 0.0078125 0.01171875
11 0.56689453125 0.0986328125 0.00830078125 0.0068359375
11 0.57763671875 0.107421875 0.0078125 0.0068359375
14 0.5888671875 0.10498046875 0.0087890625 0.01708984375
11 0.5498046875 0.0986328125 0.00830078125 0.0068359375
11 0.8017578125 0.1640625 0.00830078125 0.0068359375
11 0.8017578125 0.1015625 0.00830078125 0.0068359375
11 0.779296875 0.169921875 0.00830078125 0.0068359375
22 0.57861328125 0.15966796875 0.00830078125 0.00390625
11 0.72265625 0.1640625 0.00830078125 0.0068359375
11 0.70068359375 0.169921875 0.00830078125 0.0068359375
11 0.75634765625 0.18212890625 0.00830078125 0.0068359375
12 0.7568359375 0.1015625 0.0087890625 0.0068359375
11 0.3203125 0.18505859375 0.00830078125 0.0068359375
12 0.3203125 0.1015625 0.0087890625 0.0068359375
11 0.2978515625 0.1044921875 0.00830078125 0.00732421875
11 0.283203125 0.107421875 0.00830078125 0.0068359375
9 0.27392578125 0.09814453125 0.0068359375 0.017578125
11 0.26708984375 0.1103515625 0.00830078125 0.0068359375
11 0.3662109375 0.169921875 0.00830078125 0.0068359375
11 0.3662109375 0.107421875 0.00830078125 0.0068359375
12 0.25927734375 0.1669921875 0.0087890625 0.0068359375
11 0.22998046875 0.19384765625 0.00830078125 0.00732421875
11 0.22998046875 0.1044921875 0.00830078125 0.00732421875
10 0.19287109375 0.16259765625 0.0166015625 0.0458984375
11 0.22998046875 0.18212890625 0.00830078125 0.0068359375
10 0.19287109375 0.10009765625 0.0166015625 0.0458984375
12 0.25927734375 0.17333984375 0.0087890625 0.0068359375
12 0.25927734375 0.18212890625 0.0087890625 0.0068359375
12 0.25927734375 0.19384765625 0.0087890625 0.00732421875
11 0.244140625 0.1640625 0.00830078125 0.0068359375
11 0.244140625 0.1728515625 0.00830078125 0.00732421875
11 0.244140625 0.18212890625 0.00830078125 0.0068359375
11 0.244140625 0.19384765625 0.00830078125 0.00732421875
11 0.34326171875 0.17626953125 0.00830078125 0.0068359375
11 0.22998046875 0.1669921875 0.00830078125 0.0068359375
11 0.22998046875 0.1728515625 0.00830078125 0.00732421875
12 0.4423828125 0.17333984375 0.0087890625 0.0068359375
12 0.4423828125 0.18212890625 0.0087890625 0.0068359375
12 0.4423828125 0.19384765625 0.0087890625 0.00732421875
11 0.4423828125 0.1044921875 0.00830078125 0.00732421875
12 0.4423828125 0.1669921875 0.0087890625 0.0068359375
21 0.46240234375 0.10009765625 0.00634765625 0.01806640625
12 0.40185546875 0.1669921875 0.0087890625 0.0068359375
12 0.40185546875 0.17333984375 0.0087890625 0.0068359375
12 0.40185546875 0.18212890625 0.0087890625 0.0068359375
12 0.40185546875 0.19384765625 0.0087890625 0.00732421875
12 0.40185546875 0.1044921875 0.0087890625 0.00732421875
8 0.48681640625 0.1015625 0.00634765625 0.01806640625
11 0.4873046875 0.08935546875 0.00830078125 0.0068359375
11 0.51171875 0.35595703125 0.00830078125 0.0068359375
11 0.6171875 0.37109375 0.00830078125 0.0068359375
11 0.6171875 0.28759765625 0.00830078125 0.0068359375
11 0.51171875 0.28125 0.00830078125 0.0068359375
11 0.65869140625 0.35888671875 0.00830078125 0.00732421875
11 0.65869140625 0.29345703125 0.00830078125 0.0068359375
8 0.6455078125 0.30224609375 0.00634765625 0.01806640625
11 0.64599609375 0.2900390625 0.00830078125 0.0068359375
11 0.63671875 0.36474609375 0.00830078125 0.0068359375
11 0.5537109375 0.35888671875 0.0078125 0.00732421875
12 0.55419921875 0.2900390625 0.0087890625 0.0068359375
11 0.52978515625 0.2841796875 0.00830078125 0.00732421875
11 0.587890625 0.35302734375 0.00830078125 0.00732421875
21 0.5869140625 0.294921875 0.00634765625 0.0185546875
8 0.57470703125 0.3681640625 0.00634765625 0.01806640625
11 0.52978515625 0.35302734375 0.00830078125 0.00732421875
11 0.5751953125 0.35595703125 0.00830078125 0.0068359375
11 0.79541015625 0.3623046875 0.00830078125 0.0068359375
11 0.79541015625 0.29638671875 0.00830078125 0.0068359375
9 0.787109375 0.29931640625 0.0068359375 0.017578125
11 0.78076171875 0.31103515625 0.00830078125 0.0068359375
11 0.80859375 0.29931640625 0.00830078125 0.00732421875
11 0.69140625 0.3740234375 0.00830078125 0.00732421875
12 0.69189453125 0.2900390625 0.0087890625 0.0068359375
11 0.67333984375 0.28759765625 0.00830078125 0.0068359375
12 0.76123046875 0.3681640625 0.0087890625 0.0068359375
11 0.7607421875 0.29638671875 0.00830078125 0.0068359375
11 0.72998046875 0.35888671875 0.00830078125 0.00732421875
11 0.71142578125 0.36474609375 0.00830078125 0.0068359375
11 0.3173828125 0.3681640625 0.00830078125 0.0068359375
11 0.298828125 0.3740234375 0.00830078125 0.00732421875
11 0.36181640625 0.35888671875 0.00830078125 0.00732421875
11 0.36181640625 0.30224609375 0.00830078125 0.0068359375
11 0.3369140625 0.35888671875 0.00830078125 0.00732421875
11 0.3369140625 0.30517578125 0.00830078125 0.00732421875
10 0.19287109375 0.357421875 0.0166015625 0.0458984375
11 0.22998046875 0.3740234375 0.00830078125 0.00732421875
11 0.22998046875 0.29931640625 0.00830078125 0.00732421875
10 0.19287109375 0.294921875 0.0166015625 0.0458984375
12 0.29931640625 0.30517578125 0.0087890625 0.00732421875
11 0.26708984375 0.35888671875 0.00830078125 0.00732421875
11 0.26708984375 0.30224609375 0.00830078125 0.0068359375
11 0.24853515625 0.3681640625 0.00830078125 0.0068359375
11 0.24853515625 0.29931640625 0.00830078125 0.00732421875
11 0.4423828125 0.2900390625 0.0078125 0.0068359375
8 0.47265625 0.30517578125 0.00634765625 0.017578125
11 0.4931640625 0.28125 0.00830078125 0.0068359375
11 0.47314453125 0.29345703125 0.00830078125 0.0068359375
11 0.46435546875 0.3623046875 0.00830078125 0.0068359375
9 0.4560546875 0.35302734375 0.0068359375 0.017578125
11 0.4931640625 0.35888671875 0.00830078125 0.00732421875
11 0.44921875 0.36474609375 0.00830078125 0.0068359375
11 0.3984375 0.29638671875 0.00830078125 0.0068359375
11 0.37939453125 0.3623046875 0.00830078125 0.0068359375
11 0.37939453125 0.31103515625 0.00830078125 0.0068359375
11 0.4228515625 0.3681640625 0.0078125 0.0068359375
11 0.4228515625 0.29931640625 0.0078125 0.00732421875
11 0.3984375 0.36474609375 0.00830078125 0.0068359375
12 0.62548828125 0.56005859375 0.0087890625 0.00732421875
21 0.6650390625 0.48974609375 0.00634765625 0.0185546875
11 0.666015625 0.5478515625 0.0078125 0.0068359375
11 0.6806640625 0.55078125 0.00830078125 0.0068359375
9 0.56298828125 0.494140625 0.0068359375 0.017578125
11 0.556640625 0.505859375 0.00830078125 0.0068359375
11 0.54248046875 0.55419921875 0.00830078125 0.00732421875
12 0.62548828125 0.4970703125 0.0087890625 0.0068359375
11 0.59814453125 0.494140625 0.00830078125 0.0068359375
12 0.62548828125 0.56884765625 0.0087890625 0.0068359375
11 0.576171875 0.55419921875 0.00830078125 0.00732421875
11 0.576171875 0.4912109375 0.00830078125 0.0068359375
11 0.80322265625 0.494140625 0.00830078125 0.0068359375
11 0.78515625 0.55712890625 0.00830078125 0.0068359375
11 0.78515625 0.4970703125 0.00830078125 0.0068359375
9 0.7724609375 0.48828125 0.0068359375 0.017578125
11 0.765625 0.5 0.00830078125 0.00732421875
11 0.72265625 0.55712890625 0.00830078125 0.0068359375
11 0.72265625 0.494140625 0.00830078125 0.0068359375
11 0.6953125 0.55419921875 0.00830078125 0.00732421875
11 0.75146484375 0.55712890625 0.00830078125 0.0068359375
12 0.33447265625 0.55078125 0.0087890625 0.0068359375
11 0.333984375 0.494140625 0.00830078125 0.0068359375
11 0.3017578125 0.55419921875 0.00830078125 0.00732421875
11 0.36767578125 0.5 0.00830078125 0.00732421875
10 0.19287109375 0.48974609375 0.0166015625 0.0458984375
10 0.19287109375 0.552734375 0.0166015625 0.0458984375
11 0.283203125 0.55712890625 0.00830078125 0.0068359375
21 0.2822265625 0.48974609375 0.00634765625 0.0185546875
9 0.2705078125 0.5478515625 0.0068359375 0.017578125
11 0.26416015625 0.56005859375 0.00830078125 0.00732421875
11 0.22998046875 0.55419921875 0.00830078125 0.00732421875
12 0.22998046875 0.4970703125 0.0087890625 0.0068359375
11 0.513671875 0.55419921875 0.00830078125 0.00732421875
11 0.513671875 0.4970703125 0.00830078125 0.0068359375
11 0.4755859375 0.494140625 0.00830078125 0.0068359375
11 0.4052734375 0.494140625 0.00830078125 0.0068359375
21 0.3857421875 0.552734375 0.00634765625 0.0185546875
11 0.38720703125 0.4970703125 0.00830078125 0.0068359375
9 0.3740234375 0.48828125 0.0068359375 0.017578125
12 0.43603515625 0.56884765625 0.0087890625 0.0068359375
12 0.43603515625 0.4912109375 0.0087890625 0.0068359375
12 0.43603515625 0.56298828125 0.0087890625 0.0068359375
12 0.43603515625 0.55419921875 0.0087890625 0.0068359375
12 0.60693359375 0.7548828125 0.0087890625 0.0068359375
12 0.60693359375 0.763671875 0.0087890625 0.0068359375
11 0.50537109375 0.751953125 0.00830078125 0.0068359375
21 0.60595703125 0.6845703125 0.00634765625 0.0185546875
11 0.638671875 0.68310546875 0.00830078125 0.0068359375
11 0.64990234375 0.6982421875 0.00830078125 0.0068359375
12 0.53466796875 0.7548828125 0.0087890625 0.0068359375
12 0.53466796875 0.763671875 0.0087890625 0.0068359375
12 0.53466796875 0.6708984375 0.0087890625 0.0068359375
21 0.572265625 0.6845703125 0.00634765625 0.0185546875
11 0.7958984375 0.7431640625 0.00830078125 0.0068359375
11 0.7666015625 0.7490234375 0.00830078125 0.0068359375
11 0.70166015625 0.68017578125 0.00830078125 0.0068359375
11 0.68896484375 0.68310546875 0.00830078125 0.0068359375
11 0.669921875 0.68896484375 0.00830078125 0.0068359375
12 0.73828125 0.6708984375 0.0087890625 0.0068359375
11 0.73779296875 0.7548828125 0.00830078125 0.00732421875
11 0.71435546875 0.66845703125 0.00830078125 0.0068359375
11 0.296875 0.67724609375 0.00830078125 0.0068359375
19 0.27685546875 0.7470703125 0.00830078125 0.00390625
11 0.27685546875 0.6708984375 0.0078125 0.0068359375
11 0.35498046875 0.67724609375 0.00830078125 0.0068359375
11 0.50537109375 0.66845703125 0.00830078125 0.0068359375
11 0.33544921875 0.6650390625 0.00830078125 0.00732421875
11 0.3232421875 0.66845703125 0.00830078125 0.0068359375
11 0.31103515625 0.662109375 0.00830078125 0.0068359375
10 0.19287109375 0.74755859375 0.0166015625 0.0458984375
10 0.19287109375 0.6845703125 0.0166015625 0.0458984375
11 0.26416015625 0.66845703125 0.00830078125 0.0068359375
11 0.25146484375 0.68896484375 0.00830078125 0.0068359375
11 0.22998046875 0.7490234375 0.00830078125 0.0068359375
11 0.22998046875 0.68603515625 0.00830078125 0.00732421875
11 0.4521484375 0.7548828125 0.00830078125 0.00732421875
9 0.43994140625 0.74560546875 0.0068359375 0.017578125
11 0.43310546875 0.7578125 0.00830078125 0.0068359375
11 0.48388671875 0.7578125 0.00830078125 0.0068359375
11 0.48388671875 0.6650390625 0.00830078125 0.00732421875
8 0.46533203125 0.6923828125 0.00634765625 0.017578125
11 0.4658203125 0.68017578125 0.00830078125 0.0068359375
11 0.4111328125 0.6708984375 0.00830078125 0.0068359375
11 0.3759765625 0.67431640625 0.00830078125 0.0068359375
15 0.41064453125 0.74951171875 0.0078125 0.01171875
11 0.39013671875 0.66845703125 0.00830078125 0.0068359375
11 0.6162109375 0.8837890625 0.00830078125 0.0068359375
11 0.60205078125 0.94091796875 0.00830078125 0.00732421875
11 0.60205078125 0.88720703125 0.00830078125 0.00732421875
11 0.64501953125 0.8837890625 0.00830078125 0.0068359375
11 0.6669921875 0.94970703125 0.00830078125 0.0068359375
12 0.66748046875 0.88134765625 0.0087890625 0.0068359375
11 0.63232421875 0.931640625 0.00830078125 0.0068359375
11 0.63232421875 0.8779296875 0.00830078125 0.0068359375
11 0.5380859375 0.931640625 0.00830078125 0.0068359375
11 0.5537109375 0.8779296875 0.00830078125 0.0068359375
11 0.5380859375 0.8837890625 0.00830078125 0.0068359375
11 0.51953125 0.8720703125 0.00830078125 0.0068359375
11 0.58056640625 0.94677734375 0.00830078125 0.0068359375
11 0.58056640625 0.89013671875 0.00830078125 0.0068359375
11 0.79248046875 0.93798828125 0.00830078125 0.0068359375
11 0.79248046875 0.88720703125 0.00830078125 0.00732421875
11 0.77001953125 0.94384765625 0.00830078125 0.0068359375
11 0.806640625 0.89013671875 0.00830078125 0.0068359375
11 0.7109375 0.89013671875 0.00830078125 0.0068359375
11 0.6884765625 0.94384765625 0.00830078125 0.0068359375
11 0.7265625 0.8837890625 0.00830078125 0.0068359375
11 0.74853515625 0.94970703125 0.00830078125 0.0068359375
12 0.74853515625 0.88720703125 0.0087890625 0.00732421875
11 0.7109375 0.93798828125 0.00830078125 0.0068359375
11 0.32421875 0.94970703125 0.00830078125 0.0068359375
12 0.32470703125 0.88134765625 0.0087890625 0.0068359375
11 0.30517578125 0.8837890625 0.00830078125 0.0068359375
11 0.29541015625 0.8779296875 0.00830078125 0.0068359375
11 0.28271484375 0.8837890625 0.00830078125 0.0068359375
11 0.3681640625 0.93798828125 0.00830078125 0.0068359375
11 0.3681640625 0.8837890625 0.00830078125 0.0068359375
10 0.19287109375 0.87939453125 0.0166015625 0.0458984375
11 0.22998046875 0.8662109375 0.00830078125 0.00732421875
10 0.19287109375 0.9423828125 0.0166015625 0.04541015625
11 0.22998046875 0.94970703125 0.00830078125 0.0068359375
11 0.27197265625 0.93798828125 0.00830078125 0.0068359375
11 0.27197265625 0.88720703125 0.00830078125 0.00732421875
11 0.345703125 0.94384765625 0.00830078125 0.0068359375
11 0.2509765625 0.94384765625 0.00830078125 0.0068359375
21 0.25 0.87939453125 0.00634765625 0.0185546875
11 0.47265625 0.94677734375 0.00830078125 0.0068359375
11 0.47265625 0.8779296875 0.00830078125 0.0068359375
11 0.439453125 0.93798828125 0.00830078125 0.0068359375
11 0.439453125 0.89013671875 0.00830078125 0.0068359375
11 0.50390625 0.94091796875 0.00830078125 0.00732421875
11 0.50390625 0.88134765625 0.00830078125 0.0068359375
11 0.4912109375 0.8720703125 0.00830078125 0.0068359375
12 0.39599609375 0.88720703125 0.0087890625 0.00732421875
11 0.3955078125 0.94970703125 0.00830078125 0.0068359375
11 0.4169921875 0.94384765625 0.00830078125 0.0068359375