11 0.6982421875 0.142578125 0.00830078125 0.0068359375
11 0.65625 0.12158203125 0.0078125 0.0068359375
11 0.65625 0.18603515625 0.0078125 0.0068359375
11 0.68408203125 0.13671875 0.00830078125 0.0068359375
11 0.68408203125 0.173828125 0.00830078125 0.0068359375
11 0.67041015625 0.18017578125 0.0078125 0.0068359375
11 0.67041015625 0.130859375 0.0078125 0.0068359375
11 0.58056640625 0.12451171875 0.00830078125 0.0068359375
11 0.58056640625 0.173828125 0.00830078125 0.0068359375
11 0.5947265625 0.130859375 0.00830078125 0.0068359375
11 0.5947265625 0.16796875 0.00830078125 0.0068359375
11 0.56689453125 0.11865234375 0.00830078125 0.00732421875
11 0.56689453125 0.18310546875 0.00830078125 0.0068359375
11 0.6220703125 0.130859375 0.00830078125 0.0068359375
11 0.6220703125 0.16796875 0.00830078125 0.0068359375
11 0.63623046875 0.12451171875 0.00830078125 0.0068359375
11 0.63623046875 0.173828125 0.00830078125 0.0068359375
11 0.6083984375 0.162109375 0.00830078125 0.0068359375
11 0.6083984375 0.1396484375 0.00830078125 0.00732421875
11 0.794921875 0.173828125 0.00830078125 0.0068359375
11 0.80859375 0.130859375 0.00830078125 0.0068359375
11 0.80859375 0.18017578125 0.00830078125 0.0068359375
11 0.78125 0.142578125 0.00830078125 0.0068359375
11 0.78125 0.1650390625 0.00830078125 0.0068359375
11 0.794921875 0.13671875 0.00830078125 0.0068359375
11 0.7255859375 0.130859375 0.00830078125 0.0068359375
11 0.7255859375 0.18017578125 0.00830078125 0.0068359375
11 0.7119140625 0.13671875 0.00830078125 0.0068359375
11 0.7119140625 0.173828125 0.00830078125 0.0068359375
11 0.76708984375 0.13671875 0.00830078125 0.0068359375
11 0.76708984375 0.173828125 0.00830078125 0.0068359375
11 0.6982421875 0.1650390625 0.00830078125 0.0068359375
11 0.75341796875 0.18017578125 0.00830078125 0.0068359375
11 0.75341796875 0.130859375 0.00830078125 0.0068359375
11 0.73974609375 0.18603515625 0.00830078125 0.0068359375
11 0.73974609375 0.12158203125 0.00830078125 0.0068359375
11 0.38037109375 0.12451171875 0.00830078125 0.0068359375
11 0.38037109375 0.173828125 0.00830078125 0.0068359375
11 0.39404296875 0.11572265625 0.00830078125 0.0068359375
11 0.39404296875 0.18017578125 0.00830078125 0.0068359375
11 0.36669921875 0.16796875 0.00830078125 0.0068359375
11 0.36669921875 0.130859375 0.00830078125 0.0068359375
11 0.421875 0.130859375 0.00830078125 0.0068359375
11 0.421875 0.16796875 0.00830078125 0.0068359375
11 0.408203125 0.12451171875 0.00830078125 0.0068359375
11 0.408203125 0.173828125 0.00830078125 0.0068359375
1 0.24365234375 0.18408203125 0.017578125 0.02099609375
0 0.22607421875 0.15673828125 0.005859375 0.08349609375
11 0.31103515625 0.11572265625 0.00830078125 0.0068359375
10 0.244140625 0.1259765625 0.0166015625 0.0458984375
11 0.31103515625 0.18017578125 0.00830078125 0.0068359375
11 0.3388671875 0.130859375 0.00830078125 0.0068359375
11 0.3388671875 0.16796875 0.00830078125 0.0068359375
11 0.3525390625 0.13671875 0.00830078125 0.0068359375
11 0.3525390625 0.1591796875 0.00830078125 0.0068359375
11 0.3251953125 0.173828125 0.00830078125 0.0068359375
11 0.3251953125 0.12451171875 0.00830078125 0.0068359375
11 0.51171875 0.16796875 0.00830078125 0.0068359375
11 0.51171875 0.130859375 0.00830078125 0.0068359375
11 0.435546875 0.13671875 0.00830078125 0.0068359375
11 0.49755859375 0.12451171875 0.00830078125 0.0068359375
11 0.49755859375 0.173828125 0.00830078125 0.0068359375
11 0.5390625 0.16796875 0.00830078125 0.0068359375
11 0.55322265625 0.12451171875 0.00830078125 0.0068359375
11 0.55322265625 0.173828125 0.00830078125 0.0068359375
11 0.5390625 0.130859375 0.00830078125 0.0068359375
11 0.525390625 0.162109375 0.00830078125 0.0068359375
11 0.525390625 0.1396484375 0.00830078125 0.00732421875
11 0.46337890625 0.173828125 0.00830078125 0.0068359375
11 0.46337890625 0.12451171875 0.00830078125 0.0068359375
11 0.44970703125 0.16796875 0.00830078125 0.0068359375
11 0.44970703125 0.130859375 0.00830078125 0.0068359375
11 0.435546875 0.1591796875 0.00830078125 0.0068359375
11 0.48388671875 0.18310546875 0.00830078125 0.0068359375
11 0.48388671875 0.11865234375 0.00830078125 0.00732421875
11 0.638671875 0.37060546875 0.00830078125 0.0068359375
11 0.638671875 0.30322265625 0.00830078125 0.00732421875
11 0.61669921875 0.361328125 0.00830078125 0.0068359375
11 0.61669921875 0.30908203125 0.00830078125 0.0068359375
11 0.66943359375 0.31494140625 0.00830078125 0.0068359375
11 0.66943359375 0.35546875 0.00830078125 0.0068359375
11 0.65380859375 0.361328125 0.00830078125 0.0068359375
11 0.65380859375 0.30908203125 0.00830078125 0.0068359375
11 0.5546875 0.361328125 0.00830078125 0.0068359375
11 0.5546875 0.30908203125 0.00830078125 0.0068359375
11 0.56982421875 0.31494140625 0.00830078125 0.0068359375
11 0.56982421875 0.35546875 0.00830078125 0.0068359375
11 0.5390625 0.36767578125 0.00830078125 0.0068359375
11 0.5390625 0.30029296875 0.00830078125 0.0068359375
11 0.60107421875 0.30029296875 0.00830078125 0.0068359375
11 0.60107421875 0.36767578125 0.00830078125 0.0068359375
11 0.58544921875 0.3466796875 0.0078125 0.0068359375
11 0.58544921875 0.3212890625 0.0078125 0.0068359375
11 0.79296875 0.37060546875 0.00830078125 0.0068359375
11 0.79296875 0.30322265625 0.00830078125 0.00732421875
11 0.80810546875 0.30908203125 0.00830078125 0.0068359375
11 0.80810546875 0.361328125 0.00830078125 0.0068359375
11 0.77734375 0.32421875 0.00830078125 0.00732421875
11 0.77734375 0.349609375 0.00830078125 0.00732421875
11 0.7158203125 0.361328125 0.00830078125 0.0068359375
11 0.7158203125 0.30908203125 0.00830078125 0.0068359375
11 0.6845703125 0.32421875 0.00830078125 0.00732421875
11 0.6845703125 0.349609375 0.00830078125 0.00732421875
11 0.7001953125 0.31494140625 0.00830078125 0.0068359375
11 0.7001953125 0.35546875 0.00830078125 0.0068359375
11 0.76171875 0.31494140625 0.00830078125 0.0068359375
11 0.76171875 0.35546875 0.00830078125 0.0068359375
11 0.73046875 0.30322265625 0.00830078125 0.00732421875
11 0.73046875 0.37060546875 0.00830078125 0.0068359375
11 0.74609375 0.30908203125 0.00830078125 0.0068359375
11 0.74609375 0.361328125 0.00830078125 0.0068359375
11 0.330078125 0.31787109375 0.00830078125 0.00732421875
11 0.330078125 0.37060546875 0.00830078125 0.0068359375
11 0.31494140625 0.32421875 0.00830078125 0.00732421875
11 0.31494140625 0.36474609375 0.00830078125 0.00732421875
11 0.37646484375 0.36474609375 0.00830078125 0.00732421875
11 0.345703125 0.30908203125 0.00830078125 0.0068359375
11 0.345703125 0.37646484375 0.00830078125 0.0068359375
11 0.29931640625 0.35546875 0.00830078125 0.0068359375
11 0.361328125 0.31787109375 0.0078125 0.00732421875
11 0.361328125 0.37060546875 0.0078125 0.0068359375
11 0.2470703125 0.30908203125 0.00830078125 0.0068359375
1 0.193359375 0.37158203125 0.017578125 0.02099609375
11 0.2470703125 0.37646484375 0.00830078125 0.0068359375
0 0.17529296875 0.3427734375 0.005859375 0.08544921875
10 0.19384765625 0.310546875 0.0166015625 0.0458984375
11 0.28369140625 0.32421875 0.00830078125 0.00732421875
11 0.28369140625 0.36474609375 0.00830078125 0.00732421875
11 0.29931640625 0.330078125 0.00830078125 0.0068359375
11 0.265625 0.31787109375 0.00830078125 0.00732421875
11 0.265625 0.37060546875 0.00830078125 0.0068359375
11 0.37646484375 0.32421875 0.00830078125 0.00732421875
11 0.4619140625 0.361328125 0.00830078125 0.0068359375
11 0.4619140625 0.30908203125 0.00830078125 0.0068359375
11 0.4775390625 0.31494140625 0.0078125 0.0068359375
11 0.4775390625 0.35546875 0.0078125 0.0068359375
11 0.50830078125 0.31494140625 0.00830078125 0.0068359375
11 0.50830078125 0.35546875 0.00830078125 0.0068359375
11 0.52392578125 0.30908203125 0.00830078125 0.0068359375
11 0.52392578125 0.361328125 0.00830078125 0.0068359375
11 0.4931640625 0.3212890625 0.00830078125 0.0068359375
11 0.4931640625 0.3466796875 0.00830078125 0.0068359375
11 0.40771484375 0.36474609375 0.00830078125 0.00732421875
11 0.42333984375 0.37060546875 0.00830078125 0.0068359375
11 0.42333984375 0.31787109375 0.00830078125 0.00732421875
11 0.40771484375 0.32421875 0.00830078125 0.00732421875
11 0.39208984375 0.35546875 0.00830078125 0.0068359375
11 0.39208984375 0.330078125 0.00830078125 0.0068359375
11 0.4462890625 0.36767578125 0.00830078125 0.0068359375
11 0.4462890625 0.30029296875 0.00830078125 0.0068359375
11 0.64697265625 0.56982421875 0.00830078125 0.0068359375
11 0.64697265625 0.48779296875 0.00830078125 0.0068359375
11 0.595703125 0.5546875 0.00830078125 0.0068359375
11 0.66162109375 0.56103515625 0.00830078125 0.0068359375
11 0.67626953125 0.50244140625 0.00830078125 0.0068359375
11 0.67626953125 0.5546875 0.00830078125 0.0068359375
11 0.66162109375 0.49658203125 0.00830078125 0.0068359375
11 0.537109375 0.505859375 0.00830078125 0.0068359375
11 0.537109375 0.5546875 0.00830078125 0.0068359375
11 0.5517578125 0.51171875 0.00830078125 0.00732421875
11 0.5517578125 0.548828125 0.00830078125 0.00732421875
11 0.52294921875 0.56103515625 0.00830078125 0.0068359375
11 0.52294921875 0.49658203125 0.00830078125 0.0068359375
11 0.5810546875 0.49658203125 0.00830078125 0.0068359375
11 0.5810546875 0.56103515625 0.00830078125 0.0068359375
11 0.595703125 0.505859375 0.00830078125 0.0068359375
11 0.56640625 0.517578125 0.00830078125 0.0068359375
11 0.56640625 0.5400390625 0.00830078125 0.0068359375
11 0.79296875 0.5546875 0.00830078125 0.0068359375
11 0.79296875 0.50244140625 0.00830078125 0.0068359375
11 0.8076171875 0.49658203125 0.00830078125 0.0068359375
11 0.8076171875 0.56103515625 0.00830078125 0.0068359375
11 0.7783203125 0.5087890625 0.00830078125 0.0068359375
11 0.7783203125 0.548828125 0.00830078125 0.00732421875
11 0.7197265625 0.56103515625 0.00830078125 0.0068359375
11 0.7197265625 0.49658203125 0.00830078125 0.0068359375
11 0.69091796875 0.5087890625 0.00830078125 0.0068359375
11 0.69091796875 0.548828125 0.00830078125 0.00732421875
11 0.705078125 0.50244140625 0.00830078125 0.0068359375
11 0.705078125 0.5546875 0.00830078125 0.0068359375
11 0.763671875 0.50244140625 0.00830078125 0.0068359375
11 0.763671875 0.5546875 0.00830078125 0.0068359375
11 0.734375 0.48779296875 0.00830078125 0.0068359375
11 0.734375 0.56982421875 0.00830078125 0.0068359375
11 0.7490234375 0.49658203125 0.00830078125 0.0068359375
11 0.7490234375 0.56103515625 0.00830078125 0.0068359375
11 0.3203125 0.50244140625 0.00830078125 0.0068359375
11 0.3203125 0.55224609375 0.00830078125 0.0068359375
11 0.3349609375 0.49365234375 0.00830078125 0.0068359375
11 0.3349609375 0.55810546875 0.00830078125 0.0068359375
11 0.3056640625 0.5087890625 0.00830078125 0.0068359375
11 0.3056640625 0.5458984375 0.00830078125 0.0068359375
11 0.3642578125 0.5087890625 0.00830078125 0.0068359375
11 0.3642578125 0.5458984375 0.00830078125 0.0068359375
11 0.37890625 0.5146484375 0.00830078125 0.0068359375
11 0.349609375 0.50244140625 0.00830078125 0.0068359375
11 0.349609375 0.55224609375 0.00830078125 0.0068359375
11 0.2470703125 0.49365234375 0.00830078125 0.0068359375
1 0.193359375 0.55615234375 0.017578125 0.02099609375
11 0.2470703125 0.55810546875 0.00830078125 0.0068359375
0 0.17529296875 0.52880859375 0.005859375 0.08349609375
10 0.19384765625 0.498046875 0.0166015625 0.0458984375
11 0.2763671875 0.5458984375 0.00830078125 0.0068359375
11 0.2763671875 0.5087890625 0.00830078125 0.0068359375
11 0.291015625 0.5146484375 0.00830078125 0.0068359375
11 0.291015625 0.537109375 0.00830078125 0.0068359375
11 0.26171875 0.50244140625 0.00830078125 0.0068359375
11 0.26171875 0.55224609375 0.00830078125 0.0068359375
11 0.46435546875 0.51171875 0.0078125 0.00732421875
11 0.46435546875 0.548828125 0.0078125 0.00732421875
11 0.37890625 0.537109375 0.00830078125 0.0068359375
11 0.44677734375 0.505859375 0.00830078125 0.0068359375
11 0.44677734375 0.5546875 0.00830078125 0.0068359375
11 0.49365234375 0.51171875 0.0078125 0.00732421875
11 0.49365234375 0.548828125 0.0078125 0.00732421875
11 0.50830078125 0.505859375 0.00830078125 0.0068359375
11 0.50830078125 0.5546875 0.00830078125 0.0068359375
11 0.47900390625 0.517578125 0.0078125 0.0068359375
11 0.47900390625 0.5400390625 0.0078125 0.0068359375
11 0.408203125 0.50244140625 0.00830078125 0.0068359375
11 0.408203125 0.55224609375 0.00830078125 0.0068359375
11 0.3935546875 0.55810546875 0.00830078125 0.0068359375
11 0.3935546875 0.49365234375 0.00830078125 0.0068359375
11 0.4296875 0.56103515625 0.00830078125 0.0068359375
11 0.4296875 0.49658203125 0.00830078125 0.0068359375
11 0.6162109375 0.7451171875 0.00830078125 0.0068359375
11 0.6162109375 0.68115234375 0.00830078125 0.0068359375
11 0.6513671875 0.69580078125 0.00830078125 0.0068359375
11 0.6513671875 0.73046875 0.00830078125 0.0068359375
11 0.6337890625 0.736328125 0.00830078125 0.0068359375
11 0.6337890625 0.68994140625 0.00830078125 0.00732421875
11 0.53466796875 0.7392578125 0.00830078125 0.0068359375
11 0.53466796875 0.68701171875 0.00830078125 0.0068359375
11 0.5498046875 0.69287109375 0.00830078125 0.0068359375
11 0.5498046875 0.7333984375 0.00830078125 0.0068359375
11 0.52001953125 0.67822265625 0.00830078125 0.0068359375
11 0.52001953125 0.74853515625 0.00830078125 0.00732421875
11 0.5791015625 0.69287109375 0.00830078125 0.0068359375
11 0.5791015625 0.7333984375 0.00830078125 0.0068359375
11 0.59423828125 0.68701171875 0.00830078125 0.0068359375
11 0.59423828125 0.74853515625 0.00830078125 0.00732421875
11 0.564453125 0.7275390625 0.00830078125 0.00732421875
11 0.564453125 0.69921875 0.00830078125 0.0068359375
11 0.77001953125 0.73046875 0.00830078125 0.0068359375
11 0.77001953125 0.69580078125 0.00830078125 0.0068359375
11 0.78466796875 0.68994140625 0.00830078125 0.00732421875
11 0.78466796875 0.736328125 0.00830078125 0.0068359375
11 0.75537109375 0.7021484375 0.00830078125 0.0068359375
11 0.75537109375 0.724609375 0.00830078125 0.0068359375
11 0.69580078125 0.736328125 0.00830078125 0.0068359375
11 0.69580078125 0.68994140625 0.00830078125 0.00732421875
11 0.666015625 0.7021484375 0.00830078125 0.0068359375
11 0.666015625 0.724609375 0.00830078125 0.0068359375
11 0.68115234375 0.69580078125 0.00830078125 0.0068359375
11 0.68115234375 0.73046875 0.00830078125 0.0068359375
11 0.740234375 0.69580078125 0.00830078125 0.0068359375
11 0.740234375 0.73046875 0.00830078125 0.0068359375
11 0.7109375 0.68115234375 0.00830078125 0.0068359375
11 0.7109375 0.7451171875 0.00830078125 0.0068359375
11 0.7255859375 0.68994140625 0.00830078125 0.00732421875
11 0.7255859375 0.736328125 0.00830078125 0.0068359375
11 0.3203125 0.68115234375 0.00830078125 0.0068359375
11 0.3203125 0.7451171875 0.00830078125 0.0068359375
11 0.3349609375 0.67529296875 0.00830078125 0.00732421875
11 0.3349609375 0.75146484375 0.00830078125 0.0068359375
11 0.3056640625 0.68701171875 0.00830078125 0.0068359375
11 0.3056640625 0.7392578125 0.00830078125 0.0068359375
11 0.36474609375 0.68701171875 0.00830078125 0.0068359375
11 0.36474609375 0.7392578125 0.00830078125 0.0068359375
11 0.37939453125 0.69580078125 0.00830078125 0.0068359375
11 0.35009765625 0.68115234375 0.00830078125 0.0068359375
11 0.35009765625 0.7451171875 0.00830078125 0.0068359375
11 0.24609375 0.67529296875 0.00830078125 0.00732421875
11 0.24609375 0.75146484375 0.00830078125 0.0068359375
0 0.17529296875 0.71337890625 0.005859375 0.08349609375
10 0.19287109375 0.6826171875 0.0166015625 0.0458984375
11 0.27587890625 0.7392578125 0.00830078125 0.0068359375
11 0.27587890625 0.68701171875 0.00830078125 0.0068359375
11 0.29052734375 0.69580078125 0.00830078125 0.0068359375
11 0.29052734375 0.73046875 0.00830078125 0.0068359375
11 0.2607421875 0.68115234375 0.00830078125 0.0068359375
11 0.2607421875 0.7451171875 0.00830078125 0.0068359375
11 0.490234375 0.69287109375 0.00830078125 0.0068359375
11 0.490234375 0.7333984375 0.00830078125 0.0068359375
11 0.44580078125 0.7392578125 0.00830078125 0.0068359375
11 0.44580078125 0.68701171875 0.00830078125 0.0068359375
11 0.37939453125 0.73046875 0.00830078125 0.0068359375
11 0.4755859375 0.7275390625 0.00830078125 0.00732421875
11 0.4755859375 0.69921875 0.00830078125 0.0068359375
11 0.46044921875 0.7333984375 0.00830078125 0.0068359375
11 0.46044921875 0.69287109375 0.00830078125 0.0068359375
11 0.39453125 0.68701171875 0.00830078125 0.0068359375
11 0.50537109375 0.68701171875 0.00830078125 0.0068359375
11 0.50537109375 0.7392578125 0.00830078125 0.0068359375
11 0.39453125 0.7392578125 0.00830078125 0.0068359375
11 0.43115234375 0.74853515625 0.00830078125 0.00732421875
11 0.43115234375 0.67822265625 0.00830078125 0.0068359375
11 0.4091796875 0.7451171875 0.00830078125 0.0068359375
11 0.4091796875 0.68115234375 0.00830078125 0.0068359375
11 0.60986328125 0.9296875 0.00830078125 0.0068359375
11 0.63232421875 0.9326171875 0.00830078125 0.00732421875
11 0.63232421875 0.86279296875 0.00830078125 0.0068359375
11 0.66796875 0.87744140625 0.00830078125 0.0068359375
11 0.66796875 0.91796875 0.00830078125 0.0068359375
11 0.65283203125 0.87158203125 0.00830078125 0.0068359375
11 0.65283203125 0.923828125 0.00830078125 0.0068359375
11 0.548828125 0.86572265625 0.00830078125 0.0068359375
11 0.548828125 0.9296875 0.00830078125 0.0068359375
11 0.564453125 0.87158203125 0.00830078125 0.0068359375
11 0.564453125 0.923828125 0.00830078125 0.0068359375
11 0.53369140625 0.859375 0.0078125 0.00732421875
11 0.53369140625 0.935546875 0.0078125 0.0068359375
11 0.5947265625 0.87158203125 0.00830078125 0.0068359375
11 0.5947265625 0.923828125 0.00830078125 0.0068359375
11 0.60986328125 0.86572265625 0.00830078125 0.0068359375
11 0.57958984375 0.9150390625 0.00830078125 0.0068359375
11 0.57958984375 0.88037109375 0.00830078125 0.0068359375
11 0.791015625 0.91796875 0.00830078125 0.0068359375
11 0.791015625 0.87744140625 0.00830078125 0.0068359375
11 0.80712890625 0.87158203125 0.00830078125 0.0068359375
11 0.80712890625 0.9208984375 0.00830078125 0.0068359375
11 0.77587890625 0.88330078125 0.00830078125 0.0068359375
11 0.77587890625 0.91162109375 0.00830078125 0.00732421875
11 0.71484375 0.9208984375 0.00830078125 0.0068359375
11 0.71484375 0.87158203125 0.00830078125 0.0068359375
11 0.68359375 0.88330078125 0.00830078125 0.0068359375
11 0.68359375 0.91162109375 0.00830078125 0.00732421875
11 0.69873046875 0.87744140625 0.00830078125 0.0068359375
11 0.69873046875 0.91796875 0.00830078125 0.0068359375
11 0.7607421875 0.87744140625 0.0078125 0.0068359375
11 0.7607421875 0.91796875 0.0078125 0.0068359375
11 0.72998046875 0.86279296875 0.00830078125 0.0068359375
11 0.72998046875 0.9326171875 0.00830078125 0.00732421875
11 0.7451171875 0.87158203125 0.00830078125 0.0068359375
11 0.7451171875 0.923828125 0.00830078125 0.0068359375
11 0.32275390625 0.86572265625 0.00830078125 0.0068359375
11 0.32275390625 0.9296875 0.00830078125 0.0068359375
11 0.337890625 0.8564453125 0.00830078125 0.0068359375
11 0.337890625 0.9384765625 0.00830078125 0.0068359375
11 0.3076171875 0.923828125 0.00830078125 0.0068359375
11 0.3076171875 0.87158203125 0.00830078125 0.0068359375
11 0.36865234375 0.87158203125 0.00830078125 0.0068359375
11 0.36865234375 0.923828125 0.00830078125 0.0068359375
11 0.353515625 0.86572265625 0.00830078125 0.0068359375
11 0.353515625 0.9296875 0.00830078125 0.0068359375
11 0.24609375 0.8564453125 0.00830078125 0.0068359375
11 0.24609375 0.9384765625 0.00830078125 0.0068359375
0 0.17529296875 0.8974609375 0.005859375 0.08349609375
10 0.19287109375 0.8671875 0.0166015625 0.0458984375
11 0.27685546875 0.87158203125 0.00830078125 0.0068359375
11 0.27685546875 0.923828125 0.00830078125 0.0068359375
11 0.2919921875 0.87744140625 0.00830078125 0.0068359375
11 0.2919921875 0.91796875 0.00830078125 0.0068359375
11 0.26171875 0.86572265625 0.00830078125 0.0068359375
11 0.26171875 0.9296875 0.00830078125 0.0068359375
11 0.47216796875 0.923828125 0.00830078125 0.0068359375
11 0.47216796875 0.87158203125 0.00830078125 0.0068359375
11 0.3837890625 0.87744140625 0.00830078125 0.0068359375
11 0.4521484375 0.86572265625 0.00830078125 0.0068359375
11 0.4521484375 0.9296875 0.00830078125 0.0068359375
11 0.5029296875 0.923828125 0.00830078125 0.0068359375
11 0.5029296875 0.87158203125 0.00830078125 0.0068359375
11 0.51806640625 0.86572265625 0.00830078125 0.0068359375
11 0.51806640625 0.9296875 0.00830078125 0.0068359375
11 0.48779296875 0.88037109375 0.00830078125 0.0068359375
11 0.48779296875 0.9150390625 0.00830078125 0.0068359375
11 0.3994140625 0.87158203125 0.0078125 0.0068359375
11 0.41455078125 0.9296875 0.00830078125 0.0068359375
11 0.41455078125 0.86572265625 0.00830078125 0.0068359375
11 0.3994140625 0.923828125 0.0078125 0.0068359375
11 0.3837890625 0.91796875 0.00830078125 0.0068359375
11 0.4365234375 0.859375 0.00830078125 0.00732421875
11 0.4365234375 0.935546875 0.00830078125 0.0068359375