22 0.61962890625 0.06201171875 0.00732421875 0.00341796875
12 0.6201171875 0.88818359375 0.0078125 0.00634765625
15 0.61083984375 0.17626953125 0.0068359375 0.01025390625
22 0.61962890625 0.1767578125 0.00732421875 0.00341796875
22 0.61962890625 0.12158203125 0.00732421875 0.00341796875
12 0.66259765625 0.7744140625 0.0078125 0.00634765625
12 0.66259765625 0.7880859375 0.0078125 0.00634765625
12 0.66259765625 0.71533203125 0.0078125 0.00634765625
22 0.61962890625 0.36962890625 0.00732421875 0.00341796875
22 0.61962890625 0.423828125 0.00732421875 0.00341796875
11 0.66259765625 0.26513671875 0.00732421875 0.00634765625
12 0.6201171875 0.83154296875 0.0078125 0.00634765625
22 0.68505859375 0.2587890625 0.00732421875 0.00341796875
11 0.68505859375 0.7744140625 0.00732421875 0.00634765625
11 0.68505859375 0.7880859375 0.00732421875 0.00634765625
11 0.68505859375 0.71484375 0.00732421875 0.00634765625
15 0.67626953125 0.26806640625 0.0068359375 0.01025390625
12 0.70703125 0.88818359375 0.0078125 0.00634765625
12 0.70703125 0.84228515625 0.0078125 0.00634765625
12 0.70703125 0.7744140625 0.0078125 0.00634765625
12 0.70703125 0.77978515625 0.0078125 0.00634765625
12 0.70703125 0.71533203125 0.0078125 0.00634765625
12 0.70703125 0.73095703125 0.0078125 0.00634765625
21 0.7060546875 0.2451171875 0.005859375 0.0166015625
21 0.7060546875 0.17431640625 0.005859375 0.0166015625
19 0.70703125 0.11865234375 0.00732421875 0.00341796875
21 0.7060546875 0.05908203125 0.005859375 0.0166015625
12 0.671875 0.88818359375 0.0078125 0.00634765625
12 0.671875 0.8369140625 0.0078125 0.00634765625
11 0.59375 0.18603515625 0.00732421875 0.00634765625
11 0.59375 0.109375 0.00732421875 0.00634765625
11 0.59375 0.1279296875 0.00732421875 0.00634765625
11 0.59375 0.04443359375 0.00732421875 0.00634765625
11 0.59375 0.0498046875 0.00732421875 0.00634765625
11 0.59375 0.1806640625 0.00732421875 0.00634765625
11 0.53759765625 0.833984375 0.00732421875 0.00634765625
11 0.53759765625 0.78515625 0.00732421875 0.00634765625
11 0.53759765625 0.72314453125 0.00732421875 0.00634765625
12 0.59375 0.88818359375 0.0078125 0.00634765625
12 0.59375 0.83154296875 0.0078125 0.00634765625
11 0.59375 0.7744140625 0.00732421875 0.00634765625
11 0.59375 0.7880859375 0.00732421875 0.00634765625
11 0.59375 0.71484375 0.00732421875 0.00634765625
11 0.59375 0.42236328125 0.00732421875 0.00634765625
11 0.59375 0.38916015625 0.00732421875 0.00634765625
11 0.51953125 0.833984375 0.00732421875 0.00634765625
11 0.51953125 0.78515625 0.00732421875 0.00634765625
11 0.51953125 0.72314453125 0.00732421875 0.00634765625
11 0.51953125 0.05224609375 0.00732421875 0.00634765625
11 0.529296875 0.83935546875 0.00732421875 0.00634765625
11 0.529296875 0.77734375 0.00732421875 0.00634765625
11 0.529296875 0.7177734375 0.00732421875 0.00634765625
11 0.529296875 0.04443359375 0.00732421875 0.00634765625
15 0.61083984375 0.06103515625 0.0068359375 0.01025390625
12 0.60546875 0.7744140625 0.0078125 0.00634765625
12 0.60546875 0.7880859375 0.0078125 0.00634765625
12 0.60546875 0.71533203125 0.0078125 0.00634765625
21 0.6044921875 0.42138671875 0.005859375 0.0166015625
21 0.6044921875 0.3671875 0.005859375 0.0166015625
15 0.61083984375 0.12060546875 0.0068359375 0.01025390625
11 0.8115234375 0.1728515625 0.00732421875 0.00634765625
11 0.8115234375 0.17822265625 0.00732421875 0.00634765625
11 0.8115234375 0.11767578125 0.00732421875 0.00634765625
11 0.8115234375 0.130859375 0.00732421875 0.00634765625
11 0.8115234375 0.0419921875 0.00732421875 0.00634765625
11 0.8115234375 0.046875 0.00732421875 0.00634765625
11 0.8115234375 0.24658203125 0.00732421875 0.00634765625
11 0.79736328125 0.17822265625 0.00732421875 0.00634765625
11 0.79736328125 0.046875 0.00732421875 0.00634765625
21 0.810546875 0.87939453125 0.005859375 0.01611328125
21 0.810546875 0.82470703125 0.005859375 0.0166015625
21 0.810546875 0.7705078125 0.005859375 0.0166015625
21 0.810546875 0.71630859375 0.005859375 0.01611328125
11 0.8115234375 0.23828125 0.00732421875 0.00634765625
22 0.4677734375 0.47802734375 0.00732421875 0.00341796875
22 0.4677734375 0.53271484375 0.00732421875 0.00341796875
22 0.4677734375 0.59228515625 0.00732421875 0.00341796875
22 0.4677734375 0.646484375 0.00732421875 0.00341796875
22 0.6357421875 0.248046875 0.00732421875 0.00341796875
22 0.6357421875 0.3076171875 0.00732421875 0.00341796875
22 0.4677734375 0.3076171875 0.00732421875 0.00341796875
22 0.6357421875 0.47802734375 0.00732421875 0.00341796875
22 0.6357421875 0.53271484375 0.00732421875 0.00341796875
22 0.6357421875 0.59228515625 0.00732421875 0.00341796875
22 0.6357421875 0.646484375 0.00732421875 0.00341796875
22 0.6357421875 0.93115234375 0.00732421875 0.00341796875
21 0.7158203125 0.05908203125 0.005859375 0.0166015625
11 0.73095703125 0.19140625 0.00732421875 0.00634765625
11 0.73095703125 0.251953125 0.00732421875 0.00634765625
15 0.716796875 0.2470703125 0.0068359375 0.01025390625
15 0.716796875 0.17626953125 0.0068359375 0.01025390625
11 0.7763671875 0.0576171875 0.00732421875 0.00634765625
11 0.78662109375 0.05224609375 0.00732421875 0.00634765625
21 0.78564453125 0.2451171875 0.005859375 0.0166015625
11 0.78662109375 0.18359375 0.00732421875 0.00634765625
21 0.78564453125 0.119140625 0.005859375 0.01611328125
11 0.7763671875 0.18896484375 0.00732421875 0.00634765625
8 0.7509765625 0.076171875 0.00537109375 0.01611328125
11 0.75146484375 0.23828125 0.00732421875 0.00634765625
11 0.75146484375 0.17822265625 0.00732421875 0.00634765625
11 0.75146484375 0.0654296875 0.00732421875 0.00634765625
11 0.74169921875 0.24658203125 0.00732421875 0.00634765625
11 0.74169921875 0.18603515625 0.00732421875 0.00634765625
21 0.740234375 0.119140625 0.005859375 0.01611328125
15 0.7412109375 0.06103515625 0.0068359375 0.01025390625
11 0.76611328125 0.1728515625 0.00732421875 0.00634765625
12 0.76611328125 0.88818359375 0.0078125 0.00634765625
12 0.76611328125 0.84228515625 0.0078125 0.00634765625
12 0.76611328125 0.77734375 0.0078125 0.00634765625
12 0.76611328125 0.7177734375 0.0078125 0.00634765625
12 0.76611328125 0.73095703125 0.0078125 0.00634765625
11 0.76611328125 0.2333984375 0.00732421875 0.00634765625
21 0.7646484375 0.119140625 0.005859375 0.01611328125
11 0.76611328125 0.060546875 0.00732421875 0.00634765625
11 0.27734375 0.83935546875 0.00732421875 0.00634765625
11 0.27734375 0.7744140625 0.00732421875 0.00634765625
11 0.27734375 0.71240234375 0.00732421875 0.00634765625
22 0.27734375 0.43994140625 0.00732421875 0.00341796875
11 0.27734375 0.26513671875 0.00732421875 0.00634765625
22 0.27734375 0.05615234375 0.01318359375 0.00390625
22 0.27734375 0.87646484375 0.00732421875 0.00341796875
11 0.26171875 0.833984375 0.00732421875 0.00634765625
11 0.26171875 0.78515625 0.00732421875 0.00634765625
11 0.26171875 0.72021484375 0.00732421875 0.00634765625
11 0.26171875 0.27001953125 0.00732421875 0.00634765625
22 0.27734375 0.93115234375 0.00732421875 0.00341796875
11 0.25341796875 0.83935546875 0.00732421875 0.00634765625
21 0.251953125 0.93359375 0.005859375 0.0166015625
21 0.251953125 0.87939453125 0.005859375 0.01611328125
11 0.25341796875 0.7744140625 0.00732421875 0.00634765625
11 0.25341796875 0.71240234375 0.00732421875 0.00634765625
21 0.251953125 0.43701171875 0.005859375 0.0166015625
15 0.2529296875 0.236328125 0.0068359375 0.01025390625
21 0.251953125 0.0537109375 0.005859375 0.0166015625
11 0.33349609375 0.72021484375 0.00732421875 0.00634765625
11 0.33349609375 0.833984375 0.00732421875 0.00634765625
11 0.33349609375 0.78515625 0.00732421875 0.00634765625
11 0.33349609375 0.2568359375 0.00732421875 0.00634765625
11 0.34912109375 0.83935546875 0.00732421875 0.00634765625
11 0.34912109375 0.7744140625 0.00732421875 0.00634765625
11 0.34912109375 0.71240234375 0.00732421875 0.00634765625
21 0.34814453125 0.2822265625 0.005859375 0.0166015625
11 0.34912109375 0.2490234375 0.00732421875 0.00634765625
11 0.29296875 0.833984375 0.00732421875 0.00634765625
11 0.29296875 0.78515625 0.00732421875 0.00634765625
11 0.29296875 0.72021484375 0.00732421875 0.00634765625
11 0.29296875 0.2568359375 0.00732421875 0.00634765625
11 0.31591796875 0.83935546875 0.00732421875 0.00634765625
11 0.31591796875 0.7744140625 0.00732421875 0.00634765625
11 0.31591796875 0.71240234375 0.00732421875 0.00634765625
11 0.31591796875 0.24365234375 0.00732421875 0.00634765625
11 0.31787109375 0.26220703125 0.00732421875 0.00634765625
10 0.1923828125 0.43212890625 0.0146484375 0.04052734375
10 0.1923828125 0.3779296875 0.0146484375 0.04052734375
1 0.19140625 0.3095703125 0.015625 0.0185546875
10 0.1923828125 0.1845703125 0.0146484375 0.04052734375
10 0.1923828125 0.12939453125 0.0146484375 0.04052734375
10 0.1923828125 0.06982421875 0.0146484375 0.04052734375
10 0.1923828125 0.7705078125 0.0146484375 0.04052734375
10 0.1923828125 0.71630859375 0.0146484375 0.04052734375
1 0.19140625 0.6484375 0.015625 0.0185546875
1 0.19140625 0.59423828125 0.015625 0.0185546875
10 0.1923828125 0.486328125 0.0146484375 0.04052734375
22 0.29931640625 0.3076171875 0.00732421875 0.00341796875
22 0.7568359375 0.93115234375 0.00732421875 0.00341796875
22 0.7568359375 0.646484375 0.00732421875 0.00341796875
22 0.7568359375 0.59228515625 0.00732421875 0.00341796875
22 0.7568359375 0.53271484375 0.00732421875 0.00341796875
22 0.7568359375 0.47802734375 0.00732421875 0.00341796875
22 0.7568359375 0.423828125 0.00732421875 0.00341796875
22 0.7568359375 0.36962890625 0.00732421875 0.00341796875
22 0.7568359375 0.3076171875 0.00732421875 0.00341796875
22 0.29931640625 0.646484375 0.00732421875 0.00341796875
22 0.29931640625 0.59228515625 0.00732421875 0.00341796875
22 0.29931640625 0.53271484375 0.00732421875 0.00341796875
22 0.29931640625 0.47802734375 0.00732421875 0.00341796875
22 0.29931640625 0.36962890625 0.00732421875 0.00341796875
1 0.19140625 0.87890625 0.015625 0.0185546875
11 0.24365234375 0.72021484375 0.00732421875 0.00634765625
11 0.24365234375 0.833984375 0.00732421875 0.00634765625
11 0.24365234375 0.78515625 0.00732421875 0.00634765625
13 0.23486328125 0.068359375 0.009765625 0.00634765625
11 0.22705078125 0.92919921875 0.00732421875 0.00634765625
11 0.22705078125 0.875 0.00732421875 0.00634765625
11 0.22705078125 0.83935546875 0.00732421875 0.00634765625
11 0.22705078125 0.7744140625 0.00732421875 0.00634765625
11 0.22705078125 0.71240234375 0.00732421875 0.00634765625
11 0.22705078125 0.4306640625 0.00732421875 0.00634765625
13 0.228515625 0.42529296875 0.009765625 0.00634765625
21 0.22607421875 0.2294921875 0.005859375 0.01611328125
13 0.228515625 0.18603515625 0.009765625 0.00634765625
13 0.228515625 0.19140625 0.009765625 0.00634765625
13 0.228515625 0.1279296875 0.009765625 0.00634765625
11 0.22705078125 0.068359375 0.00732421875 0.00634765625
1 0.19140625 0.93310546875 0.015625 0.0185546875
11 0.43896484375 0.833984375 0.00732421875 0.00634765625
11 0.43896484375 0.78515625 0.00732421875 0.00634765625
11 0.43896484375 0.72314453125 0.00732421875 0.00634765625
15 0.43896484375 0.2470703125 0.0068359375 0.01025390625
11 0.43896484375 0.08154296875 0.00732421875 0.00634765625
11 0.45556640625 0.7177734375 0.00732421875 0.00634765625
22 0.45556640625 0.93115234375 0.00732421875 0.00341796875
22 0.45556640625 0.87646484375 0.00732421875 0.00341796875
11 0.45556640625 0.83935546875 0.00732421875 0.00634765625
11 0.45556640625 0.77734375 0.00732421875 0.00634765625
22 0.45556640625 0.248046875 0.00732421875 0.00341796875
11 0.45556640625 0.076171875 0.00732421875 0.00634765625
11 0.4208984375 0.833984375 0.00732421875 0.00634765625
11 0.4208984375 0.78515625 0.00732421875 0.00634765625
11 0.4208984375 0.72314453125 0.00732421875 0.00634765625
21 0.4296875 0.93359375 0.005859375 0.0166015625
21 0.4296875 0.87939453125 0.005859375 0.01611328125
11 0.43017578125 0.83935546875 0.00732421875 0.00634765625
11 0.43017578125 0.77734375 0.00732421875 0.00634765625
11 0.43017578125 0.7177734375 0.00732421875 0.00634765625
15 0.43017578125 0.05029296875 0.0068359375 0.01025390625
11 0.48828125 0.833984375 0.00732421875 0.00634765625
11 0.48828125 0.78515625 0.00732421875 0.00634765625
11 0.48828125 0.72314453125 0.00732421875 0.00634765625
11 0.48828125 0.06298828125 0.00732421875 0.00634765625
11 0.5048828125 0.7177734375 0.00732421875 0.00634765625
11 0.5048828125 0.83935546875 0.00732421875 0.00634765625
11 0.5048828125 0.77734375 0.00732421875 0.00634765625
11 0.5048828125 0.0576171875 0.00732421875 0.00634765625
11 0.47021484375 0.833984375 0.00732421875 0.00634765625
11 0.47021484375 0.78515625 0.00732421875 0.00634765625
11 0.47021484375 0.72314453125 0.00732421875 0.00634765625
11 0.47021484375 0.07080078125 0.00732421875 0.00634765625
11 0.4794921875 0.83935546875 0.00732421875 0.00634765625
11 0.4794921875 0.77734375 0.00732421875 0.00634765625
11 0.4794921875 0.7177734375 0.00732421875 0.00634765625
13 0.48095703125 0.26513671875 0.009765625 0.00634765625
11 0.4794921875 0.0654296875 0.00732421875 0.00634765625
13 0.40576171875 0.18359375 0.009765625 0.00634765625
13 0.40576171875 0.123046875 0.009765625 0.00634765625
13 0.39794921875 0.12548828125 0.009765625 0.00634765625
13 0.40576171875 0.06298828125 0.009765625 0.00634765625
21 0.4033203125 0.04833984375 0.005859375 0.01611328125
13 0.40576171875 0.17822265625 0.009765625 0.00634765625
11 0.38232421875 0.833984375 0.0068359375 0.00634765625
11 0.38232421875 0.78515625 0.0068359375 0.00634765625
11 0.38232421875 0.72021484375 0.0068359375 0.00634765625
11 0.404296875 0.93212890625 0.00732421875 0.00634765625
11 0.404296875 0.8779296875 0.00732421875 0.00634765625
11 0.404296875 0.83935546875 0.00732421875 0.00634765625
11 0.404296875 0.77734375 0.00732421875 0.00634765625
11 0.404296875 0.7177734375 0.00732421875 0.00634765625
13 0.40576171875 0.42529296875 0.009765625 0.00634765625
13 0.40576171875 0.38916015625 0.009765625 0.00634765625
11 0.404296875 0.23828125 0.00732421875 0.00634765625
11 0.35791015625 0.833984375 0.00732421875 0.00634765625
11 0.35791015625 0.78515625 0.00732421875 0.00634765625
11 0.35791015625 0.72021484375 0.00732421875 0.00634765625
11 0.35791015625 0.24365234375 0.00732421875 0.00634765625
11 0.37353515625 0.83935546875 0.00732421875 0.00634765625
11 0.37353515625 0.7744140625 0.00732421875 0.00634765625
11 0.37353515625 0.71240234375 0.00732421875 0.00634765625
22 0.37353515625 0.28466796875 0.01318359375 0.00390625
11 0.37353515625 0.23828125 0.00732421875 0.00634765625