11 0.6103515625 0.2255859375 0.00830078125 0.0068359375
11 0.6103515625 0.2373046875 0.00830078125 0.0068359375
11 0.6103515625 0.17626953125 0.00830078125 0.0068359375
11 0.6103515625 0.197265625 0.00830078125 0.0068359375
8 0.60986328125 0.25537109375 0.00634765625 0.017578125
15 0.6533203125 0.26513671875 0.0078125 0.01171875
11 0.5361328125 0.07470703125 0.00830078125 0.0068359375
11 0.5361328125 0.08056640625 0.00830078125 0.0068359375
11 0.5361328125 0.08984375 0.00830078125 0.0068359375
11 0.5146484375 0.30615234375 0.00830078125 0.00732421875
11 0.5146484375 0.3154296875 0.00830078125 0.0068359375
11 0.5146484375 0.3212890625 0.00830078125 0.00732421875
15 0.51416015625 0.09619140625 0.0078125 0.01171875
11 0.5791015625 0.095703125 0.00830078125 0.0068359375
11 0.55859375 0.3271484375 0.00830078125 0.0068359375
11 0.55859375 0.07470703125 0.00830078125 0.0068359375
11 0.55859375 0.08056640625 0.00830078125 0.0068359375
11 0.55859375 0.08984375 0.00830078125 0.0068359375
11 0.80029296875 0.2734375 0.00830078125 0.0068359375
11 0.77978515625 0.228515625 0.00830078125 0.00732421875
11 0.77978515625 0.234375 0.00830078125 0.00732421875
11 0.77978515625 0.240234375 0.00830078125 0.0068359375
11 0.77978515625 0.17626953125 0.00830078125 0.0068359375
22 0.5029296875 0.1630859375 0.00830078125 0.00390625
22 0.5029296875 0.259765625 0.00830078125 0.00390625
11 0.69580078125 0.24365234375 0.00830078125 0.0068359375
11 0.73583984375 0.1494140625 0.00830078125 0.00732421875
11 0.67529296875 0.22265625 0.00830078125 0.0068359375
11 0.67529296875 0.2314453125 0.00830078125 0.0068359375
11 0.67529296875 0.2373046875 0.00830078125 0.0068359375
21 0.67431640625 0.166015625 0.00634765625 0.01806640625
11 0.75732421875 0.228515625 0.00830078125 0.00732421875
11 0.75732421875 0.234375 0.00830078125 0.00732421875
11 0.75732421875 0.240234375 0.00830078125 0.0068359375
15 0.7353515625 0.26513671875 0.0078125 0.01171875
11 0.73583984375 0.134765625 0.00830078125 0.00732421875
11 0.73583984375 0.1435546875 0.00830078125 0.0068359375
21 0.279296875 0.33447265625 0.00634765625 0.0185546875
11 0.2802734375 0.0537109375 0.00830078125 0.0068359375
11 0.2802734375 0.06005859375 0.00830078125 0.0068359375
11 0.2802734375 0.06884765625 0.00830078125 0.0068359375
15 0.25830078125 0.09619140625 0.0078125 0.01171875
8 0.23583984375 0.111328125 0.00634765625 0.01806640625
11 0.3232421875 0.30615234375 0.00830078125 0.00732421875
11 0.34521484375 0.06005859375 0.00830078125 0.0068359375
11 0.34521484375 0.06884765625 0.00830078125 0.0068359375
11 0.34521484375 0.07470703125 0.00830078125 0.0068359375
11 0.3232421875 0.3154296875 0.00830078125 0.0068359375
11 0.3232421875 0.3212890625 0.00830078125 0.00732421875
15 0.3232421875 0.09619140625 0.0078125 0.01171875
11 0.30078125 0.0986328125 0.00830078125 0.0068359375
1 0.193359375 0.16552734375 0.017578125 0.02099609375
10 0.19384765625 0.09423828125 0.0166015625 0.04541015625
22 0.70849609375 0.33154296875 0.00830078125 0.00390625
22 0.70849609375 0.09130859375 0.00830078125 0.00390625
22 0.3125 0.259765625 0.00830078125 0.00390625
22 0.3125 0.1630859375 0.00830078125 0.00390625
0 0.17529296875 0.30029296875 0.00634765625 0.09716796875
0 0.17529296875 0.13134765625 0.00634765625 0.0966796875
11 0.236328125 0.34814453125 0.00830078125 0.0068359375
11 0.236328125 0.36865234375 0.00830078125 0.0068359375
11 0.236328125 0.0869140625 0.00830078125 0.0068359375
11 0.236328125 0.1015625 0.00830078125 0.0068359375
1 0.193359375 0.333984375 0.017578125 0.02099609375
11 0.44287109375 0.07470703125 0.00830078125 0.0068359375
11 0.44287109375 0.08056640625 0.00830078125 0.0068359375
11 0.44287109375 0.06884765625 0.00830078125 0.0068359375
11 0.4921875 0.0927734375 0.00830078125 0.00732421875
11 0.46533203125 0.33642578125 0.00830078125 0.0068359375
11 0.46533203125 0.06884765625 0.00830078125 0.0068359375
11 0.46533203125 0.07470703125 0.00830078125 0.0068359375
11 0.46533203125 0.08056640625 0.00830078125 0.0068359375
11 0.38916015625 0.1044921875 0.00830078125 0.0068359375
11 0.3671875 0.34228515625 0.00830078125 0.00732421875
11 0.3671875 0.06005859375 0.00830078125 0.0068359375
11 0.3671875 0.06884765625 0.00830078125 0.0068359375
11 0.3671875 0.07470703125 0.00830078125 0.0068359375
11 0.4208984375 0.30615234375 0.00830078125 0.00732421875
11 0.4208984375 0.3154296875 0.00830078125 0.0068359375
11 0.4208984375 0.3212890625 0.00830078125 0.00732421875
15 0.4208984375 0.09619140625 0.0078125 0.01171875
11 0.642578125 0.8349609375 0.00830078125 0.0068359375
11 0.642578125 0.84423828125 0.00830078125 0.0068359375
11 0.642578125 0.85009765625 0.00830078125 0.0068359375
15 0.64208984375 0.62646484375 0.0078125 0.01171875
11 0.52197265625 0.62890625 0.00830078125 0.0068359375
11 0.6640625 0.59912109375 0.00830078125 0.0068359375
11 0.6640625 0.60498046875 0.00830078125 0.0068359375
11 0.6640625 0.61083984375 0.00830078125 0.0068359375
11 0.56591796875 0.60498046875 0.00830078125 0.0068359375
11 0.58837890625 0.60498046875 0.00830078125 0.0068359375
11 0.56591796875 0.59033203125 0.00830078125 0.0068359375
11 0.56591796875 0.59912109375 0.00830078125 0.0068359375
15 0.5439453125 0.62646484375 0.0078125 0.01171875
11 0.58837890625 0.59912109375 0.00830078125 0.0068359375
11 0.5439453125 0.85009765625 0.00830078125 0.0068359375
11 0.5439453125 0.84423828125 0.00830078125 0.0068359375
11 0.5439453125 0.8349609375 0.00830078125 0.0068359375
11 0.6103515625 0.634765625 0.00830078125 0.0068359375
11 0.58837890625 0.87109375 0.00830078125 0.0068359375
11 0.58837890625 0.59033203125 0.00830078125 0.0068359375
11 0.80078125 0.6259765625 0.00830078125 0.0068359375
11 0.7802734375 0.85595703125 0.00830078125 0.0068359375
11 0.7802734375 0.60498046875 0.00830078125 0.0068359375
11 0.7802734375 0.61083984375 0.00830078125 0.0068359375
11 0.7802734375 0.6201171875 0.00830078125 0.0068359375
22 0.53662109375 0.693359375 0.00830078125 0.00390625
22 0.53662109375 0.7890625 0.00830078125 0.00390625
11 0.7138671875 0.623046875 0.00830078125 0.00732421875
11 0.6865234375 0.86474609375 0.00830078125 0.0068359375
11 0.6865234375 0.59912109375 0.00830078125 0.0068359375
11 0.6865234375 0.60498046875 0.00830078125 0.0068359375
11 0.6865234375 0.61083984375 0.00830078125 0.0068359375
11 0.75830078125 0.60498046875 0.00830078125 0.0068359375
11 0.75830078125 0.61083984375 0.00830078125 0.0068359375
11 0.75830078125 0.6201171875 0.00830078125 0.0068359375
11 0.736328125 0.8349609375 0.00830078125 0.0068359375
11 0.736328125 0.84423828125 0.00830078125 0.0068359375
11 0.736328125 0.85009765625 0.00830078125 0.0068359375
15 0.73583984375 0.62646484375 0.0078125 0.01171875
11 0.283203125 0.76318359375 0.00830078125 0.0068359375
11 0.283203125 0.775390625 0.00830078125 0.00732421875
11 0.27587890625 0.7783203125 0.00830078125 0.0068359375
11 0.283203125 0.70068359375 0.00830078125 0.00732421875
11 0.25830078125 0.76318359375 0.00830078125 0.0068359375
11 0.25830078125 0.775390625 0.00830078125 0.00732421875
11 0.2509765625 0.7783203125 0.00830078125 0.0068359375
11 0.34814453125 0.673828125 0.0078125 0.0068359375
15 0.34814453125 0.7939453125 0.0078125 0.01171875
11 0.34814453125 0.6650390625 0.0078125 0.00732421875
11 0.34814453125 0.6796875 0.0078125 0.00732421875
11 0.30419921875 0.7841796875 0.00830078125 0.0068359375
10 0.19384765625 0.62451171875 0.0166015625 0.0458984375
22 0.72412109375 0.7890625 0.00830078125 0.00390625
22 0.72412109375 0.693359375 0.00830078125 0.00390625
22 0.322265625 0.86083984375 0.00830078125 0.00390625
22 0.322265625 0.62158203125 0.00830078125 0.00390625
1 0.193359375 0.69580078125 0.017578125 0.02099609375
0 0.17529296875 0.8291015625 0.00634765625 0.0966796875
0 0.17529296875 0.66162109375 0.00634765625 0.0966796875
15 0.23583984375 0.7939453125 0.0078125 0.01171875
11 0.236328125 0.6650390625 0.00830078125 0.00732421875
11 0.236328125 0.673828125 0.00830078125 0.0068359375
11 0.236328125 0.6796875 0.00830078125 0.00732421875
1 0.193359375 0.86328125 0.017578125 0.02099609375
8 0.45654296875 0.6416015625 0.00634765625 0.01806640625
11 0.45703125 0.89794921875 0.00830078125 0.0068359375
11 0.5009765625 0.59912109375 0.00830078125 0.0068359375
21 0.5 0.86376953125 0.00634765625 0.0185546875
11 0.5009765625 0.583984375 0.00830078125 0.0068359375
11 0.5009765625 0.59033203125 0.00830078125 0.0068359375
11 0.45703125 0.876953125 0.00830078125 0.0068359375
15 0.47900390625 0.62646484375 0.0078125 0.01171875
11 0.45703125 0.6171875 0.00830078125 0.0068359375
11 0.392578125 0.75732421875 0.00830078125 0.0068359375
11 0.392578125 0.76611328125 0.00830078125 0.0068359375
11 0.392578125 0.7724609375 0.00830078125 0.0068359375
11 0.392578125 0.68896484375 0.00830078125 0.0068359375
11 0.45703125 0.6318359375 0.00830078125 0.0068359375
11 0.3701171875 0.7724609375 0.00830078125 0.0068359375
11 0.3701171875 0.76611328125 0.00830078125 0.0068359375
11 0.4130859375 0.7783203125 0.00830078125 0.0068359375
11 0.3701171875 0.75732421875 0.00830078125 0.0068359375