21 0.69677734375 0.18017578125 0.005859375 0.0166015625
11 0.6865234375 0.06689453125 0.00732421875 0.00634765625
21 0.720703125 0.939453125 0.005859375 0.0166015625
11 0.7216796875 0.9033203125 0.00732421875 0.00634765625
11 0.7216796875 0.83935546875 0.00732421875 0.00634765625
11 0.7216796875 0.78369140625 0.00732421875 0.00634765625
11 0.7216796875 0.72509765625 0.00732421875 0.00634765625
11 0.7216796875 0.43603515625 0.00732421875 0.00634765625
11 0.7216796875 0.17333984375 0.00732421875 0.00634765625
11 0.7216796875 0.08544921875 0.00732421875 0.00634765625
11 0.70947265625 0.080078125 0.00732421875 0.00634765625
21 0.69677734375 0.82763671875 0.005859375 0.01611328125
11 0.69775390625 0.89013671875 0.00732421875 0.00634765625
21 0.69677734375 0.76123046875 0.005859375 0.0166015625
21 0.69677734375 0.7080078125 0.005859375 0.0166015625
11 0.69775390625 0.2568359375 0.00732421875 0.00634765625
11 0.69775390625 0.07470703125 0.00732421875 0.00634765625
11 0.65625 0.05615234375 0.00732421875 0.00634765625
11 0.64453125 0.9033203125 0.00732421875 0.00634765625
11 0.64453125 0.84228515625 0.00732421875 0.00634765625
11 0.64453125 0.78369140625 0.00732421875 0.00634765625
11 0.64453125 0.73046875 0.00732421875 0.00634765625
11 0.64453125 0.44140625 0.00732421875 0.00634765625
11 0.64453125 0.259765625 0.00732421875 0.00634765625
11 0.64453125 0.04833984375 0.00732421875 0.00634765625
19 0.61767578125 0.12646484375 0.00732421875 0.00341796875
19 0.61767578125 0.14794921875 0.00732421875 0.00341796875
21 0.61669921875 0.07080078125 0.005859375 0.0166015625
19 0.61767578125 0.23193359375 0.01318359375 0.00390625
11 0.6748046875 0.89794921875 0.00732421875 0.00634765625
11 0.6748046875 0.84716796875 0.00732421875 0.00634765625
11 0.6748046875 0.78369140625 0.00732421875 0.00634765625
11 0.6748046875 0.73046875 0.00732421875 0.00634765625
12 0.67529296875 0.44140625 0.0078125 0.00634765625
21 0.673828125 0.2529296875 0.005859375 0.01611328125
22 0.6748046875 0.234375 0.01318359375 0.00390625
19 0.6748046875 0.939453125 0.00732421875 0.00341796875
21 0.673828125 0.18017578125 0.005859375 0.0166015625
22 0.6748046875 0.12939453125 0.00732421875 0.00341796875
11 0.6748046875 0.0615234375 0.00732421875 0.00634765625
21 0.61669921875 0.76123046875 0.005859375 0.0166015625
21 0.61669921875 0.4189453125 0.005859375 0.0166015625
21 0.61669921875 0.7080078125 0.005859375 0.0166015625
21 0.61669921875 0.82763671875 0.005859375 0.01611328125
21 0.61669921875 0.880859375 0.005859375 0.01611328125
11 0.8056640625 0.2412109375 0.00732421875 0.00634765625
22 0.50244140625 0.07373046875 0.00732421875 0.00341796875
22 0.50244140625 0.1826171875 0.00732421875 0.00341796875
22 0.50244140625 0.30810546875 0.00732421875 0.00341796875
22 0.50244140625 0.36865234375 0.00732421875 0.00341796875
22 0.50244140625 0.47509765625 0.00732421875 0.00341796875
22 0.50244140625 0.5283203125 0.00732421875 0.00341796875
22 0.50244140625 0.5869140625 0.00732421875 0.00341796875
22 0.50244140625 0.64013671875 0.00732421875 0.00341796875
22 0.6015625 0.64013671875 0.00732421875 0.00341796875
22 0.6015625 0.30810546875 0.00732421875 0.00341796875
22 0.6015625 0.36865234375 0.00732421875 0.00341796875
22 0.6015625 0.47509765625 0.00732421875 0.00341796875
22 0.6015625 0.5283203125 0.00732421875 0.00341796875
22 0.6015625 0.5869140625 0.00732421875 0.00341796875
22 0.50244140625 0.93701171875 0.00732421875 0.00341796875
22 0.6015625 0.1826171875 0.00732421875 0.00341796875
11 0.7568359375 0.19189453125 0.00732421875 0.00634765625
21 0.76708984375 0.939453125 0.005859375 0.0166015625
11 0.76806640625 0.89013671875 0.00732421875 0.00634765625
21 0.76708984375 0.82763671875 0.005859375 0.01611328125
21 0.76708984375 0.76123046875 0.005859375 0.0166015625
21 0.76708984375 0.7080078125 0.005859375 0.0166015625
21 0.76708984375 0.23193359375 0.005859375 0.0166015625
11 0.76806640625 0.197265625 0.00732421875 0.00634765625
21 0.76708984375 0.126953125 0.005859375 0.0166015625
19 0.76806640625 0.07080078125 0.00732421875 0.00341796875
21 0.744140625 0.07080078125 0.005859375 0.0166015625
11 0.7333984375 0.1787109375 0.00732421875 0.00634765625
11 0.7451171875 0.1865234375 0.00732421875 0.00634765625
21 0.744140625 0.939453125 0.005859375 0.0166015625
11 0.7451171875 0.8955078125 0.00732421875 0.00634765625
11 0.7451171875 0.84716796875 0.00732421875 0.00634765625
11 0.7451171875 0.78369140625 0.00732421875 0.00634765625
11 0.7451171875 0.72509765625 0.00732421875 0.00634765625
12 0.74560546875 0.43603515625 0.0078125 0.00634765625
11 0.791015625 0.21044921875 0.00732421875 0.00634765625
11 0.791015625 0.94580078125 0.00732421875 0.00634765625
11 0.791015625 0.88720703125 0.00732421875 0.00634765625
11 0.791015625 0.83935546875 0.00732421875 0.00634765625
11 0.791015625 0.77587890625 0.00732421875 0.00634765625
11 0.791015625 0.7119140625 0.00732421875 0.00634765625
11 0.791015625 0.4228515625 0.00732421875 0.00634765625
11 0.791015625 0.26220703125 0.00732421875 0.00634765625
11 0.791015625 0.23583984375 0.00732421875 0.00634765625
11 0.791015625 0.13330078125 0.00732421875 0.00634765625
11 0.77978515625 0.205078125 0.00732421875 0.00634765625
11 0.31201171875 0.892578125 0.00732421875 0.00634765625
11 0.31201171875 0.83154296875 0.00732421875 0.00634765625
11 0.34912109375 0.7119140625 0.00732421875 0.00634765625
11 0.33056640625 0.89013671875 0.00732421875 0.00634765625
11 0.33056640625 0.84228515625 0.00732421875 0.00634765625
11 0.33056640625 0.7734375 0.00732421875 0.00634765625
11 0.33056640625 0.70703125 0.00732421875 0.00634765625
11 0.27392578125 0.884765625 0.00732421875 0.00634765625
11 0.27392578125 0.83935546875 0.00732421875 0.00634765625
11 0.27392578125 0.78369140625 0.00732421875 0.00634765625
11 0.27392578125 0.7041015625 0.00732421875 0.00634765625
11 0.29296875 0.88720703125 0.00732421875 0.00634765625
11 0.29296875 0.8369140625 0.00732421875 0.00634765625
12 0.29296875 0.7705078125 0.0078125 0.00634765625
12 0.29296875 0.7041015625 0.0078125 0.00634765625
11 0.40185546875 0.71484375 0.00732421875 0.00634765625
11 0.38916015625 0.83154296875 0.00732421875 0.00634765625
11 0.38916015625 0.77587890625 0.00732421875 0.00634765625
11 0.38916015625 0.71728515625 0.00732421875 0.00634765625
13 0.482421875 0.44140625 0.009765625 0.00634765625
12 0.4814453125 0.267578125 0.0078125 0.00634765625
12 0.4814453125 0.24365234375 0.0078125 0.00634765625
11 0.37744140625 0.70947265625 0.00732421875 0.00634765625
13 0.48974609375 0.1416015625 0.009765625 0.00634765625
12 0.4814453125 0.14111328125 0.0078125 0.00634765625
12 0.349609375 0.90087890625 0.0078125 0.00634765625
11 0.34912109375 0.82861328125 0.00732421875 0.00634765625
11 0.34912109375 0.76806640625 0.00732421875 0.00634765625
11 0.3681640625 0.826171875 0.00732421875 0.00634765625
11 0.3681640625 0.7705078125 0.00732421875 0.00634765625
22 0.31591796875 0.64111328125 0.00341796875 0.00537109375
22 0.7421875 0.64013671875 0.00732421875 0.00341796875
22 0.7421875 0.5869140625 0.00732421875 0.00341796875
22 0.7421875 0.5283203125 0.00732421875 0.00341796875
22 0.7421875 0.47509765625 0.00732421875 0.00341796875
22 0.7421875 0.36865234375 0.00732421875 0.00341796875
22 0.7421875 0.30810546875 0.00732421875 0.00341796875
22 0.31591796875 0.93798828125 0.00341796875 0.005859375
22 0.31591796875 0.587890625 0.00341796875 0.005859375
22 0.31591796875 0.52392578125 0.00341796875 0.005859375
22 0.31591796875 0.470703125 0.00341796875 0.005859375
22 0.31591796875 0.41748046875 0.00341796875 0.005859375
22 0.31591796875 0.3642578125 0.00341796875 0.005859375
22 0.31591796875 0.30908203125 0.00341796875 0.005859375
22 0.31591796875 0.2412109375 0.00341796875 0.005859375
22 0.31591796875 0.1787109375 0.00341796875 0.005859375
22 0.31591796875 0.12548828125 0.00341796875 0.005859375
10 0.1923828125 0.1904296875 0.0146484375 0.04052734375
10 0.1923828125 0.13720703125 0.0146484375 0.04052734375
10 0.1923828125 0.08154296875 0.0146484375 0.04052734375
22 0.31591796875 0.0693359375 0.00341796875 0.005859375
11 0.236328125 0.88232421875 0.00732421875 0.00634765625
11 0.236328125 0.83154296875 0.00732421875 0.00634765625
11 0.236328125 0.76806640625 0.00732421875 0.00634765625
11 0.236328125 0.69873046875 0.00732421875 0.00634765625
1 0.19140625 0.93896484375 0.015625 0.0185546875
1 0.19140625 0.88037109375 0.015625 0.0185546875
11 0.2548828125 0.884765625 0.00732421875 0.00634765625
11 0.2548828125 0.84228515625 0.00732421875 0.00634765625
11 0.2548828125 0.765625 0.00732421875 0.00634765625
11 0.2548828125 0.70166015625 0.00732421875 0.00634765625
10 0.1923828125 0.37646484375 0.0146484375 0.04052734375
10 0.1923828125 0.48291015625 0.0146484375 0.04052734375
10 0.1923828125 0.4296875 0.0146484375 0.04052734375
1 0.19140625 0.31005859375 0.015625 0.0185546875
1 0.19140625 0.25244140625 0.015625 0.0185546875
10 0.1923828125 0.76123046875 0.0146484375 0.04052734375
10 0.1923828125 0.7080078125 0.0146484375 0.04052734375
1 0.19140625 0.64208984375 0.015625 0.0185546875
1 0.19140625 0.5888671875 0.015625 0.0185546875
12 0.552734375 0.12255859375 0.0078125 0.00634765625
22 0.552734375 0.07373046875 0.00732421875 0.00341796875
12 0.552734375 0.14111328125 0.0078125 0.00634765625
11 0.552734375 0.94580078125 0.00732421875 0.00634765625
12 0.552734375 0.88720703125 0.0078125 0.00634765625
12 0.552734375 0.83935546875 0.0078125 0.00634765625
12 0.552734375 0.78369140625 0.0078125 0.00634765625
12 0.552734375 0.72265625 0.0078125 0.00634765625
12 0.552734375 0.44140625 0.0078125 0.00634765625
12 0.552734375 0.2412109375 0.0078125 0.00634765625
11 0.5986328125 0.44140625 0.00732421875 0.00634765625
11 0.5986328125 0.2412109375 0.00732421875 0.00634765625
11 0.5986328125 0.14111328125 0.00732421875 0.00634765625
11 0.5986328125 0.13330078125 0.00732421875 0.00634765625
22 0.58935546875 0.93701171875 0.00732421875 0.00341796875
11 0.5986328125 0.72265625 0.00732421875 0.00634765625
21 0.57080078125 0.939453125 0.005859375 0.0166015625
11 0.5986328125 0.88720703125 0.00732421875 0.00634765625
11 0.5986328125 0.83935546875 0.00732421875 0.00634765625
11 0.5986328125 0.78369140625 0.00732421875 0.00634765625
12 0.4814453125 0.9033203125 0.0078125 0.00634765625
13 0.482421875 0.833984375 0.009765625 0.00634765625
12 0.4814453125 0.7734375 0.0078125 0.00634765625
12 0.4814453125 0.7119140625 0.0078125 0.00634765625
12 0.51123046875 0.9033203125 0.0078125 0.00634765625
12 0.51123046875 0.78369140625 0.0078125 0.00634765625
12 0.51123046875 0.71728515625 0.0078125 0.00634765625
12 0.51123046875 0.267578125 0.0078125 0.00634765625
12 0.51123046875 0.2412109375 0.0078125 0.00634765625
12 0.51123046875 0.13623046875 0.0078125 0.00634765625