11 0.62548828125 0.115234375 0.00830078125 0.0068359375
22 0.47998046875 0.17138671875 0.00830078125 0.00390625
11 0.65869140625 0.115234375 0.00830078125 0.0068359375
11 0.7021484375 0.1181640625 0.0078125 0.0068359375
11 0.591796875 0.1123046875 0.00830078125 0.0068359375
22 0.6162109375 0.17138671875 0.00830078125 0.00390625
11 0.73583984375 0.1181640625 0.00830078125 0.0068359375
12 0.76953125 0.12109375 0.0087890625 0.00732421875
11 0.3203125 0.109375 0.00830078125 0.0068359375
11 0.35400390625 0.109375 0.00830078125 0.0068359375
11 0.38720703125 0.109375 0.00830078125 0.0068359375
10 0.2431640625 0.11669921875 0.0166015625 0.0458984375
22 0.3427734375 0.17138671875 0.00830078125 0.00390625
22 0.74560546875 0.17138671875 0.00830078125 0.00390625
11 0.28564453125 0.12109375 0.00830078125 0.00732421875
11 0.55859375 0.109375 0.00830078125 0.0068359375
10 0.2431640625 0.17431640625 0.0166015625 0.04541015625
11 0.4638671875 0.109375 0.00830078125 0.0068359375
12 0.49609375 0.115234375 0.0087890625 0.0068359375
11 0.4306640625 0.1123046875 0.00830078125 0.0068359375
12 0.5810546875 0.30810546875 0.0087890625 0.0068359375
12 0.5810546875 0.23828125 0.0087890625 0.0068359375
11 0.55126953125 0.2412109375 0.00830078125 0.0068359375
11 0.55126953125 0.31689453125 0.00830078125 0.0068359375
12 0.61083984375 0.31689453125 0.0087890625 0.0068359375
12 0.61083984375 0.25048828125 0.0087890625 0.0068359375
11 0.4892578125 0.31103515625 0.00830078125 0.0068359375
11 0.4892578125 0.2412109375 0.00830078125 0.0068359375
22 0.6943359375 0.30078125 0.00830078125 0.00390625
11 0.52978515625 0.31689453125 0.00830078125 0.0068359375
11 0.52978515625 0.24462890625 0.00830078125 0.00732421875
11 0.509765625 0.31103515625 0.00830078125 0.0068359375
11 0.509765625 0.24755859375 0.00830078125 0.0068359375
11 0.7724609375 0.23828125 0.00830078125 0.0068359375
12 0.79248046875 0.24462890625 0.0087890625 0.00732421875
11 0.6591796875 0.25048828125 0.00830078125 0.0068359375
11 0.75146484375 0.2412109375 0.00830078125 0.0068359375
11 0.7236328125 0.23828125 0.00830078125 0.0068359375
11 0.703125 0.23828125 0.00830078125 0.0068359375
11 0.681640625 0.23828125 0.00830078125 0.0068359375
11 0.29150390625 0.30224609375 0.00830078125 0.0068359375
11 0.29150390625 0.24462890625 0.00830078125 0.00732421875
11 0.31982421875 0.2412109375 0.00830078125 0.0068359375
11 0.2705078125 0.30224609375 0.00830078125 0.0068359375
11 0.2705078125 0.24462890625 0.00830078125 0.00732421875
11 0.31982421875 0.30517578125 0.00830078125 0.00732421875
10 0.19287109375 0.24560546875 0.0166015625 0.0458984375
10 0.19287109375 0.3037109375 0.0166015625 0.0458984375
22 0.77978515625 0.30078125 0.00830078125 0.00390625
11 0.24853515625 0.30810546875 0.00830078125 0.0068359375
11 0.24853515625 0.25048828125 0.00830078125 0.0068359375
11 0.2275390625 0.30810546875 0.00830078125 0.0068359375
11 0.2275390625 0.25048828125 0.00830078125 0.0068359375
21 0.42041015625 0.3037109375 0.00634765625 0.0185546875
11 0.44091796875 0.23828125 0.00830078125 0.0068359375
21 0.42041015625 0.24609375 0.00634765625 0.01806640625
11 0.44091796875 0.30810546875 0.00830078125 0.0068359375
12 0.3623046875 0.30224609375 0.0087890625 0.0068359375
12 0.3623046875 0.23828125 0.0087890625 0.0068359375
11 0.34130859375 0.30517578125 0.00830078125 0.00732421875
11 0.34130859375 0.2412109375 0.00830078125 0.0068359375
21 0.4609375 0.24609375 0.00634765625 0.01806640625
21 0.4609375 0.3037109375 0.00634765625 0.0185546875
11 0.400390625 0.30224609375 0.00830078125 0.0068359375
11 0.400390625 0.2294921875 0.00830078125 0.0068359375
11 0.63623046875 0.42724609375 0.00830078125 0.00732421875
11 0.63623046875 0.36767578125 0.00830078125 0.0068359375
21 0.60498046875 0.4287109375 0.00634765625 0.01806640625
21 0.60498046875 0.375 0.00634765625 0.0185546875
11 0.537109375 0.42724609375 0.00830078125 0.00732421875
11 0.537109375 0.36767578125 0.00830078125 0.0068359375
11 0.5830078125 0.42431640625 0.00830078125 0.0068359375
11 0.5830078125 0.36474609375 0.00830078125 0.0068359375
21 0.55908203125 0.4287109375 0.00634765625 0.01806640625
21 0.55908203125 0.375 0.00634765625 0.0185546875
11 0.7587890625 0.4423828125 0.00830078125 0.00732421875
12 0.78173828125 0.37939453125 0.0087890625 0.0068359375
12 0.78173828125 0.4423828125 0.0087890625 0.0068359375
11 0.7587890625 0.37646484375 0.00830078125 0.00732421875
11 0.68115234375 0.43603515625 0.00830078125 0.0068359375
11 0.7041015625 0.43896484375 0.00830078125 0.0068359375
11 0.7041015625 0.37353515625 0.00830078125 0.0068359375
11 0.68115234375 0.37353515625 0.00830078125 0.0068359375
11 0.6591796875 0.42724609375 0.00830078125 0.00732421875
11 0.6591796875 0.37060546875 0.00830078125 0.00732421875
11 0.73583984375 0.4423828125 0.00830078125 0.00732421875
11 0.73583984375 0.37646484375 0.00830078125 0.00732421875
21 0.29443359375 0.4287109375 0.00634765625 0.01806640625
11 0.32421875 0.43896484375 0.00830078125 0.0068359375
11 0.32421875 0.37939453125 0.00830078125 0.0068359375
21 0.29443359375 0.375 0.00634765625 0.0185546875
11 0.27294921875 0.43603515625 0.00830078125 0.0068359375
11 0.34765625 0.37646484375 0.00830078125 0.00732421875
11 0.27294921875 0.37060546875 0.00830078125 0.00732421875
10 0.19287109375 0.4287109375 0.0166015625 0.04541015625
10 0.19287109375 0.375 0.0166015625 0.0458984375
21 0.2509765625 0.375 0.00634765625 0.0185546875
21 0.2509765625 0.4287109375 0.00634765625 0.01806640625
11 0.22900390625 0.42724609375 0.00830078125 0.00732421875
11 0.22900390625 0.36767578125 0.00830078125 0.0068359375
11 0.44677734375 0.37939453125 0.00830078125 0.0068359375
11 0.423828125 0.4423828125 0.00830078125 0.00732421875
11 0.44677734375 0.4423828125 0.00830078125 0.00732421875
11 0.392578125 0.4453125 0.00830078125 0.0068359375
11 0.392578125 0.37060546875 0.00830078125 0.00732421875
11 0.36962890625 0.37353515625 0.00830078125 0.0068359375
11 0.36962890625 0.4482421875 0.00830078125 0.0068359375
11 0.423828125 0.37646484375 0.00830078125 0.00732421875
11 0.34765625 0.43896484375 0.00830078125 0.0068359375