11 0.6416015625 0.703125 0.00830078125 0.0068359375
11 0.6416015625 0.0625 0.00830078125 0.00732421875
11 0.6416015625 0.17529296875 0.00830078125 0.0068359375
11 0.6416015625 0.2939453125 0.00830078125 0.00732421875
11 0.6416015625 0.3681640625 0.00830078125 0.0068359375
11 0.6416015625 0.4716796875 0.00830078125 0.0068359375
21 0.640625 0.59814453125 0.0068359375 0.0185546875
11 0.6416015625 0.80712890625 0.00830078125 0.0068359375
8 0.64111328125 0.07470703125 0.00634765625 0.017578125
11 0.583984375 0.193359375 0.00830078125 0.00732421875
21 0.5830078125 0.59814453125 0.00634765625 0.0185546875
11 0.6162109375 0.1904296875 0.00830078125 0.0068359375
8 0.64111328125 0.48681640625 0.00634765625 0.017578125
8 0.64111328125 0.1875 0.00634765625 0.01806640625
9 0.64794921875 0.2822265625 0.0068359375 0.017578125
8 0.64111328125 0.3828125 0.00634765625 0.01806640625
21 0.5126953125 0.8056640625 0.00634765625 0.0185546875
14 0.49609375 0.17578125 0.0087890625 0.01708984375
14 0.49609375 0.3955078125 0.0087890625 0.017578125
14 0.49609375 0.49951171875 0.0087890625 0.01708984375
21 0.5126953125 0.0791015625 0.00634765625 0.01806640625
21 0.5126953125 0.1708984375 0.00634765625 0.0185546875
21 0.5126953125 0.19482421875 0.00634765625 0.01806640625
21 0.5126953125 0.28662109375 0.00634765625 0.0185546875
21 0.5126953125 0.390625 0.00634765625 0.01806640625
21 0.5126953125 0.494140625 0.00634765625 0.0185546875
11 0.513671875 0.599609375 0.00830078125 0.0068359375
21 0.5126953125 0.70166015625 0.00634765625 0.01806640625
19 0.54833984375 0.0791015625 0.00830078125 0.00390625
19 0.54833984375 0.17041015625 0.00830078125 0.00390625
21 0.54736328125 0.19482421875 0.0068359375 0.01806640625
19 0.54833984375 0.2861328125 0.00830078125 0.00390625
19 0.54833984375 0.39013671875 0.00830078125 0.00390625
19 0.54833984375 0.494140625 0.00830078125 0.00390625
11 0.54833984375 0.599609375 0.00830078125 0.0068359375
19 0.54833984375 0.70166015625 0.00830078125 0.00390625
19 0.54833984375 0.80517578125 0.00830078125 0.00390625
21 0.78173828125 0.0791015625 0.00634765625 0.01806640625
21 0.78173828125 0.1708984375 0.00634765625 0.0185546875
21 0.78173828125 0.28662109375 0.00634765625 0.0185546875
21 0.78173828125 0.390625 0.00634765625 0.01806640625
21 0.78173828125 0.494140625 0.00634765625 0.0185546875
21 0.78173828125 0.59814453125 0.00634765625 0.0185546875
15 0.755859375 0.0810546875 0.0078125 0.01171875
15 0.755859375 0.1728515625 0.0078125 0.01171875
15 0.755859375 0.28857421875 0.0078125 0.01171875
15 0.755859375 0.392578125 0.0078125 0.01171875
15 0.755859375 0.49658203125 0.0078125 0.01171875
21 0.693359375 0.28662109375 0.00634765625 0.0185546875
21 0.693359375 0.390625 0.00634765625 0.01806640625
21 0.693359375 0.494140625 0.00634765625 0.0185546875
11 0.69482421875 0.599609375 0.00830078125 0.0068359375
21 0.693359375 0.70166015625 0.00634765625 0.01806640625
21 0.693359375 0.8056640625 0.00634765625 0.0185546875
21 0.693359375 0.1708984375 0.00634765625 0.0185546875
15 0.66796875 0.0810546875 0.0078125 0.01171875
15 0.66796875 0.1728515625 0.0078125 0.01171875
15 0.66796875 0.28857421875 0.0078125 0.01171875
15 0.66796875 0.392578125 0.0078125 0.01171875
15 0.66796875 0.49658203125 0.0078125 0.01171875
21 0.693359375 0.0791015625 0.00634765625 0.01806640625
8 0.72900390625 0.1904296875 0.00634765625 0.017578125
8 0.72900390625 0.296875 0.00634765625 0.01806640625
8 0.72900390625 0.08642578125 0.00634765625 0.01806640625
8 0.72900390625 0.3828125 0.00634765625 0.01806640625
8 0.72900390625 0.48681640625 0.00634765625 0.017578125
11 0.7294921875 0.17822265625 0.00830078125 0.00732421875
11 0.7294921875 0.07470703125 0.00830078125 0.0068359375
11 0.7294921875 0.28515625 0.00830078125 0.0068359375
11 0.7294921875 0.37109375 0.00830078125 0.0068359375
11 0.7294921875 0.474609375 0.00830078125 0.00732421875
11 0.7294921875 0.599609375 0.00830078125 0.0068359375
19 0.7294921875 0.70166015625 0.00830078125 0.00390625
19 0.7294921875 0.80517578125 0.00830078125 0.00390625
4 0.27685546875 0.49560546875 0.0078125 0.01806640625
11 0.29541015625 0.17822265625 0.00830078125 0.00732421875
11 0.29541015625 0.37109375 0.00830078125 0.0068359375
11 0.29541015625 0.474609375 0.00830078125 0.00732421875
11 0.29541015625 0.599609375 0.00830078125 0.0068359375
21 0.29443359375 0.70166015625 0.00634765625 0.01806640625
21 0.29443359375 0.8056640625 0.00634765625 0.0185546875
11 0.27685546875 0.1875 0.00830078125 0.0068359375
11 0.27685546875 0.3798828125 0.00830078125 0.0068359375
11 0.27685546875 0.48388671875 0.00830078125 0.0068359375
5 0.283203125 0.1767578125 0.00732421875 0.02099609375
4 0.27685546875 0.39208984375 0.0078125 0.01806640625
11 0.34521484375 0.80712890625 0.00830078125 0.0068359375
11 0.34521484375 0.17529296875 0.00830078125 0.0068359375
11 0.34521484375 0.3681640625 0.00830078125 0.0068359375
11 0.34521484375 0.4716796875 0.00830078125 0.0068359375
21 0.34375 0.59814453125 0.00634765625 0.0185546875
11 0.34521484375 0.703125 0.00830078125 0.0068359375
11 0.326171875 0.1875 0.00830078125 0.0068359375
11 0.326171875 0.3798828125 0.00830078125 0.0068359375
11 0.326171875 0.48388671875 0.00830078125 0.0068359375
1 0.193359375 0.39013671875 0.017578125 0.02099609375
10 0.19384765625 0.0791015625 0.0166015625 0.0458984375
10 0.19384765625 0.18310546875 0.0166015625 0.0458984375
1 0.193359375 0.49365234375 0.017578125 0.02099609375
14 0.25927734375 0.169921875 0.0087890625 0.017578125
14 0.25927734375 0.3955078125 0.0087890625 0.017578125
14 0.25927734375 0.49951171875 0.0087890625 0.01708984375
13 0.23388671875 0.0625 0.01123046875 0.00732421875
15 0.232421875 0.1728515625 0.0078125 0.01171875
13 0.23388671875 0.18701171875 0.01123046875 0.00732421875
13 0.23388671875 0.2939453125 0.01123046875 0.00732421875
15 0.232421875 0.392578125 0.0078125 0.01171875
15 0.232421875 0.49658203125 0.0078125 0.01171875
21 0.2314453125 0.59814453125 0.00634765625 0.0185546875
11 0.232421875 0.703125 0.00830078125 0.0068359375
11 0.232421875 0.80712890625 0.00830078125 0.0068359375
9 0.4580078125 0.2822265625 0.0068359375 0.017578125
8 0.451171875 0.19775390625 0.00634765625 0.01806640625
8 0.451171875 0.3828125 0.00634765625 0.01806640625
8 0.451171875 0.48681640625 0.00634765625 0.017578125
8 0.451171875 0.07470703125 0.00634765625 0.017578125
11 0.45166015625 0.0625 0.00830078125 0.00732421875
11 0.45166015625 0.1875 0.00830078125 0.0068359375
11 0.45166015625 0.2939453125 0.00830078125 0.00732421875
11 0.45166015625 0.3681640625 0.00830078125 0.0068359375
11 0.45166015625 0.4716796875 0.00830078125 0.0068359375
21 0.45068359375 0.59814453125 0.00634765625 0.0185546875
11 0.45166015625 0.703125 0.00830078125 0.0068359375
11 0.45166015625 0.80712890625 0.00830078125 0.0068359375
9 0.4580078125 0.16650390625 0.0068359375 0.017578125
15 0.47802734375 0.19677734375 0.0078125 0.01171875
15 0.47802734375 0.28857421875 0.0078125 0.01171875
14 0.478515625 0.3955078125 0.0087890625 0.017578125
14 0.478515625 0.49951171875 0.0087890625 0.01708984375
14 0.478515625 0.17578125 0.0087890625 0.01708984375
11 0.45166015625 0.17529296875 0.00830078125 0.0068359375
15 0.47802734375 0.0810546875 0.0078125 0.01171875
11 0.39453125 0.3623046875 0.00830078125 0.0068359375
11 0.39453125 0.16943359375 0.00830078125 0.0068359375
11 0.39453125 0.4658203125 0.00830078125 0.0068359375
11 0.39453125 0.599609375 0.00830078125 0.0068359375
21 0.3935546875 0.70166015625 0.00634765625 0.01806640625
21 0.3935546875 0.8056640625 0.00634765625 0.0185546875
11 0.3759765625 0.1875 0.00830078125 0.0068359375
11 0.3759765625 0.3798828125 0.00830078125 0.0068359375
11 0.3759765625 0.48388671875 0.00830078125 0.0068359375
11 0.4267578125 0.17236328125 0.00830078125 0.0068359375
11 0.4267578125 0.36474609375 0.00830078125 0.0068359375
11 0.4267578125 0.46875 0.00830078125 0.00732421875