11 0.63916015625 0.0654296875 0.0078125 0.00732421875
11 0.63916015625 0.25634765625 0.0078125 0.0068359375
11 0.61865234375 0.25927734375 0.00830078125 0.0068359375
12 0.61865234375 0.1904296875 0.0087890625 0.0068359375
11 0.61865234375 0.068359375 0.00830078125 0.0068359375
11 0.69921875 0.05615234375 0.00830078125 0.0068359375
11 0.69921875 0.193359375 0.00830078125 0.0068359375
12 0.69970703125 0.24755859375 0.0087890625 0.0068359375
11 0.65478515625 0.06201171875 0.00830078125 0.0068359375
11 0.67529296875 0.25048828125 0.00830078125 0.0068359375
11 0.67529296875 0.05908203125 0.00830078125 0.0068359375
22 0.4609375 0.11474609375 0.00830078125 0.00390625
11 0.65478515625 0.2529296875 0.00830078125 0.0068359375
11 0.56640625 0.068359375 0.0078125 0.0068359375
11 0.56640625 0.19921875 0.0078125 0.00732421875
11 0.6025390625 0.0712890625 0.00830078125 0.0068359375
11 0.6025390625 0.193359375 0.00830078125 0.0068359375
11 0.58203125 0.0654296875 0.00830078125 0.00732421875
11 0.58203125 0.1962890625 0.00830078125 0.0068359375
11 0.79248046875 0.05029296875 0.00830078125 0.00732421875
11 0.79248046875 0.25048828125 0.00830078125 0.0068359375
11 0.77685546875 0.2529296875 0.00830078125 0.0068359375
11 0.80810546875 0.2470703125 0.00830078125 0.00732421875
11 0.7607421875 0.05908203125 0.00830078125 0.0068359375
12 0.76123046875 0.18115234375 0.0087890625 0.0068359375
11 0.7607421875 0.25634765625 0.00830078125 0.0068359375
22 0.61474609375 0.11474609375 0.00830078125 0.00390625
11 0.74560546875 0.18408203125 0.00830078125 0.00732421875
11 0.74560546875 0.06201171875 0.00830078125 0.0068359375
11 0.71484375 0.05908203125 0.00830078125 0.0068359375
11 0.71484375 0.1904296875 0.00830078125 0.0068359375
11 0.73046875 0.05615234375 0.00830078125 0.0068359375
11 0.73046875 0.1875 0.00830078125 0.0068359375
15 0.318359375 0.19384765625 0.0078125 0.01171875
11 0.31884765625 0.25927734375 0.00830078125 0.0068359375
19 0.31884765625 0.11767578125 0.00830078125 0.00390625
11 0.30322265625 0.26220703125 0.00830078125 0.0068359375
11 0.31884765625 0.05908203125 0.00830078125 0.0068359375
11 0.36669921875 0.068359375 0.00830078125 0.0068359375
11 0.3974609375 0.0712890625 0.00830078125 0.0068359375
11 0.3974609375 0.1962890625 0.00830078125 0.0068359375
11 0.333984375 0.06201171875 0.00830078125 0.0068359375
11 0.333984375 0.205078125 0.00830078125 0.0068359375
9 0.3408203125 0.19287109375 0.0068359375 0.017578125
11 0.3515625 0.0654296875 0.00830078125 0.00732421875
11 0.3515625 0.1962890625 0.00830078125 0.0068359375
11 0.3515625 0.26513671875 0.00830078125 0.0068359375
1 0.193359375 0.25146484375 0.017578125 0.02099609375
0 0.17529296875 0.08935546875 0.005859375 0.08447265625
0 0.17529296875 0.22314453125 0.005859375 0.08447265625
22 0.75390625 0.11474609375 0.00830078125 0.00390625
11 0.2666015625 0.26806640625 0.0078125 0.00732421875
11 0.2822265625 0.068359375 0.00830078125 0.0068359375
11 0.2822265625 0.26513671875 0.00830078125 0.0068359375
12 0.25146484375 0.1904296875 0.0087890625 0.0068359375
11 0.25146484375 0.05908203125 0.00830078125 0.0068359375
12 0.25146484375 0.107421875 0.0087890625 0.0068359375
11 0.25146484375 0.27099609375 0.00830078125 0.0068359375
11 0.49072265625 0.07421875 0.00830078125 0.0068359375
11 0.49072265625 0.26513671875 0.00830078125 0.0068359375
11 0.45458984375 0.2021484375 0.00830078125 0.0068359375
11 0.3974609375 0.26220703125 0.00830078125 0.0068359375
11 0.47021484375 0.0771484375 0.00830078125 0.0068359375
12 0.470703125 0.19921875 0.0087890625 0.0068359375
11 0.47021484375 0.2529296875 0.00830078125 0.0068359375
11 0.52685546875 0.25927734375 0.0078125 0.0068359375
11 0.55078125 0.0654296875 0.00830078125 0.00732421875
11 0.55078125 0.2021484375 0.00830078125 0.0068359375
12 0.55126953125 0.25634765625 0.0087890625 0.0068359375
11 0.50634765625 0.0712890625 0.00830078125 0.0068359375
11 0.50634765625 0.26220703125 0.00830078125 0.0068359375
11 0.52685546875 0.068359375 0.0078125 0.0068359375
11 0.4130859375 0.07421875 0.00830078125 0.0068359375
11 0.43408203125 0.2529296875 0.00830078125 0.0068359375
11 0.43408203125 0.19921875 0.00830078125 0.00732421875
11 0.43408203125 0.0771484375 0.00830078125 0.0068359375
11 0.654296875 0.54345703125 0.00830078125 0.0068359375
11 0.654296875 0.61279296875 0.00830078125 0.0068359375
11 0.638671875 0.3828125 0.00830078125 0.0068359375
11 0.638671875 0.44873046875 0.00830078125 0.0068359375
11 0.638671875 0.54052734375 0.00830078125 0.0068359375
11 0.654296875 0.44580078125 0.00830078125 0.00732421875
11 0.654296875 0.3798828125 0.00830078125 0.0068359375
11 0.6953125 0.44580078125 0.00830078125 0.00732421875
11 0.669921875 0.546875 0.00830078125 0.00732421875
11 0.6953125 0.3798828125 0.00830078125 0.0068359375
11 0.6953125 0.5498046875 0.00830078125 0.0068359375
12 0.69580078125 0.60986328125 0.0087890625 0.0068359375
11 0.5732421875 0.44580078125 0.00830078125 0.00732421875
11 0.5732421875 0.5498046875 0.00830078125 0.0068359375
11 0.5732421875 0.59765625 0.00830078125 0.0068359375
11 0.552734375 0.44873046875 0.00830078125 0.0068359375
11 0.552734375 0.6005859375 0.00830078125 0.0068359375
11 0.59423828125 0.388671875 0.00830078125 0.0068359375
11 0.59423828125 0.44287109375 0.00830078125 0.0068359375
8 0.59326171875 0.40087890625 0.00634765625 0.01806640625
11 0.62255859375 0.3857421875 0.00830078125 0.0068359375
11 0.62255859375 0.45166015625 0.00830078125 0.0068359375
11 0.62255859375 0.53759765625 0.00830078125 0.0068359375
11 0.62255859375 0.59765625 0.00830078125 0.0068359375
11 0.80517578125 0.546875 0.00830078125 0.00732421875
11 0.80517578125 0.609375 0.00830078125 0.00732421875
11 0.78955078125 0.61279296875 0.00830078125 0.0068359375
11 0.78955078125 0.3828125 0.00830078125 0.0068359375
11 0.78955078125 0.45751953125 0.00830078125 0.0068359375
11 0.78955078125 0.5498046875 0.00830078125 0.0068359375
11 0.7265625 0.376953125 0.00830078125 0.00732421875
11 0.7265625 0.45166015625 0.00830078125 0.0068359375
11 0.7265625 0.5556640625 0.00830078125 0.0068359375
11 0.7109375 0.44873046875 0.00830078125 0.0068359375
11 0.7109375 0.552734375 0.00830078125 0.0068359375
11 0.77392578125 0.3857421875 0.00830078125 0.0068359375
11 0.77392578125 0.4609375 0.00830078125 0.00732421875
11 0.77392578125 0.552734375 0.00830078125 0.0068359375
11 0.7421875 0.3798828125 0.00830078125 0.0068359375
11 0.7421875 0.45458984375 0.00830078125 0.0068359375
11 0.75830078125 0.3828125 0.0078125 0.0068359375
11 0.75830078125 0.45751953125 0.0078125 0.0068359375
11 0.75830078125 0.5556640625 0.0078125 0.0068359375
11 0.33349609375 0.53759765625 0.00830078125 0.0068359375
11 0.33349609375 0.591796875 0.00830078125 0.0068359375
11 0.30322265625 0.39794921875 0.00830078125 0.00732421875
11 0.30322265625 0.52880859375 0.00830078125 0.0068359375
11 0.31884765625 0.39453125 0.00830078125 0.0068359375
11 0.31884765625 0.44873046875 0.00830078125 0.0068359375
11 0.31884765625 0.52587890625 0.00830078125 0.00732421875
11 0.31884765625 0.5859375 0.00830078125 0.0068359375
11 0.36328125 0.5947265625 0.00830078125 0.00732421875
11 0.38623046875 0.3916015625 0.00830078125 0.00732421875
21 0.38525390625 0.45947265625 0.00634765625 0.0185546875
11 0.38623046875 0.53759765625 0.00830078125 0.0068359375
11 0.38623046875 0.591796875 0.00830078125 0.0068359375
11 0.34912109375 0.5888671875 0.00830078125 0.0068359375
11 0.34912109375 0.39453125 0.00830078125 0.0068359375
11 0.34912109375 0.45751953125 0.00830078125 0.0068359375
11 0.34912109375 0.53466796875 0.00830078125 0.0068359375
1 0.193359375 0.5927734375 0.017578125 0.02099609375
11 0.25146484375 0.3916015625 0.00830078125 0.00732421875
0 0.17529296875 0.4306640625 0.005859375 0.0849609375
0 0.17529296875 0.564453125 0.005859375 0.08447265625
21 0.25 0.45947265625 0.0068359375 0.0185546875
11 0.28271484375 0.3916015625 0.00830078125 0.00732421875
11 0.28271484375 0.44873046875 0.00830078125 0.0068359375
11 0.28271484375 0.52294921875 0.00830078125 0.0068359375
11 0.25146484375 0.52587890625 0.00830078125 0.00732421875
12 0.25146484375 0.5859375 0.0087890625 0.0068359375
11 0.26708984375 0.39453125 0.00830078125 0.0068359375
11 0.48681640625 0.40087890625 0.00830078125 0.0068359375
11 0.48681640625 0.43994140625 0.00830078125 0.0068359375
11 0.48681640625 0.54345703125 0.00830078125 0.0068359375
11 0.48681640625 0.6005859375 0.00830078125 0.0068359375
11 0.4541015625 0.44873046875 0.00830078125 0.0068359375
21 0.453125 0.533203125 0.00634765625 0.0185546875
11 0.4541015625 0.59765625 0.00830078125 0.0068359375
11 0.46826171875 0.603515625 0.00830078125 0.0068359375
11 0.5009765625 0.6064453125 0.00830078125 0.0068359375
11 0.53173828125 0.3916015625 0.00830078125 0.00732421875
11 0.53173828125 0.45166015625 0.00830078125 0.0068359375
11 0.53173828125 0.54052734375 0.00830078125 0.0068359375
11 0.53173828125 0.603515625 0.00830078125 0.0068359375
11 0.40185546875 0.5947265625 0.00830078125 0.00732421875
11 0.4541015625 0.40673828125 0.00830078125 0.0068359375
11 0.41748046875 0.40380859375 0.00830078125 0.0068359375
11 0.41748046875 0.44580078125 0.00830078125 0.00732421875
11 0.41748046875 0.52880859375 0.00830078125 0.0068359375
11 0.41748046875 0.59765625 0.00830078125 0.0068359375
11 0.4384765625 0.6005859375 0.00830078125 0.0068359375
11 0.64599609375 0.79638671875 0.00830078125 0.0068359375
11 0.62939453125 0.93603515625 0.00830078125 0.00732421875
11 0.61279296875 0.87890625 0.00830078125 0.0068359375
12 0.61328125 0.7421875 0.0087890625 0.0068359375
11 0.61279296875 0.80517578125 0.00830078125 0.0068359375
11 0.61279296875 0.93310546875 0.00830078125 0.0068359375
11 0.6884765625 0.9453125 0.00830078125 0.0068359375
11 0.6884765625 0.7421875 0.00830078125 0.0068359375
12 0.6884765625 0.79638671875 0.0087890625 0.0068359375
11 0.6884765625 0.89111328125 0.00830078125 0.0068359375
11 0.66259765625 0.9423828125 0.00830078125 0.00732421875
8 0.6875 0.75341796875 0.00634765625 0.01806640625
11 0.64599609375 0.93896484375 0.00830078125 0.0068359375
11 0.64599609375 0.8701171875 0.00830078125 0.0068359375
11 0.59619140625 0.93603515625 0.00830078125 0.00732421875
11 0.59619140625 0.80224609375 0.00830078125 0.0068359375
11 0.59619140625 0.88232421875 0.00830078125 0.0068359375
11 0.580078125 0.93896484375 0.00830078125 0.0068359375
11 0.5634765625 0.79638671875 0.00830078125 0.0068359375
11 0.580078125 0.79931640625 0.00830078125 0.0068359375
11 0.580078125 0.88525390625 0.00830078125 0.0068359375
11 0.7880859375 0.9453125 0.00830078125 0.0068359375
11 0.8076171875 0.7900390625 0.00830078125 0.0068359375
11 0.771484375 0.79638671875 0.00830078125 0.0068359375
11 0.7880859375 0.79296875 0.00830078125 0.0068359375
11 0.7880859375 0.8701171875 0.00830078125 0.0068359375
11 0.70458984375 0.7333984375 0.00830078125 0.0068359375
8 0.73291015625 0.748046875 0.00634765625 0.01806640625
12 0.75048828125 0.7333984375 0.0087890625 0.0068359375
11 0.75048828125 0.79638671875 0.00830078125 0.0068359375
11 0.75048828125 0.92431640625 0.00830078125 0.0068359375
19 0.71728515625 0.87451171875 0.00830078125 0.00390625
11 0.71728515625 0.92431640625 0.0078125 0.0068359375
11 0.73388671875 0.736328125 0.00830078125 0.0068359375
11 0.73388671875 0.92724609375 0.00830078125 0.0068359375
11 0.35009765625 0.79638671875 0.00830078125 0.0068359375
11 0.35009765625 0.88232421875 0.00830078125 0.0068359375
11 0.35009765625 0.9453125 0.00830078125 0.0068359375
11 0.33349609375 0.79296875 0.00830078125 0.0068359375
11 0.30078125 0.79296875 0.00830078125 0.0068359375
11 0.31689453125 0.79638671875 0.00830078125 0.0068359375
11 0.39404296875 0.736328125 0.00830078125 0.0068359375
12 0.39453125 0.80224609375 0.0087890625 0.0068359375
12 0.39453125 0.8759765625 0.0087890625 0.0068359375
11 0.39404296875 0.93896484375 0.00830078125 0.0068359375
11 0.369140625 0.79931640625 0.00830078125 0.0068359375
11 0.369140625 0.87890625 0.00830078125 0.0068359375
11 0.369140625 0.9423828125 0.00830078125 0.00732421875
1 0.193359375 0.93408203125 0.017578125 0.02099609375
0 0.17529296875 0.7724609375 0.005859375 0.0849609375
0 0.17529296875 0.90625 0.005859375 0.0849609375
11 0.267578125 0.88232421875 0.00830078125 0.0068359375
11 0.2841796875 0.7900390625 0.00830078125 0.0068359375
12 0.28466796875 0.88525390625 0.0087890625 0.0068359375
13 0.2529296875 0.736328125 0.01123046875 0.0068359375
11 0.25146484375 0.787109375 0.00830078125 0.00732421875
11 0.25146484375 0.88525390625 0.00830078125 0.0068359375
12 0.25146484375 0.9482421875 0.0087890625 0.0068359375
11 0.4892578125 0.87890625 0.00830078125 0.0068359375
11 0.4892578125 0.93310546875 0.00830078125 0.0068359375
11 0.505859375 0.79931640625 0.00830078125 0.0068359375
11 0.505859375 0.88232421875 0.00830078125 0.0068359375
11 0.505859375 0.93603515625 0.00830078125 0.00732421875
12 0.470703125 0.7392578125 0.0087890625 0.0068359375
11 0.47021484375 0.93017578125 0.00830078125 0.0068359375
12 0.54736328125 0.7392578125 0.0087890625 0.0068359375
11 0.546875 0.79296875 0.00830078125 0.0068359375
11 0.546875 0.88818359375 0.00830078125 0.00732421875
11 0.546875 0.9423828125 0.00830078125 0.00732421875
11 0.47021484375 0.8759765625 0.00830078125 0.0068359375
11 0.5224609375 0.79638671875 0.00830078125 0.0068359375
11 0.5224609375 0.88525390625 0.00830078125 0.0068359375
11 0.5224609375 0.93896484375 0.00830078125 0.0068359375
11 0.41552734375 0.748046875 0.00830078125 0.0068359375
11 0.43212890625 0.7451171875 0.00830078125 0.0068359375
11 0.43212890625 0.93603515625 0.00830078125 0.00732421875
11 0.45361328125 0.93310546875 0.00830078125 0.0068359375
11 0.45361328125 0.7421875 0.00830078125 0.0068359375