19 0.615234375 0.08447265625 0.00830078125 0.00390625
11 0.6591796875 0.0830078125 0.00830078125 0.0068359375
11 0.52978515625 0.0859375 0.00830078125 0.0068359375
11 0.55224609375 0.0859375 0.00830078125 0.0068359375
12 0.58154296875 0.0888671875 0.0087890625 0.0068359375
12 0.79052734375 0.080078125 0.0087890625 0.0068359375
11 0.681640625 0.0830078125 0.00830078125 0.0068359375
11 0.7041015625 0.0830078125 0.00830078125 0.0068359375
11 0.7265625 0.0830078125 0.00830078125 0.0068359375
12 0.7568359375 0.0771484375 0.0087890625 0.0068359375
11 0.3837890625 0.0859375 0.00830078125 0.0068359375
11 0.3310546875 0.0888671875 0.00830078125 0.00732421875
11 0.35400390625 0.0830078125 0.00830078125 0.0068359375
11 0.28662109375 0.0888671875 0.00830078125 0.00732421875
1 0.24365234375 0.083984375 0.017578125 0.02099609375
11 0.30859375 0.0888671875 0.00830078125 0.00732421875
11 0.45263671875 0.080078125 0.00830078125 0.0068359375
11 0.48486328125 0.0830078125 0.00830078125 0.0068359375
11 0.50732421875 0.0830078125 0.00830078125 0.0068359375
11 0.4287109375 0.0859375 0.00830078125 0.0068359375
11 0.40625 0.0859375 0.00830078125 0.0068359375
11 0.57763671875 0.1767578125 0.00830078125 0.0068359375
11 0.60302734375 0.18017578125 0.00830078125 0.0068359375
11 0.64501953125 0.18017578125 0.00830078125 0.0068359375
11 0.52734375 0.18017578125 0.00830078125 0.0068359375
11 0.552734375 0.18017578125 0.00830078125 0.0068359375
13 0.76513671875 0.1708984375 0.01123046875 0.00732421875
11 0.67041015625 0.1767578125 0.00830078125 0.0068359375
11 0.69775390625 0.1767578125 0.00830078125 0.0068359375
11 0.72314453125 0.173828125 0.0078125 0.0068359375
12 0.328125 0.162109375 0.0087890625 0.0068359375
11 0.2685546875 0.16796875 0.00830078125 0.0068359375
11 0.2939453125 0.16796875 0.00830078125 0.0068359375
1 0.193359375 0.166015625 0.017578125 0.02099609375
11 0.21826171875 0.16796875 0.00830078125 0.0068359375
11 0.24365234375 0.16796875 0.00830078125 0.0068359375
11 0.44091796875 0.173828125 0.00830078125 0.0068359375
11 0.4658203125 0.1767578125 0.00830078125 0.0068359375
11 0.4921875 0.1767578125 0.00830078125 0.0068359375
12 0.36669921875 0.1650390625 0.0087890625 0.0068359375
11 0.41552734375 0.1708984375 0.00830078125 0.00732421875