11 0.65283203125 0.76611328125 0.00732421875 0.00634765625
11 0.65283203125 0.6943359375 0.00732421875 0.00634765625
11 0.6376953125 0.69677734375 0.00732421875 0.00634765625
11 0.6376953125 0.76904296875 0.00732421875 0.00634765625
11 0.58154296875 0.7744140625 0.00732421875 0.00634765625
11 0.58154296875 0.7021484375 0.00732421875 0.00634765625
11 0.6162109375 0.76904296875 0.00732421875 0.00634765625
11 0.6162109375 0.69677734375 0.00732421875 0.00634765625
11 0.5966796875 0.771484375 0.0068359375 0.00634765625
11 0.5966796875 0.69921875 0.0068359375 0.00634765625
11 0.71142578125 0.763671875 0.00732421875 0.00634765625
11 0.71142578125 0.69140625 0.00732421875 0.00634765625
11 0.68994140625 0.763671875 0.00732421875 0.00634765625
11 0.68994140625 0.69140625 0.00732421875 0.00634765625
12 0.6748046875 0.24755859375 0.0078125 0.00634765625
12 0.6748046875 0.9267578125 0.0078125 0.00634765625
12 0.6748046875 0.87109375 0.0078125 0.00634765625
12 0.6748046875 0.8154296875 0.0078125 0.00634765625
12 0.6748046875 0.833984375 0.0078125 0.00634765625
11 0.67431640625 0.76611328125 0.00732421875 0.00634765625
11 0.67431640625 0.6943359375 0.00732421875 0.00634765625
12 0.6748046875 0.4228515625 0.0078125 0.00634765625
12 0.6748046875 0.427734375 0.0078125 0.00634765625
12 0.6748046875 0.3876953125 0.0078125 0.00634765625
12 0.6748046875 0.26318359375 0.0078125 0.00634765625
12 0.6748046875 0.181640625 0.0078125 0.00634765625
12 0.6748046875 0.19482421875 0.0078125 0.00634765625
12 0.6748046875 0.10791015625 0.0078125 0.00634765625
12 0.6748046875 0.12109375 0.0078125 0.00634765625
12 0.6748046875 0.04931640625 0.0078125 0.00634765625
12 0.6748046875 0.0625 0.0078125 0.00634765625
11 0.52294921875 0.70751953125 0.00732421875 0.00634765625
11 0.52294921875 0.779296875 0.00732421875 0.00634765625
11 0.56005859375 0.7744140625 0.00732421875 0.00634765625
11 0.56005859375 0.7021484375 0.00732421875 0.00634765625
11 0.544921875 0.77685546875 0.00732421875 0.00634765625
11 0.544921875 0.70458984375 0.00732421875 0.00634765625
11 0.78173828125 0.68359375 0.00732421875 0.00634765625
21 0.78076171875 0.4189453125 0.005859375 0.01611328125
11 0.78173828125 0.3876953125 0.00732421875 0.00634765625
11 0.78173828125 0.24755859375 0.00732421875 0.00634765625
11 0.78173828125 0.17919921875 0.00732421875 0.00634765625
11 0.78173828125 0.11865234375 0.00732421875 0.00634765625
11 0.78173828125 0.04638671875 0.00732421875 0.00634765625
11 0.78173828125 0.94287109375 0.00732421875 0.00634765625
11 0.78173828125 0.9052734375 0.00732421875 0.00634765625
11 0.78173828125 0.8154296875 0.00732421875 0.00634765625
11 0.78173828125 0.82861328125 0.00732421875 0.00634765625
11 0.78173828125 0.755859375 0.00732421875 0.00634765625
11 0.7470703125 0.75830078125 0.00732421875 0.00634765625
11 0.7470703125 0.68603515625 0.00732421875 0.00634765625
11 0.7265625 0.76123046875 0.00732421875 0.00634765625
11 0.7265625 0.68896484375 0.00732421875 0.00634765625
11 0.76708984375 0.75830078125 0.00732421875 0.00634765625
11 0.76708984375 0.68603515625 0.00732421875 0.00634765625
11 0.8037109375 0.12109375 0.00732421875 0.00634765625
11 0.8037109375 0.25 0.00732421875 0.00634765625
11 0.8037109375 0.181640625 0.00732421875 0.00634765625
11 0.8037109375 0.04931640625 0.00732421875 0.00634765625
21 0.2763671875 0.93896484375 0.005859375 0.0166015625
11 0.27734375 0.8818359375 0.00732421875 0.00634765625
11 0.27734375 0.82373046875 0.00732421875 0.00634765625
11 0.27734375 0.76904296875 0.00732421875 0.00634765625
21 0.2763671875 0.708984375 0.005859375 0.0166015625
11 0.27734375 0.42529296875 0.00732421875 0.00634765625
11 0.27734375 0.2607421875 0.00732421875 0.00634765625
11 0.27734375 0.173828125 0.00732421875 0.00634765625
11 0.27734375 0.0595703125 0.00732421875 0.00634765625
11 0.25537109375 0.763671875 0.00732421875 0.00634765625
11 0.25537109375 0.25537109375 0.00732421875 0.00634765625
11 0.25537109375 0.0546875 0.00732421875 0.00634765625
11 0.294921875 0.265625 0.00732421875 0.00634765625
11 0.294921875 0.7744140625 0.00732421875 0.00634765625
11 0.294921875 0.06494140625 0.00732421875 0.00634765625
11 0.33837890625 0.94775390625 0.00732421875 0.00634765625
11 0.33837890625 0.89208984375 0.00732421875 0.00634765625
11 0.33837890625 0.833984375 0.00732421875 0.00634765625
21 0.33740234375 0.76220703125 0.005859375 0.0166015625
11 0.33837890625 0.70751953125 0.00732421875 0.00634765625
11 0.33837890625 0.427734375 0.00732421875 0.00634765625
11 0.33837890625 0.2421875 0.00732421875 0.00634765625
11 0.33837890625 0.1767578125 0.00732421875 0.00634765625
11 0.33837890625 0.0517578125 0.00732421875 0.00634765625
22 0.50537109375 0.64013671875 0.00732421875 0.00341796875
22 0.50537109375 0.5869140625 0.00732421875 0.00341796875
22 0.50537109375 0.5283203125 0.00732421875 0.00341796875
22 0.50537109375 0.47509765625 0.00732421875 0.00341796875
22 0.50537109375 0.3076171875 0.00732421875 0.00341796875
22 0.22412109375 0.64013671875 0.00732421875 0.00341796875
22 0.22412109375 0.5869140625 0.00732421875 0.00341796875
22 0.22412109375 0.5283203125 0.00732421875 0.00341796875
22 0.22412109375 0.47509765625 0.00732421875 0.00341796875
22 0.22412109375 0.3681640625 0.00732421875 0.00341796875
22 0.22412109375 0.3076171875 0.00732421875 0.00341796875
1 0.19140625 0.3095703125 0.015625 0.0185546875
10 0.1923828125 0.1884765625 0.0146484375 0.04052734375
10 0.1923828125 0.125 0.0146484375 0.04052734375
10 0.1923828125 0.07177734375 0.0146484375 0.04052734375
11 0.2373046875 0.17919921875 0.00732421875 0.00634765625
11 0.2373046875 0.93212890625 0.00732421875 0.00634765625
11 0.2373046875 0.8896484375 0.00732421875 0.00634765625
11 0.2373046875 0.83154296875 0.00732421875 0.00634765625
11 0.2373046875 0.755859375 0.00732421875 0.00634765625
21 0.236328125 0.708984375 0.005859375 0.0166015625
11 0.2373046875 0.4306640625 0.00732421875 0.00634765625
11 0.2373046875 0.24755859375 0.00732421875 0.00634765625
22 0.23779296875 0.1171875 0.00732421875 0.00341796875
11 0.2373046875 0.04638671875 0.00732421875 0.00634765625
1 0.19140625 0.58935546875 0.015625 0.0185546875
1 0.19140625 0.642578125 0.015625 0.0185546875
10 0.1923828125 0.48291015625 0.0146484375 0.04052734375
10 0.1923828125 0.42919921875 0.0146484375 0.04052734375
10 0.1923828125 0.3759765625 0.0146484375 0.04052734375
1 0.19140625 0.9384765625 0.015625 0.0185546875
1 0.19140625 0.8828125 0.015625 0.0185546875
10 0.1923828125 0.76220703125 0.0146484375 0.04052734375
10 0.1923828125 0.708984375 0.0146484375 0.04052734375
11 0.4560546875 0.9453125 0.00732421875 0.00634765625
11 0.4560546875 0.8896484375 0.00732421875 0.00634765625
11 0.4560546875 0.82373046875 0.00732421875 0.00634765625
11 0.4560546875 0.8369140625 0.00732421875 0.00634765625
11 0.4560546875 0.78759765625 0.00732421875 0.00634765625
11 0.4560546875 0.71533203125 0.00732421875 0.00634765625
11 0.4560546875 0.42529296875 0.00732421875 0.00634765625
11 0.43408203125 0.0810546875 0.00732421875 0.00634765625
11 0.43408203125 0.7177734375 0.00732421875 0.00634765625
11 0.43408203125 0.25244140625 0.00732421875 0.00634765625
11 0.4560546875 0.11328125 0.00732421875 0.00634765625
11 0.4560546875 0.4306640625 0.00732421875 0.00634765625
11 0.4560546875 0.25 0.00732421875 0.00634765625
11 0.4560546875 0.25537109375 0.00732421875 0.00634765625
11 0.4560546875 0.17919921875 0.00732421875 0.00634765625
11 0.4560546875 0.1923828125 0.00732421875 0.00634765625
11 0.4560546875 0.11865234375 0.00732421875 0.00634765625
11 0.4560546875 0.04638671875 0.00732421875 0.00634765625
11 0.4560546875 0.0595703125 0.00732421875 0.00634765625
12 0.50830078125 0.10791015625 0.0078125 0.00634765625
12 0.50830078125 0.833984375 0.0078125 0.00634765625
11 0.5078125 0.7822265625 0.00732421875 0.00634765625
11 0.5078125 0.7099609375 0.00732421875 0.00634765625
12 0.50830078125 0.4228515625 0.0078125 0.00634765625
12 0.50830078125 0.427734375 0.0078125 0.00634765625
12 0.50830078125 0.3876953125 0.0078125 0.00634765625
12 0.50830078125 0.24755859375 0.0078125 0.00634765625
12 0.50830078125 0.26318359375 0.0078125 0.00634765625
12 0.50830078125 0.181640625 0.0078125 0.00634765625
12 0.50830078125 0.19482421875 0.0078125 0.00634765625
12 0.50830078125 0.8154296875 0.0078125 0.00634765625
12 0.50830078125 0.12109375 0.0078125 0.00634765625
12 0.50830078125 0.04931640625 0.0078125 0.00634765625
12 0.50830078125 0.0625 0.0078125 0.00634765625
12 0.50830078125 0.9267578125 0.0078125 0.00634765625
12 0.50830078125 0.87109375 0.0078125 0.00634765625
11 0.49267578125 0.78466796875 0.00732421875 0.00634765625
11 0.49267578125 0.712890625 0.00732421875 0.00634765625
11 0.47119140625 0.78466796875 0.00732421875 0.00634765625
11 0.47119140625 0.712890625 0.00732421875 0.00634765625
11 0.375 0.9296875 0.00732421875 0.00634765625
11 0.3564453125 0.712890625 0.00732421875 0.00634765625
11 0.3564453125 0.24755859375 0.00732421875 0.00634765625
11 0.3564453125 0.05712890625 0.00732421875 0.00634765625
11 0.375 0.1767578125 0.00732421875 0.00634765625
11 0.375 0.88720703125 0.00732421875 0.00634765625
11 0.375 0.82861328125 0.00732421875 0.00634765625
21 0.3740234375 0.76220703125 0.005859375 0.0166015625
11 0.375 0.7177734375 0.00732421875 0.00634765625
11 0.375 0.427734375 0.00732421875 0.00634765625
11 0.375 0.25244140625 0.00732421875 0.00634765625
11 0.375 0.0625 0.00732421875 0.00634765625
21 0.41357421875 0.93896484375 0.005859375 0.0166015625
11 0.41455078125 0.87890625 0.00732421875 0.00634765625
11 0.41455078125 0.82080078125 0.00732421875 0.00634765625
21 0.41357421875 0.76220703125 0.005859375 0.0166015625
11 0.41455078125 0.73095703125 0.00732421875 0.00634765625
11 0.41455078125 0.4228515625 0.00732421875 0.00634765625
11 0.396484375 0.0703125 0.00732421875 0.00634765625
11 0.41455078125 0.265625 0.00732421875 0.00634765625
11 0.41455078125 0.17138671875 0.00732421875 0.00634765625
21 0.41357421875 0.11474609375 0.005859375 0.0166015625
11 0.396484375 0.2607421875 0.00732421875 0.00634765625
11 0.396484375 0.72607421875 0.00732421875 0.00634765625
11 0.41455078125 0.07568359375 0.00732421875 0.00634765625