21 0.60791015625 0.251953125 0.00634765625 0.0185546875
11 0.60888671875 0.1962890625 0.00830078125 0.0068359375
19 0.60888671875 0.11767578125 0.00830078125 0.00390625
11 0.5908203125 0.20263671875 0.00830078125 0.0068359375
11 0.689453125 0.25048828125 0.0078125 0.0068359375
11 0.689453125 0.1875 0.0078125 0.00732421875
11 0.65966796875 0.1904296875 0.00830078125 0.0068359375
11 0.64453125 0.25341796875 0.0078125 0.0068359375
11 0.64453125 0.193359375 0.0078125 0.00732421875
11 0.62939453125 0.1962890625 0.00830078125 0.0068359375
11 0.5703125 0.11962890625 0.00830078125 0.0068359375
11 0.5703125 0.20556640625 0.00830078125 0.0068359375
11 0.5703125 0.25341796875 0.00830078125 0.0068359375
11 0.55029296875 0.25341796875 0.00830078125 0.0068359375
11 0.55029296875 0.12548828125 0.00830078125 0.0068359375
11 0.80810546875 0.1845703125 0.00830078125 0.0068359375
11 0.80810546875 0.25048828125 0.00830078125 0.0068359375
11 0.7783203125 0.1845703125 0.00830078125 0.0068359375
11 0.7939453125 0.1875 0.00830078125 0.00732421875
11 0.7939453125 0.24462890625 0.00830078125 0.0068359375
11 0.76171875 0.193359375 0.00830078125 0.00732421875
22 0.5927734375 0.05517578125 0.00830078125 0.00390625
11 0.7412109375 0.1875 0.00830078125 0.00732421875
11 0.70751953125 0.1845703125 0.00830078125 0.0068359375
11 0.70751953125 0.24462890625 0.00830078125 0.0068359375
11 0.7275390625 0.181640625 0.00830078125 0.0068359375
12 0.72802734375 0.24462890625 0.0087890625 0.0068359375
11 0.31787109375 0.0537109375 0.00830078125 0.0068359375
11 0.31787109375 0.11328125 0.00830078125 0.0068359375
11 0.31787109375 0.25341796875 0.00830078125 0.0068359375
11 0.28173828125 0.05029296875 0.00830078125 0.0068359375
11 0.28173828125 0.11962890625 0.00830078125 0.0068359375
11 0.3017578125 0.11669921875 0.00830078125 0.0068359375
11 0.359375 0.25634765625 0.00830078125 0.00732421875
9 0.3662109375 0.24462890625 0.0068359375 0.017578125
12 0.38427734375 0.0595703125 0.0087890625 0.00732421875
11 0.34814453125 0.056640625 0.00830078125 0.0068359375
11 0.3330078125 0.1103515625 0.00830078125 0.0068359375
11 0.34814453125 0.107421875 0.00830078125 0.00732421875
11 0.34814453125 0.1962890625 0.00830078125 0.0068359375
22 0.74609375 0.115234375 0.00830078125 0.00390625
1 0.193359375 0.25146484375 0.017578125 0.02099609375
0 0.17529296875 0.08935546875 0.005859375 0.0849609375
0 0.17529296875 0.22314453125 0.005859375 0.0849609375
22 0.74609375 0.05517578125 0.00830078125 0.00390625
11 0.2666015625 0.12255859375 0.00830078125 0.00732421875
11 0.25146484375 0.12548828125 0.00830078125 0.0068359375
11 0.25146484375 0.04736328125 0.00830078125 0.0068359375
12 0.25146484375 0.1962890625 0.0087890625 0.0068359375
12 0.25146484375 0.25048828125 0.0087890625 0.0068359375
11 0.470703125 0.26220703125 0.00830078125 0.0068359375
11 0.43505859375 0.11669921875 0.00830078125 0.0068359375
11 0.38427734375 0.107421875 0.00830078125 0.00732421875
19 0.45068359375 0.0576171875 0.00830078125 0.00390625
12 0.45068359375 0.11962890625 0.0087890625 0.0068359375
11 0.4501953125 0.1845703125 0.00830078125 0.0068359375
11 0.4501953125 0.25927734375 0.00830078125 0.0068359375
11 0.50146484375 0.1904296875 0.00830078125 0.0068359375
11 0.50146484375 0.25634765625 0.00830078125 0.00732421875
11 0.52978515625 0.11962890625 0.00830078125 0.0068359375
11 0.52978515625 0.193359375 0.00830078125 0.00732421875
11 0.52978515625 0.25341796875 0.00830078125 0.0068359375
11 0.48583984375 0.1875 0.00830078125 0.00732421875
11 0.48583984375 0.25927734375 0.00830078125 0.0068359375
11 0.38427734375 0.1962890625 0.00830078125 0.0068359375
11 0.4150390625 0.20556640625 0.00830078125 0.0068359375
11 0.4150390625 0.11328125 0.00830078125 0.0068359375
12 0.38427734375 0.25927734375 0.0087890625 0.0068359375
11 0.3994140625 0.1103515625 0.00830078125 0.0068359375
11 0.62255859375 0.38916015625 0.00830078125 0.0068359375
19 0.60693359375 0.59326171875 0.00830078125 0.00390625
11 0.60693359375 0.39208984375 0.00830078125 0.0068359375
11 0.60693359375 0.45458984375 0.00830078125 0.0068359375
19 0.60693359375 0.533203125 0.00830078125 0.00390625
11 0.638671875 0.44873046875 0.0078125 0.0068359375
11 0.65966796875 0.39208984375 0.00830078125 0.0068359375
11 0.638671875 0.3857421875 0.0078125 0.0068359375
11 0.62255859375 0.4521484375 0.00830078125 0.0068359375
11 0.65966796875 0.44580078125 0.00830078125 0.0068359375
11 0.55859375 0.3828125 0.00830078125 0.0068359375
11 0.5908203125 0.38916015625 0.00830078125 0.0068359375
11 0.5908203125 0.4580078125 0.00830078125 0.00732421875
21 0.57373046875 0.59326171875 0.00634765625 0.01806640625
11 0.57470703125 0.3857421875 0.00830078125 0.0068359375
11 0.57470703125 0.4609375 0.00830078125 0.0068359375
21 0.57373046875 0.53369140625 0.00634765625 0.0185546875
11 0.7919921875 0.45458984375 0.00830078125 0.0068359375
11 0.7919921875 0.3857421875 0.00830078125 0.0068359375
11 0.8076171875 0.4521484375 0.00830078125 0.0068359375
11 0.75830078125 0.4609375 0.00830078125 0.0068359375
11 0.77587890625 0.4521484375 0.00830078125 0.0068359375
22 0.45068359375 0.45654296875 0.00830078125 0.00390625
11 0.689453125 0.38916015625 0.00830078125 0.0068359375
11 0.689453125 0.45458984375 0.00830078125 0.0068359375
12 0.7294921875 0.3828125 0.0087890625 0.0068359375
11 0.72900390625 0.44873046875 0.00830078125 0.0068359375
11 0.74365234375 0.45458984375 0.00830078125 0.0068359375
11 0.71044921875 0.3857421875 0.00830078125 0.0068359375
11 0.71044921875 0.4521484375 0.00830078125 0.0068359375
11 0.32763671875 0.39501953125 0.0078125 0.00732421875
11 0.32763671875 0.54052734375 0.0078125 0.0068359375
11 0.32763671875 0.5947265625 0.0078125 0.0068359375
11 0.306640625 0.39794921875 0.00830078125 0.0068359375
11 0.37548828125 0.3857421875 0.00830078125 0.0068359375
11 0.40380859375 0.3828125 0.00830078125 0.0068359375
11 0.40380859375 0.546875 0.00830078125 0.0068359375
11 0.34326171875 0.39208984375 0.00830078125 0.0068359375
11 0.359375 0.38916015625 0.00830078125 0.0068359375
11 0.359375 0.53466796875 0.00830078125 0.0068359375
11 0.359375 0.59765625 0.00830078125 0.0068359375
1 0.193359375 0.5927734375 0.017578125 0.02099609375
0 0.17529296875 0.4306640625 0.005859375 0.0849609375
0 0.17529296875 0.56494140625 0.005859375 0.0849609375
22 0.3095703125 0.45654296875 0.00830078125 0.00390625
22 0.7490234375 0.53076171875 0.00830078125 0.00390625
22 0.7490234375 0.59033203125 0.00830078125 0.00390625
11 0.26806640625 0.5380859375 0.00830078125 0.0068359375
11 0.28564453125 0.40087890625 0.00830078125 0.0068359375
11 0.28564453125 0.52880859375 0.00830078125 0.0068359375
11 0.28564453125 0.591796875 0.00830078125 0.00732421875
11 0.25390625 0.5888671875 0.00830078125 0.0068359375
21 0.2529296875 0.3994140625 0.0068359375 0.0185546875
11 0.25390625 0.53173828125 0.00830078125 0.0068359375
11 0.46484375 0.38916015625 0.00830078125 0.0068359375
11 0.46484375 0.5498046875 0.00830078125 0.0068359375
11 0.46484375 0.60986328125 0.00830078125 0.0068359375
11 0.482421875 0.3798828125 0.00830078125 0.00732421875
11 0.4501953125 0.3828125 0.00830078125 0.0068359375
11 0.4501953125 0.603515625 0.00830078125 0.0068359375
11 0.40380859375 0.60107421875 0.00830078125 0.0068359375
11 0.5146484375 0.3798828125 0.00830078125 0.00732421875
11 0.54248046875 0.3857421875 0.00830078125 0.0068359375
21 0.54150390625 0.45947265625 0.00634765625 0.01806640625
11 0.54248046875 0.5498046875 0.00830078125 0.0068359375
11 0.54248046875 0.61865234375 0.00830078125 0.0068359375
11 0.49853515625 0.3828125 0.00830078125 0.0068359375
11 0.49853515625 0.552734375 0.00830078125 0.0068359375
11 0.49853515625 0.60693359375 0.00830078125 0.00732421875
11 0.43603515625 0.59765625 0.00830078125 0.0068359375
11 0.43603515625 0.5498046875 0.00830078125 0.0068359375
11 0.43603515625 0.376953125 0.00830078125 0.0068359375
11 0.419921875 0.3798828125 0.00830078125 0.00732421875
12 0.60693359375 0.80224609375 0.0087890625 0.0068359375
11 0.6064453125 0.9423828125 0.00830078125 0.00732421875
11 0.625 0.93310546875 0.00830078125 0.0068359375
11 0.64208984375 0.736328125 0.00830078125 0.0068359375
11 0.64208984375 0.93603515625 0.00830078125 0.0068359375
11 0.6826171875 0.93896484375 0.00830078125 0.0068359375
11 0.6826171875 0.80224609375 0.00830078125 0.0068359375
12 0.68310546875 0.72705078125 0.0087890625 0.0068359375
11 0.6591796875 0.93310546875 0.0078125 0.0068359375
12 0.54248046875 0.736328125 0.0087890625 0.0068359375
11 0.51806640625 0.93017578125 0.00830078125 0.0068359375
11 0.5419921875 0.79931640625 0.00830078125 0.0068359375
11 0.5419921875 0.93603515625 0.00830078125 0.0068359375
11 0.57568359375 0.81103515625 0.00830078125 0.0068359375
11 0.57568359375 0.93017578125 0.00830078125 0.0068359375
11 0.59130859375 0.93603515625 0.00830078125 0.0068359375
11 0.55859375 0.93310546875 0.00830078125 0.0068359375
11 0.7890625 0.93896484375 0.00830078125 0.0068359375
11 0.8056640625 0.724609375 0.00830078125 0.0068359375
11 0.8056640625 0.93603515625 0.00830078125 0.0068359375
22 0.60107421875 0.8720703125 0.00830078125 0.00390625
22 0.45703125 0.8720703125 0.00830078125 0.00390625
11 0.7890625 0.72705078125 0.00830078125 0.0068359375
11 0.716796875 0.79345703125 0.00830078125 0.00732421875
11 0.716796875 0.93310546875 0.00830078125 0.0068359375
11 0.732421875 0.93896484375 0.00830078125 0.0068359375
11 0.69970703125 0.93603515625 0.00830078125 0.0068359375
11 0.77197265625 0.724609375 0.00830078125 0.0068359375
11 0.77197265625 0.93603515625 0.00830078125 0.0068359375
11 0.75439453125 0.72705078125 0.00830078125 0.0068359375
12 0.75439453125 0.80517578125 0.0087890625 0.0068359375
11 0.75439453125 0.9453125 0.00830078125 0.0068359375
12 0.3193359375 0.724609375 0.0087890625 0.0068359375
11 0.31884765625 0.80517578125 0.00830078125 0.0068359375
11 0.31884765625 0.9453125 0.00830078125 0.0068359375
11 0.3017578125 0.80224609375 0.00830078125 0.0068359375
11 0.3017578125 0.9482421875 0.00830078125 0.0068359375
11 0.3525390625 0.93896484375 0.00830078125 0.0068359375
11 0.36865234375 0.80517578125 0.00830078125 0.0068359375
11 0.36865234375 0.93603515625 0.00830078125 0.0068359375
11 0.33544921875 0.80224609375 0.00830078125 0.0068359375
11 0.33544921875 0.9423828125 0.00830078125 0.00732421875
11 0.3525390625 0.79931640625 0.00830078125 0.0068359375
1 0.193359375 0.93408203125 0.017578125 0.02099609375
0 0.17529296875 0.7724609375 0.005859375 0.0849609375
0 0.17529296875 0.90625 0.005859375 0.0849609375
22 0.3076171875 0.8720703125 0.00830078125 0.00390625
22 0.74560546875 0.8720703125 0.00830078125 0.00390625
11 0.26806640625 0.79638671875 0.00830078125 0.0068359375
11 0.28515625 0.7333984375 0.00830078125 0.0068359375
11 0.28515625 0.79931640625 0.00830078125 0.0068359375
11 0.28515625 0.951171875 0.00830078125 0.0068359375
21 0.25 0.9345703125 0.0068359375 0.0185546875
11 0.25146484375 0.724609375 0.00830078125 0.0068359375
11 0.25146484375 0.79931640625 0.00830078125 0.0068359375
11 0.44970703125 0.73046875 0.00830078125 0.00732421875
11 0.44970703125 0.93310546875 0.00830078125 0.0068359375
11 0.4658203125 0.72705078125 0.00830078125 0.0068359375
11 0.4658203125 0.79638671875 0.00830078125 0.0068359375
11 0.43359375 0.72705078125 0.00830078125 0.0068359375
11 0.43359375 0.79638671875 0.00830078125 0.0068359375
11 0.43359375 0.92724609375 0.00830078125 0.00732421875
11 0.4658203125 0.93896484375 0.00830078125 0.0068359375
11 0.50146484375 0.7333984375 0.00830078125 0.0068359375
11 0.50146484375 0.79931640625 0.00830078125 0.0068359375
11 0.50146484375 0.93310546875 0.00830078125 0.0068359375
11 0.484375 0.93017578125 0.00830078125 0.0068359375
11 0.39453125 0.93310546875 0.00830078125 0.0068359375
11 0.41650390625 0.93017578125 0.00830078125 0.0068359375
11 0.41650390625 0.79931640625 0.00830078125 0.0068359375
11 0.39453125 0.724609375 0.00830078125 0.0068359375
11 0.39453125 0.80224609375 0.00830078125 0.0068359375