12 0.619140625 0.1142578125 0.0087890625 0.0068359375
12 0.619140625 0.13525390625 0.0087890625 0.0068359375
11 0.61865234375 0.05419921875 0.00830078125 0.0068359375
11 0.61865234375 0.0693359375 0.00830078125 0.0068359375
11 0.61865234375 0.0751953125 0.00830078125 0.0068359375
11 0.65576171875 0.20556640625 0.0078125 0.0068359375
11 0.65576171875 0.0751953125 0.0078125 0.0068359375
11 0.61865234375 0.20556640625 0.00830078125 0.0068359375
11 0.61865234375 0.1845703125 0.00830078125 0.0068359375
11 0.61865234375 0.19970703125 0.00830078125 0.0068359375
11 0.58056640625 0.181640625 0.00830078125 0.00732421875
11 0.58056640625 0.19677734375 0.00830078125 0.00732421875
11 0.58056640625 0.20263671875 0.00830078125 0.0068359375
11 0.58056640625 0.1171875 0.00830078125 0.0068359375
11 0.58056640625 0.13818359375 0.00830078125 0.0068359375
11 0.58056640625 0.05126953125 0.00830078125 0.00732421875
11 0.58056640625 0.06640625 0.00830078125 0.0068359375
11 0.58056640625 0.072265625 0.00830078125 0.00732421875
9 0.58740234375 0.10595703125 0.0068359375 0.017578125
11 0.72900390625 0.20556640625 0.00830078125 0.0068359375
11 0.72900390625 0.0751953125 0.00830078125 0.0068359375
11 0.69384765625 0.19677734375 0.00830078125 0.00732421875
11 0.69384765625 0.06640625 0.00830078125 0.0068359375
9 0.77392578125 0.103515625 0.0068359375 0.017578125
11 0.76708984375 0.19677734375 0.00830078125 0.00732421875
11 0.76708984375 0.1142578125 0.00830078125 0.0068359375
11 0.76708984375 0.13525390625 0.00830078125 0.0068359375
11 0.76708984375 0.06640625 0.00830078125 0.0068359375
11 0.29345703125 0.0751953125 0.00830078125 0.0068359375
11 0.29345703125 0.20556640625 0.00830078125 0.0068359375
11 0.33154296875 0.06640625 0.00830078125 0.0068359375
11 0.51611328125 0.19677734375 0.00830078125 0.00732421875
9 0.33837890625 0.1259765625 0.0068359375 0.017578125
11 0.33154296875 0.17578125 0.00830078125 0.0068359375
11 0.33154296875 0.1875 0.00830078125 0.0068359375
11 0.33154296875 0.19677734375 0.00830078125 0.00732421875
11 0.33154296875 0.13818359375 0.00830078125 0.0068359375
11 0.33154296875 0.1591796875 0.00830078125 0.0068359375
11 0.33154296875 0.04541015625 0.00830078125 0.0068359375
11 0.33154296875 0.05712890625 0.00830078125 0.00732421875
1 0.193359375 0.115234375 0.017578125 0.02099609375
10 0.19384765625 0.06201171875 0.0166015625 0.0458984375
0 0.17529296875 0.09033203125 0.005859375 0.0791015625
11 0.25830078125 0.06640625 0.00830078125 0.0068359375
11 0.25830078125 0.17578125 0.00830078125 0.0068359375
11 0.25830078125 0.1875 0.00830078125 0.0068359375
11 0.25830078125 0.19677734375 0.00830078125 0.00732421875
11 0.25830078125 0.13818359375 0.00830078125 0.0068359375
11 0.25830078125 0.1591796875 0.00830078125 0.0068359375
11 0.25830078125 0.04541015625 0.00830078125 0.0068359375
11 0.25830078125 0.05712890625 0.00830078125 0.00732421875
10 0.19384765625 0.1923828125 0.0166015625 0.0458984375
9 0.44775390625 0.10595703125 0.0068359375 0.017578125
11 0.47900390625 0.072265625 0.00830078125 0.00732421875
11 0.44091796875 0.1787109375 0.00830078125 0.0068359375
11 0.44091796875 0.193359375 0.00830078125 0.0068359375
11 0.44091796875 0.19970703125 0.00830078125 0.0068359375
11 0.44091796875 0.13818359375 0.00830078125 0.0068359375
11 0.44091796875 0.04833984375 0.00830078125 0.0068359375
11 0.44091796875 0.0634765625 0.00830078125 0.0068359375
11 0.51611328125 0.06640625 0.00830078125 0.0068359375
11 0.44091796875 0.1171875 0.00830078125 0.0068359375
11 0.47900390625 0.181640625 0.00830078125 0.00732421875
11 0.47900390625 0.19677734375 0.00830078125 0.00732421875
11 0.47900390625 0.20263671875 0.00830078125 0.0068359375
11 0.47900390625 0.1171875 0.00830078125 0.0068359375
11 0.47900390625 0.13818359375 0.00830078125 0.0068359375
11 0.47900390625 0.05126953125 0.00830078125 0.00732421875
11 0.47900390625 0.06640625 0.00830078125 0.0068359375
11 0.36962890625 0.1171875 0.00830078125 0.0068359375
11 0.36962890625 0.19970703125 0.00830078125 0.0068359375
11 0.44091796875 0.0693359375 0.00830078125 0.0068359375
11 0.36962890625 0.1787109375 0.00830078125 0.0068359375
11 0.36962890625 0.19091796875 0.00830078125 0.0068359375
11 0.404296875 0.06640625 0.00830078125 0.0068359375
11 0.36962890625 0.0693359375 0.00830078125 0.0068359375
11 0.36962890625 0.060546875 0.00830078125 0.0068359375
11 0.36962890625 0.04833984375 0.00830078125 0.0068359375
11 0.404296875 0.19677734375 0.00830078125 0.00732421875
11 0.36962890625 0.13818359375 0.00830078125 0.0068359375
11 0.6220703125 0.3720703125 0.00830078125 0.0068359375
11 0.6220703125 0.39306640625 0.00830078125 0.0068359375
12 0.62255859375 0.310546875 0.0087890625 0.0068359375
12 0.62255859375 0.32568359375 0.0087890625 0.0068359375
11 0.6220703125 0.24755859375 0.00830078125 0.0068359375
11 0.6220703125 0.2685546875 0.00830078125 0.0068359375
11 0.69482421875 0.24755859375 0.00830078125 0.0068359375
11 0.69482421875 0.2685546875 0.00830078125 0.0068359375
11 0.65625 0.40478515625 0.00830078125 0.0068359375
11 0.65625 0.28076171875 0.00830078125 0.0068359375
11 0.58349609375 0.375 0.00830078125 0.00732421875
11 0.58349609375 0.39599609375 0.00830078125 0.00732421875
11 0.58349609375 0.31640625 0.00830078125 0.0068359375
11 0.58349609375 0.33740234375 0.00830078125 0.0068359375
11 0.58349609375 0.25048828125 0.00830078125 0.00732421875
11 0.58349609375 0.271484375 0.00830078125 0.00732421875
9 0.59033203125 0.306640625 0.0068359375 0.017578125
11 0.73193359375 0.369140625 0.00830078125 0.0068359375
11 0.73193359375 0.39013671875 0.00830078125 0.00732421875
11 0.73193359375 0.24462890625 0.00830078125 0.0068359375
11 0.73193359375 0.265625 0.00830078125 0.0068359375
11 0.69482421875 0.3720703125 0.00830078125 0.0068359375
8 0.76708984375 0.3359375 0.00634765625 0.01806640625
11 0.69482421875 0.39306640625 0.00830078125 0.0068359375
11 0.767578125 0.39599609375 0.00830078125 0.00732421875
11 0.767578125 0.310546875 0.00830078125 0.0068359375
11 0.767578125 0.32568359375 0.00830078125 0.0068359375
11 0.767578125 0.271484375 0.00830078125 0.00732421875
11 0.29345703125 0.40478515625 0.00830078125 0.0068359375
11 0.29345703125 0.28076171875 0.00830078125 0.0068359375
9 0.3388671875 0.3251953125 0.0068359375 0.017578125
11 0.33203125 0.375 0.00830078125 0.00732421875
11 0.33203125 0.39013671875 0.00830078125 0.00732421875
11 0.33203125 0.39599609375 0.00830078125 0.00732421875
11 0.33203125 0.33740234375 0.00830078125 0.0068359375
11 0.33203125 0.3583984375 0.00830078125 0.00732421875
11 0.33203125 0.25048828125 0.00830078125 0.00732421875
11 0.33203125 0.265625 0.00830078125 0.0068359375
11 0.33203125 0.271484375 0.00830078125 0.00732421875
1 0.193359375 0.3203125 0.017578125 0.02099609375
10 0.19384765625 0.26708984375 0.0166015625 0.0458984375
0 0.17529296875 0.29541015625 0.005859375 0.0791015625
11 0.25830078125 0.375 0.00830078125 0.00732421875
11 0.25830078125 0.39013671875 0.00830078125 0.00732421875
11 0.25830078125 0.39599609375 0.00830078125 0.00732421875
11 0.25830078125 0.33740234375 0.00830078125 0.0068359375
11 0.25830078125 0.3583984375 0.00830078125 0.00732421875
11 0.25830078125 0.25048828125 0.00830078125 0.00732421875
11 0.25830078125 0.265625 0.00830078125 0.0068359375
11 0.25830078125 0.271484375 0.00830078125 0.00732421875
10 0.19384765625 0.3916015625 0.0166015625 0.0458984375
11 0.4814453125 0.25048828125 0.00830078125 0.00732421875
11 0.4814453125 0.271484375 0.00830078125 0.00732421875
9 0.44921875 0.306640625 0.0068359375 0.017578125
11 0.4814453125 0.33740234375 0.00830078125 0.0068359375
11 0.44287109375 0.3779296875 0.00830078125 0.0068359375
11 0.44287109375 0.31640625 0.00830078125 0.0068359375
11 0.44287109375 0.33740234375 0.00830078125 0.0068359375
11 0.44287109375 0.25390625 0.00830078125 0.0068359375
11 0.5185546875 0.39599609375 0.00830078125 0.00732421875
11 0.5185546875 0.271484375 0.00830078125 0.00732421875
11 0.44287109375 0.39892578125 0.00830078125 0.0068359375
11 0.4814453125 0.375 0.00830078125 0.00732421875
11 0.4814453125 0.39599609375 0.00830078125 0.00732421875
11 0.4814453125 0.31640625 0.00830078125 0.0068359375
11 0.37109375 0.33740234375 0.00830078125 0.0068359375
11 0.37109375 0.31640625 0.00830078125 0.0068359375
11 0.37109375 0.3779296875 0.00830078125 0.0068359375
11 0.37109375 0.39892578125 0.00830078125 0.0068359375
11 0.44287109375 0.2744140625 0.00830078125 0.0068359375
11 0.37109375 0.2744140625 0.00830078125 0.0068359375
11 0.40576171875 0.271484375 0.00830078125 0.00732421875
11 0.40576171875 0.39599609375 0.00830078125 0.00732421875
11 0.37109375 0.25390625 0.00830078125 0.0068359375
11 0.59912109375 0.6025390625 0.00830078125 0.00732421875
9 0.60546875 0.51025390625 0.0068359375 0.017578125
11 0.66845703125 0.48291015625 0.00830078125 0.0068359375
11 0.66845703125 0.4765625 0.00830078125 0.0068359375
11 0.66845703125 0.4619140625 0.00830078125 0.0068359375
11 0.66845703125 0.54296875 0.00830078125 0.00732421875
11 0.66845703125 0.52197265625 0.00830078125 0.00732421875
11 0.66845703125 0.62060546875 0.00830078125 0.0068359375
11 0.66845703125 0.6142578125 0.00830078125 0.0068359375
11 0.66845703125 0.599609375 0.00830078125 0.0068359375
11 0.53125 0.48291015625 0.00830078125 0.0068359375
11 0.53125 0.62060546875 0.00830078125 0.0068359375
11 0.59912109375 0.61767578125 0.00830078125 0.00732421875
11 0.59912109375 0.48583984375 0.00830078125 0.00732421875
11 0.59912109375 0.47998046875 0.00830078125 0.0068359375
11 0.59912109375 0.46484375 0.00830078125 0.00732421875
11 0.59912109375 0.54296875 0.00830078125 0.00732421875
11 0.59912109375 0.52197265625 0.00830078125 0.00732421875
11 0.59912109375 0.62353515625 0.00830078125 0.00732421875
11 0.736328125 0.62060546875 0.00830078125 0.0068359375
11 0.736328125 0.48291015625 0.00830078125 0.0068359375
11 0.25830078125 0.48291015625 0.00830078125 0.0068359375
11 0.25830078125 0.4765625 0.00830078125 0.0068359375
11 0.25830078125 0.4619140625 0.00830078125 0.0068359375
11 0.25830078125 0.5634765625 0.00830078125 0.0068359375
11 0.25830078125 0.54296875 0.00830078125 0.00732421875
11 0.25830078125 0.62060546875 0.00830078125 0.0068359375
11 0.25830078125 0.6142578125 0.00830078125 0.0068359375
11 0.25830078125 0.599609375 0.00830078125 0.0068359375
0 0.17529296875 0.4951171875 0.005859375 0.0791015625
10 0.19384765625 0.466796875 0.0166015625 0.0458984375
1 0.193359375 0.52001953125 0.017578125 0.02099609375
10 0.19384765625 0.6044921875 0.0166015625 0.0458984375
11 0.46337890625 0.47998046875 0.00830078125 0.0068359375
9 0.400390625 0.53076171875 0.0068359375 0.017578125
11 0.46337890625 0.48583984375 0.00830078125 0.00732421875
11 0.46337890625 0.46484375 0.00830078125 0.00732421875
11 0.46337890625 0.54296875 0.00830078125 0.00732421875
11 0.46337890625 0.52197265625 0.00830078125 0.00732421875
11 0.46337890625 0.62353515625 0.00830078125 0.00732421875
11 0.46337890625 0.61767578125 0.00830078125 0.00732421875
11 0.46337890625 0.6025390625 0.00830078125 0.00732421875
11 0.326171875 0.48291015625 0.00830078125 0.0068359375
11 0.326171875 0.62060546875 0.00830078125 0.0068359375
11 0.39404296875 0.4765625 0.00830078125 0.0068359375
11 0.39404296875 0.599609375 0.00830078125 0.0068359375
11 0.39404296875 0.4619140625 0.00830078125 0.0068359375
11 0.39404296875 0.5634765625 0.00830078125 0.0068359375
11 0.39404296875 0.48291015625 0.00830078125 0.0068359375
11 0.39404296875 0.54296875 0.00830078125 0.00732421875
11 0.39404296875 0.62060546875 0.00830078125 0.0068359375
11 0.39404296875 0.6142578125 0.00830078125 0.0068359375
11 0.83544921875 0.689453125 0.00830078125 0.0068359375
11 0.8447265625 0.6923828125 0.00830078125 0.00732421875
11 0.8447265625 0.73388671875 0.00830078125 0.0068359375
8 0.84423828125 0.74609375 0.00634765625 0.017578125
11 0.76513671875 0.68359375 0.00830078125 0.0068359375
11 0.76513671875 0.72509765625 0.00830078125 0.0068359375
8 0.7646484375 0.7373046875 0.00634765625 0.017578125
11 0.77392578125 0.6923828125 0.00830078125 0.00732421875
12 0.77392578125 0.73388671875 0.0087890625 0.0068359375
11 0.70458984375 0.68359375 0.00830078125 0.0068359375
11 0.73486328125 0.6923828125 0.00830078125 0.00732421875
11 0.73486328125 0.73681640625 0.00830078125 0.0068359375
8 0.734375 0.748046875 0.00634765625 0.01806640625
11 0.81396484375 0.6865234375 0.00830078125 0.0068359375
12 0.814453125 0.72216796875 0.0087890625 0.0068359375
11 0.8232421875 0.689453125 0.00830078125 0.0068359375
11 0.826171875 0.7041015625 0.00830078125 0.0068359375
11 0.783203125 0.6806640625 0.00830078125 0.0068359375
11 0.79248046875 0.677734375 0.00830078125 0.00732421875
11 0.8046875 0.68359375 0.00830078125 0.0068359375
18 0.3525390625 0.779296875 0.00830078125 0.0126953125
22 0.3525390625 0.796875 0.00390625 0.00634765625
11 0.3857421875 0.6806640625 0.00830078125 0.0068359375
11 0.39453125 0.677734375 0.00830078125 0.00732421875
11 0.3974609375 0.6923828125 0.00830078125 0.00732421875
11 0.40673828125 0.677734375 0.00830078125 0.00732421875
12 0.4072265625 0.72802734375 0.0087890625 0.0068359375
8 0.36669921875 0.7431640625 0.00634765625 0.01806640625
11 0.36767578125 0.68359375 0.00830078125 0.0068359375
11 0.36767578125 0.73095703125 0.00830078125 0.0068359375
16 0.365234375 0.796875 0.00390625 0.00634765625
11 0.3759765625 0.6923828125 0.00830078125 0.00732421875
12 0.37646484375 0.73974609375 0.0087890625 0.00732421875
11 0.4462890625 0.6953125 0.00830078125 0.0068359375
11 0.45556640625 0.68359375 0.00830078125 0.0068359375
11 0.46484375 0.6865234375 0.00830078125 0.0068359375
11 0.46484375 0.73974609375 0.00830078125 0.00732421875
8 0.46435546875 0.75048828125 0.00634765625 0.017578125
11 0.474609375 0.6953125 0.00830078125 0.0068359375
11 0.474609375 0.72802734375 0.00830078125 0.0068359375
11 0.44384765625 0.68359375 0.00830078125 0.0068359375
11 0.271484375 0.68359375 0.00830078125 0.0068359375
11 0.271484375 0.73095703125 0.00830078125 0.0068359375
11 0.28173828125 0.6982421875 0.00830078125 0.0068359375
11 0.2978515625 0.68359375 0.00830078125 0.0068359375
11 0.2978515625 0.73095703125 0.00830078125 0.0068359375
0 0.17529296875 0.708984375 0.005859375 0.0810546875
22 0.2666015625 0.7958984375 0.00830078125 0.00390625
10 0.19384765625 0.67919921875 0.0166015625 0.04541015625
1 0.193359375 0.7353515625 0.017578125 0.02099609375
10 0.19384765625 0.798828125 0.0166015625 0.0458984375
11 0.32861328125 0.68359375 0.00830078125 0.0068359375
11 0.3193359375 0.6865234375 0.00830078125 0.0068359375
11 0.3193359375 0.73095703125 0.00830078125 0.0068359375
8 0.31884765625 0.7431640625 0.00634765625 0.01806640625
11 0.32861328125 0.73095703125 0.00830078125 0.0068359375
11 0.33740234375 0.6923828125 0.00830078125 0.00732421875
8 0.29736328125 0.7431640625 0.00634765625 0.01806640625
11 0.6953125 0.72509765625 0.00830078125 0.0068359375
11 0.30712890625 0.6865234375 0.00830078125 0.0068359375
11 0.30712890625 0.73095703125 0.00830078125 0.0068359375
11 0.3095703125 0.6982421875 0.00830078125 0.0068359375
11 0.61669921875 0.67431640625 0.00830078125 0.0068359375
11 0.6259765625 0.677734375 0.00830078125 0.00732421875
11 0.6259765625 0.72509765625 0.00830078125 0.0068359375
11 0.662109375 0.68359375 0.00830078125 0.0068359375
11 0.59765625 0.72509765625 0.00830078125 0.0068359375
20 0.595703125 0.7998046875 0.00390625 0.0126953125
8 0.59716796875 0.7373046875 0.00634765625 0.017578125
11 0.60693359375 0.677734375 0.00830078125 0.00732421875
11 0.60693359375 0.73681640625 0.00830078125 0.0068359375
11 0.67431640625 0.72509765625 0.0078125 0.0068359375
8 0.67333984375 0.7373046875 0.00634765625 0.017578125
11 0.68359375 0.6865234375 0.00830078125 0.0068359375
11 0.68359375 0.73681640625 0.00830078125 0.0068359375
11 0.67431640625 0.68359375 0.0078125 0.0068359375
11 0.68603515625 0.6982421875 0.00830078125 0.0068359375
11 0.6953125 0.6865234375 0.00830078125 0.0068359375
11 0.6650390625 0.6982421875 0.00830078125 0.0068359375
11 0.6650390625 0.73681640625 0.00830078125 0.0068359375
8 0.6640625 0.748046875 0.00634765625 0.01806640625
11 0.5224609375 0.6923828125 0.00830078125 0.00732421875
11 0.5224609375 0.72509765625 0.00830078125 0.0068359375
11 0.513671875 0.68359375 0.00830078125 0.0068359375
11 0.55908203125 0.68359375 0.00830078125 0.0068359375
8 0.4736328125 0.73974609375 0.00634765625 0.017578125
11 0.50439453125 0.6865234375 0.00830078125 0.0068359375
11 0.50439453125 0.73681640625 0.00830078125 0.0068359375
11 0.59765625 0.6806640625 0.00830078125 0.0068359375
8 0.56689453125 0.748046875 0.00634765625 0.01806640625
11 0.56787109375 0.73681640625 0.00830078125 0.0068359375
11 0.56787109375 0.6923828125 0.00830078125 0.00732421875
9 0.4111328125 0.93798828125 0.0068359375 0.017578125
12 0.45263671875 0.94677734375 0.0087890625 0.0068359375
9 0.435546875 0.91796875 0.0068359375 0.017578125
11 0.42919921875 0.92919921875 0.00830078125 0.0068359375
9 0.59521484375 0.91552734375 0.0068359375 0.017578125
13 0.7509765625 0.9169921875 0.01123046875 0.00732421875
13 0.7509765625 0.92626953125 0.01123046875 0.0068359375
13 0.7509765625 0.89599609375 0.01123046875 0.00732421875
12 0.509765625 0.92626953125 0.0087890625 0.0068359375
11 0.58837890625 0.92626953125 0.00830078125 0.0068359375
9 0.5703125 0.93505859375 0.0068359375 0.017578125
11 0.56396484375 0.94677734375 0.00830078125 0.0068359375
12 0.2451171875 0.9169921875 0.0087890625 0.0068359375
1 0.193359375 0.92724609375 0.017578125 0.02099609375
10 0.19384765625 0.87353515625 0.0166015625 0.0458984375
0 0.17529296875 0.90185546875 0.005859375 0.0791015625
11 0.404296875 0.94970703125 0.00830078125 0.0068359375
11 0.33935546875 0.9169921875 0.00830078125 0.00732421875
11 0.298828125 0.92919921875 0.00830078125 0.0068359375