11 0.64208984375 0.1083984375 0.00830078125 0.0068359375
11 0.62744140625 0.09619140625 0.00830078125 0.0068359375
11 0.658203125 0.1083984375 0.00830078125 0.0068359375
11 0.6923828125 0.09033203125 0.00830078125 0.00732421875
11 0.5625 0.1083984375 0.00830078125 0.0068359375
11 0.5791015625 0.10546875 0.00830078125 0.00732421875
11 0.59521484375 0.1025390625 0.00830078125 0.0068359375
11 0.611328125 0.099609375 0.00830078125 0.0068359375
11 0.78759765625 0.1083984375 0.00830078125 0.0068359375
11 0.771484375 0.1083984375 0.00830078125 0.0068359375
11 0.72314453125 0.099609375 0.00830078125 0.0068359375
11 0.70703125 0.09619140625 0.00830078125 0.0068359375
11 0.74072265625 0.09375 0.00830078125 0.0068359375
11 0.7568359375 0.09619140625 0.00830078125 0.0068359375
11 0.376953125 0.099609375 0.00830078125 0.0068359375
11 0.36083984375 0.09619140625 0.00830078125 0.0068359375
11 0.3447265625 0.099609375 0.00830078125 0.0068359375
11 0.3916015625 0.10546875 0.00830078125 0.00732421875
11 0.40771484375 0.1083984375 0.00830078125 0.0068359375
10 0.2431640625 0.09521484375 0.0166015625 0.0458984375
11 0.29638671875 0.1083984375 0.00830078125 0.0068359375
11 0.3125 0.10546875 0.0078125 0.00732421875
11 0.328125 0.1025390625 0.00830078125 0.0068359375
11 0.505859375 0.111328125 0.00830078125 0.00732421875
11 0.4912109375 0.099609375 0.00830078125 0.0068359375
11 0.47314453125 0.111328125 0.00830078125 0.00732421875
11 0.5234375 0.10546875 0.00830078125 0.00732421875
11 0.5380859375 0.111328125 0.0078125 0.00732421875
11 0.43212890625 0.111328125 0.00830078125 0.00732421875
11 0.45849609375 0.10546875 0.00830078125 0.00732421875
11 0.6376953125 0.1591796875 0.00830078125 0.0068359375
11 0.619140625 0.15625 0.00830078125 0.0068359375
11 0.65625 0.162109375 0.00830078125 0.00732421875
11 0.68212890625 0.16796875 0.00830078125 0.0068359375
11 0.53662109375 0.1533203125 0.00830078125 0.0068359375
11 0.564453125 0.1591796875 0.00830078125 0.0068359375
11 0.5830078125 0.15625 0.00830078125 0.0068359375
11 0.60107421875 0.1533203125 0.00830078125 0.0068359375
11 0.7919921875 0.18017578125 0.00830078125 0.0068359375
11 0.7734375 0.18017578125 0.00830078125 0.0068359375
11 0.7021484375 0.162109375 0.00830078125 0.00732421875
11 0.71875 0.1708984375 0.00830078125 0.0068359375
11 0.73876953125 0.162109375 0.00830078125 0.00732421875
11 0.75634765625 0.16796875 0.00830078125 0.0068359375
11 0.34375 0.1591796875 0.00830078125 0.0068359375
11 0.3251953125 0.15625 0.00830078125 0.0068359375
11 0.30712890625 0.1533203125 0.00830078125 0.0068359375
11 0.36376953125 0.1533203125 0.00830078125 0.0068359375
11 0.3896484375 0.15625 0.00830078125 0.0068359375
10 0.19287109375 0.16650390625 0.0166015625 0.0458984375
11 0.2421875 0.1533203125 0.00830078125 0.0068359375
11 0.27001953125 0.1591796875 0.00830078125 0.0068359375
11 0.28857421875 0.15625 0.00830078125 0.0068359375
11 0.43701171875 0.15625 0.00830078125 0.0068359375
11 0.45703125 0.150390625 0.00830078125 0.0068359375
11 0.4736328125 0.15625 0.00830078125 0.0068359375
11 0.49072265625 0.162109375 0.00830078125 0.00732421875
11 0.5107421875 0.15625 0.00830078125 0.0068359375
11 0.4169921875 0.162109375 0.00830078125 0.00732421875
11 0.6396484375 0.23388671875 0.00830078125 0.00732421875
11 0.62109375 0.23046875 0.00830078125 0.0068359375
11 0.666015625 0.23974609375 0.00830078125 0.0068359375
11 0.5654296875 0.2275390625 0.00830078125 0.00732421875
8 0.56494140625 0.23974609375 0.00634765625 0.017578125
11 0.583984375 0.224609375 0.00830078125 0.0068359375
11 0.6025390625 0.2275390625 0.0078125 0.00732421875
11 0.78271484375 0.25146484375 0.00830078125 0.0068359375
11 0.76416015625 0.25146484375 0.00830078125 0.0068359375
11 0.69580078125 0.23388671875 0.00830078125 0.00732421875
11 0.70947265625 0.24267578125 0.0078125 0.0068359375
11 0.6806640625 0.23681640625 0.00830078125 0.0068359375
11 0.72998046875 0.23388671875 0.00830078125 0.00732421875
11 0.7470703125 0.23974609375 0.00830078125 0.0068359375
11 0.33349609375 0.23046875 0.00830078125 0.0068359375
11 0.31494140625 0.2275390625 0.00830078125 0.00732421875
11 0.29638671875 0.224609375 0.00830078125 0.0068359375
11 0.353515625 0.224609375 0.00830078125 0.0068359375
11 0.3798828125 0.2275390625 0.00830078125 0.00732421875
10 0.19287109375 0.23828125 0.0166015625 0.0458984375
11 0.23095703125 0.224609375 0.0078125 0.0068359375
11 0.2587890625 0.23046875 0.0078125 0.0068359375
11 0.27783203125 0.2275390625 0.00830078125 0.00732421875
11 0.4482421875 0.2216796875 0.0078125 0.0068359375
11 0.46533203125 0.2275390625 0.00830078125 0.00732421875
11 0.48291015625 0.23388671875 0.00830078125 0.00732421875
11 0.5029296875 0.2275390625 0.00830078125 0.00732421875
11 0.52880859375 0.23046875 0.00830078125 0.0068359375
11 0.42822265625 0.2275390625 0.00830078125 0.00732421875
11 0.408203125 0.23388671875 0.00830078125 0.00732421875