21 0.5888671875 0.65771484375 0.0068359375 0.0185546875
21 0.5888671875 0.06494140625 0.0068359375 0.0185546875
21 0.5888671875 0.212890625 0.0068359375 0.0185546875
21 0.5888671875 0.36083984375 0.0068359375 0.0185546875
21 0.5888671875 0.50927734375 0.0068359375 0.0185546875
11 0.62353515625 0.64697265625 0.00830078125 0.0068359375
11 0.54541015625 0.078125 0.00830078125 0.0068359375
9 0.63037109375 0.0478515625 0.0068359375 0.017578125
11 0.62353515625 0.51953125 0.00830078125 0.00732421875
9 0.63037109375 0.20068359375 0.0068359375 0.017578125
9 0.63037109375 0.3564453125 0.0068359375 0.017578125
11 0.62353515625 0.078125 0.00830078125 0.0068359375
11 0.62353515625 0.0693359375 0.00830078125 0.00732421875
11 0.62353515625 0.05712890625 0.00830078125 0.0068359375
11 0.62353515625 0.22607421875 0.00830078125 0.0068359375
11 0.62353515625 0.21142578125 0.00830078125 0.0068359375
11 0.62353515625 0.38330078125 0.00830078125 0.0068359375
11 0.62353515625 0.36865234375 0.00830078125 0.0068359375
11 0.62353515625 0.52880859375 0.00830078125 0.0068359375
11 0.54541015625 0.38330078125 0.00830078125 0.0068359375
9 0.5517578125 0.3564453125 0.0068359375 0.017578125
9 0.5517578125 0.5078125 0.0068359375 0.017578125
11 0.54541015625 0.51953125 0.00830078125 0.00732421875
11 0.54541015625 0.52880859375 0.00830078125 0.0068359375
9 0.5517578125 0.0478515625 0.0068359375 0.017578125
11 0.54541015625 0.36865234375 0.00830078125 0.0068359375
9 0.5517578125 0.20068359375 0.0068359375 0.017578125
15 0.568359375 0.65966796875 0.0078125 0.01171875
15 0.568359375 0.06689453125 0.0078125 0.01171875
15 0.568359375 0.21484375 0.0078125 0.01171875
15 0.568359375 0.36328125 0.0078125 0.01171875
11 0.54541015625 0.05712890625 0.00830078125 0.0068359375
15 0.568359375 0.51171875 0.0078125 0.01171875
11 0.54541015625 0.0693359375 0.00830078125 0.00732421875
11 0.54541015625 0.64697265625 0.00830078125 0.0068359375
11 0.54541015625 0.21142578125 0.00830078125 0.0068359375
8 0.544921875 0.6591796875 0.00634765625 0.017578125
11 0.54541015625 0.22607421875 0.00830078125 0.0068359375
11 0.75537109375 0.04833984375 0.00830078125 0.0068359375
11 0.77734375 0.04541015625 0.00830078125 0.0068359375
11 0.8017578125 0.04248046875 0.00830078125 0.0068359375
9 0.63037109375 0.5078125 0.0068359375 0.017578125
8 0.623046875 0.6591796875 0.00634765625 0.017578125
21 0.6669921875 0.06494140625 0.00634765625 0.0185546875
15 0.646484375 0.06689453125 0.0078125 0.01171875
15 0.646484375 0.21484375 0.0078125 0.01171875
15 0.646484375 0.36328125 0.0078125 0.01171875
15 0.646484375 0.51171875 0.0078125 0.01171875
15 0.646484375 0.65966796875 0.0078125 0.01171875
11 0.72900390625 0.04833984375 0.00830078125 0.0068359375
21 0.6669921875 0.212890625 0.00634765625 0.0185546875
21 0.6669921875 0.36083984375 0.00634765625 0.0185546875
21 0.6669921875 0.50927734375 0.00634765625 0.0185546875
21 0.6669921875 0.65771484375 0.00634765625 0.0185546875
11 0.28759765625 0.0390625 0.00830078125 0.0068359375
11 0.28759765625 0.193359375 0.00830078125 0.00732421875
11 0.28759765625 0.34765625 0.00830078125 0.0068359375
21 0.28662109375 0.50927734375 0.00634765625 0.0185546875
21 0.28662109375 0.65771484375 0.00634765625 0.0185546875
15 0.26611328125 0.65966796875 0.0078125 0.01171875
8 0.244140625 0.66796875 0.00634765625 0.01806640625
15 0.26611328125 0.06689453125 0.0078125 0.01171875
15 0.26611328125 0.21484375 0.0078125 0.01171875
15 0.26611328125 0.36328125 0.0078125 0.01171875
15 0.26611328125 0.51171875 0.0078125 0.01171875
15 0.30908203125 0.06689453125 0.0078125 0.01171875
15 0.30908203125 0.21484375 0.0078125 0.01171875
15 0.30908203125 0.36328125 0.0078125 0.01171875
8 0.287109375 0.05712890625 0.00634765625 0.01806640625
8 0.287109375 0.20556640625 0.00634765625 0.017578125
8 0.287109375 0.359375 0.00634765625 0.017578125
10 0.19384765625 0.06494140625 0.0166015625 0.0458984375
10 0.19384765625 0.212890625 0.0166015625 0.0458984375
10 0.19384765625 0.36083984375 0.0166015625 0.0458984375
1 0.193359375 0.5087890625 0.017578125 0.02099609375
22 0.76611328125 0.2099609375 0.00830078125 0.00390625
22 0.76611328125 0.3583984375 0.00830078125 0.00390625
22 0.76611328125 0.50634765625 0.00830078125 0.00390625
22 0.76611328125 0.65478515625 0.00830078125 0.00390625
8 0.244140625 0.21142578125 0.00634765625 0.01806640625
8 0.244140625 0.05712890625 0.00634765625 0.01806640625
8 0.244140625 0.36572265625 0.00634765625 0.017578125
8 0.244140625 0.51953125 0.00634765625 0.017578125
1 0.193359375 0.6572265625 0.017578125 0.02099609375
11 0.24462890625 0.04248046875 0.00830078125 0.0068359375
11 0.24462890625 0.19921875 0.00830078125 0.0068359375
11 0.24462890625 0.353515625 0.00830078125 0.00732421875
11 0.24462890625 0.5078125 0.00830078125 0.0068359375
11 0.24462890625 0.65576171875 0.00830078125 0.0068359375
15 0.42236328125 0.51171875 0.0078125 0.01171875
8 0.39990234375 0.66796875 0.00634765625 0.01806640625
8 0.4873046875 0.66796875 0.00634765625 0.01806640625
15 0.42236328125 0.65966796875 0.0078125 0.01171875
15 0.37939453125 0.65966796875 0.0078125 0.01171875
13 0.35888671875 0.0361328125 0.01123046875 0.0068359375
11 0.40087890625 0.5078125 0.00830078125 0.0068359375
11 0.40087890625 0.65576171875 0.00830078125 0.0068359375
8 0.39990234375 0.51953125 0.00634765625 0.017578125
8 0.4873046875 0.51953125 0.00634765625 0.017578125
15 0.46630859375 0.51171875 0.0078125 0.01171875
15 0.46630859375 0.65966796875 0.0078125 0.01171875
11 0.48779296875 0.5078125 0.00830078125 0.0068359375
11 0.48779296875 0.65576171875 0.00830078125 0.0068359375
15 0.37939453125 0.51171875 0.0078125 0.01171875
9 0.4501953125 0.64990234375 0.0068359375 0.017578125
9 0.4501953125 0.501953125 0.0068359375 0.017578125
11 0.443359375 0.662109375 0.00830078125 0.0068359375
11 0.443359375 0.513671875 0.00830078125 0.00732421875
13 0.35888671875 0.1904296875 0.01123046875 0.0068359375
13 0.35888671875 0.3447265625 0.01123046875 0.00732421875
11 0.357421875 0.4990234375 0.00830078125 0.00732421875
11 0.357421875 0.64697265625 0.00830078125 0.0068359375
15 0.50927734375 0.51171875 0.0078125 0.01171875
15 0.50927734375 0.65966796875 0.0078125 0.01171875
8 0.357421875 0.6591796875 0.00634765625 0.017578125
8 0.357421875 0.5107421875 0.00634765625 0.017578125