11 0.69189453125 0.185546875 0.00732421875 0.00634765625
11 0.69189453125 0.39404296875 0.00732421875 0.00634765625
11 0.69189453125 0.19873046875 0.00732421875 0.00634765625
11 0.69189453125 0.2451171875 0.00732421875 0.00634765625
11 0.69189453125 0.2587890625 0.00732421875 0.00634765625
11 0.69189453125 0.27197265625 0.00732421875 0.00634765625
21 0.69091796875 0.72900390625 0.005859375 0.0166015625
11 0.69189453125 0.9501953125 0.00732421875 0.00634765625
11 0.69189453125 0.88671875 0.00732421875 0.00634765625
11 0.69189453125 0.89697265625 0.00732421875 0.00634765625
11 0.69189453125 0.83056640625 0.00732421875 0.00634765625
11 0.69189453125 0.84130859375 0.00732421875 0.00634765625
21 0.69091796875 0.78173828125 0.005859375 0.0166015625
11 0.69189453125 0.44482421875 0.00732421875 0.00634765625
11 0.69189453125 0.46337890625 0.00732421875 0.00634765625
11 0.69189453125 0.138671875 0.00732421875 0.00634765625
11 0.69189453125 0.12548828125 0.00732421875 0.00634765625
11 0.69189453125 0.064453125 0.00732421875 0.00634765625
11 0.69189453125 0.05126953125 0.00732421875 0.00634765625
11 0.6767578125 0.72216796875 0.00732421875 0.00634765625
11 0.7197265625 0.13623046875 0.00732421875 0.00634765625
11 0.7197265625 0.12841796875 0.00732421875 0.00634765625
11 0.7197265625 0.06201171875 0.00732421875 0.00634765625
11 0.7197265625 0.0537109375 0.00732421875 0.00634765625
11 0.7197265625 0.931640625 0.00732421875 0.00634765625
11 0.7197265625 0.87841796875 0.00732421875 0.00634765625
11 0.7197265625 0.83056640625 0.00732421875 0.00634765625
11 0.7197265625 0.84130859375 0.00732421875 0.00634765625
21 0.71875 0.78173828125 0.005859375 0.0166015625
21 0.71875 0.72900390625 0.005859375 0.0166015625
11 0.7197265625 0.447265625 0.00732421875 0.00634765625
11 0.7197265625 0.46044921875 0.00732421875 0.00634765625
11 0.7197265625 0.396484375 0.00732421875 0.00634765625
11 0.7197265625 0.255859375 0.00732421875 0.00634765625
11 0.7197265625 0.248046875 0.00732421875 0.00634765625
11 0.7197265625 0.19580078125 0.00732421875 0.00634765625
11 0.7197265625 0.18798828125 0.00732421875 0.00634765625
11 0.619140625 0.19580078125 0.00732421875 0.00634765625
15 0.63525390625 0.8369140625 0.0068359375 0.01025390625
15 0.63525390625 0.78369140625 0.0068359375 0.01025390625
11 0.63525390625 0.71435546875 0.00732421875 0.00634765625
11 0.619140625 0.2587890625 0.00732421875 0.00634765625
11 0.619140625 0.2451171875 0.00732421875 0.00634765625
11 0.6630859375 0.072265625 0.00732421875 0.00634765625
21 0.662109375 0.37158203125 0.005859375 0.0166015625
11 0.6630859375 0.24267578125 0.00732421875 0.00634765625
11 0.6630859375 0.20654296875 0.00732421875 0.00634765625
11 0.6630859375 0.193359375 0.00732421875 0.00634765625
11 0.6630859375 0.14697265625 0.00732421875 0.00634765625
11 0.6630859375 0.13330078125 0.00732421875 0.00634765625
11 0.6630859375 0.05908203125 0.00732421875 0.00634765625
11 0.619140625 0.2041015625 0.00732421875 0.00634765625
11 0.619140625 0.8837890625 0.00732421875 0.00634765625
11 0.619140625 0.9365234375 0.00732421875 0.00634765625
9 0.625 0.82421875 0.005859375 0.015625
11 0.619140625 0.7060546875 0.00732421875 0.00634765625
8 0.61865234375 0.7880859375 0.005859375 0.01611328125
11 0.619140625 0.77783203125 0.00732421875 0.00634765625
21 0.662109375 0.44091796875 0.005859375 0.0166015625
11 0.619140625 0.84130859375 0.00732421875 0.00634765625
11 0.619140625 0.83349609375 0.00732421875 0.00634765625
11 0.619140625 0.14404296875 0.00732421875 0.00634765625
11 0.619140625 0.06982421875 0.00732421875 0.00634765625
11 0.619140625 0.06201171875 0.00732421875 0.00634765625
11 0.6630859375 0.939453125 0.00732421875 0.00634765625
11 0.6630859375 0.88671875 0.00732421875 0.00634765625
11 0.6630859375 0.83056640625 0.00732421875 0.00634765625
11 0.6630859375 0.84423828125 0.00732421875 0.00634765625
11 0.6630859375 0.77490234375 0.00732421875 0.00634765625
11 0.6630859375 0.7880859375 0.00732421875 0.00634765625
11 0.6630859375 0.70361328125 0.00732421875 0.00634765625
11 0.619140625 0.13623046875 0.00732421875 0.00634765625
11 0.806640625 0.255859375 0.00732421875 0.00634765625
11 0.806640625 0.19580078125 0.00732421875 0.00634765625
11 0.806640625 0.13623046875 0.00732421875 0.00634765625
11 0.806640625 0.06201171875 0.00732421875 0.00634765625
11 0.791015625 0.947265625 0.00732421875 0.00634765625
11 0.791015625 0.89453125 0.00732421875 0.00634765625
11 0.791015625 0.8388671875 0.00732421875 0.00634765625
11 0.791015625 0.79345703125 0.00732421875 0.00634765625
11 0.791015625 0.724609375 0.00732421875 0.00634765625
21 0.7900390625 0.44091796875 0.005859375 0.0166015625
21 0.7900390625 0.37158203125 0.005859375 0.0166015625
21 0.7900390625 0.2734375 0.005859375 0.0166015625
11 0.791015625 0.2587890625 0.00732421875 0.00634765625
21 0.7900390625 0.21337890625 0.005859375 0.0166015625
11 0.791015625 0.19873046875 0.00732421875 0.00634765625
21 0.7900390625 0.15087890625 0.005859375 0.0166015625
11 0.791015625 0.138671875 0.00732421875 0.00634765625
22 0.54345703125 0.314453125 0.00732421875 0.00341796875
22 0.54345703125 0.3740234375 0.00732421875 0.00341796875
22 0.54345703125 0.443359375 0.00732421875 0.00341796875
22 0.54345703125 0.49658203125 0.00732421875 0.00341796875
22 0.54345703125 0.54931640625 0.00732421875 0.00341796875
22 0.54345703125 0.60791015625 0.00732421875 0.00341796875
22 0.54345703125 0.6611328125 0.00732421875 0.00341796875
21 0.7900390625 0.0947265625 0.005859375 0.0166015625
11 0.7431640625 0.05126953125 0.00732421875 0.00634765625
12 0.74365234375 0.39404296875 0.0078125 0.00634765625
12 0.74365234375 0.40478515625 0.0078125 0.00634765625
12 0.74365234375 0.2587890625 0.0078125 0.00634765625
11 0.7431640625 0.2451171875 0.00732421875 0.00634765625
12 0.74365234375 0.19873046875 0.0078125 0.00634765625
11 0.7431640625 0.185546875 0.00732421875 0.00634765625
12 0.74365234375 0.138671875 0.0078125 0.00634765625
11 0.7431640625 0.12548828125 0.00732421875 0.00634765625
12 0.74365234375 0.064453125 0.0078125 0.00634765625
12 0.74365234375 0.46337890625 0.0078125 0.00634765625
21 0.7421875 0.94091796875 0.005859375 0.0166015625
21 0.7421875 0.8876953125 0.005859375 0.0166015625
21 0.7421875 0.8349609375 0.005859375 0.0166015625
21 0.7421875 0.78173828125 0.005859375 0.0166015625
21 0.7421875 0.72900390625 0.005859375 0.0166015625
12 0.74365234375 0.44482421875 0.0078125 0.00634765625
11 0.765625 0.9501953125 0.00732421875 0.00634765625
11 0.765625 0.89697265625 0.00732421875 0.00634765625
11 0.765625 0.84130859375 0.00732421875 0.00634765625
11 0.791015625 0.064453125 0.00732421875 0.00634765625
11 0.77734375 0.25341796875 0.00732421875 0.00634765625
11 0.77734375 0.193359375 0.00732421875 0.00634765625
11 0.77734375 0.13330078125 0.00732421875 0.00634765625
11 0.77734375 0.05908203125 0.00732421875 0.00634765625
11 0.765625 0.79345703125 0.00732421875 0.00634765625
11 0.765625 0.7275390625 0.00732421875 0.00634765625
11 0.328125 0.88134765625 0.00732421875 0.00634765625
11 0.328125 0.82568359375 0.00732421875 0.00634765625
15 0.328125 0.78369140625 0.0068359375 0.01025390625
11 0.328125 0.7275390625 0.00732421875 0.00634765625
9 0.31787109375 0.77099609375 0.005859375 0.015625
11 0.34619140625 0.71142578125 0.00732421875 0.00634765625
11 0.34619140625 0.93408203125 0.00732421875 0.00634765625
11 0.34619140625 0.88134765625 0.00732421875 0.00634765625
11 0.34619140625 0.83056640625 0.00732421875 0.00634765625
11 0.34619140625 0.8359375 0.00732421875 0.00634765625
11 0.34619140625 0.7802734375 0.00732421875 0.00634765625
11 0.34619140625 0.79345703125 0.00732421875 0.00634765625
21 0.34521484375 0.251953125 0.005859375 0.0166015625
11 0.29638671875 0.82568359375 0.00732421875 0.00634765625
11 0.29638671875 0.88134765625 0.00732421875 0.00634765625
15 0.29638671875 0.78369140625 0.0068359375 0.01025390625
11 0.29638671875 0.724609375 0.00732421875 0.00634765625
11 0.31201171875 0.7802734375 0.0068359375 0.00634765625
11 0.31201171875 0.939453125 0.0068359375 0.00634765625
11 0.31201171875 0.87353515625 0.0068359375 0.00634765625
11 0.31201171875 0.8173828125 0.0068359375 0.00634765625
11 0.31201171875 0.79345703125 0.0068359375 0.00634765625
11 0.31201171875 0.7353515625 0.0068359375 0.00634765625
11 0.31201171875 0.26123046875 0.0068359375 0.00634765625
11 0.31201171875 0.27978515625 0.0068359375 0.00634765625
11 0.39599609375 0.71435546875 0.0068359375 0.00634765625
9 0.3857421875 0.82421875 0.005859375 0.015625
15 0.39599609375 0.78369140625 0.0068359375 0.01025390625
9 0.3857421875 0.76904296875 0.005859375 0.015625
11 0.4111328125 0.93408203125 0.00732421875 0.00634765625
11 0.4111328125 0.88134765625 0.00732421875 0.00634765625
15 0.59912109375 0.8369140625 0.0068359375 0.01025390625
11 0.4111328125 0.8359375 0.00732421875 0.00634765625
11 0.4111328125 0.7802734375 0.00732421875 0.00634765625
11 0.4111328125 0.79345703125 0.00732421875 0.00634765625
11 0.4111328125 0.71142578125 0.00732421875 0.00634765625
15 0.39599609375 0.8369140625 0.0068359375 0.01025390625
11 0.3623046875 0.71435546875 0.0068359375 0.00634765625
8 0.345703125 0.84619140625 0.005859375 0.01611328125
9 0.3515625 0.77099609375 0.005859375 0.015625
11 0.3798828125 0.9365234375 0.00732421875 0.00634765625
11 0.3798828125 0.8837890625 0.00732421875 0.00634765625
11 0.3798828125 0.83349609375 0.00732421875 0.00634765625
11 0.3798828125 0.84130859375 0.00732421875 0.00634765625
11 0.3798828125 0.77783203125 0.00732421875 0.00634765625
11 0.3798828125 0.79638671875 0.00732421875 0.00634765625
11 0.3798828125 0.7060546875 0.00732421875 0.00634765625
19 0.3798828125 0.251953125 0.00732421875 0.00341796875
15 0.3623046875 0.8369140625 0.0068359375 0.01025390625
15 0.3623046875 0.78369140625 0.0068359375 0.01025390625
10 0.1923828125 0.38232421875 0.0146484375 0.04052734375
1 0.19140625 0.31640625 0.015625 0.0185546875
1 0.19140625 0.26220703125 0.015625 0.0185546875
10 0.1923828125 0.20263671875 0.0146484375 0.04052734375
10 0.1923828125 0.14013671875 0.0146484375 0.04052734375
10 0.1923828125 0.08447265625 0.0146484375 0.04052734375
10 0.1923828125 0.78173828125 0.0146484375 0.04052734375
10 0.1923828125 0.72900390625 0.0146484375 0.04052734375
1 0.19140625 0.6630859375 0.015625 0.0185546875
22 0.7333984375 0.6611328125 0.00732421875 0.00341796875
1 0.19140625 0.60986328125 0.015625 0.0185546875
10 0.1923828125 0.50439453125 0.0146484375 0.04052734375
10 0.1923828125 0.451171875 0.0146484375 0.04052734375
22 0.330078125 0.076171875 0.00732421875 0.00341796875
22 0.7333984375 0.60791015625 0.00732421875 0.00341796875
22 0.7333984375 0.54931640625 0.00732421875 0.00341796875
22 0.7333984375 0.49658203125 0.00732421875 0.00341796875
22 0.7333984375 0.314453125 0.00732421875 0.00341796875
22 0.330078125 0.6611328125 0.00732421875 0.00341796875
22 0.330078125 0.60791015625 0.00732421875 0.00341796875
22 0.330078125 0.54931640625 0.00732421875 0.00341796875
22 0.330078125 0.49658203125 0.00732421875 0.00341796875
22 0.330078125 0.443359375 0.00732421875 0.00341796875
22 0.330078125 0.3740234375 0.00732421875 0.00341796875
22 0.330078125 0.314453125 0.00732421875 0.00341796875
22 0.330078125 0.19482421875 0.00732421875 0.00341796875
22 0.330078125 0.13232421875 0.00732421875 0.00341796875
11 0.27685546875 0.2587890625 0.00732421875 0.00634765625
11 0.27685546875 0.27685546875 0.00732421875 0.00634765625
11 0.27685546875 0.72998046875 0.00732421875 0.00634765625
11 0.25146484375 0.88134765625 0.00732421875 0.00634765625
11 0.25146484375 0.82568359375 0.00732421875 0.00634765625
15 0.25146484375 0.78369140625 0.0068359375 0.01025390625
11 0.25146484375 0.7275390625 0.00732421875 0.00634765625
9 0.28271484375 0.77294921875 0.005859375 0.015625
11 0.27685546875 0.9365234375 0.00732421875 0.00634765625
11 0.27685546875 0.87841796875 0.00732421875 0.00634765625
11 0.27685546875 0.82275390625 0.00732421875 0.00634765625
11 0.27685546875 0.783203125 0.00732421875 0.00634765625
11 0.27685546875 0.79638671875 0.00732421875 0.00634765625
11 0.2353515625 0.87353515625 0.00732421875 0.00634765625
11 0.2353515625 0.8173828125 0.00732421875 0.00634765625
11 0.2353515625 0.7802734375 0.00732421875 0.00634765625
11 0.2353515625 0.79345703125 0.00732421875 0.00634765625
11 0.2353515625 0.7353515625 0.00732421875 0.00634765625
11 0.2353515625 0.26123046875 0.00732421875 0.00634765625
11 0.2353515625 0.27978515625 0.00732421875 0.00634765625
11 0.2353515625 0.939453125 0.00732421875 0.00634765625
1 0.19140625 0.9404296875 0.015625 0.0185546875
1 0.19140625 0.88720703125 0.015625 0.0185546875
11 0.4111328125 0.83056640625 0.00732421875 0.00634765625
9 0.2412109375 0.77099609375 0.005859375 0.015625
15 0.53173828125 0.8369140625 0.0068359375 0.01025390625
21 0.54931640625 0.07373046875 0.005859375 0.0166015625
21 0.54931640625 0.1298828125 0.005859375 0.0166015625
15 0.53173828125 0.78369140625 0.0068359375 0.01025390625
11 0.53173828125 0.71142578125 0.00732421875 0.00634765625
8 0.5166015625 0.84814453125 0.00537109375 0.015625
11 0.55029296875 0.93408203125 0.00732421875 0.00634765625
11 0.55029296875 0.88134765625 0.00732421875 0.00634765625
11 0.55029296875 0.83056640625 0.00732421875 0.00634765625
11 0.55029296875 0.8388671875 0.00732421875 0.00634765625
11 0.55029296875 0.77490234375 0.00732421875 0.00634765625
11 0.55029296875 0.783203125 0.00732421875 0.00634765625
11 0.55029296875 0.70361328125 0.00732421875 0.00634765625
21 0.54931640625 0.251953125 0.005859375 0.0166015625
21 0.54931640625 0.1923828125 0.005859375 0.0166015625
11 0.51708984375 0.93408203125 0.00732421875 0.00634765625
11 0.51708984375 0.88134765625 0.00732421875 0.00634765625
11 0.51708984375 0.83056640625 0.00732421875 0.00634765625
11 0.51708984375 0.8388671875 0.00732421875 0.00634765625
11 0.51708984375 0.77490234375 0.00732421875 0.00634765625
11 0.51708984375 0.783203125 0.00732421875 0.00634765625
11 0.51708984375 0.70361328125 0.00732421875 0.00634765625
21 0.51611328125 0.251953125 0.005859375 0.0166015625
21 0.51611328125 0.1923828125 0.005859375 0.0166015625
21 0.51611328125 0.1298828125 0.005859375 0.0166015625
21 0.51611328125 0.07373046875 0.005859375 0.0166015625
15 0.50146484375 0.8369140625 0.0068359375 0.01025390625
15 0.50146484375 0.78369140625 0.0068359375 0.01025390625
8 0.5166015625 0.79296875 0.00537109375 0.01611328125
11 0.58447265625 0.9365234375 0.00732421875 0.00634765625
11 0.58447265625 0.8837890625 0.00732421875 0.00634765625
11 0.58447265625 0.83056640625 0.00732421875 0.00634765625
11 0.58447265625 0.84130859375 0.00732421875 0.00634765625
11 0.58447265625 0.77490234375 0.00732421875 0.00634765625
11 0.58447265625 0.78564453125 0.00732421875 0.00634765625
11 0.58447265625 0.70361328125 0.00732421875 0.00634765625
11 0.58447265625 0.24267578125 0.00732421875 0.00634765625
11 0.58447265625 0.26123046875 0.00732421875 0.00634765625
11 0.58447265625 0.193359375 0.00732421875 0.00634765625
11 0.58447265625 0.2041015625 0.00732421875 0.00634765625
15 0.59912109375 0.78369140625 0.0068359375 0.01025390625
11 0.599609375 0.71435546875 0.00732421875 0.00634765625
8 0.583984375 0.85009765625 0.005859375 0.01611328125
8 0.583984375 0.794921875 0.005859375 0.015625
8 0.5498046875 0.84814453125 0.005859375 0.015625
8 0.5498046875 0.79296875 0.005859375 0.01611328125
11 0.58447265625 0.13330078125 0.00732421875 0.00634765625
11 0.58447265625 0.14404296875 0.00732421875 0.00634765625
11 0.58447265625 0.05908203125 0.00732421875 0.00634765625
11 0.58447265625 0.06982421875 0.00732421875 0.00634765625
15 0.56884765625 0.8369140625 0.0068359375 0.01025390625
15 0.56884765625 0.78369140625 0.0068359375 0.01025390625
11 0.5693359375 0.71142578125 0.00732421875 0.00634765625
11 0.50146484375 0.71142578125 0.00732421875 0.00634765625
15 0.42724609375 0.8369140625 0.0068359375 0.01025390625
15 0.42724609375 0.78369140625 0.0068359375 0.01025390625
11 0.427734375 0.71435546875 0.00732421875 0.00634765625
8 0.4111328125 0.84619140625 0.005859375 0.01611328125
9 0.4169921875 0.77099609375 0.005859375 0.015625
11 0.44970703125 0.77783203125 0.00732421875 0.00634765625
11 0.44970703125 0.9365234375 0.00732421875 0.00634765625
11 0.44970703125 0.8837890625 0.00732421875 0.00634765625
11 0.44970703125 0.83349609375 0.00732421875 0.00634765625
11 0.44970703125 0.84130859375 0.00732421875 0.00634765625
11 0.44970703125 0.79638671875 0.00732421875 0.00634765625
11 0.44970703125 0.7060546875 0.00732421875 0.00634765625
19 0.44970703125 0.251953125 0.00732421875 0.00341796875
19 0.44970703125 0.19189453125 0.00732421875 0.00341796875
19 0.44970703125 0.12939453125 0.00732421875 0.00341796875
19 0.44970703125 0.07373046875 0.00732421875 0.00341796875
11 0.4853515625 0.931640625 0.00732421875 0.00634765625
11 0.4853515625 0.87841796875 0.00732421875 0.00634765625
11 0.4853515625 0.828125 0.00732421875 0.00634765625
11 0.4853515625 0.83349609375 0.00732421875 0.00634765625
11 0.4853515625 0.77783203125 0.00732421875 0.00634765625
11 0.4853515625 0.791015625 0.00732421875 0.00634765625
11 0.4853515625 0.708984375 0.00732421875 0.00634765625
15 0.4658203125 0.8369140625 0.0068359375 0.01025390625
8 0.48486328125 0.84423828125 0.00537109375 0.015625
9 0.4912109375 0.76904296875 0.005859375 0.015625
9 0.455078125 0.82421875 0.005859375 0.015625
15 0.4658203125 0.78369140625 0.0068359375 0.01025390625
11 0.4658203125 0.71435546875 0.00732421875 0.00634765625
9 0.455078125 0.76904296875 0.005859375 0.015625