9 0.62939453125 0.111328125 0.0068359375 0.017578125
8 0.6220703125 0.1845703125 0.00634765625 0.01806640625
11 0.62255859375 0.06201171875 0.00830078125 0.0068359375
11 0.62255859375 0.12353515625 0.00830078125 0.0068359375
11 0.62255859375 0.17236328125 0.00830078125 0.0068359375
11 0.62255859375 0.224609375 0.00830078125 0.0068359375
9 0.62939453125 0.05029296875 0.0068359375 0.017578125
11 0.65625 0.06201171875 0.00830078125 0.0068359375
11 0.65625 0.13232421875 0.00830078125 0.0068359375
11 0.65625 0.1875 0.00830078125 0.0068359375
11 0.65625 0.2275390625 0.00830078125 0.0068359375
8 0.6220703125 0.236328125 0.00634765625 0.017578125
15 0.64013671875 0.06005859375 0.0078125 0.01171875
11 0.640625 0.12353515625 0.0078125 0.0068359375
15 0.64013671875 0.18212890625 0.0078125 0.01171875
15 0.64013671875 0.2431640625 0.0078125 0.01171875
11 0.55126953125 0.12353515625 0.00830078125 0.0068359375
11 0.53466796875 0.1201171875 0.00830078125 0.00732421875
11 0.53466796875 0.06201171875 0.00830078125 0.0068359375
11 0.53466796875 0.17529296875 0.00830078125 0.00732421875
11 0.53466796875 0.2275390625 0.00830078125 0.0068359375
11 0.56884765625 0.1171875 0.00830078125 0.0068359375
11 0.59228515625 0.06201171875 0.00830078125 0.0068359375
11 0.59228515625 0.1201171875 0.00830078125 0.00732421875
11 0.59228515625 0.17236328125 0.00830078125 0.0068359375
11 0.59228515625 0.224609375 0.00830078125 0.0068359375
11 0.783203125 0.1171875 0.00830078125 0.0068359375
11 0.77099609375 0.06201171875 0.00830078125 0.0068359375
11 0.77099609375 0.1875 0.00830078125 0.0068359375
11 0.77099609375 0.2275390625 0.00830078125 0.0068359375
11 0.79541015625 0.1171875 0.00830078125 0.0068359375
11 0.80712890625 0.1142578125 0.0078125 0.0068359375
11 0.67236328125 0.13232421875 0.00830078125 0.0068359375
11 0.70703125 0.06201171875 0.00830078125 0.0068359375
19 0.70703125 0.11865234375 0.00830078125 0.00390625
11 0.70703125 0.17236328125 0.00830078125 0.0068359375
11 0.70703125 0.224609375 0.00830078125 0.0068359375
11 0.7373046875 0.224609375 0.00830078125 0.0068359375
9 0.744140625 0.05029296875 0.0068359375 0.017578125
8 0.73681640625 0.1845703125 0.00634765625 0.01806640625
11 0.7373046875 0.17236328125 0.00830078125 0.0068359375
8 0.73681640625 0.236328125 0.00634765625 0.017578125
15 0.7548828125 0.06005859375 0.0078125 0.01171875
21 0.75390625 0.11865234375 0.00634765625 0.0185546875
15 0.7548828125 0.18212890625 0.0078125 0.01171875
15 0.7548828125 0.2431640625 0.0078125 0.01171875
11 0.7373046875 0.06201171875 0.00830078125 0.0068359375
11 0.30859375 0.06201171875 0.00830078125 0.0068359375
11 0.30859375 0.1201171875 0.00830078125 0.00732421875
11 0.30859375 0.17529296875 0.00830078125 0.00732421875
11 0.30859375 0.2275390625 0.00830078125 0.0068359375
11 0.29248046875 0.12353515625 0.00830078125 0.0068359375
15 0.29248046875 0.18212890625 0.0078125 0.01171875
15 0.29248046875 0.2431640625 0.0078125 0.01171875
11 0.369140625 0.224609375 0.00830078125 0.0068359375
11 0.3251953125 0.12353515625 0.00830078125 0.0068359375
11 0.3427734375 0.1171875 0.0078125 0.0068359375
11 0.369140625 0.06201171875 0.00830078125 0.0068359375
12 0.369140625 0.1171875 0.0087890625 0.0068359375
11 0.369140625 0.17529296875 0.00830078125 0.00732421875
10 0.19384765625 0.11865234375 0.0166015625 0.0458984375
1 0.193359375 0.24072265625 0.017578125 0.02099609375
11 0.24462890625 0.06201171875 0.00830078125 0.0068359375
19 0.24462890625 0.11865234375 0.00830078125 0.00390625
11 0.24462890625 0.17529296875 0.00830078125 0.00732421875
11 0.24462890625 0.224609375 0.00830078125 0.0068359375
10 0.19384765625 0.0576171875 0.0166015625 0.0458984375
11 0.27490234375 0.06201171875 0.0078125 0.0068359375
11 0.27490234375 0.17529296875 0.0078125 0.00732421875
11 0.27490234375 0.224609375 0.0078125 0.0068359375
9 0.28125 0.05029296875 0.0068359375 0.017578125
8 0.2744140625 0.1875 0.00634765625 0.017578125
8 0.2744140625 0.236328125 0.00634765625 0.017578125
15 0.29248046875 0.06005859375 0.0078125 0.01171875
11 0.470703125 0.06201171875 0.00830078125 0.0068359375
19 0.470703125 0.11865234375 0.00830078125 0.00390625
11 0.470703125 0.17529296875 0.00830078125 0.00732421875
11 0.470703125 0.224609375 0.00830078125 0.0068359375
11 0.5185546875 0.12353515625 0.00830078125 0.0068359375
8 0.50048828125 0.1875 0.00634765625 0.017578125
8 0.50048828125 0.236328125 0.00634765625 0.017578125
15 0.5185546875 0.06005859375 0.0078125 0.01171875
15 0.5185546875 0.18212890625 0.0078125 0.01171875
15 0.5185546875 0.2431640625 0.0078125 0.01171875
11 0.5009765625 0.06201171875 0.00830078125 0.0068359375
11 0.5009765625 0.17529296875 0.00830078125 0.00732421875
11 0.5009765625 0.224609375 0.00830078125 0.0068359375
9 0.5078125 0.05029296875 0.0068359375 0.017578125
11 0.3994140625 0.06201171875 0.00830078125 0.0068359375
11 0.3994140625 0.17529296875 0.00830078125 0.00732421875
11 0.3994140625 0.224609375 0.00830078125 0.0068359375
9 0.40576171875 0.05029296875 0.0068359375 0.017578125
8 0.39892578125 0.1875 0.00634765625 0.017578125
8 0.39892578125 0.236328125 0.00634765625 0.017578125
15 0.4169921875 0.06005859375 0.0078125 0.01171875
11 0.43310546875 0.17529296875 0.00830078125 0.00732421875
19 0.4169921875 0.11865234375 0.00830078125 0.00390625
11 0.43310546875 0.06201171875 0.00830078125 0.0068359375
11 0.43310546875 0.2275390625 0.00830078125 0.0068359375
15 0.4169921875 0.18212890625 0.0078125 0.01171875
15 0.4169921875 0.2431640625 0.0078125 0.01171875
11 0.64208984375 0.40283203125 0.00830078125 0.0068359375
11 0.64208984375 0.47607421875 0.00830078125 0.00732421875
11 0.64208984375 0.51611328125 0.00830078125 0.00732421875
9 0.623046875 0.51611328125 0.0068359375 0.017578125
11 0.64208984375 0.5771484375 0.00830078125 0.0068359375
8 0.6708984375 0.4140625 0.00634765625 0.01806640625
15 0.6025390625 0.52587890625 0.0078125 0.01171875
11 0.61669921875 0.52783203125 0.00830078125 0.0068359375
11 0.67138671875 0.40283203125 0.00830078125 0.0068359375
11 0.6611328125 0.52197265625 0.00830078125 0.0068359375
11 0.67138671875 0.5771484375 0.00830078125 0.0068359375
11 0.67138671875 0.47607421875 0.00830078125 0.00732421875
11 0.5634765625 0.40576171875 0.00830078125 0.00732421875
11 0.5634765625 0.47607421875 0.00830078125 0.00732421875
19 0.5390625 0.5234375 0.00830078125 0.00390625
11 0.5390625 0.568359375 0.00830078125 0.0068359375
11 0.5634765625 0.568359375 0.00830078125 0.0068359375
11 0.59228515625 0.40576171875 0.00830078125 0.00732421875
11 0.59228515625 0.47607421875 0.00830078125 0.00732421875
11 0.59228515625 0.5712890625 0.00830078125 0.00732421875
9 0.56982421875 0.39404296875 0.0068359375 0.017578125
9 0.56982421875 0.4638671875 0.0068359375 0.017578125
8 0.56298828125 0.580078125 0.00634765625 0.017578125
15 0.57861328125 0.40380859375 0.0078125 0.01171875
15 0.57861328125 0.46484375 0.0078125 0.01171875
21 0.57763671875 0.5234375 0.0068359375 0.0185546875
15 0.57861328125 0.5869140625 0.0078125 0.01171875
11 0.77685546875 0.52490234375 0.00830078125 0.0068359375
15 0.77685546875 0.5869140625 0.0078125 0.01171875
15 0.77685546875 0.46484375 0.0078125 0.01171875
11 0.79052734375 0.40576171875 0.00830078125 0.00732421875
11 0.79052734375 0.47900390625 0.00830078125 0.0068359375
11 0.79052734375 0.580078125 0.00830078125 0.0068359375
11 0.76171875 0.40576171875 0.00830078125 0.00732421875
11 0.76171875 0.47900390625 0.00830078125 0.0068359375
11 0.76171875 0.580078125 0.00830078125 0.0068359375
9 0.76806640625 0.39404296875 0.0068359375 0.017578125
9 0.76806640625 0.466796875 0.0068359375 0.017578125
8 0.76123046875 0.59228515625 0.00634765625 0.017578125
15 0.77685546875 0.40380859375 0.0078125 0.01171875
11 0.80078125 0.52783203125 0.0078125 0.0068359375
11 0.70068359375 0.40283203125 0.00830078125 0.0068359375
11 0.70068359375 0.47607421875 0.00830078125 0.00732421875
11 0.70068359375 0.5771484375 0.00830078125 0.0068359375
15 0.6865234375 0.5869140625 0.0078125 0.01171875
9 0.67822265625 0.4638671875 0.0068359375 0.017578125
8 0.6708984375 0.5888671875 0.00634765625 0.01806640625
15 0.6865234375 0.40380859375 0.0078125 0.01171875
15 0.6865234375 0.46484375 0.0078125 0.01171875
11 0.6865234375 0.51611328125 0.00830078125 0.00732421875
11 0.71044921875 0.51318359375 0.0078125 0.0068359375
11 0.7373046875 0.40576171875 0.00830078125 0.00732421875
11 0.7373046875 0.47900390625 0.00830078125 0.0068359375
12 0.7373046875 0.52197265625 0.0087890625 0.0068359375
11 0.7373046875 0.580078125 0.00830078125 0.0068359375
11 0.30859375 0.4638671875 0.00830078125 0.0068359375
11 0.33544921875 0.40576171875 0.00830078125 0.00732421875
11 0.33544921875 0.4638671875 0.00830078125 0.0068359375
11 0.33544921875 0.51611328125 0.00830078125 0.00732421875
11 0.33544921875 0.568359375 0.00830078125 0.0068359375
11 0.29833984375 0.40576171875 0.00830078125 0.00732421875
11 0.29833984375 0.53076171875 0.00830078125 0.00732421875
11 0.29833984375 0.5712890625 0.00830078125 0.00732421875
15 0.35595703125 0.46484375 0.0078125 0.01171875
11 0.3701171875 0.40576171875 0.00830078125 0.00732421875
11 0.3701171875 0.4638671875 0.00830078125 0.0068359375
11 0.3701171875 0.51611328125 0.00830078125 0.00732421875
11 0.3701171875 0.568359375 0.00830078125 0.0068359375
1 0.193359375 0.583984375 0.017578125 0.02099609375
11 0.24462890625 0.40576171875 0.00830078125 0.00732421875
11 0.24462890625 0.4580078125 0.00830078125 0.0068359375
11 0.24462890625 0.51611328125 0.00830078125 0.00732421875
11 0.24462890625 0.568359375 0.00830078125 0.0068359375
10 0.19384765625 0.4013671875 0.0166015625 0.0458984375
10 0.19384765625 0.46240234375 0.0166015625 0.04541015625
8 0.2685546875 0.5283203125 0.00634765625 0.017578125
9 0.27587890625 0.39404296875 0.0068359375 0.017578125
8 0.2685546875 0.47314453125 0.00634765625 0.017578125
8 0.2685546875 0.580078125 0.00634765625 0.017578125
15 0.2841796875 0.40380859375 0.0078125 0.01171875
11 0.28466796875 0.4609375 0.00830078125 0.00732421875
15 0.2841796875 0.52587890625 0.0078125 0.01171875
15 0.2841796875 0.5869140625 0.0078125 0.01171875
11 0.5390625 0.40576171875 0.00830078125 0.00732421875
11 0.26904296875 0.40576171875 0.00830078125 0.00732421875
11 0.26904296875 0.4609375 0.00830078125 0.00732421875
11 0.26904296875 0.51611328125 0.00830078125 0.00732421875
11 0.26904296875 0.568359375 0.00830078125 0.0068359375
11 0.46875 0.40576171875 0.00830078125 0.00732421875
11 0.46875 0.51904296875 0.00830078125 0.0068359375
11 0.46875 0.568359375 0.00830078125 0.0068359375
9 0.47509765625 0.39404296875 0.0068359375 0.017578125
11 0.44384765625 0.568359375 0.00830078125 0.0068359375
11 0.498046875 0.40576171875 0.00830078125 0.00732421875
11 0.498046875 0.51904296875 0.00830078125 0.0068359375
11 0.498046875 0.5712890625 0.00830078125 0.00732421875
11 0.5390625 0.47607421875 0.00830078125 0.00732421875
15 0.48388671875 0.40380859375 0.0078125 0.01171875
8 0.46826171875 0.53076171875 0.00634765625 0.017578125
8 0.46826171875 0.580078125 0.00634765625 0.017578125
15 0.48388671875 0.52587890625 0.0078125 0.01171875
15 0.48388671875 0.5869140625 0.0078125 0.01171875
9 0.39208984375 0.4609375 0.0068359375 0.017578125
15 0.38525390625 0.5869140625 0.0078125 0.01171875
11 0.40087890625 0.40576171875 0.00830078125 0.00732421875
11 0.40087890625 0.466796875 0.00830078125 0.0068359375
11 0.40087890625 0.53076171875 0.00830078125 0.00732421875
11 0.40087890625 0.5712890625 0.00830078125 0.00732421875
8 0.36962890625 0.5283203125 0.00634765625 0.017578125
9 0.37646484375 0.39404296875 0.0068359375 0.017578125
8 0.36962890625 0.47509765625 0.00634765625 0.01806640625
13 0.4453125 0.466796875 0.01123046875 0.00732421875
8 0.36962890625 0.580078125 0.00634765625 0.017578125
15 0.38525390625 0.40380859375 0.0078125 0.01171875
11 0.38525390625 0.47265625 0.00830078125 0.0068359375
15 0.38525390625 0.52587890625 0.0078125 0.01171875
11 0.42138671875 0.466796875 0.00830078125 0.0068359375
9 0.42822265625 0.45458984375 0.0068359375 0.017578125
11 0.44384765625 0.40576171875 0.00830078125 0.00732421875
11 0.44384765625 0.51904296875 0.00830078125 0.0068359375
11 0.59912109375 0.87158203125 0.00830078125 0.00732421875
15 0.63671875 0.7470703125 0.0078125 0.01171875
11 0.63720703125 0.82568359375 0.0078125 0.0068359375
11 0.63720703125 0.87451171875 0.0078125 0.0068359375
11 0.63720703125 0.9267578125 0.0078125 0.00732421875
11 0.5791015625 0.86279296875 0.00830078125 0.0068359375
11 0.58935546875 0.86572265625 0.00830078125 0.0068359375
11 0.6591796875 0.9267578125 0.00830078125 0.00732421875
11 0.6591796875 0.87451171875 0.00830078125 0.0068359375
11 0.6591796875 0.82568359375 0.00830078125 0.0068359375
11 0.64990234375 0.7373046875 0.00830078125 0.0068359375
11 0.537109375 0.923828125 0.00830078125 0.0068359375
11 0.537109375 0.74951171875 0.00830078125 0.0068359375
11 0.537109375 0.822265625 0.00830078125 0.0068359375
11 0.537109375 0.87158203125 0.00830078125 0.00732421875
9 0.5439453125 0.7373046875 0.0068359375 0.017578125
9 0.5439453125 0.810546875 0.0068359375 0.017578125
11 0.56591796875 0.74951171875 0.00830078125 0.0068359375
11 0.56591796875 0.822265625 0.00830078125 0.0068359375
11 0.56591796875 0.85986328125 0.00830078125 0.0068359375
11 0.56591796875 0.923828125 0.00830078125 0.0068359375
15 0.55224609375 0.93017578125 0.0078125 0.01171875
9 0.5439453125 0.859375 0.0068359375 0.017578125
8 0.537109375 0.935546875 0.00634765625 0.017578125
15 0.55224609375 0.7470703125 0.0078125 0.01171875
15 0.55224609375 0.80810546875 0.0078125 0.01171875
11 0.55224609375 0.87158203125 0.00830078125 0.00732421875
9 0.77587890625 0.7373046875 0.0068359375 0.017578125
11 0.7841796875 0.74658203125 0.00830078125 0.00732421875
11 0.7841796875 0.822265625 0.00830078125 0.0068359375
11 0.7841796875 0.87451171875 0.00830078125 0.0068359375
11 0.7841796875 0.923828125 0.00830078125 0.0068359375
11 0.80322265625 0.74365234375 0.00830078125 0.0068359375
11 0.75048828125 0.74951171875 0.00830078125 0.0068359375
11 0.759765625 0.822265625 0.00830078125 0.0068359375
11 0.759765625 0.87451171875 0.00830078125 0.0068359375
11 0.759765625 0.923828125 0.00830078125 0.0068359375
11 0.80322265625 0.822265625 0.00830078125 0.0068359375
11 0.76953125 0.74951171875 0.00830078125 0.0068359375
11 0.80322265625 0.87451171875 0.00830078125 0.0068359375
11 0.80322265625 0.923828125 0.00830078125 0.0068359375
11 0.701171875 0.74951171875 0.00830078125 0.0068359375
11 0.701171875 0.82568359375 0.00830078125 0.0068359375
11 0.701171875 0.87451171875 0.00830078125 0.0068359375
11 0.701171875 0.9267578125 0.00830078125 0.00732421875
11 0.68212890625 0.74658203125 0.00830078125 0.00732421875
11 0.6689453125 0.74365234375 0.00830078125 0.0068359375
8 0.66845703125 0.75537109375 0.00634765625 0.01806640625
11 0.68212890625 0.82568359375 0.00830078125 0.0068359375
11 0.68212890625 0.87451171875 0.00830078125 0.0068359375
11 0.68212890625 0.9267578125 0.00830078125 0.00732421875
11 0.73583984375 0.87451171875 0.00830078125 0.0068359375
11 0.71435546875 0.74951171875 0.00830078125 0.0068359375
11 0.73583984375 0.74951171875 0.00830078125 0.0068359375
11 0.73583984375 0.822265625 0.00830078125 0.0068359375
11 0.73583984375 0.923828125 0.00830078125 0.0068359375
9 0.7421875 0.7373046875 0.0068359375 0.017578125
11 0.30908203125 0.8564453125 0.0078125 0.0068359375
11 0.33349609375 0.74951171875 0.00830078125 0.0068359375
11 0.33349609375 0.822265625 0.00830078125 0.0068359375
12 0.333984375 0.86572265625 0.0087890625 0.0068359375
11 0.33349609375 0.923828125 0.00830078125 0.0068359375
11 0.2998046875 0.74658203125 0.00830078125 0.00732421875
11 0.2998046875 0.8193359375 0.00830078125 0.0068359375
11 0.2998046875 0.9208984375 0.00830078125 0.00732421875
11 0.35595703125 0.74951171875 0.00830078125 0.0068359375
11 0.35595703125 0.822265625 0.00830078125 0.0068359375
11 0.35595703125 0.923828125 0.00830078125 0.0068359375
9 0.3623046875 0.7373046875 0.0068359375 0.017578125
9 0.3623046875 0.810546875 0.0068359375 0.017578125
8 0.35546875 0.935546875 0.00634765625 0.017578125
11 0.24462890625 0.74658203125 0.00830078125 0.00732421875
1 0.193359375 0.927734375 0.017578125 0.02099609375
10 0.19384765625 0.8671875 0.0166015625 0.0458984375
11 0.24462890625 0.8193359375 0.00830078125 0.0068359375
11 0.24462890625 0.85986328125 0.00830078125 0.0068359375
11 0.24462890625 0.9208984375 0.00830078125 0.00732421875
10 0.19384765625 0.7451171875 0.0166015625 0.0458984375
10 0.19384765625 0.80615234375 0.0166015625 0.0458984375
15 0.28662109375 0.7470703125 0.0078125 0.01171875
9 0.2783203125 0.80712890625 0.0068359375 0.017578125
8 0.27099609375 0.9326171875 0.00634765625 0.017578125
8 0.27099609375 0.7578125 0.00634765625 0.017578125
15 0.28662109375 0.80810546875 0.0078125 0.01171875
11 0.28662109375 0.85986328125 0.00830078125 0.0068359375
15 0.28662109375 0.93017578125 0.0078125 0.01171875
11 0.26220703125 0.86572265625 0.00830078125 0.0068359375
11 0.271484375 0.74658203125 0.00830078125 0.00732421875
11 0.271484375 0.8193359375 0.00830078125 0.0068359375
11 0.271484375 0.9208984375 0.00830078125 0.00732421875
8 0.45263671875 0.7578125 0.00634765625 0.017578125
9 0.4599609375 0.80712890625 0.0068359375 0.017578125
8 0.45263671875 0.9326171875 0.00634765625 0.017578125
15 0.4677734375 0.7470703125 0.0078125 0.01171875
15 0.4677734375 0.80810546875 0.0078125 0.01171875
11 0.46826171875 0.85986328125 0.00830078125 0.0068359375
15 0.4677734375 0.93017578125 0.0078125 0.01171875
11 0.44384765625 0.86572265625 0.00830078125 0.0068359375
11 0.453125 0.74658203125 0.00830078125 0.00732421875
11 0.453125 0.8193359375 0.00830078125 0.0068359375
11 0.453125 0.9208984375 0.00830078125 0.00732421875
11 0.51513671875 0.822265625 0.00830078125 0.0068359375
11 0.490234375 0.8564453125 0.00830078125 0.0068359375
11 0.51513671875 0.74951171875 0.00830078125 0.0068359375
11 0.51513671875 0.86572265625 0.00830078125 0.0068359375
11 0.51513671875 0.923828125 0.00830078125 0.0068359375
11 0.48095703125 0.9208984375 0.00830078125 0.00732421875
11 0.48095703125 0.74658203125 0.00830078125 0.00732421875
11 0.48095703125 0.8193359375 0.00830078125 0.0068359375
15 0.39111328125 0.86962890625 0.0078125 0.01171875
11 0.404296875 0.87158203125 0.00830078125 0.00732421875
9 0.41064453125 0.859375 0.0068359375 0.017578125
11 0.42626953125 0.74658203125 0.00830078125 0.00732421875
15 0.37060546875 0.7470703125 0.0078125 0.01171875
15 0.37060546875 0.80810546875 0.0078125 0.01171875
15 0.37060546875 0.93017578125 0.0078125 0.01171875
11 0.3837890625 0.74951171875 0.00830078125 0.0068359375
11 0.3837890625 0.822265625 0.00830078125 0.0068359375
11 0.3837890625 0.923828125 0.00830078125 0.0068359375
11 0.42626953125 0.8193359375 0.00830078125 0.0068359375
11 0.42626953125 0.85986328125 0.00830078125 0.0068359375
11 0.42626953125 0.9208984375 0.00830078125 0.00732421875