11 0.67236328125 0.064453125 0.00830078125 0.0068359375
11 0.75439453125 0.0703125 0.00830078125 0.0068359375
11 0.74462890625 0.06103515625 0.00830078125 0.0068359375
11 0.74462890625 0.0703125 0.00830078125 0.0068359375
11 0.75439453125 0.064453125 0.00830078125 0.0068359375
11 0.73583984375 0.06103515625 0.00830078125 0.0068359375
11 0.73583984375 0.0673828125 0.00830078125 0.0068359375
11 0.77978515625 0.06103515625 0.00830078125 0.0068359375
11 0.77978515625 0.0673828125 0.00830078125 0.0068359375
11 0.7705078125 0.064453125 0.00830078125 0.0068359375
11 0.763671875 0.0673828125 0.00830078125 0.0068359375
11 0.6982421875 0.06103515625 0.00830078125 0.0068359375
11 0.6982421875 0.0673828125 0.00830078125 0.0068359375
11 0.68896484375 0.064453125 0.0078125 0.0068359375
11 0.681640625 0.0673828125 0.00830078125 0.0068359375
11 0.716796875 0.0791015625 0.00830078125 0.0068359375
11 0.72607421875 0.0673828125 0.00830078125 0.0068359375
11 0.72607421875 0.0791015625 0.00830078125 0.0068359375
11 0.716796875 0.0673828125 0.00830078125 0.0068359375
11 0.70751953125 0.06103515625 0.00830078125 0.0068359375
11 0.70751953125 0.0673828125 0.00830078125 0.0068359375
11 0.845703125 0.0673828125 0.00830078125 0.0068359375
11 0.83642578125 0.064453125 0.00830078125 0.0068359375
11 0.798828125 0.0673828125 0.00830078125 0.0068359375
11 0.80810546875 0.0673828125 0.00830078125 0.0068359375
11 0.80810546875 0.0732421875 0.00830078125 0.0068359375
11 0.798828125 0.0732421875 0.00830078125 0.0068359375
11 0.78955078125 0.06103515625 0.00830078125 0.0068359375
11 0.78955078125 0.0673828125 0.00830078125 0.0068359375
11 0.83642578125 0.0703125 0.00830078125 0.0068359375
11 0.82666015625 0.06103515625 0.00830078125 0.0068359375
11 0.82666015625 0.0703125 0.00830078125 0.0068359375
11 0.8173828125 0.06103515625 0.00830078125 0.0068359375
11 0.8173828125 0.0673828125 0.00830078125 0.0068359375
19 0.27001953125 0.76513671875 0.00830078125 0.00390625
19 0.27001953125 0.95263671875 0.00830078125 0.00390625
19 0.27001953125 0.90380859375 0.00830078125 0.00390625
19 0.27001953125 0.857421875 0.00830078125 0.00390625
19 0.27001953125 0.8115234375 0.00830078125 0.00390625
19 0.27001953125 0.7158203125 0.00830078125 0.00390625
19 0.27001953125 0.6669921875 0.00830078125 0.00390625
19 0.27001953125 0.61767578125 0.00830078125 0.00390625
19 0.27001953125 0.56884765625 0.00830078125 0.00390625
19 0.27001953125 0.51953125 0.00830078125 0.00390625
19 0.27001953125 0.47021484375 0.00830078125 0.00390625
19 0.27001953125 0.4208984375 0.00830078125 0.00390625
19 0.27001953125 0.375 0.00830078125 0.00390625
11 0.36376953125 0.0849609375 0.00830078125 0.0068359375
11 0.36376953125 0.0908203125 0.00830078125 0.00732421875
11 0.3525390625 0.087890625 0.00830078125 0.0068359375
11 0.34521484375 0.0908203125 0.00830078125 0.00732421875
11 0.333984375 0.087890625 0.00830078125 0.0068359375
11 0.333984375 0.09423828125 0.00830078125 0.0068359375
11 0.39599609375 0.08203125 0.00830078125 0.0068359375
11 0.38671875 0.08203125 0.00830078125 0.0068359375
11 0.67236328125 0.0703125 0.00830078125 0.0068359375
11 0.375 0.087890625 0.00830078125 0.0068359375
11 0.28125 0.09423828125 0.00830078125 0.0068359375
11 0.28125 0.10009765625 0.00830078125 0.0068359375
11 0.31103515625 0.09716796875 0.0078125 0.0068359375
11 0.32275390625 0.09423828125 0.00830078125 0.0068359375
11 0.31103515625 0.0908203125 0.0078125 0.00732421875
19 0.27001953125 0.3291015625 0.00830078125 0.00390625
11 0.2998046875 0.09423828125 0.00830078125 0.0068359375
11 0.29296875 0.09716796875 0.00830078125 0.0068359375
10 0.19384765625 0.181640625 0.0166015625 0.0458984375
1 0.193359375 0.13525390625 0.017578125 0.02099609375
10 0.19384765625 0.06591796875 0.0166015625 0.0458984375
1 0.193359375 0.857421875 0.017578125 0.02099609375
1 0.193359375 0.81103515625 0.017578125 0.02099609375
10 0.19384765625 0.90380859375 0.0166015625 0.0458984375
10 0.19384765625 0.765625 0.0166015625 0.0458984375
10 0.19384765625 0.71630859375 0.0166015625 0.0458984375
19 0.27001953125 0.27978515625 0.00830078125 0.00390625
19 0.27001953125 0.23046875 0.00830078125 0.00390625
19 0.27001953125 0.181640625 0.00830078125 0.00390625
19 0.27001953125 0.13525390625 0.00830078125 0.00390625
11 0.27001953125 0.10009765625 0.00830078125 0.0068359375
11 0.27001953125 0.11474609375 0.00830078125 0.0068359375
10 0.19384765625 0.953125 0.0166015625 0.0458984375
10 0.19384765625 0.3291015625 0.0166015625 0.0458984375
10 0.19384765625 0.42138671875 0.0166015625 0.0458984375
1 0.193359375 0.375 0.017578125 0.02099609375
10 0.19384765625 0.2802734375 0.0166015625 0.0458984375
10 0.19384765625 0.23095703125 0.0166015625 0.0458984375
10 0.19384765625 0.6669921875 0.0166015625 0.0458984375
10 0.19384765625 0.6181640625 0.0166015625 0.0458984375
10 0.19384765625 0.56884765625 0.0166015625 0.0458984375
11 0.38671875 0.087890625 0.00830078125 0.0068359375
10 0.19384765625 0.52001953125 0.0166015625 0.0458984375
10 0.19384765625 0.470703125 0.0166015625 0.0458984375
16 0.57177734375 0.81005859375 0.00390625 0.00634765625
16 0.57177734375 0.8564453125 0.00390625 0.00634765625
16 0.57177734375 0.90234375 0.00390625 0.00634765625
16 0.57177734375 0.95166015625 0.00390625 0.00634765625
16 0.57177734375 0.763671875 0.00390625 0.00634765625
11 0.57373046875 0.0673828125 0.00830078125 0.0068359375
11 0.55517578125 0.0673828125 0.00830078125 0.0068359375
11 0.564453125 0.0703125 0.00830078125 0.0068359375
11 0.564453125 0.064453125 0.00830078125 0.0068359375
11 0.6162109375 0.06103515625 0.00830078125 0.0068359375
11 0.6162109375 0.0673828125 0.00830078125 0.0068359375
11 0.5810546875 0.064453125 0.00830078125 0.0068359375
16 0.57177734375 0.1337890625 0.00390625 0.00634765625
16 0.57177734375 0.18017578125 0.00390625 0.00634765625
16 0.57177734375 0.2294921875 0.00390625 0.00634765625
16 0.57177734375 0.2783203125 0.00390625 0.00634765625
16 0.57177734375 0.32763671875 0.00390625 0.00634765625
16 0.57177734375 0.3740234375 0.00390625 0.00634765625
16 0.57177734375 0.419921875 0.00390625 0.00634765625
16 0.57177734375 0.46923828125 0.00390625 0.00634765625
16 0.57177734375 0.51806640625 0.00390625 0.00634765625
16 0.57177734375 0.5673828125 0.00390625 0.00634765625
16 0.57177734375 0.61669921875 0.00390625 0.00634765625
16 0.57177734375 0.66552734375 0.00390625 0.00634765625
16 0.57177734375 0.71484375 0.00390625 0.00634765625
11 0.59033203125 0.0673828125 0.00830078125 0.0068359375
11 0.59765625 0.064453125 0.0078125 0.0068359375
11 0.59033203125 0.06103515625 0.00830078125 0.0068359375
11 0.60693359375 0.06103515625 0.00830078125 0.0068359375
11 0.60693359375 0.0673828125 0.00830078125 0.0068359375
11 0.427734375 0.0791015625 0.00830078125 0.0068359375
11 0.64453125 0.06103515625 0.0078125 0.0068359375
11 0.4443359375 0.08203125 0.00830078125 0.0068359375
11 0.64453125 0.0673828125 0.0078125 0.0068359375
11 0.45166015625 0.0791015625 0.00830078125 0.0068359375
11 0.43505859375 0.08203125 0.0078125 0.0068359375
11 0.4609375 0.08203125 0.00830078125 0.0068359375
11 0.4609375 0.076171875 0.00830078125 0.00732421875
11 0.5478515625 0.0703125 0.00830078125 0.0068359375
11 0.4052734375 0.0849609375 0.00830078125 0.0068359375
11 0.63525390625 0.0673828125 0.00830078125 0.0068359375
11 0.41650390625 0.0849609375 0.00830078125 0.0068359375
11 0.41650390625 0.0791015625 0.00830078125 0.0068359375
11 0.66259765625 0.06103515625 0.00830078125 0.0068359375
11 0.66259765625 0.0703125 0.00830078125 0.0068359375
11 0.427734375 0.0849609375 0.00830078125 0.0068359375
11 0.63525390625 0.0791015625 0.00830078125 0.0068359375
11 0.5126953125 0.0703125 0.00830078125 0.0068359375
11 0.62548828125 0.0791015625 0.00830078125 0.0068359375
11 0.52197265625 0.0732421875 0.00830078125 0.0068359375
11 0.529296875 0.0703125 0.00830078125 0.0068359375
11 0.5126953125 0.076171875 0.00830078125 0.00732421875
11 0.53857421875 0.0732421875 0.00830078125 0.0068359375
11 0.53857421875 0.0673828125 0.00830078125 0.0068359375
11 0.48681640625 0.0791015625 0.00830078125 0.0068359375
11 0.48681640625 0.0732421875 0.00830078125 0.0068359375
11 0.4775390625 0.076171875 0.00830078125 0.00732421875
11 0.47021484375 0.0791015625 0.00830078125 0.0068359375
11 0.49609375 0.076171875 0.0078125 0.00732421875
11 0.62548828125 0.0673828125 0.00830078125 0.0068359375
11 0.50341796875 0.0732421875 0.00830078125 0.0068359375