1 0.193359375 0.30810546875 0.017578125 0.02099609375
10 0.19384765625 0.11474609375 0.0166015625 0.0458984375
10 0.19384765625 0.18359375 0.0166015625 0.0458984375
10 0.19384765625 0.240234375 0.0166015625 0.0458984375
1 0.193359375 0.36474609375 0.017578125 0.02099609375
1 0.193359375 0.43310546875 0.017578125 0.02099609375
0 0.17529296875 0.087890625 0.005859375 0.08203125
0 0.17529296875 0.21337890625 0.005859375 0.08154296875
0 0.17529296875 0.33837890625 0.005859375 0.08154296875
10 0.19384765625 0.05810546875 0.0166015625 0.0458984375
13 0.5439453125 0.05078125 0.01123046875 0.00732421875
13 0.5439453125 0.119140625 0.01123046875 0.00732421875
13 0.5439453125 0.1787109375 0.01123046875 0.0068359375
13 0.5439453125 0.24462890625 0.01123046875 0.0068359375
13 0.5439453125 0.30078125 0.01123046875 0.0068359375
13 0.5439453125 0.37890625 0.01123046875 0.0068359375
13 0.5439453125 0.36669921875 0.01123046875 0.0068359375
13 0.5439453125 0.4677734375 0.01123046875 0.00732421875
13 0.234375 0.05078125 0.01123046875 0.00732421875
13 0.234375 0.119140625 0.01123046875 0.00732421875
13 0.234375 0.1787109375 0.01123046875 0.0068359375
13 0.234375 0.24462890625 0.01123046875 0.0068359375
13 0.234375 0.30078125 0.01123046875 0.0068359375
13 0.234375 0.37890625 0.01123046875 0.0068359375
13 0.234375 0.36669921875 0.01123046875 0.0068359375
13 0.234375 0.4677734375 0.01123046875 0.00732421875