11 0.62646484375 0.11083984375 0.00732421875 0.00634765625
11 0.62646484375 0.09228515625 0.00732421875 0.00634765625
11 0.6123046875 0.09228515625 0.00732421875 0.00634765625
11 0.6708984375 0.11083984375 0.00732421875 0.00634765625
11 0.57568359375 0.09228515625 0.00732421875 0.00634765625
11 0.6708984375 0.09228515625 0.00732421875 0.00634765625
11 0.6484375 0.09228515625 0.00732421875 0.00634765625
11 0.57177734375 0.11083984375 0.00732421875 0.00634765625
12 0.57568359375 0.134765625 0.0078125 0.00634765625
11 0.59765625 0.09228515625 0.0068359375 0.00634765625
21 0.79248046875 0.1044921875 0.005859375 0.0166015625
21 0.79248046875 0.1416015625 0.005859375 0.0166015625
21 0.79248046875 0.10986328125 0.005859375 0.0166015625
11 0.763671875 0.10009765625 0.00732421875 0.00634765625
12 0.73046875 0.11376953125 0.0078125 0.00634765625
12 0.73388671875 0.1240234375 0.0078125 0.00634765625
11 0.73388671875 0.09765625 0.00732421875 0.00634765625
11 0.69287109375 0.09228515625 0.00732421875 0.00634765625
11 0.3935546875 0.09228515625 0.00732421875 0.00634765625
11 0.37109375 0.10546875 0.00732421875 0.00634765625
11 0.37109375 0.11083984375 0.00732421875 0.00634765625
11 0.37109375 0.09228515625 0.00732421875 0.00634765625
11 0.41552734375 0.09228515625 0.00732421875 0.00634765625
11 0.41552734375 0.10546875 0.00732421875 0.00634765625
11 0.41552734375 0.11083984375 0.00732421875 0.00634765625
11 0.35693359375 0.09228515625 0.00732421875 0.00634765625
11 0.3427734375 0.09228515625 0.00732421875 0.00634765625
11 0.50341796875 0.10009765625 0.0068359375 0.00634765625
21 0.5322265625 0.09375 0.005859375 0.0166015625
21 0.5322265625 0.13623046875 0.005859375 0.0166015625
21 0.5322265625 0.09375 0.005859375 0.0166015625
11 0.31689453125 0.11083984375 0.00732421875 0.00634765625
12 0.47509765625 0.10302734375 0.0078125 0.00634765625
12 0.47509765625 0.1083984375 0.0078125 0.00634765625
12 0.47900390625 0.13720703125 0.0078125 0.00634765625
11 0.474609375 0.09228515625 0.00732421875 0.00634765625
11 0.3203125 0.09228515625 0.00732421875 0.00634765625
12 0.32080078125 0.14794921875 0.0078125 0.00634765625
11 0.43798828125 0.09228515625 0.00732421875 0.00634765625
11 0.31689453125 0.10546875 0.00732421875 0.00634765625
10 0.24169921875 0.11474609375 0.0146484375 0.04052734375
11 0.64794921875 0.201171875 0.00732421875 0.00634765625
11 0.65087890625 0.20654296875 0.00732421875 0.00634765625
11 0.65087890625 0.18798828125 0.00732421875 0.00634765625
11 0.62158203125 0.21435546875 0.00732421875 0.00634765625
11 0.7021484375 0.21435546875 0.00732421875 0.00634765625
11 0.7021484375 0.1904296875 0.00732421875 0.00634765625
11 0.7021484375 0.20361328125 0.00732421875 0.00634765625
11 0.56494140625 0.1904296875 0.00732421875 0.00634765625
11 0.54833984375 0.20361328125 0.00732421875 0.00634765625
11 0.54541015625 0.21435546875 0.00732421875 0.00634765625
11 0.54541015625 0.18798828125 0.00732421875 0.00634765625
12 0.5986328125 0.20361328125 0.0078125 0.00634765625
11 0.59521484375 0.21435546875 0.00732421875 0.00634765625
12 0.595703125 0.18505859375 0.0078125 0.00634765625
12 0.595703125 0.1982421875 0.0078125 0.00634765625
11 0.80078125 0.18505859375 0.00732421875 0.00634765625
11 0.80078125 0.1982421875 0.00732421875 0.00634765625
11 0.78125 0.21435546875 0.00732421875 0.00634765625
11 0.78125 0.1904296875 0.00732421875 0.00634765625
11 0.78125 0.20361328125 0.00732421875 0.00634765625
11 0.72216796875 0.21142578125 0.00732421875 0.00634765625
11 0.72216796875 0.18505859375 0.00732421875 0.00634765625
11 0.72216796875 0.1982421875 0.00732421875 0.00634765625
11 0.76171875 0.21142578125 0.00732421875 0.00634765625
11 0.76171875 0.18505859375 0.00732421875 0.00634765625
11 0.76171875 0.1982421875 0.00732421875 0.00634765625
11 0.74169921875 0.21435546875 0.00732421875 0.00634765625
11 0.74169921875 0.1904296875 0.00732421875 0.00634765625
11 0.74169921875 0.20361328125 0.00732421875 0.00634765625
11 0.33837890625 0.193359375 0.00732421875 0.00634765625
11 0.341796875 0.20654296875 0.00732421875 0.00634765625
11 0.341796875 0.18017578125 0.00732421875 0.00634765625
11 0.318359375 0.18017578125 0.00732421875 0.00634765625
12 0.3916015625 0.208984375 0.0078125 0.00634765625
12 0.3916015625 0.19580078125 0.0078125 0.00634765625
11 0.298828125 0.193359375 0.00732421875 0.00634765625
11 0.361328125 0.18017578125 0.00732421875 0.00634765625
11 0.2490234375 0.193359375 0.00732421875 0.00634765625
12 0.2529296875 0.20361328125 0.0078125 0.00634765625
11 0.2529296875 0.18017578125 0.00732421875 0.00634765625
10 0.19140625 0.19189453125 0.0146484375 0.04052734375
11 0.2724609375 0.18017578125 0.00732421875 0.00634765625
11 0.298828125 0.18017578125 0.00732421875 0.00634765625
11 0.28564453125 0.18017578125 0.00732421875 0.00634765625
12 0.3916015625 0.18017578125 0.0078125 0.00634765625
11 0.525390625 0.18798828125 0.00732421875 0.00634765625
11 0.5087890625 0.201171875 0.00732421875 0.00634765625
11 0.505859375 0.18505859375 0.00732421875 0.00634765625
11 0.48583984375 0.18505859375 0.00732421875 0.00634765625
11 0.4248046875 0.20654296875 0.00732421875 0.00634765625
11 0.4248046875 0.1826171875 0.00732421875 0.00634765625
11 0.4248046875 0.19580078125 0.00732421875 0.00634765625
11 0.4697265625 0.1982421875 0.00732421875 0.00634765625
11 0.46630859375 0.1826171875 0.0068359375 0.00634765625
12 0.46630859375 0.21435546875 0.0078125 0.00634765625
12 0.6474609375 0.296875 0.0078125 0.00634765625
11 0.64697265625 0.259765625 0.00732421875 0.00634765625
11 0.64697265625 0.27294921875 0.00732421875 0.00634765625
11 0.607421875 0.2568359375 0.00732421875 0.00634765625
11 0.607421875 0.27001953125 0.00732421875 0.00634765625
11 0.509765625 0.2861328125 0.00732421875 0.00634765625
11 0.55078125 0.27001953125 0.00732421875 0.00634765625
11 0.55078125 0.2568359375 0.00732421875 0.00634765625
11 0.52587890625 0.2861328125 0.00732421875 0.00634765625
11 0.52587890625 0.26220703125 0.00732421875 0.00634765625
11 0.52587890625 0.275390625 0.00732421875 0.00634765625
11 0.58251953125 0.2861328125 0.00732421875 0.00634765625
11 0.58251953125 0.26220703125 0.00732421875 0.00634765625
11 0.58251953125 0.275390625 0.00732421875 0.00634765625
11 0.56640625 0.2861328125 0.00732421875 0.00634765625
11 0.55078125 0.28369140625 0.00732421875 0.00634765625
11 0.78759765625 0.2490234375 0.00732421875 0.00634765625
11 0.76953125 0.251953125 0.00732421875 0.00634765625
11 0.70849609375 0.25439453125 0.0048828125 0.00439453125
11 0.69482421875 0.2568359375 0.00732421875 0.00634765625
11 0.6787109375 0.259765625 0.00732421875 0.00634765625
11 0.6630859375 0.26220703125 0.00732421875 0.00634765625
11 0.75341796875 0.25439453125 0.00732421875 0.00634765625
11 0.73779296875 0.2568359375 0.00732421875 0.00634765625
11 0.72216796875 0.25439453125 0.00732421875 0.00634765625
9 0.71142578125 0.24560546875 0.00830078125 0.01416015625
11 0.32568359375 0.25439453125 0.00732421875 0.00634765625
9 0.31494140625 0.24560546875 0.00830078125 0.01416015625
11 0.31201171875 0.25439453125 0.0048828125 0.00439453125
11 0.29833984375 0.2568359375 0.00732421875 0.00634765625
21 0.3876953125 0.279296875 0.005859375 0.0166015625
11 0.388671875 0.251953125 0.00732421875 0.00634765625
11 0.373046875 0.251953125 0.00732421875 0.00634765625
11 0.35693359375 0.25439453125 0.0068359375 0.00634765625
11 0.34130859375 0.2568359375 0.00732421875 0.00634765625
12 0.2509765625 0.296875 0.0078125 0.00634765625
11 0.25048828125 0.259765625 0.00732421875 0.00634765625
11 0.25048828125 0.27294921875 0.00732421875 0.00634765625
10 0.19140625 0.263671875 0.0146484375 0.04052734375
11 0.2822265625 0.259765625 0.00732421875 0.00634765625
11 0.2666015625 0.26220703125 0.00732421875 0.00634765625
11 0.46923828125 0.2861328125 0.00732421875 0.00634765625
11 0.46923828125 0.26220703125 0.00732421875 0.00634765625
11 0.46923828125 0.275390625 0.00732421875 0.00634765625
11 0.494140625 0.27001953125 0.00732421875 0.00634765625
11 0.494140625 0.2568359375 0.00732421875 0.00634765625
11 0.494140625 0.28369140625 0.00732421875 0.00634765625
11 0.4423828125 0.2490234375 0.00732421875 0.00634765625
11 0.4072265625 0.2490234375 0.00732421875 0.00634765625
11 0.42626953125 0.24658203125 0.00732421875 0.00634765625
11 0.6044921875 0.35595703125 0.00732421875 0.00634765625
11 0.6103515625 0.345703125 0.00732421875 0.00634765625
11 0.6044921875 0.34814453125 0.00732421875 0.00634765625
11 0.5771484375 0.353515625 0.00732421875 0.00634765625
11 0.65869140625 0.35595703125 0.00732421875 0.00634765625
11 0.662109375 0.37451171875 0.00732421875 0.00634765625
11 0.662109375 0.345703125 0.00732421875 0.00634765625
11 0.662109375 0.35107421875 0.00732421875 0.00634765625
11 0.63134765625 0.35888671875 0.00732421875 0.00634765625
11 0.55029296875 0.35595703125 0.00732421875 0.00634765625
12 0.55419921875 0.37451171875 0.0078125 0.00634765625
11 0.5537109375 0.3427734375 0.00732421875 0.00634765625
11 0.5537109375 0.34814453125 0.00732421875 0.00634765625
21 0.77587890625 0.341796875 0.005859375 0.0166015625
21 0.77587890625 0.341796875 0.005859375 0.0166015625
11 0.685546875 0.35888671875 0.00732421875 0.00634765625
12 0.72900390625 0.36669921875 0.0078125 0.00634765625
12 0.72900390625 0.34814453125 0.0078125 0.00634765625
12 0.72900390625 0.361328125 0.0078125 0.00634765625
11 0.310546875 0.3427734375 0.00732421875 0.00634765625
11 0.310546875 0.32958984375 0.00732421875 0.00634765625
11 0.2939453125 0.32958984375 0.00732421875 0.00634765625
11 0.4970703125 0.353515625 0.00732421875 0.00634765625
11 0.337890625 0.3427734375 0.00732421875 0.00634765625
11 0.337890625 0.32958984375 0.00732421875 0.00634765625
11 0.27685546875 0.3427734375 0.00732421875 0.00634765625
12 0.251953125 0.36669921875 0.0078125 0.00634765625
11 0.25146484375 0.32958984375 0.00732421875 0.00634765625
11 0.248046875 0.3427734375 0.00732421875 0.00634765625
10 0.19140625 0.3525390625 0.0146484375 0.04052734375
11 0.27685546875 0.32958984375 0.00732421875 0.00634765625
11 0.4970703125 0.34033203125 0.00732421875 0.00634765625
11 0.4970703125 0.345703125 0.00732421875 0.00634765625
11 0.45947265625 0.35595703125 0.00732421875 0.00634765625
11 0.45947265625 0.337890625 0.00732421875 0.00634765625
11 0.45947265625 0.3427734375 0.00732421875 0.00634765625
11 0.369140625 0.361328125 0.00732421875 0.00634765625
11 0.36572265625 0.337890625 0.00732421875 0.00634765625
11 0.369140625 0.33251953125 0.00732421875 0.00634765625
11 0.42236328125 0.35888671875 0.00732421875 0.00634765625
11 0.42236328125 0.3349609375 0.00732421875 0.00634765625
11 0.42236328125 0.34033203125 0.00732421875 0.00634765625
11 0.58544921875 0.41015625 0.00732421875 0.00634765625
8 0.65087890625 0.431640625 0.00537109375 0.015625
11 0.60693359375 0.4130859375 0.00732421875 0.00634765625
11 0.65087890625 0.41552734375 0.00732421875 0.00634765625
11 0.65087890625 0.4208984375 0.00732421875 0.00634765625
11 0.7587890625 0.4052734375 0.00732421875 0.00634765625
11 0.7373046875 0.4130859375 0.00732421875 0.00634765625
11 0.69970703125 0.41845703125 0.00732421875 0.00634765625
11 0.69970703125 0.44189453125 0.00732421875 0.00634765625
11 0.6962890625 0.42333984375 0.00732421875 0.00634765625
11 0.298828125 0.4208984375 0.00732421875 0.00634765625
11 0.3203125 0.41845703125 0.00732421875 0.00634765625
11 0.5458984375 0.4208984375 0.00732421875 0.00634765625
11 0.36328125 0.42333984375 0.0068359375 0.00634765625
11 0.36669921875 0.43701171875 0.00732421875 0.00634765625
10 0.19140625 0.427734375 0.0146484375 0.04052734375
11 0.26220703125 0.42333984375 0.00732421875 0.00634765625
11 0.26220703125 0.46044921875 0.00732421875 0.00634765625
11 0.265625 0.43701171875 0.00732421875 0.00634765625
11 0.44677734375 0.4208984375 0.00732421875 0.00634765625
11 0.46826171875 0.4130859375 0.00732421875 0.00634765625
11 0.548828125 0.41552734375 0.00732421875 0.00634765625
11 0.548828125 0.44482421875 0.00732421875 0.00634765625
9 0.3720703125 0.42626953125 0.005859375 0.015625
11 0.40869140625 0.42626953125 0.00732421875 0.00634765625
11 0.40869140625 0.4501953125 0.00732421875 0.00634765625
11 0.412109375 0.439453125 0.00732421875 0.00634765625
11 0.669921875 0.50537109375 0.00732421875 0.00634765625
8 0.669921875 0.51611328125 0.00537109375 0.01611328125
11 0.669921875 0.4921875 0.00732421875 0.00634765625
11 0.658203125 0.48974609375 0.00732421875 0.00634765625
11 0.54833984375 0.4921875 0.00732421875 0.00634765625
11 0.54833984375 0.50537109375 0.00732421875 0.00634765625
11 0.54833984375 0.529296875 0.00732421875 0.00634765625
9 0.52490234375 0.48681640625 0.005859375 0.015625
11 0.51904296875 0.5185546875 0.00732421875 0.00634765625
11 0.51904296875 0.4951171875 0.00732421875 0.00634765625
11 0.51904296875 0.5029296875 0.00732421875 0.00634765625
11 0.51904296875 0.50830078125 0.00732421875 0.00634765625
11 0.63427734375 0.529296875 0.00732421875 0.00634765625
11 0.63427734375 0.4921875 0.00732421875 0.00634765625
11 0.7919921875 0.5029296875 0.00732421875 0.00634765625
8 0.79150390625 0.513671875 0.00537109375 0.015625
8 0.794921875 0.53759765625 0.005859375 0.015625
11 0.79541015625 0.529296875 0.00732421875 0.00634765625
11 0.7724609375 0.484375 0.00732421875 0.00634765625
11 0.7265625 0.5029296875 0.00732421875 0.00634765625
11 0.72998046875 0.529296875 0.00732421875 0.00634765625
11 0.72998046875 0.4951171875 0.00732421875 0.00634765625
8 0.69775390625 0.51611328125 0.00537109375 0.01611328125
11 0.6982421875 0.50537109375 0.00732421875 0.00634765625
11 0.6982421875 0.4921875 0.00732421875 0.00634765625
11 0.7548828125 0.48974609375 0.00732421875 0.00634765625
11 0.31689453125 0.4921875 0.00732421875 0.00634765625
9 0.322265625 0.484375 0.005859375 0.015625
11 0.31689453125 0.50537109375 0.00732421875 0.00634765625
11 0.31689453125 0.49755859375 0.00732421875 0.00634765625
11 0.28857421875 0.5029296875 0.00732421875 0.00634765625
11 0.345703125 0.50830078125 0.00732421875 0.00634765625
11 0.345703125 0.4951171875 0.00732421875 0.00634765625
11 0.25244140625 0.5029296875 0.00732421875 0.00634765625
11 0.25244140625 0.4921875 0.00732421875 0.00634765625
11 0.25244140625 0.49755859375 0.00732421875 0.00634765625
10 0.19140625 0.5068359375 0.0146484375 0.04052734375
11 0.2763671875 0.50048828125 0.00732421875 0.00634765625
11 0.455078125 0.5185546875 0.0068359375 0.00634765625
11 0.455078125 0.4951171875 0.0068359375 0.00634765625
11 0.455078125 0.5029296875 0.0068359375 0.00634765625
11 0.49072265625 0.5185546875 0.00732421875 0.00634765625
11 0.47900390625 0.51611328125 0.00732421875 0.00634765625
11 0.41552734375 0.50830078125 0.00732421875 0.00634765625
11 0.41552734375 0.4951171875 0.00732421875 0.00634765625
11 0.455078125 0.50830078125 0.0068359375 0.00634765625
11 0.38818359375 0.48974609375 0.00732421875 0.00634765625
11 0.36962890625 0.4921875 0.00732421875 0.00634765625
8 0.4150390625 0.51806640625 0.005859375 0.015625
8 0.546875 0.59912109375 0.00537109375 0.015625
11 0.546875 0.5908203125 0.00732421875 0.00634765625
11 0.57763671875 0.58056640625 0.00732421875 0.00634765625
11 0.5654296875 0.59375 0.00732421875 0.00634765625
11 0.55029296875 0.60400390625 0.00732421875 0.00634765625
11 0.49560546875 0.564453125 0.00732421875 0.00634765625
8 0.47705078125 0.609375 0.00537109375 0.01611328125
15 0.49560546875 0.60498046875 0.0068359375 0.01025390625
11 0.47705078125 0.6015625 0.00732421875 0.00634765625
11 0.47705078125 0.5751953125 0.00732421875 0.00634765625
11 0.47705078125 0.58837890625 0.00732421875 0.00634765625
11 0.55029296875 0.57763671875 0.00732421875 0.00634765625
15 0.513671875 0.60498046875 0.0068359375 0.01025390625
8 0.45654296875 0.5947265625 0.005859375 0.01611328125
15 0.62890625 0.5732421875 0.0068359375 0.01025390625
15 0.62890625 0.5732421875 0.0068359375 0.01025390625
11 0.6044921875 0.59619140625 0.00732421875 0.00634765625
11 0.6044921875 0.57763671875 0.00732421875 0.00634765625
11 0.6044921875 0.5908203125 0.00732421875 0.00634765625
9 0.6767578125 0.5693359375 0.005859375 0.015625
11 0.591796875 0.5751953125 0.00732421875 0.00634765625
11 0.67138671875 0.59619140625 0.00732421875 0.00634765625
11 0.67138671875 0.57763671875 0.00732421875 0.00634765625
11 0.67138671875 0.5908203125 0.00732421875 0.00634765625
11 0.29931640625 0.5751953125 0.00732421875 0.00634765625
8 0.29931640625 0.5908203125 0.00537109375 0.01611328125
11 0.322265625 0.572265625 0.00732421875 0.00634765625
11 0.29931640625 0.58056640625 0.00732421875 0.00634765625
11 0.29931640625 0.5673828125 0.00732421875 0.00634765625
11 0.28076171875 0.56982421875 0.00732421875 0.00634765625
11 0.31884765625 0.57763671875 0.00732421875 0.00634765625
11 0.322265625 0.60400390625 0.00732421875 0.00634765625
11 0.248046875 0.5751953125 0.00732421875 0.00634765625
11 0.248046875 0.58056640625 0.00732421875 0.00634765625
11 0.25146484375 0.60400390625 0.00732421875 0.00634765625
11 0.25146484375 0.56982421875 0.00732421875 0.00634765625
10 0.19140625 0.58154296875 0.0146484375 0.04052734375
11 0.271484375 0.5673828125 0.00732421875 0.00634765625
11 0.45654296875 0.57763671875 0.00732421875 0.00634765625
11 0.45654296875 0.58544921875 0.00732421875 0.00634765625
11 0.45654296875 0.572265625 0.00732421875 0.00634765625
11 0.33984375 0.5673828125 0.00732421875 0.00634765625
11 0.4384765625 0.572265625 0.00732421875 0.00634765625
11 0.4287109375 0.56982421875 0.00732421875 0.00634765625
11 0.4052734375 0.58544921875 0.00732421875 0.00634765625
11 0.40869140625 0.60400390625 0.00732421875 0.00634765625
11 0.40869140625 0.572265625 0.00732421875 0.00634765625
8 0.36669921875 0.6123046875 0.00537109375 0.015625
11 0.35498046875 0.55908203125 0.00732421875 0.00634765625
11 0.3671875 0.60400390625 0.00732421875 0.00634765625
11 0.4052734375 0.57763671875 0.00732421875 0.00634765625
11 0.69580078125 0.6396484375 0.00732421875 0.00634765625
11 0.67919921875 0.642578125 0.00732421875 0.00634765625
11 0.662109375 0.642578125 0.00732421875 0.00634765625
11 0.6513671875 0.64501953125 0.00732421875 0.00634765625
11 0.54931640625 0.66357421875 0.00732421875 0.00634765625
11 0.69580078125 0.6767578125 0.00732421875 0.00634765625
15 0.69580078125 0.61669921875 0.0068359375 0.01025390625
11 0.59375 0.6875 0.00732421875 0.00634765625
11 0.59375 0.658203125 0.00732421875 0.00634765625
11 0.56787109375 0.658203125 0.00732421875 0.00634765625
11 0.56787109375 0.66357421875 0.00732421875 0.00634765625
14 0.568359375 0.68017578125 0.0078125 0.01513671875
11 0.54931640625 0.658203125 0.00732421875 0.00634765625
11 0.640625 0.64794921875 0.00732421875 0.00634765625
11 0.6298828125 0.650390625 0.00732421875 0.00634765625
11 0.619140625 0.65283203125 0.00732421875 0.00634765625
11 0.6064453125 0.65576171875 0.00732421875 0.00634765625
11 0.80908203125 0.63720703125 0.00732421875 0.00634765625
11 0.79638671875 0.64794921875 0.00732421875 0.00634765625
11 0.7900390625 0.650390625 0.00732421875 0.00634765625
11 0.79638671875 0.634765625 0.00732421875 0.00634765625
11 0.74609375 0.6396484375 0.00732421875 0.00634765625
11 0.7333984375 0.65283203125 0.00732421875 0.00634765625
11 0.7333984375 0.658203125 0.00732421875 0.00634765625
11 0.7333984375 0.642578125 0.00732421875 0.00634765625
11 0.71435546875 0.65283203125 0.00732421875 0.00634765625
11 0.71435546875 0.658203125 0.00732421875 0.00634765625
11 0.77734375 0.64794921875 0.00732421875 0.00634765625
11 0.771484375 0.650390625 0.00732421875 0.00634765625
15 0.7587890625 0.6142578125 0.0068359375 0.01025390625
11 0.7587890625 0.66650390625 0.00732421875 0.00634765625
11 0.7587890625 0.63720703125 0.00732421875 0.00634765625
11 0.39794921875 0.6875 0.00732421875 0.00634765625
15 0.39794921875 0.65087890625 0.0068359375 0.01025390625
11 0.39794921875 0.64501953125 0.00732421875 0.00634765625
11 0.3046875 0.64794921875 0.00732421875 0.00634765625
11 0.435546875 0.658203125 0.00732421875 0.00634765625
11 0.435546875 0.66357421875 0.00732421875 0.00634765625
11 0.435546875 0.64794921875 0.00732421875 0.00634765625
11 0.4169921875 0.658203125 0.00732421875 0.00634765625
11 0.4169921875 0.66357421875 0.00732421875 0.00634765625
11 0.2919921875 0.650390625 0.00732421875 0.00634765625
15 0.240234375 0.66162109375 0.0068359375 0.01025390625
14 0.24072265625 0.6640625 0.0078125 0.01513671875
10 0.19140625 0.654296875 0.0146484375 0.04052734375
11 0.279296875 0.65283203125 0.00732421875 0.00634765625
15 0.2666015625 0.66162109375 0.0068359375 0.01025390625
11 0.2666015625 0.65576171875 0.00732421875 0.00634765625
11 0.25390625 0.658203125 0.00732421875 0.00634765625
15 0.5302734375 0.65087890625 0.0068359375 0.01025390625
11 0.53076171875 0.6875 0.00732421875 0.00634765625
11 0.53076171875 0.650390625 0.00732421875 0.00634765625
11 0.51123046875 0.65283203125 0.00732421875 0.00634765625
11 0.49853515625 0.658203125 0.00732421875 0.00634765625
11 0.49267578125 0.6611328125 0.00732421875 0.00634765625
11 0.49853515625 0.650390625 0.00732421875 0.00634765625
11 0.4609375 0.64794921875 0.00732421875 0.00634765625
11 0.4609375 0.6767578125 0.00732421875 0.00634765625
15 0.4609375 0.65087890625 0.0068359375 0.01025390625
11 0.4482421875 0.650390625 0.00732421875 0.00634765625
11 0.47998046875 0.658203125 0.00732421875 0.00634765625
11 0.4736328125 0.6611328125 0.00732421875 0.00634765625
11 0.62841796875 0.75439453125 0.00732421875 0.00634765625
11 0.62841796875 0.7490234375 0.00732421875 0.00634765625
11 0.61376953125 0.767578125 0.00732421875 0.00634765625
15 0.61328125 0.74169921875 0.0068359375 0.01025390625
11 0.6630859375 0.74658203125 0.00537109375 0.00439453125
11 0.6552734375 0.7412109375 0.00732421875 0.00634765625
11 0.66943359375 0.74365234375 0.00537109375 0.00439453125
11 0.64404296875 0.73828125 0.00732421875 0.00634765625
11 0.64404296875 0.75439453125 0.00732421875 0.00634765625
11 0.64404296875 0.7490234375 0.00732421875 0.00634765625
11 0.61376953125 0.7412109375 0.00732421875 0.00634765625
11 0.541015625 0.7412109375 0.00732421875 0.00634765625
11 0.5244140625 0.74365234375 0.00732421875 0.00634765625
11 0.55029296875 0.73828125 0.00732421875 0.00634765625
11 0.5107421875 0.74658203125 0.00732421875 0.00634765625
11 0.5107421875 0.751953125 0.00732421875 0.00634765625
11 0.5888671875 0.73046875 0.00732421875 0.00634765625
11 0.5986328125 0.72802734375 0.00732421875 0.00634765625
11 0.5693359375 0.7333984375 0.00732421875 0.00634765625
11 0.56005859375 0.73583984375 0.00732421875 0.00634765625
11 0.5791015625 0.7333984375 0.00732421875 0.00634765625
21 0.77783203125 0.734375 0.005859375 0.0166015625
15 0.796875 0.736328125 0.0068359375 0.01025390625
15 0.763671875 0.736328125 0.0068359375 0.01025390625
15 0.763671875 0.74169921875 0.0068359375 0.01025390625
11 0.69873046875 0.7568359375 0.00732421875 0.00634765625
11 0.69873046875 0.751953125 0.00732421875 0.00634765625
11 0.71435546875 0.74658203125 0.00732421875 0.00634765625
11 0.68359375 0.767578125 0.00732421875 0.00634765625
11 0.67626953125 0.7412109375 0.00537109375 0.00439453125
11 0.68359375 0.74365234375 0.00732421875 0.00634765625
11 0.71435546875 0.7568359375 0.00732421875 0.00634765625
15 0.68359375 0.74169921875 0.0068359375 0.01025390625
11 0.7421875 0.7412109375 0.00732421875 0.00634765625
11 0.7421875 0.759765625 0.00732421875 0.00634765625
11 0.74560546875 0.75439453125 0.0068359375 0.00634765625
11 0.71435546875 0.751953125 0.00732421875 0.00634765625
11 0.7255859375 0.74365234375 0.00732421875 0.00634765625
11 0.32080078125 0.73046875 0.00732421875 0.00634765625
11 0.3349609375 0.7333984375 0.00732421875 0.00634765625
15 0.3349609375 0.74169921875 0.0068359375 0.01025390625
14 0.2880859375 0.74462890625 0.0078125 0.01513671875
5 0.2939453125 0.72265625 0.00634765625 0.0185546875
11 0.3095703125 0.7333984375 0.00732421875 0.00634765625
15 0.3095703125 0.74169921875 0.0068359375 0.01025390625
15 0.3623046875 0.712890625 0.0068359375 0.01025390625
11 0.49658203125 0.7412109375 0.00732421875 0.00634765625
11 0.3623046875 0.7783203125 0.00732421875 0.00634765625
11 0.2880859375 0.73046875 0.00732421875 0.00634765625
11 0.34619140625 0.73046875 0.00732421875 0.00634765625
11 0.3623046875 0.73583984375 0.00732421875 0.00634765625
11 0.23046875 0.73046875 0.00732421875 0.00634765625
11 0.23046875 0.767578125 0.00732421875 0.00634765625
15 0.23046875 0.70751953125 0.0068359375 0.01025390625
10 0.19140625 0.7451171875 0.0146484375 0.04052734375
14 0.27685546875 0.728515625 0.0078125 0.015625
11 0.2763671875 0.7490234375 0.00732421875 0.00634765625
11 0.2763671875 0.74365234375 0.00732421875 0.00634765625
4 0.27685546875 0.75830078125 0.00634765625 0.01611328125
15 0.26123046875 0.74169921875 0.0068359375 0.01025390625
11 0.24560546875 0.7490234375 0.00732421875 0.00634765625
11 0.24560546875 0.74365234375 0.00732421875 0.00634765625
11 0.26123046875 0.7490234375 0.00732421875 0.00634765625
11 0.26123046875 0.74365234375 0.00732421875 0.00634765625
11 0.44580078125 0.73583984375 0.00732421875 0.00634765625
11 0.44580078125 0.751953125 0.00732421875 0.00634765625
11 0.44580078125 0.74658203125 0.00732421875 0.00634765625
11 0.45703125 0.73828125 0.00732421875 0.00634765625
11 0.43017578125 0.751953125 0.00732421875 0.00634765625
11 0.43017578125 0.74658203125 0.00732421875 0.00634765625
11 0.4765625 0.73828125 0.00732421875 0.00634765625
11 0.4765625 0.76513671875 0.00732421875 0.00634765625
11 0.4736328125 0.75439453125 0.00732421875 0.00634765625
11 0.40380859375 0.73583984375 0.00732421875 0.00634765625
11 0.37744140625 0.75439453125 0.00732421875 0.00634765625
11 0.37744140625 0.7490234375 0.00732421875 0.00634765625
11 0.39306640625 0.7490234375 0.00732421875 0.00634765625
11 0.39306640625 0.75439453125 0.00732421875 0.00634765625
11 0.39306640625 0.7333984375 0.00732421875 0.00634765625
15 0.4150390625 0.712890625 0.0068359375 0.01025390625
11 0.4150390625 0.767578125 0.00732421875 0.00634765625
11 0.4150390625 0.73828125 0.00732421875 0.00634765625