11 0.64794921875 0.13671875 0.00634765625 0.005859375
11 0.64794921875 0.1318359375 0.00634765625 0.005859375
11 0.64794921875 0.1220703125 0.00634765625 0.005859375
11 0.6728515625 0.13671875 0.00634765625 0.005859375
11 0.6728515625 0.1318359375 0.00634765625 0.005859375
11 0.6728515625 0.1220703125 0.00634765625 0.005859375
11 0.58935546875 0.1220703125 0.00634765625 0.005859375
11 0.58935546875 0.12939453125 0.00634765625 0.005859375
11 0.58935546875 0.13427734375 0.00634765625 0.005859375
12 0.6240234375 0.09375 0.0068359375 0.005859375
11 0.6240234375 0.13671875 0.00634765625 0.005859375
11 0.6240234375 0.1318359375 0.00634765625 0.005859375
11 0.6240234375 0.1220703125 0.00634765625 0.005859375
11 0.79833984375 0.13671875 0.00634765625 0.005859375
11 0.79833984375 0.12451171875 0.00634765625 0.005859375
11 0.79833984375 0.1318359375 0.00634765625 0.005859375
11 0.69677734375 0.13671875 0.00634765625 0.005859375
11 0.69677734375 0.1318359375 0.00634765625 0.005859375
11 0.69677734375 0.1220703125 0.00634765625 0.005859375
11 0.7255859375 0.13671875 0.00634765625 0.005859375
11 0.7255859375 0.1318359375 0.00634765625 0.005859375
11 0.7255859375 0.12451171875 0.00634765625 0.005859375
11 0.74951171875 0.13671875 0.00634765625 0.005859375
11 0.74951171875 0.1318359375 0.00634765625 0.005859375
11 0.74951171875 0.12451171875 0.00634765625 0.005859375
11 0.77392578125 0.09130859375 0.00634765625 0.005859375
11 0.77392578125 0.13671875 0.00634765625 0.005859375
11 0.77392578125 0.1318359375 0.00634765625 0.005859375
11 0.77392578125 0.12451171875 0.00634765625 0.005859375
11 0.4189453125 0.13427734375 0.00634765625 0.005859375
12 0.41943359375 0.09375 0.00732421875 0.005859375
11 0.39208984375 0.09375 0.00634765625 0.005859375
11 0.4189453125 0.12939453125 0.00634765625 0.005859375
11 0.35546875 0.1103515625 0.00634765625 0.005859375
11 0.4189453125 0.1220703125 0.00634765625 0.005859375
11 0.5654296875 0.1220703125 0.00634765625 0.005859375
1 0.2412109375 0.14013671875 0.01416015625 0.01708984375
10 0.2412109375 0.0927734375 0.013671875 0.037109375
19 0.2841796875 0.09228515625 0.0068359375 0.0029296875
0 0.2265625 0.11767578125 0.0048828125 0.06787109375
22 0.337890625 0.13818359375 0.0068359375 0.0029296875
11 0.4921875 0.1220703125 0.00634765625 0.005859375
11 0.5166015625 0.1220703125 0.00634765625 0.005859375
11 0.5166015625 0.12939453125 0.00634765625 0.005859375
11 0.5166015625 0.13427734375 0.00634765625 0.005859375
11 0.4921875 0.12939453125 0.00634765625 0.005859375
11 0.4921875 0.13427734375 0.00634765625 0.005859375
11 0.541015625 0.13427734375 0.00634765625 0.005859375
11 0.541015625 0.12939453125 0.00634765625 0.005859375
11 0.541015625 0.1220703125 0.00634765625 0.005859375
11 0.5654296875 0.09130859375 0.00634765625 0.005859375
11 0.5654296875 0.13427734375 0.00634765625 0.005859375
11 0.5654296875 0.12939453125 0.00634765625 0.005859375
11 0.4677734375 0.1220703125 0.00634765625 0.005859375
11 0.443359375 0.13427734375 0.00634765625 0.005859375
11 0.443359375 0.12939453125 0.00634765625 0.005859375
11 0.443359375 0.1220703125 0.00634765625 0.005859375
11 0.4677734375 0.12939453125 0.00634765625 0.005859375
11 0.4677734375 0.13427734375 0.00634765625 0.005859375
11 0.63232421875 0.28564453125 0.00634765625 0.005859375
11 0.63232421875 0.29296875 0.00634765625 0.005859375
11 0.63232421875 0.29736328125 0.00634765625 0.005859375
12 0.6328125 0.2548828125 0.0068359375 0.005859375
11 0.6005859375 0.28564453125 0.00634765625 0.005859375
11 0.6005859375 0.29296875 0.00634765625 0.005859375
11 0.6005859375 0.29736328125 0.00634765625 0.005859375
11 0.50390625 0.29736328125 0.00634765625 0.005859375
11 0.52880859375 0.29296875 0.00634765625 0.005859375
11 0.55126953125 0.29736328125 0.00634765625 0.005859375
11 0.52880859375 0.283203125 0.00634765625 0.005859375
11 0.55126953125 0.29296875 0.00634765625 0.005859375
11 0.52880859375 0.29736328125 0.00634765625 0.005859375
11 0.50390625 0.283203125 0.00634765625 0.005859375
11 0.50390625 0.29296875 0.00634765625 0.005859375
11 0.578125 0.28564453125 0.00634765625 0.005859375
11 0.578125 0.29296875 0.00634765625 0.005859375
11 0.578125 0.29736328125 0.00634765625 0.005859375
11 0.578125 0.25244140625 0.00634765625 0.005859375
11 0.55126953125 0.283203125 0.00634765625 0.005859375
11 0.80029296875 0.28564453125 0.00634765625 0.005859375
11 0.80029296875 0.29541015625 0.00634765625 0.005859375
11 0.79443359375 0.29736328125 0.00634765625 0.005859375
11 0.775390625 0.28564453125 0.00634765625 0.005859375
11 0.775390625 0.29541015625 0.00634765625 0.005859375
11 0.76953125 0.29736328125 0.00634765625 0.005859375
11 0.775390625 0.25244140625 0.00634765625 0.005859375
11 0.70068359375 0.29296875 0.00634765625 0.005859375
11 0.70068359375 0.29736328125 0.00634765625 0.005859375
11 0.677734375 0.28564453125 0.00634765625 0.005859375
11 0.677734375 0.29296875 0.00634765625 0.005859375
11 0.677734375 0.29736328125 0.00634765625 0.005859375
11 0.70068359375 0.28564453125 0.00634765625 0.005859375
11 0.6552734375 0.28564453125 0.00634765625 0.005859375
11 0.6552734375 0.29296875 0.00634765625 0.005859375
11 0.6552734375 0.29736328125 0.00634765625 0.005859375
11 0.75048828125 0.28564453125 0.00634765625 0.005859375
11 0.75048828125 0.29541015625 0.00634765625 0.005859375
11 0.74462890625 0.29736328125 0.00634765625 0.005859375
11 0.7255859375 0.28564453125 0.00634765625 0.005859375
11 0.7255859375 0.29541015625 0.00634765625 0.005859375
11 0.7197265625 0.29736328125 0.00634765625 0.005859375
11 0.31982421875 0.283203125 0.00634765625 0.005859375
11 0.31982421875 0.29052734375 0.00634765625 0.005859375
11 0.31982421875 0.29541015625 0.00634765625 0.005859375
11 0.294921875 0.283203125 0.00634765625 0.005859375
11 0.294921875 0.29052734375 0.00634765625 0.005859375
11 0.294921875 0.29541015625 0.00634765625 0.005859375
1 0.1904296875 0.29833984375 0.01416015625 0.01708984375
11 0.34228515625 0.29052734375 0.00634765625 0.005859375
11 0.369140625 0.29541015625 0.00634765625 0.005859375
11 0.37451171875 0.25 0.00634765625 0.005859375
11 0.34228515625 0.283203125 0.00634765625 0.005859375
11 0.34228515625 0.29541015625 0.00634765625 0.005859375
10 0.19091796875 0.2509765625 0.013671875 0.037109375
11 0.22705078125 0.283203125 0.00634765625 0.005859375
11 0.22705078125 0.29052734375 0.00634765625 0.005859375
11 0.22705078125 0.29541015625 0.00634765625 0.005859375
12 0.2275390625 0.25244140625 0.00732421875 0.005859375
11 0.2724609375 0.283203125 0.00634765625 0.005859375
11 0.2724609375 0.29052734375 0.00634765625 0.005859375
11 0.2724609375 0.29541015625 0.00634765625 0.005859375
11 0.37451171875 0.29296875 0.00634765625 0.005859375
11 0.24951171875 0.283203125 0.00634765625 0.005859375
11 0.24951171875 0.29052734375 0.00634765625 0.005859375
11 0.24951171875 0.29541015625 0.00634765625 0.005859375
0 0.17626953125 0.2763671875 0.0048828125 0.068359375
11 0.4814453125 0.283203125 0.00634765625 0.005859375
11 0.4814453125 0.29296875 0.00634765625 0.005859375
11 0.4814453125 0.29736328125 0.00634765625 0.005859375
11 0.45849609375 0.283203125 0.00634765625 0.005859375
11 0.45849609375 0.29296875 0.00634765625 0.005859375
11 0.45849609375 0.29736328125 0.00634765625 0.005859375
11 0.3994140625 0.283203125 0.00634765625 0.005859375
11 0.3994140625 0.29296875 0.00634765625 0.005859375
11 0.39404296875 0.29541015625 0.00634765625 0.005859375
11 0.37451171875 0.283203125 0.00634765625 0.005859375
11 0.43603515625 0.283203125 0.00634765625 0.005859375
11 0.43603515625 0.29296875 0.00634765625 0.005859375
11 0.43603515625 0.29736328125 0.00634765625 0.005859375
12 0.43603515625 0.25244140625 0.00732421875 0.005859375
11 0.63525390625 0.44384765625 0.00634765625 0.005859375
11 0.63525390625 0.45361328125 0.00634765625 0.005859375
11 0.63525390625 0.45849609375 0.00634765625 0.005859375
12 0.63525390625 0.4130859375 0.00732421875 0.005859375
11 0.60595703125 0.4130859375 0.00634765625 0.005859375
11 0.5712890625 0.41064453125 0.00634765625 0.005859375
11 0.5478515625 0.44384765625 0.00634765625 0.005859375
11 0.5478515625 0.45361328125 0.00634765625 0.005859375
11 0.5478515625 0.45849609375 0.00634765625 0.005859375
11 0.5712890625 0.45849609375 0.00634765625 0.005859375
11 0.52392578125 0.44384765625 0.00634765625 0.005859375
11 0.52392578125 0.45361328125 0.00634765625 0.005859375
11 0.52392578125 0.45849609375 0.00634765625 0.005859375
11 0.5947265625 0.44384765625 0.00634765625 0.005859375
11 0.5947265625 0.45361328125 0.00634765625 0.005859375
11 0.5947265625 0.45849609375 0.00634765625 0.005859375
11 0.5712890625 0.44384765625 0.00634765625 0.005859375
11 0.5712890625 0.45361328125 0.00634765625 0.005859375
11 0.79931640625 0.4462890625 0.00634765625 0.005859375
11 0.79931640625 0.45361328125 0.00634765625 0.005859375
11 0.79931640625 0.45849609375 0.00634765625 0.005859375
11 0.77587890625 0.4462890625 0.00634765625 0.005859375
11 0.77587890625 0.45361328125 0.00634765625 0.005859375
11 0.77587890625 0.45849609375 0.00634765625 0.005859375
11 0.68212890625 0.45361328125 0.00634765625 0.005859375
11 0.70556640625 0.44384765625 0.00634765625 0.005859375
11 0.70556640625 0.45361328125 0.00634765625 0.005859375
11 0.70556640625 0.45849609375 0.00634765625 0.005859375
11 0.68212890625 0.44384765625 0.00634765625 0.005859375
11 0.68212890625 0.45849609375 0.00634765625 0.005859375
11 0.65869140625 0.44384765625 0.00634765625 0.005859375
11 0.65869140625 0.45361328125 0.00634765625 0.005859375
11 0.65869140625 0.45849609375 0.00634765625 0.005859375
11 0.77587890625 0.41552734375 0.00634765625 0.005859375
11 0.75244140625 0.4462890625 0.00634765625 0.005859375
11 0.75244140625 0.45361328125 0.00634765625 0.005859375
11 0.75244140625 0.45849609375 0.00634765625 0.005859375
11 0.72900390625 0.4462890625 0.00634765625 0.005859375
11 0.72900390625 0.45361328125 0.00634765625 0.005859375
11 0.72900390625 0.45849609375 0.00634765625 0.005859375
11 0.2734375 0.45361328125 0.00634765625 0.005859375
11 0.29931640625 0.44384765625 0.00634765625 0.005859375
11 0.29931640625 0.45361328125 0.00634765625 0.005859375
11 0.29345703125 0.4560546875 0.00634765625 0.005859375
11 0.2734375 0.44384765625 0.00634765625 0.005859375
11 0.26806640625 0.4560546875 0.00634765625 0.005859375
11 0.248046875 0.44384765625 0.00634765625 0.005859375
11 0.248046875 0.45361328125 0.00634765625 0.005859375
11 0.2421875 0.4560546875 0.00634765625 0.005859375
11 0.35009765625 0.44384765625 0.00634765625 0.005859375
11 0.35009765625 0.45361328125 0.00634765625 0.005859375
11 0.32666015625 0.44384765625 0.00634765625 0.005859375
11 0.32666015625 0.45361328125 0.00634765625 0.005859375
11 0.32666015625 0.45849609375 0.00634765625 0.005859375
1 0.1904296875 0.45703125 0.01416015625 0.01708984375
10 0.19091796875 0.40966796875 0.013671875 0.037109375
0 0.17626953125 0.4345703125 0.0048828125 0.068359375
11 0.22216796875 0.45361328125 0.00634765625 0.005859375
11 0.22216796875 0.44384765625 0.00634765625 0.005859375
11 0.35009765625 0.45849609375 0.00634765625 0.005859375
11 0.21630859375 0.4560546875 0.00634765625 0.005859375
12 0.22216796875 0.4130859375 0.0068359375 0.005859375
11 0.47705078125 0.45849609375 0.00634765625 0.005859375
11 0.47705078125 0.45361328125 0.00634765625 0.005859375
11 0.47705078125 0.44384765625 0.00634765625 0.005859375
11 0.45361328125 0.44384765625 0.00634765625 0.005859375
11 0.45361328125 0.45361328125 0.00634765625 0.005859375
11 0.45361328125 0.45849609375 0.00634765625 0.005859375
11 0.43017578125 0.44384765625 0.00634765625 0.005859375
11 0.50048828125 0.45849609375 0.00634765625 0.005859375
11 0.50048828125 0.45361328125 0.00634765625 0.005859375
11 0.3974609375 0.45849609375 0.00634765625 0.005859375
11 0.3740234375 0.44384765625 0.00634765625 0.005859375
11 0.3740234375 0.45361328125 0.00634765625 0.005859375
11 0.50048828125 0.44384765625 0.00634765625 0.005859375
11 0.3740234375 0.45849609375 0.00634765625 0.005859375
11 0.3740234375 0.41064453125 0.00634765625 0.005859375
11 0.43017578125 0.45849609375 0.00634765625 0.005859375
12 0.4306640625 0.4130859375 0.0068359375 0.005859375
11 0.43017578125 0.45361328125 0.00634765625 0.005859375
11 0.3974609375 0.44384765625 0.00634765625 0.005859375
11 0.3974609375 0.45361328125 0.00634765625 0.005859375
11 0.626953125 0.6123046875 0.00634765625 0.005859375
11 0.626953125 0.6220703125 0.00634765625 0.005859375
11 0.626953125 0.626953125 0.00634765625 0.005859375
12 0.626953125 0.57666015625 0.0068359375 0.005859375
11 0.58935546875 0.6123046875 0.00634765625 0.005859375
11 0.58935546875 0.61962890625 0.00634765625 0.005859375
11 0.64990234375 0.626953125 0.00634765625 0.005859375
11 0.64990234375 0.6220703125 0.00634765625 0.005859375
11 0.64990234375 0.6123046875 0.00634765625 0.005859375
11 0.51904296875 0.6123046875 0.00634765625 0.005859375
11 0.51904296875 0.61962890625 0.00634765625 0.005859375
11 0.51904296875 0.62451171875 0.00634765625 0.005859375
11 0.49609375 0.6123046875 0.00634765625 0.005859375
11 0.49609375 0.6220703125 0.00634765625 0.005859375
11 0.49609375 0.626953125 0.00634765625 0.005859375
11 0.56591796875 0.61962890625 0.00634765625 0.005859375
11 0.56591796875 0.6123046875 0.00634765625 0.005859375
11 0.58935546875 0.62451171875 0.00634765625 0.005859375
11 0.56591796875 0.62451171875 0.00634765625 0.005859375
11 0.56591796875 0.57177734375 0.00634765625 0.005859375
11 0.54248046875 0.6123046875 0.00634765625 0.005859375
11 0.54248046875 0.61962890625 0.00634765625 0.005859375
11 0.54248046875 0.62451171875 0.00634765625 0.005859375
11 0.79931640625 0.6123046875 0.00634765625 0.005859375
11 0.79931640625 0.61962890625 0.00634765625 0.005859375
11 0.79931640625 0.62451171875 0.00634765625 0.005859375
11 0.72021484375 0.6123046875 0.00634765625 0.005859375
11 0.72021484375 0.61962890625 0.00634765625 0.005859375
11 0.72021484375 0.62451171875 0.00634765625 0.005859375
11 0.69677734375 0.6123046875 0.00634765625 0.005859375
11 0.69677734375 0.6220703125 0.00634765625 0.005859375
11 0.69677734375 0.626953125 0.00634765625 0.005859375
11 0.67333984375 0.6123046875 0.00634765625 0.005859375
11 0.67333984375 0.6220703125 0.00634765625 0.005859375
11 0.67333984375 0.626953125 0.00634765625 0.005859375
11 0.77587890625 0.6123046875 0.00634765625 0.005859375
11 0.77587890625 0.61962890625 0.00634765625 0.005859375
11 0.77587890625 0.62451171875 0.00634765625 0.005859375
11 0.77587890625 0.57177734375 0.00634765625 0.005859375
9 0.76416015625 0.56005859375 0.00732421875 0.01318359375
11 0.76123046875 0.5693359375 0.00439453125 0.00439453125
11 0.74365234375 0.6123046875 0.00634765625 0.005859375
11 0.74365234375 0.61962890625 0.00634765625 0.005859375
11 0.74365234375 0.62451171875 0.00634765625 0.005859375
11 0.2939453125 0.6123046875 0.00634765625 0.005859375
11 0.2939453125 0.61962890625 0.00634765625 0.005859375
11 0.2939453125 0.62451171875 0.00634765625 0.005859375
11 0.2939453125 0.5693359375 0.00634765625 0.005859375
11 0.2705078125 0.6123046875 0.00634765625 0.005859375
11 0.2705078125 0.61962890625 0.00634765625 0.005859375
11 0.2705078125 0.62451171875 0.00634765625 0.005859375
11 0.2705078125 0.57177734375 0.00634765625 0.005859375
11 0.31787109375 0.6123046875 0.00634765625 0.005859375
11 0.34130859375 0.56689453125 0.00634765625 0.005859375
11 0.47265625 0.6123046875 0.00634765625 0.005859375
11 0.31787109375 0.61962890625 0.00634765625 0.005859375
11 0.31787109375 0.62451171875 0.00634765625 0.005859375
11 0.31787109375 0.564453125 0.00634765625 0.005859375
1 0.1904296875 0.62060546875 0.01416015625 0.01708984375
10 0.19091796875 0.56787109375 0.013671875 0.037109375
0 0.17626953125 0.595703125 0.0048828125 0.0732421875
11 0.2470703125 0.6103515625 0.00634765625 0.005859375
11 0.2470703125 0.61962890625 0.00634765625 0.005859375
11 0.2470703125 0.62451171875 0.00634765625 0.005859375
11 0.2236328125 0.6103515625 0.00634765625 0.005859375
11 0.2236328125 0.61962890625 0.00634765625 0.005859375
11 0.2236328125 0.62451171875 0.00634765625 0.005859375
11 0.2236328125 0.57421875 0.00634765625 0.005859375
11 0.421875 0.6123046875 0.00634765625 0.005859375
11 0.421875 0.61962890625 0.00634765625 0.005859375
11 0.421875 0.626953125 0.00634765625 0.005859375
12 0.421875 0.57666015625 0.00732421875 0.005859375
11 0.34130859375 0.62451171875 0.00634765625 0.005859375
11 0.47265625 0.6220703125 0.00634765625 0.005859375
11 0.47265625 0.626953125 0.00634765625 0.005859375
11 0.4453125 0.6123046875 0.00634765625 0.005859375
11 0.4453125 0.61962890625 0.00634765625 0.005859375
11 0.4453125 0.626953125 0.00634765625 0.005859375
11 0.36376953125 0.6123046875 0.00634765625 0.005859375
11 0.36376953125 0.61962890625 0.00634765625 0.005859375
11 0.36376953125 0.62451171875 0.00634765625 0.005859375
11 0.36376953125 0.57861328125 0.00634765625 0.005859375
11 0.34130859375 0.6123046875 0.00634765625 0.005859375
11 0.34130859375 0.61962890625 0.00634765625 0.005859375
11 0.3876953125 0.61962890625 0.00634765625 0.005859375
11 0.3876953125 0.6123046875 0.00634765625 0.005859375
11 0.3876953125 0.62451171875 0.00634765625 0.005859375
11 0.3876953125 0.57177734375 0.00634765625 0.005859375
11 0.62890625 0.76171875 0.00634765625 0.005859375
11 0.62890625 0.77099609375 0.00634765625 0.005859375
11 0.62890625 0.77587890625 0.00634765625 0.005859375
12 0.62890625 0.73291015625 0.0068359375 0.005859375
11 0.65185546875 0.76171875 0.00634765625 0.005859375
11 0.65185546875 0.77099609375 0.00634765625 0.005859375
11 0.65185546875 0.77587890625 0.00634765625 0.005859375
11 0.548828125 0.76171875 0.00634765625 0.005859375
11 0.548828125 0.7685546875 0.00634765625 0.005859375
11 0.548828125 0.7734375 0.00634765625 0.005859375
11 0.52587890625 0.76171875 0.00634765625 0.005859375
11 0.52587890625 0.7685546875 0.00634765625 0.005859375
11 0.52587890625 0.7734375 0.00634765625 0.005859375
11 0.595703125 0.76171875 0.00634765625 0.005859375
11 0.595703125 0.7685546875 0.00634765625 0.005859375
11 0.595703125 0.7734375 0.00634765625 0.005859375
11 0.572265625 0.76171875 0.00634765625 0.005859375
11 0.572265625 0.7685546875 0.00634765625 0.005859375
11 0.572265625 0.7734375 0.00634765625 0.005859375
11 0.572265625 0.73046875 0.00634765625 0.005859375
11 0.79931640625 0.763671875 0.00634765625 0.005859375
11 0.79931640625 0.77099609375 0.00634765625 0.005859375
11 0.79931640625 0.77587890625 0.00634765625 0.005859375
11 0.77587890625 0.763671875 0.00634765625 0.005859375
11 0.77587890625 0.77099609375 0.00634765625 0.005859375
11 0.7294921875 0.77587890625 0.00634765625 0.005859375
11 0.69873046875 0.76171875 0.00634765625 0.005859375
11 0.69873046875 0.77099609375 0.00634765625 0.005859375
11 0.69873046875 0.77587890625 0.00634765625 0.005859375
11 0.7294921875 0.77099609375 0.00634765625 0.005859375
11 0.67529296875 0.76171875 0.00634765625 0.005859375
11 0.67529296875 0.77099609375 0.00634765625 0.005859375
11 0.67529296875 0.77587890625 0.00634765625 0.005859375
11 0.7529296875 0.77587890625 0.00634765625 0.005859375
11 0.77587890625 0.77587890625 0.00634765625 0.005859375
11 0.77587890625 0.73046875 0.00634765625 0.005859375
11 0.7529296875 0.763671875 0.00634765625 0.005859375
11 0.7529296875 0.77099609375 0.00634765625 0.005859375
11 0.7294921875 0.763671875 0.00634765625 0.005859375
11 0.29248046875 0.75 0.00634765625 0.005859375
21 0.2685546875 0.77978515625 0.00537109375 0.0146484375
11 0.26904296875 0.74755859375 0.00634765625 0.005859375
11 0.3447265625 0.740234375 0.00634765625 0.005859375
11 0.2470703125 0.740234375 0.00634765625 0.005859375
19 0.31982421875 0.779296875 0.00634765625 0.0029296875
11 0.31982421875 0.7451171875 0.00634765625 0.005859375
1 0.1904296875 0.779296875 0.01416015625 0.01708984375
10 0.19091796875 0.73193359375 0.013671875 0.037109375
0 0.17626953125 0.7568359375 0.0048828125 0.068359375
11 0.50244140625 0.76171875 0.00634765625 0.005859375
11 0.2236328125 0.77099609375 0.00634765625 0.005859375
11 0.2236328125 0.78076171875 0.00634765625 0.005859375
11 0.2236328125 0.78564453125 0.00634765625 0.005859375
11 0.2236328125 0.73779296875 0.00634765625 0.005859375
11 0.47900390625 0.7685546875 0.00634765625 0.005859375
11 0.50244140625 0.7685546875 0.00634765625 0.005859375
11 0.50244140625 0.7734375 0.00634765625 0.005859375
11 0.47900390625 0.76171875 0.00634765625 0.005859375
11 0.47900390625 0.7734375 0.00634765625 0.005859375
11 0.45556640625 0.76171875 0.00634765625 0.005859375
11 0.45556640625 0.7685546875 0.00634765625 0.005859375
11 0.45556640625 0.7734375 0.00634765625 0.005859375
11 0.38671875 0.73046875 0.00634765625 0.005859375
11 0.404296875 0.73291015625 0.00634765625 0.005859375
11 0.36962890625 0.72802734375 0.00634765625 0.005859375
12 0.4326171875 0.73291015625 0.0068359375 0.005859375
11 0.43212890625 0.7734375 0.00634765625 0.005859375
11 0.43212890625 0.7685546875 0.00634765625 0.005859375
11 0.43212890625 0.76171875 0.00634765625 0.005859375
11 0.650390625 0.9453125 0.00634765625 0.005859375
11 0.650390625 0.9619140625 0.00634765625 0.005859375
11 0.650390625 0.88427734375 0.00634765625 0.005859375
11 0.67578125 0.91357421875 0.00634765625 0.005859375
11 0.67578125 0.91845703125 0.00634765625 0.005859375
11 0.67578125 0.92578125 0.00634765625 0.005859375
11 0.67578125 0.9306640625 0.00634765625 0.005859375
11 0.67578125 0.88671875 0.00634765625 0.005859375
11 0.5498046875 0.87939453125 0.00634765625 0.005859375
11 0.57080078125 0.9306640625 0.00634765625 0.005859375
11 0.57080078125 0.93798828125 0.00634765625 0.005859375
11 0.57080078125 0.94287109375 0.00634765625 0.005859375
11 0.5498046875 0.9306640625 0.00634765625 0.005859375
11 0.5498046875 0.93798828125 0.00634765625 0.005859375
11 0.5498046875 0.94287109375 0.00634765625 0.005859375
11 0.6171875 0.9306640625 0.00634765625 0.005859375
11 0.6171875 0.93798828125 0.00634765625 0.005859375
11 0.6171875 0.94287109375 0.00634765625 0.005859375
11 0.6279296875 0.88427734375 0.00634765625 0.005859375
11 0.5966796875 0.9306640625 0.00634765625 0.005859375
11 0.5966796875 0.93798828125 0.00634765625 0.005859375
11 0.5966796875 0.94287109375 0.00634765625 0.005859375
11 0.5966796875 0.8818359375 0.00634765625 0.005859375
11 0.8017578125 0.9208984375 0.00634765625 0.005859375
11 0.8017578125 0.92822265625 0.00634765625 0.005859375
11 0.8017578125 0.93310546875 0.00634765625 0.005859375
11 0.8017578125 0.8916015625 0.00634765625 0.005859375
11 0.78125 0.9208984375 0.00634765625 0.005859375
11 0.78125 0.92822265625 0.00634765625 0.005859375
11 0.78125 0.93310546875 0.00634765625 0.005859375
11 0.78125 0.87939453125 0.00634765625 0.005859375
11 0.7177734375 0.91357421875 0.00634765625 0.005859375
11 0.7177734375 0.91845703125 0.00634765625 0.005859375
11 0.7177734375 0.92578125 0.00634765625 0.005859375
11 0.7177734375 0.9306640625 0.00634765625 0.005859375
11 0.7177734375 0.88671875 0.00634765625 0.005859375
11 0.697265625 0.91357421875 0.00634765625 0.005859375
11 0.697265625 0.91845703125 0.00634765625 0.005859375
11 0.697265625 0.92578125 0.00634765625 0.005859375
11 0.697265625 0.9306640625 0.00634765625 0.005859375
11 0.759765625 0.9208984375 0.00634765625 0.005859375
11 0.759765625 0.92822265625 0.00634765625 0.005859375
11 0.759765625 0.93310546875 0.00634765625 0.005859375
11 0.759765625 0.88427734375 0.00634765625 0.005859375
11 0.697265625 0.8720703125 0.00634765625 0.005859375
11 0.73828125 0.91357421875 0.00634765625 0.005859375
11 0.73828125 0.91845703125 0.00634765625 0.005859375
11 0.73828125 0.92333984375 0.00634765625 0.005859375
11 0.73828125 0.92822265625 0.00634765625 0.005859375
11 0.73828125 0.88671875 0.00634765625 0.005859375
11 0.3486328125 0.92333984375 0.00634765625 0.005859375
11 0.3486328125 0.93310546875 0.00634765625 0.005859375
11 0.3486328125 0.93798828125 0.00634765625 0.005859375
11 0.32763671875 0.92333984375 0.00634765625 0.005859375
11 0.32763671875 0.93310546875 0.00634765625 0.005859375
11 0.32763671875 0.93798828125 0.00634765625 0.005859375
11 0.306640625 0.92333984375 0.00634765625 0.005859375
11 0.306640625 0.9306640625 0.00634765625 0.005859375
11 0.306640625 0.935546875 0.00634765625 0.005859375
11 0.42041015625 0.93310546875 0.00634765625 0.005859375
11 0.42041015625 0.93798828125 0.00634765625 0.005859375
11 0.42041015625 0.8916015625 0.00634765625 0.005859375
11 0.390625 0.92333984375 0.00634765625 0.005859375
11 0.390625 0.93310546875 0.00634765625 0.005859375
11 0.390625 0.93798828125 0.00634765625 0.005859375
11 0.36962890625 0.92333984375 0.00634765625 0.005859375
11 0.36962890625 0.93310546875 0.00634765625 0.005859375
11 0.36962890625 0.93798828125 0.00634765625 0.005859375
11 0.36962890625 0.88916015625 0.00634765625 0.005859375
11 0.23388671875 0.93310546875 0.00634765625 0.005859375
11 0.22802734375 0.935546875 0.00634765625 0.005859375
12 0.234375 0.8916015625 0.0068359375 0.005859375
1 0.1904296875 0.93896484375 0.01416015625 0.01708984375
11 0.23388671875 0.92333984375 0.00634765625 0.005859375
10 0.19091796875 0.89013671875 0.013671875 0.037109375
0 0.17626953125 0.916015625 0.0048828125 0.068359375
11 0.28564453125 0.92333984375 0.00634765625 0.005859375
11 0.28564453125 0.9306640625 0.00634765625 0.005859375
11 0.28564453125 0.935546875 0.00634765625 0.005859375
11 0.25732421875 0.92333984375 0.00634765625 0.005859375
11 0.25732421875 0.93310546875 0.00634765625 0.005859375
11 0.25146484375 0.935546875 0.00634765625 0.005859375
11 0.486328125 0.92578125 0.00634765625 0.005859375
11 0.486328125 0.93310546875 0.00634765625 0.005859375
11 0.486328125 0.93798828125 0.00634765625 0.005859375
11 0.486328125 0.8916015625 0.00634765625 0.005859375
11 0.42041015625 0.92333984375 0.00634765625 0.005859375
11 0.46533203125 0.93310546875 0.00634765625 0.005859375
11 0.46533203125 0.93798828125 0.00634765625 0.005859375
11 0.46533203125 0.89404296875 0.00634765625 0.005859375
11 0.5380859375 0.89404296875 0.00634765625 0.005859375
11 0.46533203125 0.92578125 0.00634765625 0.005859375
11 0.52001953125 0.89404296875 0.00634765625 0.005859375
11 0.50341796875 0.8916015625 0.00634765625 0.005859375
11 0.44140625 0.93310546875 0.00634765625 0.005859375
11 0.44140625 0.93798828125 0.00634765625 0.005859375
11 0.44140625 0.92333984375 0.00634765625 0.005859375
11 0.45166015625 0.89404296875 0.00634765625 0.005859375