11 0.5185546875 0.146484375 0.00830078125 0.00732421875
11 0.62646484375 0.06591796875 0.00830078125 0.00732421875
11 0.62646484375 0.146484375 0.00830078125 0.00732421875
11 0.61181640625 0.146484375 0.00830078125 0.00732421875
11 0.61181640625 0.06884765625 0.00830078125 0.00732421875
11 0.61181640625 0.181640625 0.00830078125 0.00732421875
11 0.65625 0.146484375 0.00830078125 0.00732421875
11 0.67138671875 0.06591796875 0.00830078125 0.00732421875
11 0.67138671875 0.146484375 0.00830078125 0.00732421875
11 0.67138671875 0.181640625 0.00830078125 0.00732421875
11 0.6416015625 0.18798828125 0.00830078125 0.00732421875
11 0.6416015625 0.0537109375 0.00830078125 0.00732421875
11 0.6416015625 0.146484375 0.00830078125 0.00732421875
11 0.533203125 0.146484375 0.00830078125 0.00732421875
11 0.533203125 0.1787109375 0.00830078125 0.00732421875
11 0.5771484375 0.0625 0.00830078125 0.00732421875
11 0.5771484375 0.146484375 0.00830078125 0.00732421875
11 0.5771484375 0.18798828125 0.00830078125 0.00732421875
11 0.5478515625 0.06591796875 0.00830078125 0.00732421875
11 0.5478515625 0.146484375 0.00830078125 0.00732421875
11 0.591796875 0.06591796875 0.00830078125 0.00732421875
11 0.591796875 0.146484375 0.00830078125 0.00732421875
11 0.533203125 0.06884765625 0.00830078125 0.00732421875
21 0.7919921875 0.06103515625 0.0068359375 0.0185546875
11 0.79345703125 0.13134765625 0.00830078125 0.00732421875
11 0.806640625 0.13720703125 0.00830078125 0.00732421875
19 0.76513671875 0.18310546875 0.00830078125 0.00390625
8 0.7646484375 0.06884765625 0.00634765625 0.0185546875
15 0.779296875 0.0634765625 0.0078125 0.01220703125
11 0.779296875 0.12548828125 0.00830078125 0.00732421875
15 0.7646484375 0.123046875 0.0078125 0.01220703125
11 0.68603515625 0.146484375 0.00830078125 0.00732421875
11 0.70947265625 0.05029296875 0.0078125 0.00732421875
11 0.70947265625 0.12548828125 0.0078125 0.00732421875
11 0.70947265625 0.1845703125 0.0078125 0.00732421875
11 0.751953125 0.05029296875 0.00830078125 0.00732421875
11 0.76513671875 0.056640625 0.00830078125 0.00732421875
11 0.72265625 0.056640625 0.00830078125 0.00732421875
11 0.73876953125 0.04443359375 0.00830078125 0.00732421875
21 0.73779296875 0.12060546875 0.0068359375 0.01904296875
21 0.73779296875 0.18359375 0.0068359375 0.01904296875
11 0.2841796875 0.06591796875 0.00830078125 0.00732421875
11 0.31298828125 0.0625 0.00830078125 0.00732421875
11 0.31298828125 0.146484375 0.00830078125 0.00732421875
11 0.31298828125 0.18798828125 0.00830078125 0.00732421875
11 0.34765625 0.06884765625 0.00830078125 0.00732421875
11 0.34765625 0.146484375 0.00830078125 0.00732421875
11 0.34765625 0.181640625 0.00830078125 0.00732421875
11 0.328125 0.06591796875 0.00830078125 0.00732421875
11 0.328125 0.146484375 0.00830078125 0.00732421875
10 0.1943359375 0.12060546875 0.0166015625 0.046875
1 0.19384765625 0.1826171875 0.01806640625 0.021484375
12 0.236328125 0.0810546875 0.00927734375 0.00732421875
12 0.236328125 0.140625 0.00927734375 0.00732421875
12 0.236328125 0.18798828125 0.00927734375 0.00732421875
10 0.1943359375 0.0615234375 0.0166015625 0.046875
11 0.26953125 0.06884765625 0.00830078125 0.00732421875
21 0.26806640625 0.12060546875 0.0068359375 0.01904296875
21 0.26806640625 0.18359375 0.0068359375 0.01904296875
11 0.4599609375 0.146484375 0.00830078125 0.00732421875
11 0.4453125 0.05029296875 0.00830078125 0.00732421875
11 0.4453125 0.146484375 0.00830078125 0.00732421875
11 0.4453125 0.1845703125 0.00830078125 0.00732421875
11 0.50390625 0.06591796875 0.00830078125 0.00732421875
11 0.50390625 0.146484375 0.00830078125 0.00732421875
11 0.50390625 0.1845703125 0.00830078125 0.00732421875
11 0.474609375 0.146484375 0.00830078125 0.00732421875
11 0.474609375 0.1787109375 0.00830078125 0.00732421875
11 0.4892578125 0.056640625 0.00830078125 0.00732421875
11 0.4892578125 0.146484375 0.00830078125 0.00732421875
8 0.48876953125 0.06884765625 0.0068359375 0.0185546875
11 0.392578125 0.146484375 0.00830078125 0.00732421875
11 0.3623046875 0.06591796875 0.00830078125 0.00732421875
11 0.3623046875 0.146484375 0.00830078125 0.00732421875
11 0.3779296875 0.0537109375 0.00830078125 0.00732421875
11 0.3779296875 0.146484375 0.00830078125 0.00732421875
11 0.3779296875 0.18798828125 0.00830078125 0.00732421875
11 0.4072265625 0.06591796875 0.00830078125 0.00732421875
11 0.421875 0.146484375 0.00830078125 0.00732421875
11 0.4072265625 0.146484375 0.00830078125 0.00732421875
11 0.4072265625 0.181640625 0.00830078125 0.00732421875
11 0.666015625 0.38720703125 0.00830078125 0.00732421875
21 0.6650390625 0.4443359375 0.0068359375 0.01904296875
15 0.638671875 0.37548828125 0.0078125 0.01220703125
11 0.63916015625 0.4365234375 0.00830078125 0.00732421875
11 0.65234375 0.39013671875 0.00830078125 0.00732421875
12 0.70654296875 0.4365234375 0.0087890625 0.00732421875
12 0.70654296875 0.380859375 0.0087890625 0.00732421875
11 0.6796875 0.38427734375 0.00830078125 0.00732421875
12 0.70654296875 0.3212890625 0.0087890625 0.00732421875
15 0.56005859375 0.37548828125 0.0078125 0.01220703125
21 0.572265625 0.31396484375 0.0068359375 0.0185546875
21 0.572265625 0.37353515625 0.0068359375 0.01904296875
21 0.59716796875 0.37353515625 0.0068359375 0.01904296875
11 0.533203125 0.318359375 0.00830078125 0.00732421875
9 0.53955078125 0.30615234375 0.0068359375 0.01806640625
11 0.59814453125 0.42431640625 0.00830078125 0.00732421875
11 0.546875 0.32421875 0.00830078125 0.00732421875
15 0.546875 0.37548828125 0.0078125 0.01220703125
21 0.61474609375 0.37353515625 0.0068359375 0.01904296875
11 0.62548828125 0.4306640625 0.00830078125 0.00732421875
8 0.625 0.44287109375 0.0068359375 0.01806640625
11 0.81005859375 0.30908203125 0.00830078125 0.00732421875
11 0.79638671875 0.3125 0.00830078125 0.00732421875
21 0.79541015625 0.37353515625 0.0068359375 0.01904296875
21 0.79541015625 0.4443359375 0.0068359375 0.01904296875
22 0.63232421875 0.31103515625 0.0087890625 0.00390625
22 0.53564453125 0.44140625 0.0087890625 0.00390625
22 0.4501953125 0.44140625 0.0087890625 0.00390625
12 0.73388671875 0.375 0.0087890625 0.00732421875
12 0.73388671875 0.4306640625 0.0087890625 0.00732421875
12 0.76611328125 0.33056640625 0.00927734375 0.00732421875
12 0.73388671875 0.3154296875 0.0087890625 0.00732421875
12 0.76611328125 0.39013671875 0.00927734375 0.00732421875
12 0.76611328125 0.44580078125 0.00927734375 0.00732421875
13 0.31689453125 0.3837890625 0.01123046875 0.00732421875
12 0.3154296875 0.30908203125 0.00927734375 0.00732421875
13 0.31689453125 0.44580078125 0.01123046875 0.00732421875
21 0.28955078125 0.31396484375 0.0068359375 0.0185546875
21 0.28955078125 0.37353515625 0.0068359375 0.01904296875
21 0.28955078125 0.4443359375 0.0068359375 0.01904296875
11 0.341796875 0.30908203125 0.00830078125 0.00732421875
11 0.3603515625 0.30908203125 0.00830078125 0.00732421875
11 0.3740234375 0.30615234375 0.00830078125 0.00732421875
10 0.1943359375 0.37353515625 0.0166015625 0.046875
1 0.19384765625 0.44384765625 0.01806640625 0.021484375
11 0.23291015625 0.30322265625 0.00830078125 0.00732421875
11 0.23291015625 0.3994140625 0.00830078125 0.00732421875
10 0.1943359375 0.31396484375 0.0166015625 0.046875
11 0.2705078125 0.30615234375 0.00830078125 0.00732421875
11 0.2705078125 0.380859375 0.00830078125 0.00732421875
11 0.2705078125 0.43359375 0.00830078125 0.00732421875
11 0.23291015625 0.44580078125 0.00830078125 0.00732421875
21 0.251953125 0.31396484375 0.0068359375 0.0185546875
21 0.251953125 0.37353515625 0.0068359375 0.01904296875
21 0.251953125 0.4443359375 0.0068359375 0.01904296875
11 0.46435546875 0.39013671875 0.00830078125 0.00732421875
11 0.46435546875 0.32421875 0.00830078125 0.00732421875
11 0.4365234375 0.318359375 0.00830078125 0.00732421875
11 0.4365234375 0.38427734375 0.00830078125 0.00732421875
11 0.45068359375 0.3212890625 0.00830078125 0.00732421875
11 0.45068359375 0.38720703125 0.00830078125 0.00732421875
11 0.48486328125 0.318359375 0.00830078125 0.00732421875
21 0.4833984375 0.37353515625 0.0068359375 0.01904296875
11 0.5107421875 0.3125 0.00830078125 0.00732421875
12 0.5107421875 0.39013671875 0.0087890625 0.00732421875
11 0.4091796875 0.3125 0.00830078125 0.00732421875
11 0.4091796875 0.3779296875 0.00830078125 0.00732421875
11 0.39111328125 0.30908203125 0.00830078125 0.00732421875
11 0.42333984375 0.3154296875 0.00830078125 0.00732421875
11 0.42333984375 0.380859375 0.00830078125 0.00732421875
21 0.6376953125 0.57470703125 0.0068359375 0.01904296875
11 0.595703125 0.57958984375 0.00830078125 0.00732421875
14 0.62646484375 0.580078125 0.0087890625 0.017578125
5 0.615234375 0.57177734375 0.00732421875 0.02099609375
11 0.60791015625 0.58251953125 0.00830078125 0.00732421875
15 0.68359375 0.63671875 0.0078125 0.01171875
11 0.68359375 0.67724609375 0.00830078125 0.00732421875
21 0.650390625 0.69384765625 0.0068359375 0.01904296875
21 0.650390625 0.63427734375 0.0068359375 0.01904296875
12 0.52294921875 0.68017578125 0.0087890625 0.00732421875
12 0.52294921875 0.6513671875 0.0087890625 0.00732421875
11 0.5224609375 0.57958984375 0.00830078125 0.00732421875
11 0.58349609375 0.576171875 0.00830078125 0.00732421875
11 0.56982421875 0.58251953125 0.00830078125 0.00732421875
11 0.548828125 0.57958984375 0.00830078125 0.00732421875
11 0.80712890625 0.6298828125 0.00830078125 0.00732421875
11 0.7900390625 0.6328125 0.00830078125 0.00732421875
11 0.77294921875 0.6357421875 0.00830078125 0.00732421875
11 0.7001953125 0.64794921875 0.00830078125 0.00732421875
21 0.71630859375 0.69384765625 0.0068359375 0.01904296875
11 0.71728515625 0.64501953125 0.00830078125 0.00732421875
19 0.75634765625 0.69384765625 0.0087890625 0.00390625
11 0.75634765625 0.638671875 0.00830078125 0.00732421875
11 0.7392578125 0.64208984375 0.00830078125 0.00732421875
11 0.30078125 0.6865234375 0.00830078125 0.00732421875
11 0.30078125 0.6572265625 0.00830078125 0.00732421875
11 0.30078125 0.5732421875 0.00830078125 0.00732421875
11 0.2841796875 0.576171875 0.00830078125 0.00732421875
21 0.26611328125 0.69384765625 0.0068359375 0.01904296875
21 0.26611328125 0.63427734375 0.0068359375 0.01904296875
11 0.26708984375 0.5732421875 0.00830078125 0.00732421875
21 0.33349609375 0.69384765625 0.0068359375 0.01904296875
21 0.33349609375 0.63427734375 0.0068359375 0.01904296875
11 0.33447265625 0.57958984375 0.00830078125 0.00732421875
11 0.31787109375 0.576171875 0.00830078125 0.00732421875
1 0.19384765625 0.693359375 0.01806640625 0.021484375
10 0.1943359375 0.63427734375 0.0166015625 0.046875
10 0.1943359375 0.57470703125 0.0166015625 0.046875
22 0.74609375 0.57177734375 0.00830078125 0.00390625
11 0.25 0.5703125 0.00830078125 0.00732421875
11 0.23291015625 0.6865234375 0.00830078125 0.00732421875
11 0.23291015625 0.6572265625 0.00830078125 0.00732421875
11 0.23291015625 0.5673828125 0.00830078125 0.00732421875
11 0.44287109375 0.58251953125 0.00830078125 0.00732421875
11 0.43017578125 0.57958984375 0.00830078125 0.00732421875
11 0.4169921875 0.58544921875 0.00830078125 0.00732421875
11 0.404296875 0.58251953125 0.00830078125 0.00732421875
21 0.48876953125 0.69384765625 0.0068359375 0.01904296875
21 0.48876953125 0.63427734375 0.0068359375 0.01904296875
21 0.48876953125 0.57470703125 0.0068359375 0.01904296875
15 0.47314453125 0.5771484375 0.0078125 0.01220703125
9 0.4619140625 0.5732421875 0.00732421875 0.01806640625
11 0.455078125 0.58544921875 0.00830078125 0.00732421875
12 0.37841796875 0.68359375 0.00927734375 0.00732421875
12 0.37841796875 0.654296875 0.00927734375 0.00732421875
11 0.3779296875 0.58251953125 0.00830078125 0.00732421875
11 0.3515625 0.58251953125 0.00830078125 0.00732421875
11 0.64453125 0.87939453125 0.00830078125 0.00732421875
11 0.68505859375 0.87939453125 0.00830078125 0.00732421875
11 0.6953125 0.93017578125 0.00830078125 0.00732421875
11 0.63037109375 0.93603515625 0.0078125 0.00732421875
11 0.654296875 0.93017578125 0.00830078125 0.00732421875
11 0.66455078125 0.87939453125 0.0078125 0.00732421875
11 0.6748046875 0.8046875 0.00830078125 0.00732421875
11 0.6748046875 0.93603515625 0.00830078125 0.00732421875
8 0.556640625 0.83203125 0.00634765625 0.0185546875
9 0.56396484375 0.89453125 0.0068359375 0.01806640625
11 0.55712890625 0.90673828125 0.0078125 0.00732421875
11 0.57275390625 0.82275390625 0.00830078125 0.00732421875
15 0.57275390625 0.88623046875 0.0078125 0.01220703125
11 0.57275390625 0.9453125 0.00830078125 0.00732421875
11 0.53662109375 0.90673828125 0.00830078125 0.00732421875
11 0.546875 0.93603515625 0.00830078125 0.00732421875
11 0.55712890625 0.81982421875 0.0078125 0.00732421875
11 0.60693359375 0.8291015625 0.00830078125 0.00732421875
11 0.60693359375 0.91015625 0.00830078125 0.00732421875
9 0.61376953125 0.81689453125 0.0068359375 0.01806640625
9 0.61376953125 0.89453125 0.0068359375 0.01806640625
12 0.630859375 0.826171875 0.0087890625 0.00732421875
15 0.63037109375 0.88623046875 0.0078125 0.01220703125
11 0.5869140625 0.91015625 0.00830078125 0.00732421875
11 0.59716796875 0.939453125 0.00830078125 0.00732421875
11 0.80712890625 0.8291015625 0.00830078125 0.00732421875
11 0.80712890625 0.88232421875 0.00830078125 0.00732421875
9 0.81396484375 0.81689453125 0.0068359375 0.01806640625
8 0.806640625 0.89453125 0.00634765625 0.0185546875
11 0.78662109375 0.88232421875 0.00830078125 0.00732421875
11 0.796875 0.93310546875 0.00830078125 0.00732421875
11 0.7763671875 0.9453125 0.00830078125 0.00732421875
8 0.72705078125 0.8916015625 0.00634765625 0.01806640625
8 0.705078125 0.8916015625 0.0068359375 0.01806640625
11 0.70556640625 0.87939453125 0.00830078125 0.00732421875
10 0.1943359375 0.88427734375 0.0166015625 0.046875
8 0.705078125 0.82275390625 0.0068359375 0.01806640625
11 0.72705078125 0.81982421875 0.00830078125 0.00732421875
11 0.72705078125 0.87939453125 0.00830078125 0.00732421875
11 0.72705078125 0.9453125 0.00830078125 0.00732421875
11 0.751953125 0.93017578125 0.00830078125 0.00732421875
11 0.76171875 0.826171875 0.00830078125 0.00732421875
11 0.76171875 0.87939453125 0.00830078125 0.00732421875
8 0.76171875 0.83740234375 0.00634765625 0.0185546875
11 0.7763671875 0.82275390625 0.00830078125 0.00732421875
11 0.70556640625 0.810546875 0.00830078125 0.00732421875
11 0.74169921875 0.87939453125 0.00830078125 0.00732421875
21 0.3447265625 0.88427734375 0.0068359375 0.01904296875
21 0.3447265625 0.94384765625 0.0068359375 0.01904296875
10 0.1943359375 0.82470703125 0.0166015625 0.046875
21 0.39013671875 0.88427734375 0.0068359375 0.01904296875
21 0.39013671875 0.94384765625 0.0068359375 0.01904296875
11 0.4013671875 0.8291015625 0.00830078125 0.00732421875
11 0.37060546875 0.923828125 0.00830078125 0.00732421875
11 0.3564453125 0.81982421875 0.00830078125 0.00732421875
8 0.35546875 0.83203125 0.00634765625 0.0185546875
11 0.37060546875 0.82275390625 0.00830078125 0.00732421875
11 0.37060546875 0.89453125 0.00830078125 0.00732421875
11 0.2568359375 0.81689453125 0.00830078125 0.00732421875
1 0.19384765625 0.943359375 0.01806640625 0.021484375
11 0.23583984375 0.81982421875 0.00830078125 0.00732421875
19 0.23583984375 0.8837890625 0.0087890625 0.00390625
19 0.23583984375 0.943359375 0.0087890625 0.00390625
11 0.3251953125 0.8916015625 0.00830078125 0.00732421875
11 0.29833984375 0.810546875 0.00830078125 0.00732421875
11 0.3251953125 0.826171875 0.00830078125 0.00732421875
11 0.3251953125 0.923828125 0.00830078125 0.00732421875
11 0.27783203125 0.81396484375 0.00830078125 0.00732421875
12 0.27783203125 0.8857421875 0.0087890625 0.00732421875
12 0.27783203125 0.9267578125 0.0087890625 0.00732421875
11 0.48974609375 0.93017578125 0.00830078125 0.00732421875
11 0.4794921875 0.90087890625 0.00830078125 0.00732421875
11 0.5 0.81982421875 0.00830078125 0.00732421875
11 0.5 0.90087890625 0.00830078125 0.00732421875
8 0.49951171875 0.83203125 0.00634765625 0.0185546875
11 0.458984375 0.90087890625 0.00830078125 0.00732421875
11 0.46923828125 0.810546875 0.00830078125 0.00732421875
11 0.46923828125 0.93603515625 0.00830078125 0.00732421875
9 0.5068359375 0.888671875 0.0068359375 0.01806640625
11 0.52294921875 0.826171875 0.0078125 0.00732421875
15 0.5224609375 0.88623046875 0.0078125 0.01220703125
11 0.52294921875 0.9453125 0.0078125 0.00732421875
11 0.4248046875 0.93603515625 0.00830078125 0.00732421875
15 0.4248046875 0.88623046875 0.0078125 0.01220703125
12 0.4248046875 0.83203125 0.0087890625 0.00732421875
9 0.408203125 0.81689453125 0.00732421875 0.01806640625
11 0.44921875 0.93017578125 0.00830078125 0.00732421875
11 0.4384765625 0.90087890625 0.00830078125 0.00732421875