15 0.61474609375 0.12451171875 0.00732421875 0.01123046875
11 0.62939453125 0.14453125 0.0078125 0.0068359375
11 0.654296875 0.13818359375 0.0078125 0.0068359375
12 0.68701171875 0.13232421875 0.0087890625 0.0068359375
11 0.59619140625 0.14453125 0.0078125 0.0068359375
11 0.5419921875 0.13232421875 0.0078125 0.0068359375
11 0.5634765625 0.13818359375 0.0078125 0.0068359375
9 0.6025390625 0.13232421875 0.0068359375 0.017578125
11 0.7763671875 0.13232421875 0.0078125 0.0068359375
11 0.7978515625 0.13818359375 0.0078125 0.0068359375
11 0.720703125 0.13818359375 0.0078125 0.0068359375
11 0.7529296875 0.12939453125 0.0078125 0.0068359375
11 0.33154296875 0.13525390625 0.0078125 0.00732421875
12 0.375 0.12939453125 0.0087890625 0.0068359375
11 0.408203125 0.13525390625 0.0078125 0.00732421875
21 0.28466796875 0.1220703125 0.0068359375 0.01806640625
10 0.24365234375 0.12255859375 0.01611328125 0.04541015625
11 0.30712890625 0.1416015625 0.0078125 0.00732421875
11 0.4638671875 0.12939453125 0.0078125 0.0068359375
11 0.48583984375 0.13525390625 0.0078125 0.00732421875
11 0.5185546875 0.12939453125 0.0078125 0.0068359375
11 0.44091796875 0.12646484375 0.0078125 0.0068359375
11 0.6318359375 0.197265625 0.0078125 0.0068359375
11 0.66796875 0.19482421875 0.0078125 0.0068359375
21 0.521484375 0.193359375 0.00634765625 0.01806640625
11 0.54736328125 0.19140625 0.0078125 0.00732421875
12 0.59228515625 0.19140625 0.0087890625 0.00732421875
11 0.794921875 0.20068359375 0.0078125 0.0068359375
11 0.6943359375 0.19482421875 0.0078125 0.0068359375
11 0.720703125 0.19482421875 0.0078125 0.0068359375
12 0.75537109375 0.20068359375 0.0087890625 0.0068359375
11 0.294921875 0.20654296875 0.0078125 0.00732421875
9 0.3017578125 0.1943359375 0.0068359375 0.017578125
15 0.31494140625 0.1953125 0.0078125 0.01123046875
11 0.3310546875 0.21240234375 0.0078125 0.00732421875
10 0.193359375 0.193359375 0.01611328125 0.04541015625
12 0.21875 0.20361328125 0.0087890625 0.0068359375
11 0.2587890625 0.20654296875 0.0078125 0.00732421875
11 0.431640625 0.20654296875 0.0078125 0.00732421875
11 0.45947265625 0.20068359375 0.0078125 0.0068359375
11 0.49658203125 0.19140625 0.0078125 0.00732421875
11 0.35888671875 0.20654296875 0.0078125 0.00732421875
11 0.40380859375 0.21240234375 0.0078125 0.00732421875
11 0.60791015625 0.2626953125 0.0078125 0.00732421875
12 0.65576171875 0.2626953125 0.0087890625 0.00732421875
12 0.5625 0.27734375 0.0087890625 0.0068359375
11 0.52294921875 0.27734375 0.0078125 0.00732421875
11 0.7666015625 0.265625 0.0078125 0.0068359375
11 0.794921875 0.265625 0.0078125 0.0068359375
11 0.69873046875 0.2685546875 0.0078125 0.0068359375
11 0.73828125 0.265625 0.0078125 0.0068359375
12 0.30126953125 0.265625 0.0087890625 0.0068359375
11 0.34423828125 0.271484375 0.0078125 0.0068359375
10 0.193359375 0.26416015625 0.01611328125 0.04541015625
12 0.21875 0.2744140625 0.0087890625 0.0068359375
11 0.26318359375 0.265625 0.0078125 0.0068359375
11 0.41162109375 0.2685546875 0.0078125 0.0068359375
11 0.43994140625 0.2685546875 0.0078125 0.0068359375
12 0.47900390625 0.2744140625 0.0087890625 0.0068359375
11 0.38330078125 0.2685546875 0.0078125 0.0068359375
11 0.63525390625 0.3486328125 0.0078125 0.00732421875
11 0.6689453125 0.3427734375 0.0078125 0.0068359375
11 0.55908203125 0.357421875 0.0078125 0.0068359375
11 0.52880859375 0.3515625 0.0078125 0.0068359375
11 0.60205078125 0.3544921875 0.0078125 0.00732421875
11 0.75048828125 0.3544921875 0.0078125 0.00732421875
11 0.7841796875 0.3486328125 0.0078125 0.00732421875
8 0.71240234375 0.345703125 0.00634765625 0.017578125
11 0.712890625 0.33349609375 0.0078125 0.00732421875
15 0.73193359375 0.33740234375 0.0078125 0.01123046875
12 0.31201171875 0.34521484375 0.0087890625 0.0068359375
11 0.26806640625 0.34521484375 0.0078125 0.0068359375
11 0.36181640625 0.3427734375 0.0078125 0.0068359375
10 0.193359375 0.33544921875 0.01611328125 0.04541015625
12 0.21875 0.3427734375 0.0087890625 0.0068359375
11 0.45458984375 0.34521484375 0.0078125 0.0068359375
11 0.498046875 0.34521484375 0.0078125 0.0068359375
12 0.4052734375 0.3427734375 0.0087890625 0.0068359375