8 0.70068359375 0.23388671875 0.00634765625 0.01806640625
11 0.701171875 0.5693359375 0.00830078125 0.0068359375
11 0.701171875 0.2216796875 0.00830078125 0.0068359375
11 0.6767578125 0.56640625 0.00830078125 0.0068359375
11 0.66455078125 0.22509765625 0.00830078125 0.0068359375
11 0.55322265625 0.05859375 0.00830078125 0.0068359375
11 0.56884765625 0.39404296875 0.00830078125 0.0068359375
11 0.56884765625 0.0615234375 0.00830078125 0.0068359375
11 0.64013671875 0.5634765625 0.00830078125 0.00732421875
11 0.64013671875 0.4091796875 0.00830078125 0.0068359375
11 0.64013671875 0.22802734375 0.00830078125 0.0068359375
11 0.599609375 0.08251953125 0.00830078125 0.0068359375
11 0.5849609375 0.39111328125 0.00830078125 0.0068359375
11 0.5849609375 0.0615234375 0.00830078125 0.0068359375
11 0.80712890625 0.5693359375 0.00830078125 0.0068359375
22 0.5146484375 0.2294921875 0.00830078125 0.00390625
11 0.7431640625 0.5634765625 0.00830078125 0.00732421875
11 0.7255859375 0.5693359375 0.00830078125 0.0068359375
11 0.7255859375 0.4091796875 0.00830078125 0.0068359375
11 0.7255859375 0.2158203125 0.00830078125 0.00732421875
8 0.70068359375 0.58154296875 0.00634765625 0.01806640625
11 0.791015625 0.56640625 0.00830078125 0.0068359375
11 0.791015625 0.2216796875 0.00830078125 0.0068359375
11 0.77490234375 0.56640625 0.00830078125 0.0068359375
11 0.77490234375 0.21875 0.00830078125 0.0068359375
11 0.7587890625 0.5634765625 0.0078125 0.00732421875
11 0.3330078125 0.5634765625 0.00830078125 0.00732421875
11 0.3330078125 0.39111328125 0.00830078125 0.0068359375
11 0.3330078125 0.0556640625 0.00830078125 0.00732421875
8 0.3076171875 0.4091796875 0.00634765625 0.017578125
8 0.3076171875 0.0673828125 0.00634765625 0.017578125
11 0.30859375 0.3974609375 0.0078125 0.00732421875
11 0.30859375 0.0556640625 0.0078125 0.00732421875
11 0.28369140625 0.052734375 0.00830078125 0.0068359375
11 0.271484375 0.400390625 0.00830078125 0.0068359375
11 0.3662109375 0.04931640625 0.00830078125 0.00732421875
11 0.35009765625 0.04931640625 0.00830078125 0.00732421875
1 0.193359375 0.57666015625 0.017578125 0.02099609375
10 0.19384765625 0.232421875 0.0166015625 0.0458984375
10 0.19384765625 0.06005859375 0.0166015625 0.0458984375
22 0.7197265625 0.05712890625 0.00830078125 0.00390625
22 0.326171875 0.2294921875 0.00830078125 0.00390625
11 0.5283203125 0.5576171875 0.00830078125 0.0068359375
11 0.24755859375 0.5634765625 0.00830078125 0.00732421875
11 0.24755859375 0.4033203125 0.00830078125 0.0068359375
11 0.24755859375 0.04931640625 0.00830078125 0.00732421875
11 0.4658203125 0.39111328125 0.00830078125 0.0068359375
11 0.4658203125 0.04931640625 0.00830078125 0.00732421875
11 0.38232421875 0.052734375 0.00830078125 0.0068359375
11 0.5283203125 0.3974609375 0.00830078125 0.00732421875
11 0.5283203125 0.05859375 0.00830078125 0.0068359375
11 0.5126953125 0.064453125 0.00830078125 0.0068359375
8 0.49755859375 0.412109375 0.00634765625 0.017578125
11 0.498046875 0.400390625 0.00830078125 0.0068359375
11 0.498046875 0.052734375 0.00830078125 0.0068359375
11 0.48193359375 0.052734375 0.00830078125 0.0068359375
11 0.4140625 0.0556640625 0.00830078125 0.00732421875
11 0.3984375 0.3974609375 0.00830078125 0.00732421875
11 0.3984375 0.052734375 0.00830078125 0.0068359375
11 0.38232421875 0.39404296875 0.00830078125 0.0068359375
11 0.44091796875 0.04931640625 0.00830078125 0.00732421875
11 0.44091796875 0.400390625 0.00830078125 0.0068359375
11 0.44091796875 0.560546875 0.00830078125 0.0068359375