11 0.52978515625 0.068359375 0.00830078125 0.0068359375
15 0.69970703125 0.578125 0.0078125 0.01171875
11 0.69970703125 0.39306640625 0.00830078125 0.0068359375
15 0.69970703125 0.06005859375 0.0078125 0.01171875
11 0.669921875 0.39599609375 0.00830078125 0.0068359375
15 0.58935546875 0.23291015625 0.0078125 0.01171875
11 0.58935546875 0.08642578125 0.00830078125 0.0068359375
11 0.5595703125 0.0654296875 0.00830078125 0.0068359375
21 0.52880859375 0.23046875 0.00634765625 0.0185546875
11 0.64013671875 0.39306640625 0.00830078125 0.0068359375
21 0.63916015625 0.576171875 0.00634765625 0.0185546875
21 0.63916015625 0.05810546875 0.00634765625 0.0185546875
22 0.513671875 0.39453125 0.00830078125 0.00390625
22 0.513671875 0.5732421875 0.00830078125 0.00390625
8 0.73291015625 0.4228515625 0.00634765625 0.01806640625
11 0.7333984375 0.57470703125 0.00830078125 0.0068359375
11 0.7333984375 0.41357421875 0.00830078125 0.0068359375
11 0.7333984375 0.0654296875 0.00830078125 0.0068359375
8 0.79248046875 0.0625 0.00634765625 0.01806640625
11 0.79345703125 0.39599609375 0.00830078125 0.0068359375
11 0.79345703125 0.05029296875 0.00830078125 0.0068359375
11 0.76318359375 0.39306640625 0.00830078125 0.0068359375
11 0.27490234375 0.2412109375 0.00830078125 0.0068359375
11 0.27490234375 0.04736328125 0.00830078125 0.0068359375
8 0.33447265625 0.0751953125 0.00634765625 0.017578125
11 0.3349609375 0.2587890625 0.00830078125 0.0068359375
11 0.3349609375 0.0654296875 0.00830078125 0.0068359375
11 0.3046875 0.23779296875 0.00830078125 0.0068359375
11 0.3046875 0.04443359375 0.00830078125 0.00732421875
22 0.7197265625 0.22802734375 0.00830078125 0.00390625
22 0.32470703125 0.5732421875 0.00830078125 0.00390625
22 0.32470703125 0.39453125 0.00830078125 0.00390625
10 0.19384765625 0.05810546875 0.0166015625 0.0458984375
11 0.2451171875 0.23779296875 0.00830078125 0.0068359375
11 0.2451171875 0.04443359375 0.00830078125 0.00732421875
1 0.193359375 0.57568359375 0.017578125 0.02099609375
10 0.19384765625 0.4033203125 0.0166015625 0.0458984375
10 0.19384765625 0.23046875 0.0166015625 0.0458984375
11 0.5 0.0654296875 0.00830078125 0.0068359375
15 0.5 0.23291015625 0.0078125 0.01171875
11 0.46728515625 0.07421875 0.00830078125 0.00732421875
11 0.39599609375 0.25 0.00830078125 0.0068359375
11 0.39599609375 0.056640625 0.00830078125 0.0068359375
11 0.43896484375 0.2470703125 0.00830078125 0.00732421875
11 0.3662109375 0.2470703125 0.00830078125 0.00732421875
11 0.3662109375 0.0537109375 0.00830078125 0.0068359375
9 0.34130859375 0.24072265625 0.0068359375 0.017578125
11 0.43896484375 0.0537109375 0.00830078125 0.0068359375