21 0.65576171875 0.142578125 0.00634765625 0.0185546875
11 0.6572265625 0.072265625 0.00830078125 0.0068359375
11 0.64599609375 0.06591796875 0.00830078125 0.0068359375
11 0.55078125 0.1435546875 0.00830078125 0.0068359375
11 0.55810546875 0.140625 0.00830078125 0.0068359375
11 0.55810546875 0.1259765625 0.00830078125 0.00732421875
11 0.681640625 0.0751953125 0.00830078125 0.00732421875
11 0.69384765625 0.0810546875 0.00830078125 0.0068359375
8 0.68115234375 0.0927734375 0.00634765625 0.01806640625
15 0.68115234375 0.14453125 0.0078125 0.01171875
11 0.681640625 0.0810546875 0.00830078125 0.0068359375
15 0.66943359375 0.0908203125 0.0078125 0.01171875
12 0.58642578125 0.134765625 0.0087890625 0.0068359375
21 0.63232421875 0.142578125 0.00634765625 0.0185546875
11 0.63330078125 0.0693359375 0.00830078125 0.0068359375
13 0.58740234375 0.078125 0.01123046875 0.0068359375
12 0.58642578125 0.146484375 0.0087890625 0.00732421875
12 0.58642578125 0.140625 0.0087890625 0.0068359375
21 0.6103515625 0.142578125 0.00634765625 0.0185546875
11 0.8115234375 0.083984375 0.00830078125 0.0068359375
11 0.798828125 0.0869140625 0.00830078125 0.0068359375
11 0.78662109375 0.09033203125 0.00830078125 0.0068359375
12 0.77490234375 0.1318359375 0.0087890625 0.00732421875
12 0.77490234375 0.140625 0.0087890625 0.0068359375
12 0.77490234375 0.14990234375 0.0087890625 0.0068359375
15 0.77392578125 0.0908203125 0.0078125 0.01171875
9 0.76611328125 0.0810546875 0.0068359375 0.017578125
11 0.70849609375 0.1259765625 0.00830078125 0.00732421875
21 0.734375 0.142578125 0.00634765625 0.0185546875
11 0.73583984375 0.09033203125 0.00830078125 0.0068359375
8 0.71630859375 0.10107421875 0.00634765625 0.017578125
11 0.71728515625 0.09033203125 0.00830078125 0.0068359375
11 0.70849609375 0.134765625 0.00830078125 0.0068359375
11 0.70849609375 0.140625 0.00830078125 0.0068359375
9 0.7001953125 0.1298828125 0.0068359375 0.017578125
11 0.69384765625 0.140625 0.00830078125 0.0068359375
11 0.69384765625 0.146484375 0.00830078125 0.00732421875
11 0.75927734375 0.0927734375 0.00830078125 0.0068359375
21 0.75 0.142578125 0.00634765625 0.0185546875
11 0.69384765625 0.15234375 0.00830078125 0.0068359375
15 0.39306640625 0.0908203125 0.0078125 0.01171875
9 0.384765625 0.0810546875 0.0068359375 0.017578125
15 0.3779296875 0.14453125 0.0078125 0.01171875
11 0.37841796875 0.0927734375 0.00830078125 0.0068359375
15 0.39306640625 0.14453125 0.0078125 0.01171875
21 0.36181640625 0.142578125 0.00634765625 0.0185546875
15 0.3505859375 0.14453125 0.0078125 0.01171875
12 0.4296875 0.1259765625 0.0087890625 0.0068359375
12 0.4296875 0.134765625 0.0087890625 0.0068359375
12 0.4296875 0.146484375 0.0087890625 0.00732421875
12 0.4296875 0.10205078125 0.0087890625 0.0068359375
11 0.4052734375 0.1259765625 0.00830078125 0.00732421875
11 0.4052734375 0.134765625 0.00830078125 0.0068359375
11 0.4052734375 0.146484375 0.00830078125 0.00732421875
11 0.4052734375 0.10205078125 0.00830078125 0.0068359375
10 0.244140625 0.08837890625 0.0166015625 0.0458984375
1 0.24365234375 0.14208984375 0.017578125 0.02099609375
12 0.28662109375 0.09619140625 0.0087890625 0.00732421875
0 0.22607421875 0.11669921875 0.005859375 0.0791015625
22 0.2998046875 0.1396484375 0.00830078125 0.00390625
15 0.33837890625 0.14453125 0.0078125 0.01171875
12 0.3388671875 0.09619140625 0.0087890625 0.00732421875
12 0.3095703125 0.09619140625 0.0087890625 0.00732421875
11 0.50048828125 0.0869140625 0.00830078125 0.0068359375
21 0.48681640625 0.142578125 0.00634765625 0.0185546875
11 0.48779296875 0.09033203125 0.00830078125 0.0068359375
21 0.54150390625 0.142578125 0.0068359375 0.0185546875
12 0.54296875 0.0751953125 0.0087890625 0.0068359375
11 0.52490234375 0.0810546875 0.00830078125 0.0068359375
21 0.51171875 0.142578125 0.00634765625 0.0185546875
11 0.5126953125 0.083984375 0.00830078125 0.0068359375
21 0.45458984375 0.142578125 0.00634765625 0.0185546875
11 0.45556640625 0.09619140625 0.0078125 0.00732421875
11 0.46826171875 0.0927734375 0.00830078125 0.0068359375
21 0.6279296875 0.267578125 0.00634765625 0.0185546875
11 0.62890625 0.21826171875 0.00830078125 0.00732421875
11 0.64990234375 0.21240234375 0.00830078125 0.0068359375
11 0.63916015625 0.21533203125 0.0078125 0.0068359375
11 0.54736328125 0.26611328125 0.00830078125 0.0068359375
11 0.54736328125 0.27197265625 0.00830078125 0.0068359375
11 0.54736328125 0.27783203125 0.00830078125 0.0068359375
15 0.54736328125 0.2158203125 0.0078125 0.01171875
11 0.537109375 0.1943359375 0.00830078125 0.0068359375
15 0.52587890625 0.26953125 0.0078125 0.01171875
11 0.52587890625 0.197265625 0.0078125 0.00732421875
13 0.59130859375 0.2509765625 0.01123046875 0.0068359375
13 0.59130859375 0.26025390625 0.01123046875 0.00732421875
13 0.59130859375 0.26611328125 0.01123046875 0.0068359375
13 0.59130859375 0.2060546875 0.01123046875 0.00732421875
13 0.59130859375 0.21240234375 0.01123046875 0.00732421875
11 0.5625 0.2509765625 0.0078125 0.0068359375
11 0.5625 0.259765625 0.0078125 0.0068359375
11 0.5625 0.26611328125 0.0078125 0.0068359375
11 0.5625 0.20654296875 0.0078125 0.0068359375
11 0.5625 0.21240234375 0.0078125 0.0068359375
9 0.55419921875 0.25537109375 0.0068359375 0.017578125
19 0.7861328125 0.26708984375 0.00830078125 0.00390625
11 0.7861328125 0.21826171875 0.0078125 0.00732421875
12 0.76220703125 0.2509765625 0.0087890625 0.0068359375
12 0.76220703125 0.2568359375 0.0087890625 0.0068359375
12 0.76220703125 0.26318359375 0.0087890625 0.0068359375
12 0.76220703125 0.20947265625 0.0087890625 0.0068359375
11 0.8046875 0.21533203125 0.00830078125 0.0068359375
11 0.69921875 0.2001953125 0.00830078125 0.0068359375
11 0.68896484375 0.203125 0.00830078125 0.0068359375
12 0.67041015625 0.2509765625 0.0087890625 0.0068359375
12 0.67041015625 0.259765625 0.0087890625 0.0068359375
12 0.67041015625 0.27197265625 0.0087890625 0.0068359375
11 0.67041015625 0.20654296875 0.00830078125 0.0068359375
11 0.66015625 0.20947265625 0.0078125 0.0068359375
11 0.7373046875 0.2509765625 0.00830078125 0.0068359375
11 0.7373046875 0.2568359375 0.00830078125 0.0068359375
11 0.7373046875 0.26318359375 0.00830078125 0.0068359375
11 0.7373046875 0.20947265625 0.00830078125 0.0068359375
11 0.728515625 0.1943359375 0.00830078125 0.0068359375
11 0.70947265625 0.197265625 0.00830078125 0.00732421875
11 0.2890625 0.2509765625 0.00830078125 0.0068359375
21 0.31591796875 0.267578125 0.00634765625 0.0185546875
12 0.31787109375 0.19140625 0.0087890625 0.0068359375
15 0.2978515625 0.2158203125 0.0078125 0.01171875
11 0.2890625 0.259765625 0.00830078125 0.0068359375
11 0.2890625 0.26611328125 0.00830078125 0.0068359375
9 0.28076171875 0.25537109375 0.0068359375 0.017578125
11 0.27392578125 0.26611328125 0.00830078125 0.0068359375
11 0.27392578125 0.27197265625 0.00830078125 0.0068359375
11 0.27392578125 0.27783203125 0.00830078125 0.0068359375
11 0.27392578125 0.20654296875 0.00830078125 0.0068359375
12 0.35107421875 0.2509765625 0.0087890625 0.0068359375
12 0.35107421875 0.2568359375 0.0087890625 0.0068359375
12 0.35107421875 0.26318359375 0.0087890625 0.0068359375
19 0.3505859375 0.2138671875 0.00830078125 0.00390625
21 0.3330078125 0.267578125 0.00634765625 0.0185546875
21 0.2177734375 0.267578125 0.00634765625 0.0185546875
11 0.21875 0.1943359375 0.00830078125 0.0068359375
1 0.193359375 0.26708984375 0.017578125 0.02099609375
10 0.19384765625 0.2138671875 0.0166015625 0.0458984375
0 0.17529296875 0.2421875 0.005859375 0.0791015625
8 0.2607421875 0.21826171875 0.00634765625 0.017578125
15 0.2607421875 0.26953125 0.0078125 0.01171875
11 0.26123046875 0.2001953125 0.00830078125 0.0068359375
11 0.26123046875 0.20654296875 0.00830078125 0.0068359375
21 0.2421875 0.267578125 0.00634765625 0.0185546875
11 0.24365234375 0.197265625 0.00830078125 0.00732421875
11 0.23193359375 0.19140625 0.00830078125 0.0068359375
11 0.45751953125 0.203125 0.00830078125 0.0068359375
8 0.45703125 0.21533203125 0.00634765625 0.01806640625
19 0.43359375 0.26708984375 0.00830078125 0.00390625
11 0.43359375 0.203125 0.00830078125 0.0068359375
12 0.50146484375 0.26318359375 0.0087890625 0.0068359375
12 0.50146484375 0.26904296875 0.0087890625 0.00732421875
12 0.50146484375 0.2001953125 0.0087890625 0.0068359375
12 0.50146484375 0.20654296875 0.0087890625 0.0068359375
12 0.47119140625 0.26318359375 0.0087890625 0.0068359375
12 0.47119140625 0.26904296875 0.0087890625 0.00732421875
12 0.47119140625 0.2001953125 0.0087890625 0.0068359375
12 0.47119140625 0.20654296875 0.0087890625 0.0068359375
21 0.408203125 0.267578125 0.00634765625 0.0185546875
19 0.3818359375 0.2138671875 0.00830078125 0.00390625
12 0.3818359375 0.27197265625 0.0087890625 0.0068359375
11 0.4091796875 0.21533203125 0.00830078125 0.0068359375
12 0.3818359375 0.259765625 0.0087890625 0.0068359375
12 0.3818359375 0.2509765625 0.0087890625 0.0068359375
11 0.5029296875 0.34375 0.00830078125 0.0068359375
11 0.5029296875 0.392578125 0.00830078125 0.0068359375
13 0.6044921875 0.3955078125 0.01123046875 0.00732421875
13 0.6044921875 0.40185546875 0.01123046875 0.00732421875
13 0.6044921875 0.33447265625 0.01123046875 0.00732421875
11 0.5029296875 0.38671875 0.00830078125 0.0068359375
13 0.6044921875 0.34033203125 0.01123046875 0.00732421875
11 0.5029296875 0.380859375 0.00830078125 0.00732421875
21 0.6455078125 0.3974609375 0.00634765625 0.01806640625
11 0.646484375 0.31982421875 0.00830078125 0.00732421875
11 0.5126953125 0.34033203125 0.0078125 0.00732421875
11 0.5419921875 0.380859375 0.00830078125 0.00732421875
11 0.5419921875 0.3896484375 0.00830078125 0.0068359375
11 0.5419921875 0.4013671875 0.00830078125 0.0068359375
11 0.5419921875 0.33154296875 0.00830078125 0.0068359375
11 0.5322265625 0.33447265625 0.00830078125 0.0068359375
11 0.52294921875 0.33740234375 0.00830078125 0.0068359375
13 0.5673828125 0.380859375 0.01123046875 0.00732421875
13 0.5673828125 0.3896484375 0.01123046875 0.00732421875
13 0.5673828125 0.40185546875 0.01123046875 0.00732421875
13 0.5673828125 0.33154296875 0.01123046875 0.0068359375
13 0.74169921875 0.380859375 0.01123046875 0.00732421875
13 0.74169921875 0.3896484375 0.01123046875 0.00732421875
13 0.74169921875 0.40185546875 0.01123046875 0.00732421875
13 0.74169921875 0.31640625 0.01123046875 0.0068359375
11 0.669921875 0.32275390625 0.00830078125 0.0068359375
8 0.6845703125 0.34375 0.00634765625 0.01806640625
15 0.6845703125 0.3994140625 0.0078125 0.01171875
11 0.68505859375 0.32568359375 0.00830078125 0.0068359375
11 0.68505859375 0.33154296875 0.00830078125 0.0068359375
21 0.6689453125 0.3974609375 0.00634765625 0.01806640625
11 0.658203125 0.31640625 0.00830078125 0.0068359375
15 0.71923828125 0.34130859375 0.0078125 0.01171875
11 0.71142578125 0.380859375 0.00830078125 0.00732421875
11 0.71142578125 0.3896484375 0.00830078125 0.0068359375
11 0.71142578125 0.3955078125 0.00830078125 0.00732421875
9 0.703125 0.38525390625 0.0068359375 0.017578125
11 0.69677734375 0.3955078125 0.00830078125 0.00732421875
11 0.69677734375 0.4013671875 0.00830078125 0.0068359375
11 0.69677734375 0.40771484375 0.00830078125 0.0068359375
11 0.69677734375 0.33154296875 0.00830078125 0.0068359375
15 0.3232421875 0.3994140625 0.0078125 0.01171875
11 0.3232421875 0.31982421875 0.00830078125 0.00732421875
11 0.3349609375 0.4013671875 0.00830078125 0.0068359375
12 0.35009765625 0.380859375 0.0087890625 0.00732421875
12 0.35009765625 0.3896484375 0.0087890625 0.0068359375
12 0.35009765625 0.39599609375 0.0087890625 0.0068359375
12 0.35009765625 0.32568359375 0.0087890625 0.0068359375
9 0.34130859375 0.38525390625 0.0068359375 0.017578125
11 0.490234375 0.3525390625 0.00830078125 0.0068359375
11 0.3349609375 0.3955078125 0.00830078125 0.00732421875
13 0.28076171875 0.380859375 0.01123046875 0.00732421875
11 0.3349609375 0.40771484375 0.00830078125 0.0068359375
11 0.3349609375 0.31640625 0.00830078125 0.0068359375
21 0.2177734375 0.3974609375 0.00634765625 0.01806640625
11 0.21875 0.33740234375 0.00830078125 0.0068359375
1 0.193359375 0.39697265625 0.017578125 0.02099609375
10 0.19384765625 0.3388671875 0.0166015625 0.0458984375
0 0.17529296875 0.36962890625 0.005859375 0.08349609375
13 0.28076171875 0.3896484375 0.01123046875 0.00732421875
13 0.28076171875 0.40185546875 0.01123046875 0.00732421875
13 0.28076171875 0.3583984375 0.01123046875 0.0068359375
11 0.25439453125 0.380859375 0.00830078125 0.00732421875
11 0.25439453125 0.3896484375 0.00830078125 0.0068359375
11 0.25439453125 0.4013671875 0.00830078125 0.0068359375
11 0.25439453125 0.3583984375 0.00830078125 0.0068359375
12 0.2333984375 0.3896484375 0.0087890625 0.0068359375
12 0.2333984375 0.39599609375 0.0087890625 0.0068359375
12 0.2333984375 0.4013671875 0.0087890625 0.0068359375
12 0.2333984375 0.35546875 0.0087890625 0.0068359375
21 0.41552734375 0.3388671875 0.00634765625 0.0185546875
11 0.46923828125 0.33740234375 0.00830078125 0.0068359375
12 0.43115234375 0.33154296875 0.0087890625 0.0068359375
12 0.43115234375 0.33740234375 0.0087890625 0.0068359375
11 0.40478515625 0.32568359375 0.00830078125 0.0068359375
11 0.47998046875 0.34619140625 0.00830078125 0.0068359375
11 0.45751953125 0.3837890625 0.00830078125 0.0068359375
11 0.45751953125 0.392578125 0.00830078125 0.0068359375
11 0.45751953125 0.4013671875 0.00830078125 0.0068359375
11 0.45751953125 0.34033203125 0.00830078125 0.00732421875
13 0.39453125 0.392578125 0.01123046875 0.0068359375
11 0.39306640625 0.32861328125 0.00830078125 0.0068359375
11 0.37109375 0.32275390625 0.00830078125 0.0068359375
13 0.39453125 0.40185546875 0.01123046875 0.00732421875
11 0.47998046875 0.3955078125 0.00830078125 0.00732421875
11 0.47998046875 0.3896484375 0.00830078125 0.0068359375
11 0.47998046875 0.3779296875 0.00830078125 0.0068359375
13 0.39453125 0.3837890625 0.01123046875 0.0068359375
13 0.5732421875 0.47607421875 0.01123046875 0.00732421875
13 0.5732421875 0.47021484375 0.01123046875 0.0068359375
13 0.5732421875 0.52685546875 0.01123046875 0.0068359375
13 0.5732421875 0.52099609375 0.01123046875 0.0068359375
13 0.65625 0.46142578125 0.01123046875 0.00732421875
13 0.65625 0.52685546875 0.01123046875 0.0068359375
13 0.65625 0.51513671875 0.01123046875 0.0068359375
13 0.65625 0.505859375 0.01123046875 0.0068359375
13 0.65625 0.46728515625 0.01123046875 0.00732421875
12 0.21923828125 0.46142578125 0.0087890625 0.0068359375
13 0.22021484375 0.52685546875 0.01123046875 0.0068359375
13 0.22021484375 0.52099609375 0.01123046875 0.0068359375
12 0.2705078125 0.46435546875 0.0087890625 0.0068359375
11 0.33056640625 0.45556640625 0.0078125 0.0068359375
12 0.3310546875 0.52978515625 0.0087890625 0.0068359375
12 0.3310546875 0.52392578125 0.0087890625 0.0068359375
12 0.3310546875 0.51513671875 0.0087890625 0.0068359375
0 0.17529296875 0.4970703125 0.005859375 0.0791015625
22 0.7666015625 0.46728515625 0.00390625 0.00634765625
18 0.7666015625 0.44970703125 0.00830078125 0.0126953125
22 0.7666015625 0.52099609375 0.00390625 0.00634765625
18 0.7666015625 0.5029296875 0.00830078125 0.01220703125
10 0.19384765625 0.46875 0.0166015625 0.0458984375
1 0.193359375 0.52197265625 0.017578125 0.02099609375
11 0.400390625 0.46728515625 0.00830078125 0.00732421875
12 0.400390625 0.53271484375 0.0087890625 0.0068359375
12 0.400390625 0.52685546875 0.0087890625 0.0068359375
12 0.400390625 0.51806640625 0.0087890625 0.0068359375
11 0.43603515625 0.47314453125 0.00830078125 0.0068359375
13 0.48974609375 0.47021484375 0.01123046875 0.0068359375
13 0.48974609375 0.46435546875 0.01123046875 0.0068359375
13 0.48974609375 0.52685546875 0.01123046875 0.0068359375
13 0.48974609375 0.52099609375 0.01123046875 0.0068359375
11 0.365234375 0.46142578125 0.00830078125 0.0068359375