11 0.64306640625 0.04248046875 0.00830078125 0.0068359375
11 0.64306640625 0.12890625 0.00830078125 0.00732421875
11 0.64306640625 0.10791015625 0.00830078125 0.00732421875
11 0.64306640625 0.10205078125 0.00830078125 0.0068359375
11 0.64306640625 0.0634765625 0.00830078125 0.0068359375
11 0.62890625 0.04833984375 0.00830078125 0.0068359375
11 0.62890625 0.0693359375 0.00830078125 0.0068359375
15 0.65673828125 0.05224609375 0.0078125 0.01171875
11 0.69091796875 0.1171875 0.00830078125 0.0068359375
11 0.69091796875 0.1259765625 0.00830078125 0.0068359375
11 0.69091796875 0.13818359375 0.00830078125 0.0068359375
11 0.69091796875 0.05126953125 0.00830078125 0.00732421875
11 0.69091796875 0.072265625 0.00830078125 0.0068359375
11 0.5869140625 0.0634765625 0.00830078125 0.0068359375
11 0.56787109375 0.04833984375 0.00830078125 0.0068359375
11 0.56787109375 0.0693359375 0.00830078125 0.0068359375
11 0.5869140625 0.04248046875 0.00830078125 0.0068359375
11 0.61474609375 0.10205078125 0.00830078125 0.0068359375
11 0.61474609375 0.10791015625 0.00830078125 0.00732421875
11 0.61474609375 0.12890625 0.00830078125 0.00732421875
11 0.61474609375 0.05126953125 0.00830078125 0.00732421875
11 0.61474609375 0.072265625 0.00830078125 0.0068359375
15 0.6005859375 0.05224609375 0.0078125 0.01171875
11 0.5869140625 0.10205078125 0.00830078125 0.0068359375
11 0.5869140625 0.10791015625 0.00830078125 0.00732421875
11 0.5869140625 0.12890625 0.00830078125 0.00732421875
11 0.78759765625 0.123046875 0.00830078125 0.0068359375
11 0.806640625 0.04248046875 0.0078125 0.0068359375
11 0.806640625 0.0634765625 0.0078125 0.0068359375
11 0.78759765625 0.11376953125 0.00830078125 0.0068359375
11 0.78759765625 0.134765625 0.00830078125 0.0068359375
11 0.78759765625 0.04833984375 0.00830078125 0.0068359375
11 0.78759765625 0.0693359375 0.00830078125 0.0068359375
11 0.7734375 0.05126953125 0.00830078125 0.00732421875
11 0.7734375 0.072265625 0.00830078125 0.0068359375
11 0.728515625 0.11376953125 0.00830078125 0.0068359375
11 0.728515625 0.123046875 0.00830078125 0.0068359375
11 0.728515625 0.134765625 0.00830078125 0.0068359375
11 0.728515625 0.04248046875 0.00830078125 0.0068359375
11 0.728515625 0.0634765625 0.00830078125 0.0068359375
11 0.70947265625 0.04833984375 0.00830078125 0.0068359375
11 0.70947265625 0.0693359375 0.00830078125 0.0068359375
11 0.75927734375 0.11376953125 0.00830078125 0.0068359375
11 0.75927734375 0.123046875 0.00830078125 0.0068359375
11 0.75927734375 0.134765625 0.00830078125 0.0068359375
11 0.75927734375 0.04833984375 0.00830078125 0.0068359375
11 0.75927734375 0.0693359375 0.00830078125 0.0068359375
11 0.7451171875 0.04248046875 0.00830078125 0.0068359375
11 0.7451171875 0.0634765625 0.00830078125 0.0068359375
11 0.37109375 0.09912109375 0.00830078125 0.0068359375
11 0.37109375 0.10791015625 0.00830078125 0.00732421875
11 0.37109375 0.1201171875 0.00830078125 0.0068359375
11 0.37109375 0.04248046875 0.00830078125 0.0068359375
11 0.37109375 0.0634765625 0.00830078125 0.0068359375
11 0.35693359375 0.04833984375 0.00830078125 0.0068359375
11 0.35693359375 0.0693359375 0.00830078125 0.0068359375
11 0.3427734375 0.09912109375 0.0078125 0.0068359375
11 0.3427734375 0.10791015625 0.0078125 0.00732421875
11 0.3427734375 0.1201171875 0.0078125 0.0068359375
11 0.3427734375 0.05419921875 0.0078125 0.0068359375
11 0.3427734375 0.0751953125 0.0078125 0.0068359375
11 0.4111328125 0.05419921875 0.00830078125 0.0068359375
11 0.4111328125 0.11376953125 0.00830078125 0.0068359375
11 0.4111328125 0.1201171875 0.00830078125 0.0068359375
11 0.4111328125 0.134765625 0.00830078125 0.0068359375
11 0.4111328125 0.0751953125 0.00830078125 0.0068359375
15 0.384765625 0.05224609375 0.0078125 0.01171875
11 0.28662109375 0.10791015625 0.00830078125 0.00732421875
1 0.24365234375 0.109375 0.017578125 0.02099609375
11 0.28662109375 0.09912109375 0.00830078125 0.0068359375
11 0.28662109375 0.1201171875 0.00830078125 0.0068359375
10 0.244140625 0.0498046875 0.0166015625 0.0458984375
11 0.28662109375 0.05419921875 0.00830078125 0.0068359375
11 0.28662109375 0.0751953125 0.00830078125 0.0068359375
0 0.22607421875 0.0810546875 0.005859375 0.0849609375
11 0.31494140625 0.0634765625 0.00830078125 0.0068359375
15 0.32861328125 0.05224609375 0.0078125 0.01171875
11 0.31494140625 0.09912109375 0.00830078125 0.0068359375
11 0.31494140625 0.10791015625 0.00830078125 0.00732421875
11 0.31494140625 0.1201171875 0.00830078125 0.0068359375
11 0.31494140625 0.04248046875 0.00830078125 0.0068359375
11 0.30078125 0.04833984375 0.00830078125 0.0068359375
11 0.30078125 0.0693359375 0.00830078125 0.0068359375
11 0.494140625 0.05126953125 0.00830078125 0.00732421875
11 0.494140625 0.072265625 0.00830078125 0.0068359375
11 0.47705078125 0.1201171875 0.00830078125 0.0068359375
11 0.47705078125 0.134765625 0.00830078125 0.0068359375
11 0.47705078125 0.05126953125 0.00830078125 0.00732421875
11 0.47705078125 0.072265625 0.00830078125 0.0068359375
11 0.54931640625 0.10205078125 0.0078125 0.0068359375
11 0.54931640625 0.10791015625 0.0078125 0.00732421875
11 0.54931640625 0.12890625 0.0078125 0.00732421875
11 0.54931640625 0.05126953125 0.0078125 0.00732421875
11 0.54931640625 0.072265625 0.0078125 0.0068359375
15 0.52197265625 0.05224609375 0.0078125 0.01171875
11 0.47705078125 0.11376953125 0.00830078125 0.0068359375
11 0.50830078125 0.11376953125 0.00830078125 0.0068359375
11 0.50830078125 0.1201171875 0.00830078125 0.0068359375
11 0.50830078125 0.134765625 0.00830078125 0.0068359375
11 0.50830078125 0.05419921875 0.00830078125 0.0068359375
11 0.50830078125 0.0751953125 0.00830078125 0.0068359375
11 0.439453125 0.0634765625 0.00830078125 0.0068359375
11 0.439453125 0.11376953125 0.00830078125 0.0068359375
11 0.439453125 0.1201171875 0.00830078125 0.0068359375
11 0.439453125 0.134765625 0.00830078125 0.0068359375
11 0.439453125 0.04248046875 0.00830078125 0.0068359375
11 0.42529296875 0.04833984375 0.0078125 0.0068359375
11 0.42529296875 0.0693359375 0.0078125 0.0068359375
11 0.4580078125 0.04833984375 0.00830078125 0.0068359375
11 0.4580078125 0.0693359375 0.00830078125 0.0068359375
11 0.65478515625 0.23681640625 0.00830078125 0.0068359375
11 0.65478515625 0.2578125 0.00830078125 0.0068359375
11 0.68505859375 0.27294921875 0.00830078125 0.0068359375
21 0.68408203125 0.31298828125 0.00634765625 0.01806640625
11 0.638671875 0.3173828125 0.00830078125 0.0068359375
11 0.638671875 0.32666015625 0.00830078125 0.00732421875
11 0.638671875 0.33837890625 0.00830078125 0.0068359375
11 0.638671875 0.2431640625 0.00830078125 0.0068359375
11 0.638671875 0.263671875 0.00830078125 0.00732421875
11 0.68505859375 0.251953125 0.00830078125 0.0068359375
0 0.17529296875 0.28466796875 0.005859375 0.08447265625
11 0.56396484375 0.3173828125 0.00830078125 0.0068359375
11 0.56396484375 0.32666015625 0.00830078125 0.00732421875
11 0.56396484375 0.33837890625 0.00830078125 0.0068359375
11 0.56396484375 0.23681640625 0.00830078125 0.0068359375
11 0.56396484375 0.2578125 0.00830078125 0.0068359375
11 0.54736328125 0.24560546875 0.00830078125 0.0068359375
11 0.54736328125 0.2666015625 0.00830078125 0.0068359375
11 0.6005859375 0.32666015625 0.00830078125 0.00732421875
11 0.61962890625 0.24560546875 0.00830078125 0.0068359375
11 0.61962890625 0.2666015625 0.00830078125 0.0068359375
11 0.6005859375 0.3173828125 0.00830078125 0.0068359375
11 0.6005859375 0.33837890625 0.00830078125 0.0068359375
11 0.6005859375 0.24560546875 0.00830078125 0.0068359375
11 0.6005859375 0.2666015625 0.00830078125 0.0068359375
11 0.58447265625 0.2431640625 0.00830078125 0.0068359375
11 0.58447265625 0.263671875 0.00830078125 0.00732421875
11 0.8046875 0.3115234375 0.00830078125 0.00732421875
11 0.8046875 0.33251953125 0.00830078125 0.0068359375
11 0.8046875 0.24560546875 0.00830078125 0.0068359375
11 0.8046875 0.2666015625 0.00830078125 0.0068359375
11 0.78857421875 0.3173828125 0.00830078125 0.0068359375
11 0.78857421875 0.33837890625 0.00830078125 0.0068359375
11 0.78857421875 0.251953125 0.00830078125 0.0068359375
11 0.78857421875 0.27294921875 0.00830078125 0.0068359375
11 0.73876953125 0.3115234375 0.00830078125 0.00732421875
11 0.73876953125 0.33251953125 0.00830078125 0.0068359375
11 0.73876953125 0.24560546875 0.00830078125 0.0068359375
11 0.73876953125 0.2666015625 0.00830078125 0.0068359375
11 0.7177734375 0.3173828125 0.00830078125 0.0068359375
11 0.7177734375 0.33837890625 0.00830078125 0.0068359375
11 0.7177734375 0.251953125 0.00830078125 0.0068359375
11 0.7177734375 0.27294921875 0.00830078125 0.0068359375
11 0.7568359375 0.302734375 0.00830078125 0.0068359375
15 0.77294921875 0.3154296875 0.0078125 0.01171875
11 0.77294921875 0.23681640625 0.00830078125 0.0068359375
8 0.75634765625 0.33251953125 0.00634765625 0.017578125
11 0.701171875 0.251953125 0.00830078125 0.0068359375
11 0.7568359375 0.3232421875 0.00830078125 0.0068359375
11 0.7568359375 0.23681640625 0.00830078125 0.0068359375
11 0.7568359375 0.2578125 0.00830078125 0.0068359375
21 0.333984375 0.31298828125 0.00634765625 0.01806640625
21 0.333984375 0.25341796875 0.00634765625 0.0185546875
15 0.31884765625 0.25537109375 0.0078125 0.01171875
9 0.3076171875 0.24560546875 0.0068359375 0.017578125
11 0.30126953125 0.30859375 0.00830078125 0.0068359375
11 0.30126953125 0.3173828125 0.00830078125 0.0068359375
11 0.30126953125 0.32958984375 0.00830078125 0.0068359375
11 0.30126953125 0.2578125 0.00830078125 0.0068359375
11 0.30126953125 0.27880859375 0.00830078125 0.0068359375
11 0.28515625 0.2548828125 0.00830078125 0.0068359375
11 0.28515625 0.275390625 0.00830078125 0.0068359375
11 0.37109375 0.302734375 0.00830078125 0.0068359375
11 0.37109375 0.3115234375 0.00830078125 0.00732421875
11 0.37109375 0.3232421875 0.00830078125 0.0068359375
11 0.37109375 0.251953125 0.00830078125 0.0068359375
11 0.37109375 0.27294921875 0.00830078125 0.0068359375
11 0.22705078125 0.30859375 0.00830078125 0.0068359375
11 0.22705078125 0.3173828125 0.00830078125 0.0068359375
11 0.22705078125 0.32958984375 0.00830078125 0.0068359375
11 0.22705078125 0.24560546875 0.00830078125 0.0068359375
11 0.22705078125 0.2666015625 0.00830078125 0.0068359375
1 0.193359375 0.3125 0.017578125 0.02099609375
10 0.19384765625 0.25341796875 0.0166015625 0.0458984375
11 0.2685546875 0.2431640625 0.00830078125 0.0068359375
11 0.2685546875 0.30859375 0.00830078125 0.0068359375
11 0.2685546875 0.3173828125 0.00830078125 0.0068359375
11 0.2685546875 0.32958984375 0.00830078125 0.0068359375
11 0.2685546875 0.263671875 0.00830078125 0.00732421875
11 0.24755859375 0.251953125 0.00830078125 0.0068359375
11 0.24755859375 0.27294921875 0.00830078125 0.0068359375
11 0.47314453125 0.3232421875 0.00830078125 0.0068359375
15 0.4892578125 0.25537109375 0.0078125 0.01171875
11 0.47314453125 0.302734375 0.00830078125 0.0068359375
11 0.47314453125 0.3115234375 0.00830078125 0.00732421875
11 0.47314453125 0.23681640625 0.00830078125 0.0068359375
11 0.47314453125 0.2578125 0.00830078125 0.0068359375
11 0.45703125 0.24560546875 0.00830078125 0.0068359375
11 0.45703125 0.2666015625 0.00830078125 0.0068359375
11 0.5263671875 0.3203125 0.0078125 0.0068359375
11 0.5263671875 0.32958984375 0.0078125 0.0068359375
11 0.5263671875 0.34130859375 0.0078125 0.00732421875
11 0.5263671875 0.251953125 0.0078125 0.0068359375
11 0.5263671875 0.27294921875 0.0078125 0.0068359375
11 0.40869140625 0.302734375 0.00830078125 0.0068359375
11 0.40869140625 0.3115234375 0.00830078125 0.00732421875
11 0.40869140625 0.3232421875 0.00830078125 0.0068359375
11 0.40869140625 0.23681640625 0.00830078125 0.0068359375
11 0.40869140625 0.2578125 0.00830078125 0.0068359375
11 0.392578125 0.24560546875 0.00830078125 0.0068359375
11 0.392578125 0.2666015625 0.00830078125 0.0068359375
11 0.44091796875 0.27294921875 0.00830078125 0.0068359375
11 0.44091796875 0.3232421875 0.00830078125 0.0068359375
11 0.44091796875 0.3115234375 0.00830078125 0.00732421875
11 0.44091796875 0.251953125 0.00830078125 0.0068359375
15 0.4248046875 0.25537109375 0.0078125 0.01171875
11 0.44091796875 0.302734375 0.00830078125 0.0068359375
15 0.61669921875 0.458984375 0.0078125 0.01171875
11 0.63037109375 0.48193359375 0.00830078125 0.00732421875
11 0.63037109375 0.46142578125 0.00830078125 0.00732421875
11 0.63037109375 0.52685546875 0.00830078125 0.0068359375
11 0.6025390625 0.505859375 0.00830078125 0.0068359375
11 0.6025390625 0.47021484375 0.00830078125 0.0068359375
11 0.6025390625 0.44921875 0.00830078125 0.0068359375
11 0.6025390625 0.52685546875 0.00830078125 0.0068359375
11 0.6025390625 0.51513671875 0.00830078125 0.0068359375
11 0.5888671875 0.45556640625 0.00830078125 0.0068359375
11 0.5888671875 0.47607421875 0.00830078125 0.0068359375
15 0.67236328125 0.458984375 0.0078125 0.01171875
11 0.658203125 0.47021484375 0.00830078125 0.0068359375
11 0.658203125 0.44921875 0.00830078125 0.0068359375
11 0.658203125 0.52685546875 0.00830078125 0.0068359375
11 0.658203125 0.51513671875 0.00830078125 0.0068359375
11 0.658203125 0.505859375 0.00830078125 0.0068359375
11 0.63037109375 0.51513671875 0.00830078125 0.0068359375
11 0.64453125 0.45556640625 0.00830078125 0.0068359375
11 0.64453125 0.47607421875 0.00830078125 0.0068359375
11 0.63037109375 0.505859375 0.00830078125 0.0068359375
15 0.5068359375 0.458984375 0.0078125 0.01171875
15 0.5068359375 0.5185546875 0.0078125 0.01171875
19 0.52099609375 0.45654296875 0.00830078125 0.00390625
19 0.52099609375 0.51611328125 0.00830078125 0.00390625
11 0.4931640625 0.52685546875 0.00830078125 0.0068359375
11 0.4931640625 0.46142578125 0.00830078125 0.00732421875
11 0.4931640625 0.4404296875 0.00830078125 0.0068359375
11 0.4931640625 0.505859375 0.00830078125 0.0068359375
11 0.57470703125 0.48193359375 0.00830078125 0.00732421875
11 0.57470703125 0.46142578125 0.00830078125 0.00732421875
11 0.57470703125 0.52685546875 0.00830078125 0.0068359375
11 0.57470703125 0.51513671875 0.00830078125 0.0068359375
11 0.57470703125 0.505859375 0.00830078125 0.0068359375
11 0.79443359375 0.52685546875 0.00830078125 0.0068359375
11 0.79443359375 0.48193359375 0.00830078125 0.00732421875
11 0.79443359375 0.46142578125 0.00830078125 0.00732421875
11 0.79443359375 0.5419921875 0.00830078125 0.0068359375
11 0.79443359375 0.52099609375 0.00830078125 0.0068359375
11 0.763671875 0.52099609375 0.00830078125 0.0068359375
11 0.78076171875 0.47900390625 0.00830078125 0.0068359375
11 0.78076171875 0.4580078125 0.00830078125 0.0068359375
15 0.80859375 0.458984375 0.0078125 0.01171875
11 0.763671875 0.52685546875 0.00830078125 0.0068359375
11 0.69873046875 0.48193359375 0.00830078125 0.00732421875
11 0.69873046875 0.46142578125 0.00830078125 0.00732421875
11 0.69873046875 0.5419921875 0.00830078125 0.0068359375
11 0.69873046875 0.52685546875 0.00830078125 0.0068359375
11 0.69873046875 0.52099609375 0.00830078125 0.0068359375
11 0.71240234375 0.47607421875 0.00830078125 0.0068359375
11 0.7451171875 0.47607421875 0.00830078125 0.0068359375
11 0.7451171875 0.45556640625 0.00830078125 0.0068359375
11 0.763671875 0.47900390625 0.00830078125 0.0068359375
11 0.763671875 0.4580078125 0.00830078125 0.0068359375
11 0.763671875 0.5419921875 0.00830078125 0.0068359375
11 0.7265625 0.5419921875 0.00830078125 0.0068359375
11 0.71240234375 0.45556640625 0.00830078125 0.0068359375
11 0.7265625 0.47021484375 0.00830078125 0.0068359375
11 0.7265625 0.44921875 0.00830078125 0.0068359375
11 0.7265625 0.52685546875 0.00830078125 0.0068359375
11 0.7265625 0.52099609375 0.00830078125 0.0068359375
15 0.298828125 0.458984375 0.0078125 0.01171875
15 0.298828125 0.5185546875 0.0078125 0.01171875
8 0.283203125 0.52685546875 0.00634765625 0.01806640625
11 0.31298828125 0.47900390625 0.00830078125 0.0068359375
11 0.31298828125 0.52392578125 0.00830078125 0.00732421875
11 0.28369140625 0.47021484375 0.00830078125 0.0068359375
11 0.28369140625 0.51513671875 0.00830078125 0.0068359375
9 0.29052734375 0.4580078125 0.0068359375 0.017578125
11 0.35546875 0.47021484375 0.00830078125 0.0068359375
11 0.35546875 0.51513671875 0.00830078125 0.0068359375
9 0.36181640625 0.4580078125 0.0068359375 0.017578125
11 0.32666015625 0.47607421875 0.00830078125 0.0068359375
11 0.32666015625 0.52099609375 0.00830078125 0.0068359375
11 0.21875 0.52685546875 0.00830078125 0.0068359375
11 0.21875 0.46142578125 0.00830078125 0.00732421875
11 0.21875 0.4404296875 0.00830078125 0.0068359375
11 0.21875 0.505859375 0.00830078125 0.0068359375
8 0.21826171875 0.4716796875 0.00634765625 0.017578125
0 0.17529296875 0.48828125 0.005859375 0.08447265625
10 0.19384765625 0.45703125 0.0166015625 0.0458984375
1 0.193359375 0.51611328125 0.017578125 0.02099609375
11 0.2646484375 0.47607421875 0.00830078125 0.0068359375
11 0.2646484375 0.52099609375 0.00830078125 0.0068359375
8 0.21826171875 0.5361328125 0.00634765625 0.017578125
15 0.232421875 0.458984375 0.0078125 0.01171875
15 0.232421875 0.5185546875 0.0078125 0.01171875
11 0.24658203125 0.47900390625 0.00830078125 0.0068359375
11 0.24658203125 0.52392578125 0.00830078125 0.00732421875
15 0.4384765625 0.458984375 0.0078125 0.01171875
15 0.4384765625 0.5185546875 0.0078125 0.01171875
11 0.46484375 0.47607421875 0.00830078125 0.0068359375
11 0.46484375 0.45556640625 0.00830078125 0.0068359375
11 0.46484375 0.5419921875 0.00830078125 0.0068359375
11 0.46484375 0.52099609375 0.00830078125 0.0068359375
11 0.42333984375 0.47021484375 0.00830078125 0.0068359375
11 0.42333984375 0.44921875 0.00830078125 0.0068359375
11 0.42333984375 0.53564453125 0.00830078125 0.0068359375
11 0.42333984375 0.51513671875 0.00830078125 0.0068359375
9 0.4296875 0.4404296875 0.0068359375 0.017578125
9 0.4296875 0.50439453125 0.0068359375 0.017578125
11 0.47900390625 0.47021484375 0.00830078125 0.0068359375
11 0.47900390625 0.44921875 0.00830078125 0.0068359375
11 0.47900390625 0.53564453125 0.00830078125 0.0068359375
11 0.47900390625 0.51513671875 0.00830078125 0.0068359375
21 0.38330078125 0.45703125 0.00634765625 0.0185546875
15 0.37060546875 0.5185546875 0.0078125 0.01171875
21 0.38330078125 0.5166015625 0.00634765625 0.0185546875
8 0.3544921875 0.52685546875 0.00634765625 0.01806640625
15 0.37060546875 0.458984375 0.0078125 0.01171875
11 0.40283203125 0.5419921875 0.00830078125 0.0068359375
11 0.40283203125 0.45556640625 0.00830078125 0.0068359375
11 0.40283203125 0.52099609375 0.00830078125 0.0068359375
11 0.40283203125 0.47607421875 0.00830078125 0.0068359375
11 0.6201171875 0.685546875 0.00830078125 0.0068359375
9 0.62646484375 0.65234375 0.0068359375 0.017578125
11 0.6201171875 0.71533203125 0.00830078125 0.0068359375
11 0.6201171875 0.724609375 0.00830078125 0.0068359375
11 0.6201171875 0.736328125 0.00830078125 0.00732421875
11 0.6201171875 0.66455078125 0.00830078125 0.00732421875
11 0.60400390625 0.66162109375 0.00830078125 0.0068359375
11 0.60400390625 0.6826171875 0.00830078125 0.0068359375
11 0.68896484375 0.70947265625 0.00830078125 0.0068359375
11 0.68896484375 0.71826171875 0.00830078125 0.0068359375
11 0.68896484375 0.73046875 0.00830078125 0.0068359375
11 0.68896484375 0.65869140625 0.00830078125 0.00732421875
11 0.68896484375 0.6796875 0.00830078125 0.00732421875
21 0.65234375 0.72021484375 0.00634765625 0.0185546875
21 0.65234375 0.66015625 0.00634765625 0.01806640625
15 0.63720703125 0.66259765625 0.0078125 0.01171875
11 0.54638671875 0.71533203125 0.00830078125 0.0068359375
11 0.54638671875 0.724609375 0.00830078125 0.0068359375
11 0.54638671875 0.736328125 0.00830078125 0.00732421875
11 0.54638671875 0.65283203125 0.00830078125 0.0068359375
11 0.54638671875 0.673828125 0.00830078125 0.0068359375
11 0.587890625 0.71533203125 0.00830078125 0.0068359375
11 0.587890625 0.724609375 0.00830078125 0.0068359375
11 0.587890625 0.736328125 0.00830078125 0.00732421875
11 0.587890625 0.64990234375 0.00830078125 0.0068359375
11 0.587890625 0.67041015625 0.00830078125 0.0068359375
11 0.56689453125 0.65869140625 0.0078125 0.00732421875
11 0.56689453125 0.6796875 0.0078125 0.00732421875
11 0.79052734375 0.70947265625 0.00830078125 0.0068359375
11 0.79052734375 0.71826171875 0.00830078125 0.0068359375
11 0.79052734375 0.73046875 0.00830078125 0.0068359375
11 0.79052734375 0.64404296875 0.00830078125 0.00732421875
11 0.79052734375 0.66455078125 0.00830078125 0.00732421875
15 0.806640625 0.66259765625 0.0078125 0.01171875
11 0.7744140625 0.65283203125 0.0078125 0.0068359375
11 0.7744140625 0.673828125 0.0078125 0.0068359375
11 0.71044921875 0.65283203125 0.00830078125 0.0068359375
11 0.71044921875 0.673828125 0.00830078125 0.0068359375
11 0.75830078125 0.70947265625 0.00830078125 0.0068359375
11 0.75830078125 0.71826171875 0.00830078125 0.0068359375
11 0.75830078125 0.73046875 0.00830078125 0.0068359375
11 0.75830078125 0.65869140625 0.00830078125 0.00732421875
11 0.75830078125 0.6796875 0.00830078125 0.00732421875
15 0.7421875 0.66259765625 0.0078125 0.01171875
11 0.7265625 0.70947265625 0.00830078125 0.0068359375
11 0.7265625 0.71826171875 0.00830078125 0.0068359375
11 0.7265625 0.73046875 0.00830078125 0.0068359375
11 0.7265625 0.64404296875 0.00830078125 0.00732421875
11 0.7265625 0.66455078125 0.00830078125 0.00732421875
11 0.29248046875 0.6826171875 0.00830078125 0.0068359375
11 0.30859375 0.6796875 0.00830078125 0.00732421875
11 0.29248046875 0.71240234375 0.00830078125 0.0068359375
11 0.29248046875 0.71826171875 0.00830078125 0.0068359375
11 0.29248046875 0.7392578125 0.00830078125 0.0068359375
11 0.29248046875 0.66162109375 0.00830078125 0.0068359375
11 0.30859375 0.65869140625 0.00830078125 0.00732421875
15 0.27685546875 0.66259765625 0.0078125 0.01171875
11 0.37744140625 0.72705078125 0.00830078125 0.0068359375
11 0.37744140625 0.736328125 0.00830078125 0.00732421875
11 0.37744140625 0.748046875 0.00830078125 0.0068359375
11 0.37744140625 0.66162109375 0.00830078125 0.0068359375
11 0.37744140625 0.6826171875 0.00830078125 0.0068359375
15 0.3408203125 0.66259765625 0.0078125 0.01171875
11 0.3251953125 0.71240234375 0.00830078125 0.0068359375
11 0.3251953125 0.71826171875 0.00830078125 0.0068359375
11 0.3251953125 0.7392578125 0.00830078125 0.0068359375
11 0.3251953125 0.65283203125 0.00830078125 0.0068359375
11 0.3251953125 0.673828125 0.00830078125 0.0068359375
11 0.21923828125 0.71240234375 0.00830078125 0.0068359375
11 0.21923828125 0.71826171875 0.00830078125 0.0068359375
11 0.21923828125 0.7392578125 0.00830078125 0.0068359375
11 0.21923828125 0.66162109375 0.00830078125 0.0068359375
11 0.21923828125 0.6826171875 0.00830078125 0.0068359375
1 0.193359375 0.71923828125 0.017578125 0.02099609375
10 0.19384765625 0.66064453125 0.0166015625 0.0458984375
0 0.17529296875 0.69140625 0.005859375 0.0849609375
11 0.2607421875 0.71240234375 0.00830078125 0.0068359375
11 0.2607421875 0.71826171875 0.00830078125 0.0068359375
11 0.2607421875 0.7392578125 0.00830078125 0.0068359375
11 0.2607421875 0.65283203125 0.00830078125 0.0068359375
11 0.2607421875 0.673828125 0.00830078125 0.0068359375
11 0.23974609375 0.65869140625 0.00830078125 0.00732421875
11 0.23974609375 0.6796875 0.00830078125 0.00732421875
11 0.4541015625 0.724609375 0.00830078125 0.0068359375
11 0.4541015625 0.7333984375 0.00830078125 0.0068359375
11 0.4541015625 0.7451171875 0.00830078125 0.0068359375
11 0.4541015625 0.65869140625 0.00830078125 0.00732421875
11 0.4541015625 0.6796875 0.00830078125 0.00732421875
11 0.43798828125 0.65283203125 0.00830078125 0.0068359375
11 0.43798828125 0.673828125 0.00830078125 0.0068359375
11 0.486328125 0.65869140625 0.00830078125 0.00732421875
11 0.50732421875 0.65283203125 0.00830078125 0.0068359375
11 0.50732421875 0.673828125 0.00830078125 0.0068359375
11 0.486328125 0.724609375 0.00830078125 0.0068359375
11 0.486328125 0.7333984375 0.00830078125 0.0068359375
11 0.486328125 0.7451171875 0.00830078125 0.0068359375
11 0.486328125 0.6796875 0.00830078125 0.00732421875
11 0.4697265625 0.66162109375 0.00830078125 0.0068359375
11 0.4697265625 0.6826171875 0.00830078125 0.0068359375
11 0.39794921875 0.6796875 0.00830078125 0.00732421875
11 0.4189453125 0.65283203125 0.00830078125 0.0068359375
11 0.4189453125 0.7451171875 0.00830078125 0.0068359375
11 0.4189453125 0.673828125 0.00830078125 0.0068359375
11 0.4189453125 0.736328125 0.00830078125 0.00732421875
11 0.39794921875 0.65869140625 0.00830078125 0.00732421875
11 0.4189453125 0.72705078125 0.00830078125 0.0068359375
8 0.615234375 0.93359375 0.00634765625 0.017578125
11 0.61572265625 0.876953125 0.00830078125 0.00732421875
11 0.61572265625 0.921875 0.00830078125 0.0068359375
9 0.6220703125 0.865234375 0.0068359375 0.017578125
11 0.66796875 0.927734375 0.00830078125 0.0068359375
11 0.66796875 0.8828125 0.00830078125 0.0068359375
15 0.6337890625 0.86572265625 0.0078125 0.01171875
11 0.65087890625 0.9306640625 0.00830078125 0.0068359375
11 0.65087890625 0.88623046875 0.00830078125 0.0068359375
15 0.6337890625 0.92578125 0.0078125 0.01171875
8 0.53759765625 0.94287109375 0.00634765625 0.01806640625
8 0.53759765625 0.87890625 0.00634765625 0.017578125
11 0.5380859375 0.9130859375 0.0078125 0.0068359375
11 0.5380859375 0.93359375 0.0078125 0.00732421875
11 0.5380859375 0.84716796875 0.0078125 0.0068359375
11 0.5380859375 0.8681640625 0.0078125 0.0068359375
11 0.59326171875 0.927734375 0.00830078125 0.0068359375
11 0.59326171875 0.8828125 0.00830078125 0.0068359375
11 0.572265625 0.9306640625 0.00830078125 0.0068359375
11 0.572265625 0.88623046875 0.00830078125 0.0068359375
15 0.55517578125 0.92578125 0.0078125 0.01171875
15 0.55517578125 0.86572265625 0.0078125 0.01171875
9 0.7939453125 0.9111328125 0.0068359375 0.017578125
9 0.7939453125 0.84716796875 0.0068359375 0.017578125
15 0.8056640625 0.86572265625 0.0078125 0.01171875
15 0.8056640625 0.92578125 0.0078125 0.01171875
11 0.787109375 0.921875 0.00830078125 0.0068359375
11 0.787109375 0.94287109375 0.00830078125 0.0068359375
11 0.787109375 0.8564453125 0.00830078125 0.0068359375
11 0.787109375 0.876953125 0.00830078125 0.00732421875
8 0.7001953125 0.93359375 0.00634765625 0.017578125
9 0.70703125 0.865234375 0.0068359375 0.017578125
11 0.7001953125 0.921875 0.00830078125 0.0068359375
11 0.7001953125 0.876953125 0.00830078125 0.00732421875
11 0.76025390625 0.927734375 0.00830078125 0.0068359375
11 0.76025390625 0.94873046875 0.00830078125 0.0068359375
11 0.76025390625 0.8623046875 0.00830078125 0.00732421875
11 0.76025390625 0.8828125 0.00830078125 0.0068359375
21 0.734375 0.92333984375 0.00634765625 0.0185546875
21 0.734375 0.86376953125 0.00634765625 0.01806640625
15 0.71875 0.92578125 0.0078125 0.01171875
15 0.71875 0.86572265625 0.0078125 0.01171875
11 0.296875 0.8564453125 0.00830078125 0.0068359375
11 0.296875 0.94873046875 0.00830078125 0.0068359375
11 0.296875 0.93701171875 0.00830078125 0.0068359375
11 0.296875 0.927734375 0.00830078125 0.0068359375
11 0.296875 0.876953125 0.00830078125 0.00732421875
11 0.31689453125 0.876953125 0.00830078125 0.00732421875
11 0.31689453125 0.8564453125 0.00830078125 0.0068359375
11 0.27978515625 0.85302734375 0.00830078125 0.0068359375
11 0.27978515625 0.8740234375 0.00830078125 0.0068359375
11 0.3857421875 0.8828125 0.00830078125 0.0068359375
11 0.35400390625 0.84716796875 0.00830078125 0.0068359375
11 0.35400390625 0.8681640625 0.00830078125 0.0068359375
11 0.3369140625 0.927734375 0.00830078125 0.0068359375
11 0.3369140625 0.93701171875 0.00830078125 0.0068359375
11 0.3369140625 0.95166015625 0.00830078125 0.0068359375
11 0.3369140625 0.85302734375 0.00830078125 0.0068359375
11 0.3369140625 0.8740234375 0.00830078125 0.0068359375
11 0.21923828125 0.8828125 0.00830078125 0.0068359375
1 0.193359375 0.9228515625 0.017578125 0.02099609375
11 0.21923828125 0.8623046875 0.00830078125 0.00732421875
11 0.21923828125 0.95166015625 0.00830078125 0.0068359375
11 0.21923828125 0.93994140625 0.00830078125 0.00732421875
11 0.21923828125 0.9306640625 0.00830078125 0.0068359375
10 0.19384765625 0.86376953125 0.0166015625 0.0458984375
0 0.17529296875 0.89501953125 0.005859375 0.0849609375
11 0.2587890625 0.9306640625 0.00830078125 0.0068359375
11 0.2587890625 0.93994140625 0.00830078125 0.00732421875
11 0.2587890625 0.94873046875 0.00830078125 0.0068359375
11 0.2587890625 0.84716796875 0.00830078125 0.0068359375
11 0.2587890625 0.8681640625 0.00830078125 0.0068359375
11 0.5107421875 0.94287109375 0.00830078125 0.0068359375
11 0.2412109375 0.8564453125 0.00830078125 0.0068359375
11 0.2412109375 0.876953125 0.00830078125 0.00732421875
11 0.46044921875 0.93359375 0.00830078125 0.00732421875
11 0.46044921875 0.8681640625 0.00830078125 0.0068359375
11 0.46044921875 0.84716796875 0.00830078125 0.0068359375
11 0.46044921875 0.9130859375 0.00830078125 0.0068359375
11 0.3857421875 0.8623046875 0.00830078125 0.00732421875
11 0.44189453125 0.94287109375 0.00830078125 0.0068359375
11 0.44189453125 0.8564453125 0.00830078125 0.0068359375
11 0.44189453125 0.876953125 0.00830078125 0.00732421875
11 0.49365234375 0.8623046875 0.00830078125 0.00732421875
11 0.5107421875 0.921875 0.00830078125 0.0068359375
11 0.5107421875 0.8564453125 0.00830078125 0.0068359375
11 0.5107421875 0.876953125 0.00830078125 0.00732421875
11 0.49365234375 0.927734375 0.00830078125 0.0068359375
11 0.49365234375 0.94873046875 0.00830078125 0.0068359375
11 0.44189453125 0.921875 0.00830078125 0.0068359375
11 0.49365234375 0.8828125 0.00830078125 0.0068359375
15 0.4775390625 0.92578125 0.0078125 0.01171875
11 0.4775390625 0.84716796875 0.00830078125 0.0068359375
8 0.4599609375 0.94287109375 0.00634765625 0.01806640625
11 0.40234375 0.8623046875 0.00830078125 0.00732421875
21 0.38427734375 0.92333984375 0.0068359375 0.0185546875
11 0.419921875 0.94873046875 0.00830078125 0.0068359375
11 0.419921875 0.927734375 0.00830078125 0.0068359375
11 0.419921875 0.8623046875 0.00830078125 0.00732421875
11 0.419921875 0.8828125 0.00830078125 0.0068359375