11 0.58349609375 0.076171875 0.00830078125 0.0068359375
11 0.58349609375 0.16162109375 0.00830078125 0.0068359375
11 0.58349609375 0.22265625 0.00830078125 0.0068359375
11 0.58349609375 0.26318359375 0.00830078125 0.0068359375
11 0.55810546875 0.0791015625 0.00830078125 0.0068359375
11 0.55810546875 0.16455078125 0.00830078125 0.0068359375
11 0.55810546875 0.2724609375 0.00830078125 0.00732421875
11 0.57080078125 0.076171875 0.00830078125 0.0068359375
11 0.57080078125 0.16162109375 0.00830078125 0.0068359375
11 0.57080078125 0.22265625 0.00830078125 0.0068359375
11 0.57080078125 0.26318359375 0.00830078125 0.0068359375
11 0.60888671875 0.076171875 0.00830078125 0.0068359375
11 0.60888671875 0.16162109375 0.00830078125 0.0068359375
11 0.60888671875 0.22265625 0.00830078125 0.0068359375
11 0.60888671875 0.26318359375 0.00830078125 0.0068359375
11 0.59619140625 0.076171875 0.00830078125 0.0068359375
11 0.59619140625 0.16162109375 0.00830078125 0.0068359375
11 0.59619140625 0.22265625 0.00830078125 0.0068359375
11 0.59619140625 0.26318359375 0.00830078125 0.0068359375
11 0.5068359375 0.0673828125 0.00830078125 0.0068359375
11 0.5068359375 0.15234375 0.00830078125 0.0068359375
11 0.5068359375 0.28759765625 0.00830078125 0.0068359375
11 0.51953125 0.0703125 0.00830078125 0.0068359375
11 0.51953125 0.1552734375 0.00830078125 0.0068359375
11 0.51953125 0.216796875 0.00830078125 0.0068359375
11 0.48681640625 0.064453125 0.00830078125 0.0068359375
11 0.48681640625 0.1494140625 0.00830078125 0.00732421875
11 0.48681640625 0.216796875 0.00830078125 0.0068359375
11 0.48681640625 0.2841796875 0.00830078125 0.0068359375
11 0.51953125 0.2841796875 0.00830078125 0.0068359375
11 0.544921875 0.076171875 0.00830078125 0.0068359375
11 0.544921875 0.16162109375 0.00830078125 0.0068359375
11 0.544921875 0.216796875 0.00830078125 0.0068359375
11 0.544921875 0.2783203125 0.00830078125 0.00732421875
11 0.5322265625 0.0732421875 0.00830078125 0.00732421875
11 0.5322265625 0.15869140625 0.00830078125 0.0068359375
11 0.5322265625 0.28125 0.00830078125 0.0068359375
11 0.767578125 0.2841796875 0.00830078125 0.0068359375
11 0.78662109375 0.2783203125 0.00830078125 0.00732421875
11 0.80322265625 0.2841796875 0.00830078125 0.0068359375
11 0.7158203125 0.275390625 0.00830078125 0.0068359375
11 0.69677734375 0.2841796875 0.00830078125 0.0068359375
11 0.732421875 0.2841796875 0.00830078125 0.0068359375
11 0.75146484375 0.2724609375 0.00830078125 0.00732421875
11 0.63427734375 0.16162109375 0.00830078125 0.0068359375
11 0.63427734375 0.22265625 0.00830078125 0.0068359375
11 0.63427734375 0.26318359375 0.00830078125 0.0068359375
11 0.63427734375 0.076171875 0.00830078125 0.0068359375
11 0.64697265625 0.076171875 0.00830078125 0.0068359375
11 0.64697265625 0.16162109375 0.00830078125 0.0068359375
11 0.64697265625 0.22265625 0.00830078125 0.0068359375
11 0.64697265625 0.26318359375 0.00830078125 0.0068359375
11 0.62158203125 0.076171875 0.00830078125 0.0068359375
11 0.62158203125 0.16162109375 0.00830078125 0.0068359375
11 0.62158203125 0.22265625 0.00830078125 0.0068359375
11 0.62158203125 0.26318359375 0.00830078125 0.0068359375
11 0.6806640625 0.275390625 0.00830078125 0.0068359375
11 0.65966796875 0.076171875 0.00830078125 0.0068359375
11 0.65966796875 0.16162109375 0.00830078125 0.0068359375
11 0.65966796875 0.22265625 0.00830078125 0.0068359375
11 0.65966796875 0.26318359375 0.00830078125 0.0068359375
11 0.30517578125 0.04052734375 0.00830078125 0.0068359375
11 0.30517578125 0.12548828125 0.00830078125 0.0068359375
11 0.30517578125 0.18701171875 0.00830078125 0.0068359375
11 0.30517578125 0.24853515625 0.00830078125 0.0068359375
11 0.29248046875 0.04345703125 0.00830078125 0.0068359375
11 0.29248046875 0.12890625 0.00830078125 0.0068359375
11 0.29248046875 0.1904296875 0.00830078125 0.0068359375
11 0.29248046875 0.25146484375 0.00830078125 0.0068359375
11 0.330078125 0.18701171875 0.0078125 0.0068359375
11 0.330078125 0.24853515625 0.0078125 0.0068359375
11 0.330078125 0.12548828125 0.0078125 0.0068359375
11 0.34228515625 0.04345703125 0.00830078125 0.0068359375
11 0.34228515625 0.12890625 0.00830078125 0.0068359375
11 0.34228515625 0.1962890625 0.00830078125 0.00732421875
11 0.34228515625 0.25439453125 0.00830078125 0.0068359375
11 0.31787109375 0.04345703125 0.00830078125 0.0068359375
11 0.31787109375 0.12890625 0.00830078125 0.0068359375
11 0.31787109375 0.1904296875 0.00830078125 0.0068359375
11 0.31787109375 0.25146484375 0.00830078125 0.0068359375
11 0.330078125 0.04052734375 0.0078125 0.0068359375
1 0.193359375 0.2646484375 0.017578125 0.02099609375
11 0.24169921875 0.04345703125 0.00830078125 0.0068359375
11 0.24169921875 0.12890625 0.00830078125 0.0068359375
11 0.24169921875 0.1904296875 0.00830078125 0.0068359375
11 0.24169921875 0.25146484375 0.00830078125 0.0068359375
22 0.744140625 0.06884765625 0.00830078125 0.00390625
22 0.744140625 0.13330078125 0.00830078125 0.00390625
22 0.744140625 0.19775390625 0.00830078125 0.00390625
10 0.19384765625 0.07177734375 0.0166015625 0.0458984375
10 0.19384765625 0.13623046875 0.0166015625 0.04541015625
11 0.26708984375 0.25146484375 0.00830078125 0.0068359375
11 0.26708984375 0.1904296875 0.00830078125 0.0068359375
11 0.27978515625 0.04052734375 0.00830078125 0.0068359375
11 0.27978515625 0.12548828125 0.00830078125 0.0068359375
11 0.27978515625 0.18701171875 0.00830078125 0.0068359375
11 0.27978515625 0.24853515625 0.00830078125 0.0068359375
11 0.25439453125 0.04052734375 0.00830078125 0.0068359375
11 0.25439453125 0.12548828125 0.00830078125 0.0068359375
11 0.25439453125 0.18701171875 0.00830078125 0.0068359375
11 0.25439453125 0.24853515625 0.00830078125 0.0068359375
11 0.26708984375 0.04345703125 0.00830078125 0.0068359375
11 0.26708984375 0.12890625 0.00830078125 0.0068359375
11 0.439453125 0.05517578125 0.00830078125 0.0068359375
11 0.439453125 0.140625 0.00830078125 0.0068359375
11 0.439453125 0.275390625 0.00830078125 0.0068359375
11 0.4130859375 0.05859375 0.00830078125 0.00732421875
11 0.4130859375 0.1435546875 0.00830078125 0.0068359375
11 0.4130859375 0.26953125 0.00830078125 0.0068359375
11 0.42578125 0.0615234375 0.00830078125 0.0068359375
11 0.42578125 0.146484375 0.00830078125 0.0068359375
11 0.42578125 0.1962890625 0.00830078125 0.00732421875
11 0.42578125 0.2724609375 0.00830078125 0.00732421875
11 0.47412109375 0.0615234375 0.00830078125 0.0068359375
11 0.47412109375 0.146484375 0.00830078125 0.0068359375
11 0.47412109375 0.28125 0.00830078125 0.0068359375
11 0.46142578125 0.05859375 0.00830078125 0.00732421875
11 0.46142578125 0.1435546875 0.00830078125 0.0068359375
11 0.46142578125 0.216796875 0.00830078125 0.0068359375
11 0.46142578125 0.2783203125 0.00830078125 0.00732421875
11 0.37548828125 0.04931640625 0.00830078125 0.0068359375
11 0.37548828125 0.134765625 0.00830078125 0.00732421875
11 0.37548828125 0.1962890625 0.00830078125 0.00732421875
11 0.37548828125 0.26025390625 0.00830078125 0.0068359375
11 0.36279296875 0.04638671875 0.00830078125 0.0068359375
11 0.36279296875 0.1318359375 0.00830078125 0.0068359375
11 0.36279296875 0.25732421875 0.00830078125 0.00732421875
11 0.400390625 0.2666015625 0.00830078125 0.0068359375
11 0.400390625 0.05517578125 0.00830078125 0.0068359375
11 0.400390625 0.140625 0.00830078125 0.0068359375
11 0.400390625 0.1962890625 0.00830078125 0.00732421875
11 0.3876953125 0.26318359375 0.00830078125 0.0068359375
11 0.3876953125 0.05224609375 0.00830078125 0.00732421875
11 0.3876953125 0.1376953125 0.00830078125 0.0068359375
9 0.6904296875 0.53466796875 0.0068359375 0.017578125
11 0.68408203125 0.611328125 0.00830078125 0.0068359375
11 0.68408203125 0.546875 0.00830078125 0.0068359375
11 0.68408203125 0.4765625 0.00830078125 0.00732421875
9 0.66455078125 0.60205078125 0.0068359375 0.017578125
11 0.70263671875 0.55322265625 0.00830078125 0.0068359375
11 0.70263671875 0.48583984375 0.00830078125 0.0068359375
11 0.70263671875 0.59619140625 0.00830078125 0.0068359375
9 0.6904296875 0.59912109375 0.0068359375 0.017578125
11 0.55126953125 0.6083984375 0.00830078125 0.0068359375
11 0.60302734375 0.5322265625 0.00830078125 0.0068359375
11 0.58544921875 0.6142578125 0.00830078125 0.0068359375
11 0.58544921875 0.53515625 0.00830078125 0.0068359375
11 0.56884765625 0.5380859375 0.00830078125 0.0068359375
11 0.658203125 0.6142578125 0.00830078125 0.0068359375
11 0.658203125 0.53515625 0.00830078125 0.0068359375
11 0.63720703125 0.5322265625 0.00830078125 0.0068359375
11 0.6201171875 0.6201171875 0.0078125 0.00732421875
11 0.6201171875 0.52880859375 0.0078125 0.0068359375
8 0.8046875 0.6025390625 0.00634765625 0.01806640625
11 0.8046875 0.59033203125 0.00830078125 0.0068359375
15 0.8046875 0.53857421875 0.0078125 0.01171875
11 0.8046875 0.48583984375 0.00830078125 0.0068359375
11 0.78955078125 0.4794921875 0.00830078125 0.0068359375
22 0.451171875 0.40478515625 0.00830078125 0.00390625
22 0.451171875 0.46923828125 0.00830078125 0.00390625
22 0.5986328125 0.40478515625 0.00830078125 0.00390625
22 0.5986328125 0.46923828125 0.00830078125 0.00390625
11 0.73681640625 0.48583984375 0.00830078125 0.0068359375
11 0.73681640625 0.599609375 0.00830078125 0.0068359375
15 0.736328125 0.53857421875 0.0078125 0.01171875
11 0.72119140625 0.4765625 0.00830078125 0.00732421875
11 0.77099609375 0.55322265625 0.0078125 0.0068359375
11 0.77099609375 0.6025390625 0.0078125 0.0068359375
11 0.77099609375 0.48583984375 0.0078125 0.0068359375
9 0.7607421875 0.53466796875 0.0068359375 0.017578125
11 0.75439453125 0.546875 0.00830078125 0.0068359375
11 0.75439453125 0.4736328125 0.00830078125 0.0068359375
11 0.365234375 0.6025390625 0.00830078125 0.0068359375
11 0.3447265625 0.599609375 0.00830078125 0.0068359375
11 0.3271484375 0.59619140625 0.00830078125 0.0068359375
11 0.310546875 0.599609375 0.00830078125 0.0068359375
11 0.55126953125 0.541015625 0.00830078125 0.0068359375
11 0.38916015625 0.6083984375 0.00830078125 0.0068359375
11 0.38916015625 0.5439453125 0.00830078125 0.00732421875
22 0.30029296875 0.53369140625 0.00830078125 0.00390625
10 0.19384765625 0.47216796875 0.0166015625 0.0458984375
10 0.19384765625 0.40771484375 0.0166015625 0.0458984375
22 0.74609375 0.40478515625 0.00830078125 0.00390625
22 0.30029296875 0.46923828125 0.00830078125 0.00390625
22 0.30029296875 0.40478515625 0.00830078125 0.00390625
11 0.29296875 0.6025390625 0.00830078125 0.0068359375
11 0.27587890625 0.60546875 0.00830078125 0.00732421875
11 0.2587890625 0.6083984375 0.00830078125 0.0068359375
9 0.39599609375 0.59619140625 0.0068359375 0.017578125
11 0.24169921875 0.611328125 0.00830078125 0.0068359375
1 0.193359375 0.6005859375 0.017578125 0.02099609375
11 0.50830078125 0.55322265625 0.00830078125 0.0068359375
11 0.53466796875 0.599609375 0.00830078125 0.0068359375
11 0.53466796875 0.5439453125 0.00830078125 0.00732421875
9 0.5146484375 0.59619140625 0.0068359375 0.017578125
11 0.50830078125 0.6083984375 0.00830078125 0.0068359375
11 0.4921875 0.546875 0.00830078125 0.0068359375
8 0.53369140625 0.611328125 0.00634765625 0.017578125
11 0.45849609375 0.541015625 0.00830078125 0.0068359375
11 0.439453125 0.6201171875 0.00830078125 0.00732421875
11 0.42431640625 0.5439453125 0.00830078125 0.00732421875
11 0.40576171875 0.6142578125 0.00830078125 0.0068359375
11 0.4736328125 0.6142578125 0.00830078125 0.0068359375
11 0.4736328125 0.55322265625 0.00830078125 0.0068359375
11 0.40576171875 0.55322265625 0.00830078125 0.0068359375
11 0.439453125 0.55322265625 0.00830078125 0.0068359375
11 0.63623046875 0.71240234375 0.00830078125 0.00732421875
11 0.63623046875 0.806640625 0.00830078125 0.0068359375
11 0.63623046875 0.8740234375 0.00830078125 0.0068359375
11 0.63623046875 0.9326171875 0.00830078125 0.00732421875
11 0.61962890625 0.71533203125 0.0078125 0.0068359375
11 0.6728515625 0.935546875 0.00830078125 0.0068359375
8 0.67236328125 0.865234375 0.00634765625 0.017578125
9 0.6796875 0.80078125 0.0068359375 0.017578125
8 0.67236328125 0.947265625 0.00634765625 0.017578125
11 0.65234375 0.71533203125 0.00830078125 0.0068359375
11 0.6728515625 0.71826171875 0.00830078125 0.0068359375
11 0.6728515625 0.8125 0.00830078125 0.0068359375
11 0.6728515625 0.85302734375 0.00830078125 0.0068359375
8 0.5537109375 0.8740234375 0.00634765625 0.01806640625
8 0.5537109375 0.935546875 0.00634765625 0.01806640625
11 0.55419921875 0.7275390625 0.00830078125 0.00732421875
11 0.55419921875 0.80078125 0.00830078125 0.0068359375
11 0.55419921875 0.8623046875 0.00830078125 0.0068359375
11 0.55419921875 0.92333984375 0.00830078125 0.0068359375
8 0.5537109375 0.8125 0.00634765625 0.01806640625
11 0.5869140625 0.7216796875 0.00830078125 0.0068359375
11 0.603515625 0.71826171875 0.00830078125 0.0068359375
11 0.603515625 0.8037109375 0.00830078125 0.0068359375
11 0.603515625 0.87109375 0.00830078125 0.00732421875
11 0.603515625 0.9296875 0.00830078125 0.0068359375
11 0.5703125 0.724609375 0.00830078125 0.0068359375
11 0.5703125 0.80078125 0.00830078125 0.0068359375
11 0.5703125 0.8681640625 0.00830078125 0.0068359375
11 0.5703125 0.9267578125 0.00830078125 0.0068359375
11 0.8056640625 0.724609375 0.00830078125 0.0068359375
11 0.8056640625 0.7919921875 0.00830078125 0.0068359375
11 0.8056640625 0.8681640625 0.00830078125 0.0068359375
11 0.8056640625 0.9267578125 0.00830078125 0.0068359375
8 0.8056640625 0.736328125 0.00634765625 0.01806640625
8 0.8056640625 0.8037109375 0.00634765625 0.017578125
11 0.76708984375 0.73046875 0.00830078125 0.0068359375
11 0.76708984375 0.794921875 0.00830078125 0.0068359375
11 0.76708984375 0.859375 0.00830078125 0.0068359375
11 0.76708984375 0.9267578125 0.00830078125 0.0068359375
8 0.8056640625 0.8798828125 0.00634765625 0.01806640625
8 0.8056640625 0.9384765625 0.00634765625 0.017578125
8 0.69873046875 0.8740234375 0.00634765625 0.01806640625
8 0.69873046875 0.947265625 0.00634765625 0.017578125
11 0.69921875 0.74267578125 0.00830078125 0.0068359375
11 0.69921875 0.8154296875 0.00830078125 0.0068359375
11 0.69921875 0.8623046875 0.00830078125 0.0068359375
11 0.69921875 0.935546875 0.00830078125 0.0068359375
8 0.69873046875 0.75439453125 0.00634765625 0.017578125
9 0.70556640625 0.8037109375 0.0068359375 0.017578125
11 0.74169921875 0.7275390625 0.00830078125 0.00732421875
11 0.74169921875 0.7978515625 0.00830078125 0.0068359375
11 0.74169921875 0.859375 0.00830078125 0.0068359375
11 0.74169921875 0.9267578125 0.00830078125 0.0068359375
11 0.716796875 0.7216796875 0.0078125 0.0068359375
11 0.716796875 0.80078125 0.0078125 0.0068359375
11 0.716796875 0.859375 0.0078125 0.0068359375
11 0.716796875 0.9267578125 0.0078125 0.0068359375
11 0.32373046875 0.80078125 0.00830078125 0.0068359375
11 0.32373046875 0.8828125 0.00830078125 0.0068359375
11 0.33935546875 0.7978515625 0.00830078125 0.0068359375
11 0.33935546875 0.88916015625 0.00830078125 0.0068359375
11 0.33935546875 0.92041015625 0.00830078125 0.0068359375
11 0.30810546875 0.92333984375 0.0078125 0.0068359375
11 0.30810546875 0.8037109375 0.0078125 0.0068359375
11 0.30810546875 0.876953125 0.0078125 0.0068359375
11 0.37646484375 0.8037109375 0.00830078125 0.0068359375
11 0.37646484375 0.91748046875 0.00830078125 0.00732421875
8 0.3759765625 0.9296875 0.00634765625 0.017578125
11 0.40087890625 0.7275390625 0.00830078125 0.00732421875
11 0.40087890625 0.806640625 0.00830078125 0.0068359375
11 0.35595703125 0.80078125 0.00830078125 0.0068359375
21 0.35498046875 0.87255859375 0.00634765625 0.01806640625
1 0.193359375 0.9365234375 0.017578125 0.02099609375
10 0.19384765625 0.80810546875 0.0166015625 0.0458984375
11 0.24169921875 0.8125 0.00830078125 0.0068359375
11 0.24169921875 0.8798828125 0.00830078125 0.0068359375
11 0.24169921875 0.92041015625 0.00830078125 0.0068359375
22 0.3056640625 0.7412109375 0.00830078125 0.00390625
10 0.19384765625 0.744140625 0.0166015625 0.0458984375
11 0.2919921875 0.806640625 0.00830078125 0.0068359375
11 0.2919921875 0.8798828125 0.00830078125 0.0068359375
8 0.2412109375 0.9326171875 0.00634765625 0.017578125
11 0.275390625 0.8095703125 0.00830078125 0.00732421875
11 0.275390625 0.8828125 0.00830078125 0.0068359375
11 0.275390625 0.9267578125 0.00830078125 0.0068359375
11 0.482421875 0.82177734375 0.00830078125 0.0068359375
11 0.4677734375 0.724609375 0.00830078125 0.0068359375
11 0.482421875 0.736328125 0.00830078125 0.0068359375
11 0.482421875 0.859375 0.00830078125 0.0068359375
11 0.482421875 0.9267578125 0.00830078125 0.0068359375
11 0.44970703125 0.736328125 0.00830078125 0.0068359375
11 0.44970703125 0.8154296875 0.00830078125 0.0068359375
11 0.44970703125 0.8623046875 0.00830078125 0.0068359375
11 0.44970703125 0.92333984375 0.00830078125 0.0068359375
8 0.5146484375 0.82080078125 0.00634765625 0.017578125
8 0.5146484375 0.8740234375 0.00634765625 0.01806640625
8 0.5146484375 0.94140625 0.00634765625 0.01806640625
11 0.50048828125 0.73046875 0.00830078125 0.0068359375
11 0.40087890625 0.91748046875 0.00830078125 0.00732421875
11 0.51513671875 0.736328125 0.0078125 0.0068359375
11 0.51513671875 0.8095703125 0.0078125 0.00732421875
11 0.51513671875 0.8623046875 0.0078125 0.0068359375
11 0.51513671875 0.9296875 0.0078125 0.0068359375
8 0.400390625 0.8798828125 0.00634765625 0.01806640625
8 0.400390625 0.9296875 0.00634765625 0.017578125
11 0.40087890625 0.8681640625 0.00830078125 0.0068359375
8 0.400390625 0.81884765625 0.00634765625 0.01806640625
11 0.41650390625 0.736328125 0.00830078125 0.0068359375
11 0.4345703125 0.7275390625 0.00830078125 0.00732421875
11 0.41650390625 0.92041015625 0.00830078125 0.0068359375
11 0.41650390625 0.865234375 0.00830078125 0.0068359375
11 0.41650390625 0.8125 0.00830078125 0.0068359375