11 0.64306640625 0.04443359375 0.00830078125 0.0068359375
11 0.64306640625 0.24560546875 0.00830078125 0.0068359375
9 0.60986328125 0.2978515625 0.0068359375 0.017578125
11 0.63037109375 0.31298828125 0.00830078125 0.0068359375
11 0.68212890625 0.04443359375 0.00830078125 0.0068359375
11 0.5361328125 0.2333984375 0.00830078125 0.0068359375
13 0.68359375 0.31591796875 0.01123046875 0.0068359375
11 0.68212890625 0.24560546875 0.00830078125 0.0068359375
12 0.6826171875 0.12060546875 0.0087890625 0.0068359375
9 0.66259765625 0.30078125 0.0068359375 0.017578125
11 0.65576171875 0.31298828125 0.00830078125 0.0068359375
12 0.53662109375 0.31005859375 0.0087890625 0.0068359375
11 0.60302734375 0.31005859375 0.00830078125 0.0068359375
11 0.60302734375 0.24267578125 0.00830078125 0.0068359375
12 0.603515625 0.12060546875 0.0087890625 0.0068359375
11 0.58642578125 0.23974609375 0.00830078125 0.0068359375
11 0.56982421875 0.236328125 0.00830078125 0.00732421875
12 0.5703125 0.04736328125 0.0087890625 0.0068359375
11 0.55322265625 0.2333984375 0.00830078125 0.0068359375
11 0.8046875 0.236328125 0.00830078125 0.00732421875
11 0.7880859375 0.23974609375 0.00830078125 0.0068359375
11 0.7880859375 0.126953125 0.00830078125 0.0068359375
11 0.7880859375 0.05029296875 0.00830078125 0.00732421875
11 0.69921875 0.24267578125 0.00830078125 0.0068359375
12 0.71630859375 0.04736328125 0.0087890625 0.0068359375
11 0.7158203125 0.24560546875 0.00830078125 0.0068359375
11 0.77099609375 0.24267578125 0.00830078125 0.0068359375
11 0.75439453125 0.24560546875 0.00830078125 0.0068359375
11 0.75439453125 0.12353515625 0.00830078125 0.0068359375
11 0.73779296875 0.24853515625 0.00830078125 0.0068359375
11 0.32470703125 0.24267578125 0.00830078125 0.0068359375
11 0.32470703125 0.31005859375 0.00830078125 0.0068359375
11 0.30322265625 0.30712890625 0.00830078125 0.0068359375
11 0.30322265625 0.04443359375 0.00830078125 0.0068359375
11 0.30322265625 0.12353515625 0.00830078125 0.0068359375
11 0.30322265625 0.23974609375 0.00830078125 0.0068359375
12 0.53662109375 0.12939453125 0.0087890625 0.0068359375
11 0.35791015625 0.236328125 0.00830078125 0.00732421875
11 0.35791015625 0.3037109375 0.00830078125 0.0068359375
11 0.34130859375 0.1328125 0.00830078125 0.00732421875
21 0.34033203125 0.0576171875 0.00634765625 0.0185546875
11 0.34130859375 0.23974609375 0.00830078125 0.0068359375
11 0.34130859375 0.30712890625 0.00830078125 0.0068359375
0 0.17529296875 0.095703125 0.00634765625 0.0986328125
0 0.17529296875 0.26708984375 0.00634765625 0.0986328125
1 0.193359375 0.30224609375 0.017578125 0.02099609375
11 0.2783203125 0.03857421875 0.00830078125 0.0068359375
11 0.2783203125 0.11767578125 0.00830078125 0.0068359375
12 0.25146484375 0.30712890625 0.0087890625 0.0068359375
12 0.25146484375 0.23974609375 0.0087890625 0.0068359375
11 0.25146484375 0.12353515625 0.00830078125 0.0068359375
11 0.25146484375 0.04443359375 0.00830078125 0.0068359375
11 0.4619140625 0.30078125 0.00830078125 0.0068359375
12 0.4619140625 0.1357421875 0.0087890625 0.0068359375
12 0.4619140625 0.2333984375 0.0087890625 0.0068359375
11 0.43994140625 0.2333984375 0.00830078125 0.0068359375
11 0.42041015625 0.2333984375 0.00830078125 0.0068359375
12 0.4208984375 0.05908203125 0.0087890625 0.0068359375
11 0.5361328125 0.05322265625 0.00830078125 0.0068359375
11 0.51220703125 0.30712890625 0.00830078125 0.0068359375
11 0.4951171875 0.3037109375 0.00830078125 0.0068359375
11 0.4951171875 0.05322265625 0.00830078125 0.0068359375
11 0.478515625 0.30078125 0.00830078125 0.0068359375
12 0.3876953125 0.30078125 0.0087890625 0.0068359375
11 0.38720703125 0.2333984375 0.00830078125 0.0068359375
12 0.3876953125 0.126953125 0.0087890625 0.0068359375
11 0.38720703125 0.05029296875 0.00830078125 0.00732421875
11 0.40380859375 0.23046875 0.00830078125 0.0068359375
11 0.60888671875 0.78564453125 0.00830078125 0.0068359375
11 0.5869140625 0.859375 0.00830078125 0.0068359375
11 0.5869140625 0.78271484375 0.00830078125 0.00732421875
11 0.5869140625 0.6025390625 0.00830078125 0.0068359375
11 0.64013671875 0.87109375 0.00830078125 0.0068359375
11 0.64013671875 0.78857421875 0.00830078125 0.0068359375
15 0.64013671875 0.685546875 0.0078125 0.01171875
12 0.640625 0.6083984375 0.0087890625 0.0068359375
11 0.52099609375 0.77392578125 0.00830078125 0.0068359375
11 0.49609375 0.77685546875 0.00830078125 0.0068359375
11 0.49609375 0.6728515625 0.00830078125 0.0068359375
11 0.474609375 0.77978515625 0.00830078125 0.0068359375
11 0.56494140625 0.77978515625 0.00830078125 0.0068359375
21 0.5419921875 0.85498046875 0.00634765625 0.0185546875
11 0.54296875 0.77685546875 0.00830078125 0.0068359375
12 0.54345703125 0.6787109375 0.0087890625 0.00732421875
21 0.5419921875 0.60986328125 0.00634765625 0.0185546875
11 0.80126953125 0.6845703125 0.00830078125 0.0068359375
11 0.779296875 0.85009765625 0.00830078125 0.0068359375
11 0.779296875 0.681640625 0.00830078125 0.0068359375
11 0.75732421875 0.6787109375 0.00830078125 0.00732421875
19 0.68896484375 0.8544921875 0.00830078125 0.00390625
11 0.68896484375 0.77685546875 0.00830078125 0.0068359375
11 0.68896484375 0.67578125 0.00830078125 0.0068359375
11 0.6669921875 0.6787109375 0.00830078125 0.00732421875
12 0.73291015625 0.78271484375 0.0087890625 0.00732421875
11 0.73291015625 0.67578125 0.00830078125 0.0068359375
19 0.73291015625 0.60986328125 0.00830078125 0.00390625
11 0.7109375 0.6728515625 0.00830078125 0.0068359375
11 0.29638671875 0.84716796875 0.00830078125 0.0068359375
21 0.29541015625 0.78125 0.00634765625 0.0185546875
11 0.29638671875 0.60546875 0.00830078125 0.0068359375
11 0.2744140625 0.85009765625 0.00830078125 0.0068359375
15 0.2744140625 0.78369140625 0.0078125 0.01171875
11 0.34033203125 0.681640625 0.00830078125 0.0068359375
11 0.34033203125 0.84716796875 0.00830078125 0.0068359375
19 0.34033203125 0.78125 0.00830078125 0.00390625
9 0.2578125 0.7734375 0.0068359375 0.017578125
11 0.34033203125 0.60546875 0.00830078125 0.0068359375
11 0.318359375 0.84423828125 0.00830078125 0.00732421875
0 0.17529296875 0.8193359375 0.00634765625 0.0986328125
0 0.17529296875 0.64794921875 0.00634765625 0.0986328125
11 0.25146484375 0.8681640625 0.00830078125 0.0068359375
11 0.25146484375 0.78564453125 0.00830078125 0.0068359375
12 0.25146484375 0.681640625 0.0087890625 0.0068359375
11 0.25146484375 0.6025390625 0.00830078125 0.0068359375
1 0.193359375 0.8544921875 0.017578125 0.02099609375
12 0.453125 0.85302734375 0.0087890625 0.0068359375
15 0.45263671875 0.78369140625 0.0078125 0.01171875
11 0.453125 0.69384765625 0.00830078125 0.00732421875
12 0.453125 0.6025390625 0.0087890625 0.0068359375
11 0.416015625 0.85595703125 0.00830078125 0.0068359375
11 0.416015625 0.681640625 0.00830078125 0.0068359375
11 0.416015625 0.60546875 0.00830078125 0.0068359375
11 0.39404296875 0.85302734375 0.00830078125 0.0068359375
11 0.39404296875 0.6845703125 0.00830078125 0.0068359375
11 0.39404296875 0.6083984375 0.00830078125 0.0068359375
11 0.3671875 0.85009765625 0.00830078125 0.0068359375
11 0.3671875 0.68798828125 0.00830078125 0.0068359375
11 0.3671875 0.611328125 0.00830078125 0.00732421875