11 0.65087890625 0.068359375 0.00830078125 0.0068359375
15 0.62109375 0.0478515625 0.0078125 0.01171875
9 0.6416015625 0.05908203125 0.0068359375 0.017578125
11 0.63525390625 0.0712890625 0.00830078125 0.0068359375
11 0.693359375 0.05908203125 0.00830078125 0.0068359375
11 0.53564453125 0.05908203125 0.00830078125 0.0068359375
13 0.71728515625 0.1162109375 0.01123046875 0.0068359375
11 0.7158203125 0.1279296875 0.00830078125 0.0068359375
11 0.7158203125 0.05615234375 0.00830078125 0.0068359375
11 0.7158203125 0.06201171875 0.00830078125 0.0068359375
11 0.6650390625 0.0654296875 0.00830078125 0.00732421875
11 0.67919921875 0.06201171875 0.00830078125 0.0068359375
11 0.57958984375 0.05908203125 0.00830078125 0.0068359375
11 0.5654296875 0.05615234375 0.00830078125 0.0068359375
11 0.60009765625 0.05908203125 0.00830078125 0.0068359375
11 0.5498046875 0.06201171875 0.00830078125 0.0068359375
13 0.6015625 0.09814453125 0.01123046875 0.00732421875
13 0.6015625 0.10400390625 0.01123046875 0.00732421875
13 0.6015625 0.1103515625 0.01123046875 0.00732421875
13 0.6015625 0.1162109375 0.01123046875 0.0068359375
11 0.80908203125 0.05615234375 0.00830078125 0.0068359375
11 0.794921875 0.05615234375 0.00830078125 0.0068359375
11 0.78076171875 0.05615234375 0.00830078125 0.0068359375
15 0.736328125 0.0478515625 0.0078125 0.01171875
15 0.736328125 0.10205078125 0.0078125 0.01171875
12 0.7666015625 0.1279296875 0.0087890625 0.0068359375
11 0.7666015625 0.05615234375 0.00830078125 0.0068359375
9 0.75732421875 0.11572265625 0.0068359375 0.017578125
9 0.75732421875 0.05908203125 0.0068359375 0.017578125
11 0.7509765625 0.1279296875 0.00830078125 0.0068359375
11 0.7509765625 0.0712890625 0.00830078125 0.0068359375
11 0.337890625 0.06201171875 0.00830078125 0.0068359375
11 0.32373046875 0.05908203125 0.00830078125 0.0068359375
11 0.35791015625 0.0771484375 0.00830078125 0.0068359375
11 0.3095703125 0.05615234375 0.00830078125 0.0068359375
11 0.29541015625 0.05322265625 0.00830078125 0.0068359375
15 0.37890625 0.0478515625 0.0078125 0.01171875
13 0.359375 0.1162109375 0.01123046875 0.0068359375
13 0.359375 0.1279296875 0.01123046875 0.0068359375
11 0.35791015625 0.06201171875 0.00830078125 0.0068359375
1 0.193359375 0.1171875 0.017578125 0.02099609375
10 0.19384765625 0.0576171875 0.0166015625 0.0458984375
0 0.17529296875 0.0888671875 0.005859375 0.0849609375
9 0.2861328125 0.05908203125 0.0068359375 0.017578125
11 0.27978515625 0.0712890625 0.0078125 0.0068359375
15 0.265625 0.0478515625 0.0078125 0.01171875
13 0.24609375 0.10693359375 0.01123046875 0.0068359375
13 0.24609375 0.119140625 0.01123046875 0.00732421875
11 0.24462890625 0.06201171875 0.00830078125 0.0068359375
11 0.24462890625 0.068359375 0.00830078125 0.0068359375
13 0.47998046875 0.10400390625 0.01123046875 0.00732421875
13 0.470703125 0.10693359375 0.01123046875 0.0068359375
11 0.4921875 0.06201171875 0.00830078125 0.0068359375
13 0.47998046875 0.1162109375 0.01123046875 0.0068359375
11 0.478515625 0.05908203125 0.00830078125 0.0068359375
11 0.451171875 0.06201171875 0.00830078125 0.0068359375
11 0.5068359375 0.05908203125 0.00830078125 0.0068359375
11 0.40869140625 0.05322265625 0.0078125 0.0068359375
11 0.52099609375 0.06201171875 0.0078125 0.0068359375
9 0.3994140625 0.05908203125 0.0068359375 0.017578125
11 0.39306640625 0.0712890625 0.00830078125 0.0068359375
11 0.4375 0.05908203125 0.00830078125 0.0068359375
11 0.4228515625 0.05615234375 0.00830078125 0.0068359375
11 0.64013671875 0.263671875 0.00830078125 0.0068359375
11 0.64013671875 0.263671875 0.00830078125 0.0068359375
11 0.658203125 0.26708984375 0.00830078125 0.00732421875
11 0.6240234375 0.2548828125 0.00830078125 0.0068359375
13 0.68603515625 0.3115234375 0.01123046875 0.0068359375
11 0.6845703125 0.32373046875 0.00830078125 0.0068359375
11 0.6845703125 0.26708984375 0.00830078125 0.00732421875
11 0.6845703125 0.27294921875 0.00830078125 0.0068359375
11 0.658203125 0.26708984375 0.00830078125 0.00732421875
15 0.56884765625 0.30029296875 0.0078125 0.01171875
11 0.56884765625 0.263671875 0.00830078125 0.0068359375
11 0.55126953125 0.26708984375 0.00830078125 0.00732421875
9 0.59326171875 0.314453125 0.0068359375 0.017578125
12 0.6064453125 0.32666015625 0.0087890625 0.0068359375
11 0.60595703125 0.2548828125 0.00830078125 0.0068359375
11 0.60595703125 0.2548828125 0.00830078125 0.0068359375
11 0.5869140625 0.32666015625 0.00830078125 0.0068359375
11 0.5869140625 0.263671875 0.00830078125 0.0068359375
11 0.8037109375 0.26708984375 0.00830078125 0.00732421875
11 0.78564453125 0.263671875 0.00830078125 0.0068359375
11 0.767578125 0.2607421875 0.00830078125 0.00732421875
12 0.75 0.32373046875 0.0087890625 0.0068359375
11 0.73046875 0.27587890625 0.00830078125 0.0068359375
11 0.74951171875 0.2578125 0.00830078125 0.0068359375
9 0.73681640625 0.3125 0.0068359375 0.017578125
9 0.73681640625 0.263671875 0.0068359375 0.017578125
11 0.73046875 0.32373046875 0.00830078125 0.0068359375
15 0.712890625 0.29736328125 0.0078125 0.01171875
15 0.712890625 0.25244140625 0.0078125 0.01171875
12 0.31787109375 0.33544921875 0.0087890625 0.00732421875
11 0.31787109375 0.2548828125 0.00830078125 0.0068359375
9 0.3046875 0.32373046875 0.0068359375 0.017578125
11 0.29833984375 0.33544921875 0.00830078125 0.00732421875
11 0.29833984375 0.26708984375 0.00830078125 0.00732421875
11 0.38916015625 0.33837890625 0.00830078125 0.0068359375
11 0.38916015625 0.26708984375 0.00830078125 0.00732421875
11 0.38916015625 0.27587890625 0.00830078125 0.0068359375
11 0.36279296875 0.26708984375 0.00830078125 0.00732421875
11 0.3447265625 0.263671875 0.00830078125 0.0068359375
10 0.19384765625 0.2626953125 0.0166015625 0.0458984375
11 0.24462890625 0.27587890625 0.00830078125 0.0068359375
1 0.193359375 0.32177734375 0.017578125 0.02099609375
11 0.24462890625 0.263671875 0.00830078125 0.0068359375
0 0.17529296875 0.2939453125 0.005859375 0.08447265625
15 0.2802734375 0.306640625 0.0078125 0.01171875
11 0.28076171875 0.263671875 0.00830078125 0.0068359375
11 0.2626953125 0.26708984375 0.00830078125 0.00732421875
13 0.390625 0.32666015625 0.01123046875 0.00732421875
13 0.24609375 0.32080078125 0.01123046875 0.00732421875
11 0.24462890625 0.33544921875 0.00830078125 0.00732421875
11 0.490234375 0.2607421875 0.00830078125 0.00732421875
11 0.47216796875 0.2607421875 0.00830078125 0.00732421875
11 0.50830078125 0.2607421875 0.00830078125 0.00732421875
12 0.45458984375 0.33837890625 0.0087890625 0.0068359375
11 0.45458984375 0.2607421875 0.0078125 0.00732421875
13 0.53466796875 0.314453125 0.01123046875 0.00732421875
11 0.533203125 0.32666015625 0.00830078125 0.0068359375
11 0.533203125 0.263671875 0.00830078125 0.0068359375
11 0.533203125 0.27587890625 0.00830078125 0.0068359375
15 0.41748046875 0.25244140625 0.0078125 0.01171875
9 0.44140625 0.32666015625 0.0068359375 0.017578125
15 0.41748046875 0.3125 0.0078125 0.01171875
9 0.44140625 0.263671875 0.0068359375 0.017578125
11 0.43505859375 0.33837890625 0.00830078125 0.0068359375
11 0.43505859375 0.27587890625 0.00830078125 0.0068359375
12 0.5947265625 0.525390625 0.0087890625 0.0068359375
11 0.5947265625 0.46533203125 0.00830078125 0.0068359375
8 0.5771484375 0.537109375 0.00634765625 0.017578125
11 0.5771484375 0.525390625 0.00830078125 0.0068359375
15 0.560546875 0.541015625 0.0078125 0.01171875
11 0.68359375 0.53125 0.0078125 0.00732421875
11 0.68359375 0.54296875 0.0078125 0.0068359375
11 0.68359375 0.45947265625 0.0078125 0.0068359375
11 0.68359375 0.4716796875 0.0078125 0.0068359375
11 0.62158203125 0.46240234375 0.00830078125 0.00732421875
13 0.53515625 0.51611328125 0.01123046875 0.00732421875
12 0.5341796875 0.46826171875 0.0087890625 0.0068359375
13 0.54443359375 0.51318359375 0.01123046875 0.0068359375
11 0.5048828125 0.46533203125 0.00830078125 0.0068359375
11 0.51220703125 0.46826171875 0.00830078125 0.0068359375
11 0.48779296875 0.46533203125 0.00830078125 0.0068359375
11 0.48779296875 0.46533203125 0.00830078125 0.0068359375
11 0.53369140625 0.525390625 0.0078125 0.0068359375
11 0.806640625 0.45947265625 0.00830078125 0.0068359375
11 0.78955078125 0.45947265625 0.00830078125 0.0068359375
11 0.77734375 0.45947265625 0.00830078125 0.0068359375
11 0.70654296875 0.45947265625 0.00830078125 0.0068359375
11 0.71875 0.45947265625 0.00830078125 0.0068359375
12 0.7548828125 0.53125 0.0087890625 0.00732421875
11 0.75439453125 0.45947265625 0.00830078125 0.0068359375
9 0.7421875 0.53125 0.0068359375 0.017578125
11 0.73583984375 0.54296875 0.00830078125 0.0068359375
11 0.73583984375 0.45947265625 0.00830078125 0.0068359375
11 0.32373046875 0.46533203125 0.00830078125 0.0068359375
12 0.30712890625 0.537109375 0.0087890625 0.0068359375
11 0.30712890625 0.46240234375 0.00830078125 0.00732421875
9 0.294921875 0.52490234375 0.0068359375 0.017578125
9 0.294921875 0.46826171875 0.0068359375 0.017578125
11 0.28857421875 0.537109375 0.00830078125 0.0068359375
11 0.38330078125 0.46826171875 0.00830078125 0.0068359375
11 0.38330078125 0.525390625 0.00830078125 0.0068359375
13 0.3935546875 0.51318359375 0.01123046875 0.0068359375
13 0.384765625 0.51611328125 0.01123046875 0.00732421875
11 0.38330078125 0.46826171875 0.00830078125 0.0068359375
11 0.28857421875 0.48046875 0.00830078125 0.0068359375
11 0.3583984375 0.4716796875 0.00830078125 0.0068359375
11 0.34130859375 0.46826171875 0.00830078125 0.0068359375
10 0.19384765625 0.46728515625 0.0166015625 0.0458984375
11 0.24462890625 0.486328125 0.00830078125 0.0068359375
1 0.193359375 0.5263671875 0.017578125 0.02099609375
11 0.24462890625 0.4716796875 0.00830078125 0.0068359375
0 0.17529296875 0.49853515625 0.005859375 0.0849609375
15 0.271484375 0.51123046875 0.0078125 0.01171875
15 0.271484375 0.45703125 0.0078125 0.01171875
13 0.24609375 0.525390625 0.01123046875 0.00732421875
11 0.24462890625 0.537109375 0.00830078125 0.0068359375
11 0.4345703125 0.525390625 0.0078125 0.0068359375
11 0.4345703125 0.4716796875 0.0078125 0.0068359375
11 0.4345703125 0.4716796875 0.0078125 0.0068359375
15 0.41748046875 0.541015625 0.0078125 0.01171875
11 0.46875 0.4716796875 0.00830078125 0.0068359375
12 0.4521484375 0.525390625 0.0087890625 0.0068359375
11 0.45166015625 0.46826171875 0.00830078125 0.0068359375
11 0.45166015625 0.46826171875 0.00830078125 0.0068359375
8 0.43408203125 0.537109375 0.00634765625 0.017578125
11 0.400390625 0.4716796875 0.0078125 0.0068359375
11 0.400390625 0.4716796875 0.0078125 0.0068359375
11 0.41748046875 0.46826171875 0.00830078125 0.0068359375
11 0.41748046875 0.46826171875 0.00830078125 0.0068359375
11 0.59619140625 0.73291015625 0.00830078125 0.0068359375
12 0.61474609375 0.73291015625 0.0087890625 0.0068359375
12 0.61474609375 0.67626953125 0.0087890625 0.0068359375
8 0.59619140625 0.744140625 0.00634765625 0.017578125
13 0.6728515625 0.73876953125 0.01123046875 0.0068359375
12 0.67138671875 0.7509765625 0.0087890625 0.0068359375
11 0.67138671875 0.67919921875 0.00830078125 0.0068359375
11 0.67138671875 0.68798828125 0.00830078125 0.00732421875
11 0.541015625 0.74169921875 0.00830078125 0.00732421875
11 0.541015625 0.75390625 0.00830078125 0.0068359375
11 0.541015625 0.6669921875 0.00830078125 0.0068359375
11 0.541015625 0.68212890625 0.00830078125 0.0068359375
11 0.515625 0.6669921875 0.00830078125 0.0068359375
11 0.578125 0.669921875 0.00830078125 0.0068359375
11 0.5654296875 0.669921875 0.00830078125 0.0068359375
11 0.59619140625 0.6728515625 0.00830078125 0.00732421875
11 0.80517578125 0.669921875 0.00830078125 0.0068359375
11 0.787109375 0.6728515625 0.00830078125 0.00732421875
11 0.7744140625 0.6728515625 0.00830078125 0.00732421875
11 0.7265625 0.67626953125 0.00830078125 0.0068359375
11 0.70849609375 0.67919921875 0.00830078125 0.0068359375
11 0.69580078125 0.67919921875 0.00830078125 0.0068359375
11 0.7666015625 0.7509765625 0.00830078125 0.0068359375
15 0.74853515625 0.7216796875 0.0078125 0.01171875
11 0.74853515625 0.6728515625 0.00830078125 0.00732421875
11 0.29736328125 0.72412109375 0.00830078125 0.0068359375
11 0.29736328125 0.6669921875 0.00830078125 0.0068359375
8 0.27880859375 0.73583984375 0.00634765625 0.01806640625
15 0.3251953125 0.66162109375 0.0078125 0.01171875
11 0.27880859375 0.72412109375 0.00830078125 0.0068359375
11 0.27880859375 0.669921875 0.00830078125 0.0068359375
9 0.349609375 0.66162109375 0.0068359375 0.017578125
11 0.3427734375 0.6728515625 0.00830078125 0.00732421875
11 0.3427734375 0.6728515625 0.00830078125 0.00732421875
11 0.3251953125 0.73291015625 0.0078125 0.0068359375
15 0.3251953125 0.685546875 0.0078125 0.01171875
10 0.19384765625 0.671875 0.0166015625 0.0458984375
11 0.21875 0.6728515625 0.00830078125 0.00732421875
1 0.193359375 0.73095703125 0.017578125 0.02099609375
11 0.21875 0.6640625 0.00830078125 0.0068359375
0 0.17529296875 0.703125 0.005859375 0.0849609375
11 0.255859375 0.6669921875 0.00830078125 0.0068359375
11 0.2431640625 0.6669921875 0.00830078125 0.0068359375
11 0.21875 0.73291015625 0.00830078125 0.0068359375
11 0.21875 0.74462890625 0.00830078125 0.0068359375
9 0.447265625 0.72998046875 0.0068359375 0.017578125
11 0.44091796875 0.74169921875 0.00830078125 0.00732421875
11 0.44091796875 0.6669921875 0.00830078125 0.0068359375
11 0.4228515625 0.6669921875 0.00830078125 0.0068359375
11 0.40966796875 0.6669921875 0.00830078125 0.0068359375
11 0.49755859375 0.6669921875 0.00830078125 0.0068359375
11 0.484375 0.6669921875 0.00830078125 0.0068359375
12 0.46044921875 0.72998046875 0.0087890625 0.0068359375
11 0.46044921875 0.6669921875 0.00830078125 0.0068359375
11 0.3857421875 0.72998046875 0.00830078125 0.0068359375
11 0.3857421875 0.74169921875 0.00830078125 0.00732421875
11 0.3857421875 0.6669921875 0.00830078125 0.0068359375
11 0.3857421875 0.67626953125 0.00830078125 0.0068359375
11 0.36474609375 0.669921875 0.00830078125 0.0068359375
11 0.65283203125 0.8779296875 0.00830078125 0.0068359375
11 0.669921875 0.85986328125 0.0078125 0.0068359375
11 0.63720703125 0.880859375 0.00830078125 0.0068359375
0 0.17529296875 0.90771484375 0.005859375 0.0849609375
11 0.68408203125 0.86572265625 0.00830078125 0.0068359375
11 0.7060546875 0.94921875 0.00830078125 0.0068359375
13 0.70751953125 0.9375 0.01123046875 0.00732421875
11 0.7060546875 0.86865234375 0.00830078125 0.00732421875
11 0.7060546875 0.8779296875 0.00830078125 0.0068359375
11 0.53125 0.9404296875 0.00830078125 0.0068359375
11 0.50732421875 0.9404296875 0.00830078125 0.0068359375
12 0.60400390625 0.8896484375 0.0087890625 0.00732421875
13 0.60498046875 0.9345703125 0.01123046875 0.0068359375
13 0.60498046875 0.9462890625 0.01123046875 0.0068359375
12 0.60400390625 0.87451171875 0.0087890625 0.0068359375
12 0.60400390625 0.880859375 0.0087890625 0.0068359375
11 0.80810546875 0.87158203125 0.00830078125 0.0068359375
11 0.791015625 0.8779296875 0.0078125 0.0068359375
11 0.77685546875 0.87158203125 0.00830078125 0.0068359375
15 0.72998046875 0.9560546875 0.0078125 0.01171875
11 0.72998046875 0.86865234375 0.00830078125 0.00732421875
11 0.4833984375 0.9404296875 0.00830078125 0.0068359375
12 0.76123046875 0.94921875 0.0087890625 0.0068359375
11 0.7607421875 0.86865234375 0.00830078125 0.00732421875
8 0.7451171875 0.95849609375 0.00634765625 0.017578125
11 0.74560546875 0.94921875 0.00830078125 0.0068359375
11 0.74560546875 0.87158203125 0.00830078125 0.0068359375
11 0.30419921875 0.95556640625 0.00830078125 0.0068359375
15 0.2890625 0.92626953125 0.0078125 0.01171875
11 0.2890625 0.87158203125 0.00830078125 0.0068359375
11 0.2734375 0.86865234375 0.00830078125 0.00732421875
11 0.345703125 0.9404296875 0.00830078125 0.0068359375
13 0.34716796875 0.9287109375 0.01123046875 0.00732421875
12 0.34619140625 0.86865234375 0.0087890625 0.0068359375
12 0.34619140625 0.87451171875 0.0087890625 0.0068359375
11 0.31591796875 0.86865234375 0.00830078125 0.00732421875
13 0.22314453125 0.943359375 0.01123046875 0.00732421875
12 0.22216796875 0.95556640625 0.0087890625 0.0068359375
11 0.2216796875 0.87158203125 0.00830078125 0.0068359375
11 0.2216796875 0.8837890625 0.00830078125 0.00732421875
1 0.193359375 0.935546875 0.017578125 0.02099609375
10 0.19384765625 0.8759765625 0.0166015625 0.0458984375
11 0.25390625 0.87158203125 0.0078125 0.0068359375
11 0.2421875 0.87158203125 0.00830078125 0.0068359375
13 0.46142578125 0.86865234375 0.01123046875 0.00732421875
8 0.4365234375 0.875 0.00634765625 0.017578125
11 0.43701171875 0.86279296875 0.00830078125 0.0068359375
13 0.46142578125 0.86279296875 0.01123046875 0.00732421875
12 0.40087890625 0.9404296875 0.0087890625 0.0068359375
11 0.4599609375 0.9404296875 0.00830078125 0.0068359375
13 0.46142578125 0.9287109375 0.01123046875 0.00732421875
11 0.40869140625 0.86572265625 0.00830078125 0.0068359375
15 0.369140625 0.9501953125 0.0078125 0.01171875
12 0.40087890625 0.86572265625 0.0087890625 0.0068359375
11 0.384765625 0.9404296875 0.00830078125 0.0068359375
8 0.38427734375 0.95068359375 0.00634765625 0.01806640625