11 0.62646484375 0.1962890625 0.00830078125 0.0068359375
11 0.67724609375 0.1962890625 0.00830078125 0.0068359375
15 0.6435546875 0.12353515625 0.0078125 0.01171875
11 0.6552734375 0.1962890625 0.00830078125 0.0068359375
11 0.666015625 0.193359375 0.0078125 0.0068359375
11 0.64404296875 0.25927734375 0.00830078125 0.0068359375
11 0.64404296875 0.193359375 0.00830078125 0.0068359375
11 0.56884765625 0.24755859375 0.00830078125 0.00732421875
11 0.56884765625 0.19970703125 0.00830078125 0.0068359375
11 0.5419921875 0.19970703125 0.00830078125 0.0068359375
11 0.56884765625 0.056640625 0.00830078125 0.00732421875
11 0.56884765625 0.10791015625 0.00830078125 0.00732421875
11 0.5859375 0.11083984375 0.00830078125 0.0068359375
12 0.60498046875 0.0419921875 0.0087890625 0.00732421875
11 0.6044921875 0.10498046875 0.00830078125 0.0068359375
11 0.6044921875 0.19970703125 0.00830078125 0.0068359375
11 0.6044921875 0.25341796875 0.00830078125 0.0068359375
11 0.80029296875 0.193359375 0.00830078125 0.0068359375
11 0.7890625 0.1962890625 0.00830078125 0.0068359375
11 0.8115234375 0.1962890625 0.00830078125 0.0068359375
11 0.77783203125 0.11376953125 0.00830078125 0.00732421875
11 0.77783203125 0.193359375 0.00830078125 0.0068359375
11 0.7109375 0.193359375 0.00830078125 0.0068359375
11 0.72216796875 0.1962890625 0.00830078125 0.0068359375
11 0.7333984375 0.0419921875 0.00830078125 0.00732421875
11 0.7333984375 0.11083984375 0.00830078125 0.0068359375
11 0.6884765625 0.10791015625 0.00830078125 0.00732421875
11 0.6884765625 0.193359375 0.00830078125 0.0068359375
11 0.7333984375 0.193359375 0.00830078125 0.0068359375
11 0.69970703125 0.1962890625 0.00830078125 0.0068359375
11 0.744140625 0.1962890625 0.00830078125 0.0068359375
11 0.75537109375 0.193359375 0.00830078125 0.0068359375
11 0.7666015625 0.1962890625 0.00830078125 0.0068359375
11 0.7333984375 0.25634765625 0.00830078125 0.0068359375
8 0.30859375 0.267578125 0.00634765625 0.017578125
11 0.326171875 0.0537109375 0.00830078125 0.0068359375
11 0.326171875 0.19970703125 0.00830078125 0.0068359375
11 0.326171875 0.25341796875 0.00830078125 0.0068359375
11 0.29052734375 0.056640625 0.00830078125 0.00732421875
11 0.29052734375 0.1875 0.00830078125 0.0068359375
11 0.30908203125 0.05078125 0.0078125 0.0068359375
11 0.30908203125 0.25634765625 0.0078125 0.0068359375
11 0.36083984375 0.25927734375 0.00830078125 0.0068359375
11 0.34326171875 0.05078125 0.00830078125 0.0068359375
11 0.36083984375 0.0478515625 0.00830078125 0.0068359375
11 0.36083984375 0.11083984375 0.00830078125 0.0068359375
11 0.36083984375 0.1904296875 0.00830078125 0.00732421875
1 0.193359375 0.25439453125 0.017578125 0.02099609375
0 0.17529296875 0.0927734375 0.005859375 0.0849609375
0 0.17529296875 0.2265625 0.005859375 0.0849609375
11 0.26806640625 0.0537109375 0.00830078125 0.0068359375
11 0.25146484375 0.19970703125 0.00830078125 0.0068359375
11 0.25146484375 0.05078125 0.00830078125 0.0068359375
12 0.25146484375 0.11083984375 0.0087890625 0.0068359375
11 0.25146484375 0.25341796875 0.00830078125 0.0068359375
11 0.4521484375 0.1962890625 0.00830078125 0.0068359375
11 0.4521484375 0.10205078125 0.00830078125 0.0068359375
11 0.5048828125 0.1962890625 0.00830078125 0.0068359375
12 0.4521484375 0.05078125 0.0087890625 0.0068359375
11 0.43017578125 0.193359375 0.00830078125 0.0068359375
21 0.48681640625 0.2548828125 0.00634765625 0.0185546875
11 0.48779296875 0.193359375 0.00830078125 0.0068359375
11 0.48779296875 0.11083984375 0.00830078125 0.0068359375
11 0.470703125 0.1904296875 0.00830078125 0.00732421875
12 0.4130859375 0.24755859375 0.0087890625 0.00732421875
11 0.52197265625 0.25634765625 0.00830078125 0.0068359375
11 0.41259765625 0.1904296875 0.00830078125 0.00732421875
11 0.41259765625 0.10791015625 0.00830078125 0.00732421875
11 0.41259765625 0.0478515625 0.00830078125 0.0068359375
11 0.52197265625 0.0537109375 0.00830078125 0.0068359375
11 0.3828125 0.11083984375 0.00830078125 0.0068359375
11 0.52197265625 0.10791015625 0.00830078125 0.00732421875
11 0.52197265625 0.19970703125 0.00830078125 0.0068359375
15 0.53515625 0.53759765625 0.0078125 0.01171875
11 0.63671875 0.45703125 0.00830078125 0.0068359375
12 0.650390625 0.4599609375 0.0087890625 0.0068359375
12 0.650390625 0.39404296875 0.0087890625 0.0068359375
11 0.6103515625 0.45068359375 0.00830078125 0.0068359375
11 0.69287109375 0.53369140625 0.00830078125 0.0068359375
11 0.62353515625 0.38818359375 0.00830078125 0.0068359375
11 0.62353515625 0.45361328125 0.00830078125 0.0068359375
21 0.64892578125 0.59521484375 0.00634765625 0.0185546875
11 0.666015625 0.52783203125 0.00830078125 0.0068359375
11 0.6796875 0.58447265625 0.00830078125 0.0068359375
11 0.6796875 0.53076171875 0.00830078125 0.00732421875
15 0.64990234375 0.53759765625 0.0078125 0.01171875
11 0.56201171875 0.52490234375 0.00830078125 0.0068359375
11 0.56201171875 0.57861328125 0.00830078125 0.0068359375
11 0.5751953125 0.52783203125 0.00830078125 0.0068359375
21 0.5341796875 0.59521484375 0.00634765625 0.0185546875
11 0.54833984375 0.521484375 0.00830078125 0.0068359375
21 0.59326171875 0.4013671875 0.0068359375 0.0185546875
15 0.59423828125 0.46337890625 0.0078125 0.01171875
12 0.5947265625 0.53076171875 0.0087890625 0.00732421875
12 0.5947265625 0.58447265625 0.0087890625 0.0068359375
11 0.796875 0.39111328125 0.00830078125 0.00732421875
11 0.796875 0.44775390625 0.00830078125 0.00732421875
11 0.796875 0.5908203125 0.00830078125 0.0068359375
11 0.810546875 0.39404296875 0.00830078125 0.0068359375
11 0.810546875 0.59375 0.00830078125 0.0068359375
11 0.783203125 0.58740234375 0.00830078125 0.0068359375
11 0.783203125 0.38818359375 0.00830078125 0.0068359375
15 0.71728515625 0.40380859375 0.0078125 0.01171875
19 0.71728515625 0.4609375 0.00830078125 0.00390625
11 0.71728515625 0.53662109375 0.00830078125 0.0068359375
12 0.7177734375 0.5908203125 0.0087890625 0.0068359375
12 0.7705078125 0.52783203125 0.0087890625 0.0068359375
11 0.7568359375 0.3818359375 0.00830078125 0.0068359375
11 0.7705078125 0.38525390625 0.00830078125 0.0068359375
21 0.76953125 0.46142578125 0.00634765625 0.0185546875
15 0.77001953125 0.59716796875 0.0078125 0.01171875
11 0.74365234375 0.37890625 0.00830078125 0.0068359375
11 0.73046875 0.3759765625 0.0078125 0.00732421875
11 0.74365234375 0.521484375 0.00830078125 0.0068359375
11 0.32275390625 0.53076171875 0.00830078125 0.00732421875
11 0.33642578125 0.53369140625 0.00830078125 0.0068359375
11 0.33642578125 0.58740234375 0.00830078125 0.0068359375
12 0.31005859375 0.39697265625 0.0087890625 0.00732421875
12 0.31005859375 0.462890625 0.0087890625 0.0068359375
15 0.3095703125 0.53759765625 0.0078125 0.01171875
21 0.30859375 0.59521484375 0.00634765625 0.0185546875
12 0.53564453125 0.45361328125 0.0087890625 0.0068359375
12 0.369140625 0.53955078125 0.0087890625 0.0068359375
11 0.349609375 0.53662109375 0.00830078125 0.0068359375
21 0.36767578125 0.4013671875 0.00634765625 0.0185546875
15 0.36865234375 0.46337890625 0.0078125 0.01171875
12 0.369140625 0.59375 0.0087890625 0.0068359375
1 0.193359375 0.5947265625 0.017578125 0.02099609375
0 0.17529296875 0.43310546875 0.005859375 0.0849609375
0 0.17529296875 0.56640625 0.005859375 0.0849609375
11 0.25146484375 0.3818359375 0.00830078125 0.0068359375
11 0.2646484375 0.45361328125 0.00830078125 0.0068359375
11 0.27783203125 0.39111328125 0.00830078125 0.00732421875
11 0.27783203125 0.45703125 0.00830078125 0.0068359375
11 0.29638671875 0.4599609375 0.00830078125 0.0068359375
11 0.25146484375 0.45361328125 0.00830078125 0.0068359375
12 0.25146484375 0.53955078125 0.0087890625 0.0068359375
12 0.25146484375 0.6083984375 0.0087890625 0.0068359375
11 0.46142578125 0.54248046875 0.00830078125 0.0068359375
11 0.4482421875 0.59375 0.00830078125 0.0068359375
21 0.48095703125 0.4013671875 0.00634765625 0.0185546875
15 0.48193359375 0.46337890625 0.0078125 0.01171875
12 0.482421875 0.5458984375 0.0087890625 0.0068359375
12 0.482421875 0.599609375 0.0087890625 0.0068359375
11 0.5087890625 0.3818359375 0.00830078125 0.0068359375
11 0.5087890625 0.44775390625 0.00830078125 0.00732421875
11 0.52197265625 0.45068359375 0.00830078125 0.0068359375
12 0.53564453125 0.38818359375 0.0087890625 0.0068359375
11 0.4951171875 0.44482421875 0.00830078125 0.0068359375
11 0.40869140625 0.4658203125 0.00830078125 0.0068359375
12 0.42236328125 0.40283203125 0.0087890625 0.0068359375
12 0.42236328125 0.46875 0.0087890625 0.00732421875
15 0.421875 0.53759765625 0.0078125 0.01171875
21 0.4208984375 0.59521484375 0.00634765625 0.0185546875
11 0.3818359375 0.4599609375 0.00830078125 0.0068359375
11 0.39501953125 0.39697265625 0.00830078125 0.00732421875
11 0.39501953125 0.462890625 0.00830078125 0.00732421875
11 0.4482421875 0.53955078125 0.00830078125 0.0068359375
11 0.43505859375 0.53662109375 0.00830078125 0.0068359375
11 0.63330078125 0.8798828125 0.00830078125 0.0068359375
11 0.64990234375 0.740234375 0.00830078125 0.0068359375
11 0.64990234375 0.8828125 0.00830078125 0.0068359375
11 0.63330078125 0.73681640625 0.00830078125 0.0068359375
11 0.61669921875 0.876953125 0.00830078125 0.0068359375
11 0.61669921875 0.73388671875 0.00830078125 0.0068359375
12 0.6748046875 0.93359375 0.0087890625 0.0068359375
11 0.67431640625 0.8798828125 0.00830078125 0.0068359375
11 0.67431640625 0.80615234375 0.00830078125 0.0068359375
11 0.67431640625 0.7431640625 0.00830078125 0.0068359375
11 0.55029296875 0.72216796875 0.00830078125 0.0068359375
11 0.60009765625 0.73095703125 0.00830078125 0.00732421875
12 0.6005859375 0.80615234375 0.0087890625 0.0068359375
15 0.60009765625 0.87744140625 0.0078125 0.01171875
11 0.58349609375 0.72802734375 0.00830078125 0.0068359375
11 0.56689453125 0.7998046875 0.00830078125 0.0068359375
11 0.56689453125 0.72509765625 0.00830078125 0.0068359375
11 0.78564453125 0.78515625 0.00830078125 0.0068359375
11 0.78564453125 0.86767578125 0.00830078125 0.0068359375
11 0.8076171875 0.7880859375 0.00830078125 0.00732421875
11 0.76953125 0.7822265625 0.00830078125 0.00732421875
22 0.59228515625 0.93212890625 0.00830078125 0.00390625
11 0.6923828125 0.72802734375 0.00830078125 0.0068359375
11 0.708984375 0.73095703125 0.00830078125 0.00732421875
11 0.708984375 0.791015625 0.00830078125 0.0068359375
11 0.708984375 0.876953125 0.00830078125 0.0068359375
12 0.75048828125 0.9423828125 0.0087890625 0.0068359375
12 0.75048828125 0.73095703125 0.0087890625 0.00732421875
11 0.75 0.7939453125 0.00830078125 0.0068359375
11 0.75 0.8740234375 0.00830078125 0.0068359375
11 0.728515625 0.73095703125 0.00830078125 0.00732421875
11 0.33349609375 0.791015625 0.00830078125 0.0068359375
11 0.33349609375 0.93359375 0.00830078125 0.0068359375
11 0.30078125 0.8798828125 0.00830078125 0.0068359375
12 0.3173828125 0.740234375 0.0087890625 0.0068359375
11 0.31689453125 0.7939453125 0.00830078125 0.0068359375
12 0.3173828125 0.8828125 0.0087890625 0.0068359375
15 0.31689453125 0.9375 0.0078125 0.01171875
11 0.36669921875 0.796875 0.00830078125 0.0068359375
11 0.36669921875 0.939453125 0.00830078125 0.0068359375
11 0.39013671875 0.740234375 0.00830078125 0.0068359375
11 0.39013671875 0.7998046875 0.00830078125 0.0068359375
11 0.35009765625 0.7939453125 0.00830078125 0.0068359375
11 0.35009765625 0.9365234375 0.00830078125 0.00732421875
1 0.193359375 0.9345703125 0.017578125 0.02099609375
0 0.17529296875 0.77294921875 0.005859375 0.0849609375
0 0.17529296875 0.90673828125 0.005859375 0.0849609375
11 0.267578125 0.8740234375 0.00830078125 0.0068359375
11 0.2841796875 0.73388671875 0.00830078125 0.0068359375
11 0.2841796875 0.876953125 0.00830078125 0.0068359375
11 0.25146484375 0.73681640625 0.00830078125 0.0068359375
12 0.25146484375 0.7939453125 0.0087890625 0.0068359375
15 0.2509765625 0.87744140625 0.0078125 0.01171875
12 0.25146484375 0.93701171875 0.0087890625 0.0068359375
11 0.47509765625 0.7880859375 0.00830078125 0.00732421875
11 0.47509765625 0.87060546875 0.00830078125 0.0068359375
15 0.4580078125 0.87744140625 0.0078125 0.01171875
11 0.44140625 0.791015625 0.00830078125 0.0068359375
12 0.4580078125 0.73095703125 0.0087890625 0.00732421875
11 0.4580078125 0.7939453125 0.00830078125 0.0068359375
19 0.4580078125 0.93505859375 0.00830078125 0.00390625
11 0.5087890625 0.876953125 0.00830078125 0.0068359375
11 0.5087890625 0.7822265625 0.00830078125 0.00732421875
11 0.5322265625 0.73095703125 0.00830078125 0.00732421875
11 0.5322265625 0.78515625 0.00830078125 0.0068359375
12 0.53271484375 0.8798828125 0.0087890625 0.0068359375
11 0.49169921875 0.791015625 0.00830078125 0.0068359375
11 0.49169921875 0.8740234375 0.00830078125 0.0068359375
12 0.390625 0.9423828125 0.0087890625 0.0068359375
12 0.390625 0.8828125 0.0087890625 0.0068359375
11 0.4248046875 0.7880859375 0.00830078125 0.00732421875
11 0.4248046875 0.72509765625 0.00830078125 0.0068359375
11 0.408203125 0.78515625 0.00830078125 0.0068359375