12 0.64208984375 0.5791015625 0.0087890625 0.0068359375
15 0.6416015625 0.4033203125 0.0078125 0.01171875
11 0.6416015625 0.24365234375 0.00830078125 0.00732421875
11 0.6416015625 0.05859375 0.00830078125 0.0068359375
11 0.5390625 0.58154296875 0.00830078125 0.0068359375
11 0.5390625 0.408203125 0.00830078125 0.0068359375
11 0.5390625 0.23779296875 0.00830078125 0.0068359375
11 0.5390625 0.052734375 0.00830078125 0.0068359375
11 0.509765625 0.3994140625 0.00830078125 0.0068359375
11 0.47705078125 0.408203125 0.00830078125 0.0068359375
8 0.53857421875 0.42041015625 0.00634765625 0.01806640625
11 0.56982421875 0.40234375 0.00830078125 0.00732421875
8 0.791015625 0.2412109375 0.00634765625 0.017578125
8 0.791015625 0.064453125 0.00634765625 0.01806640625
11 0.79150390625 0.22900390625 0.00830078125 0.00732421875
11 0.79150390625 0.04345703125 0.00830078125 0.0068359375
11 0.70458984375 0.4052734375 0.00830078125 0.0068359375
11 0.67236328125 0.41162109375 0.0078125 0.0068359375
11 0.7646484375 0.4052734375 0.0078125 0.0068359375
8 0.7333984375 0.42578125 0.00634765625 0.01806640625
11 0.73388671875 0.41455078125 0.0078125 0.0068359375
11 0.73388671875 0.24072265625 0.0078125 0.0068359375
11 0.73388671875 0.0556640625 0.0078125 0.00732421875
11 0.275390625 0.58154296875 0.00830078125 0.0068359375
11 0.3369140625 0.41455078125 0.00830078125 0.0068359375
11 0.3369140625 0.255859375 0.00830078125 0.0068359375
21 0.33544921875 0.07177734375 0.00634765625 0.01806640625
11 0.30615234375 0.5791015625 0.00830078125 0.0068359375
15 0.3056640625 0.07421875 0.0078125 0.01171875
10 0.19384765625 0.072265625 0.0166015625 0.0458984375
15 0.24462890625 0.58544921875 0.0078125 0.01171875
11 0.24462890625 0.41162109375 0.00830078125 0.0068359375
11 0.24462890625 0.255859375 0.00830078125 0.0068359375
21 0.24365234375 0.07177734375 0.00634765625 0.01806640625
11 0.3369140625 0.57568359375 0.00830078125 0.0068359375
1 0.193359375 0.5830078125 0.017578125 0.02099609375
10 0.19384765625 0.4130859375 0.0166015625 0.0458984375
10 0.19384765625 0.24267578125 0.0166015625 0.0458984375
11 0.44677734375 0.59375 0.00830078125 0.0068359375
15 0.44677734375 0.4033203125 0.0078125 0.01171875
11 0.44677734375 0.23486328125 0.00830078125 0.0068359375
11 0.44677734375 0.0498046875 0.00830078125 0.0068359375
11 0.3984375 0.23486328125 0.00830078125 0.0068359375
11 0.3984375 0.064453125 0.00830078125 0.0068359375
11 0.36767578125 0.5791015625 0.00830078125 0.0068359375
8 0.39794921875 0.2470703125 0.00634765625 0.01806640625
8 0.39794921875 0.07666015625 0.00634765625 0.017578125
11 0.3984375 0.58154296875 0.00830078125 0.0068359375