11 0.609375 0.0361328125 0.00830078125 0.0068359375
11 0.6220703125 0.1884765625 0.00830078125 0.0068359375
15 0.62109375 0.1259765625 0.00634765625 0.01123046875
15 0.62109375 0.06005859375 0.00634765625 0.01123046875
11 0.609375 0.12548828125 0.00830078125 0.0068359375
11 0.64697265625 0.2001953125 0.00830078125 0.0068359375
8 0.6220703125 0.20068359375 0.00732421875 0.01708984375
21 0.5625 0.1904296875 0.0068359375 0.017578125
11 0.56396484375 0.12255859375 0.00830078125 0.0068359375
15 0.525390625 0.1259765625 0.00634765625 0.01123046875
11 0.5263671875 0.1943359375 0.00830078125 0.0068359375
9 0.5322265625 0.1826171875 0.005859375 0.0185546875
11 0.56396484375 0.0478515625 0.00830078125 0.0068359375
11 0.5771484375 0.044921875 0.0078125 0.0068359375
11 0.58984375 0.0419921875 0.00830078125 0.0068359375
11 0.5986328125 0.11376953125 0.005859375 0.00537109375
5 0.60302734375 0.10546875 0.00439453125 0.01513671875
11 0.81201171875 0.0625 0.00830078125 0.0068359375
15 0.7978515625 0.1259765625 0.00634765625 0.01123046875
11 0.798828125 0.0654296875 0.00830078125 0.0068359375
22 0.65673828125 0.0556640625 0.00927734375 0.00439453125
22 0.4970703125 0.0556640625 0.00927734375 0.00439453125
22 0.65673828125 0.12158203125 0.00927734375 0.00439453125
4 0.72509765625 0.1220703125 0.00732421875 0.01806640625
11 0.72509765625 0.11083984375 0.00830078125 0.0068359375
14 0.724609375 0.0634765625 0.00830078125 0.017578125
15 0.6748046875 0.19189453125 0.00634765625 0.01123046875
4 0.7587890625 0.125 0.0068359375 0.0185546875
11 0.77734375 0.0625 0.0078125 0.0068359375
14 0.7763671875 0.12890625 0.00830078125 0.017578125
11 0.7587890625 0.11328125 0.00830078125 0.0068359375
14 0.75830078125 0.0634765625 0.00830078125 0.017578125
4 0.740234375 0.0703125 0.00732421875 0.0185546875
14 0.73974609375 0.12890625 0.00830078125 0.017578125
11 0.740234375 0.0595703125 0.00830078125 0.0068359375
11 0.341796875 0.0419921875 0.0078125 0.0068359375
15 0.3408203125 0.1259765625 0.00634765625 0.01123046875
15 0.3408203125 0.19189453125 0.00634765625 0.01123046875
8 0.34130859375 0.05419921875 0.00732421875 0.01708984375
11 0.37060546875 0.044921875 0.00830078125 0.0068359375
15 0.3701171875 0.1259765625 0.00634765625 0.01123046875
11 0.37060546875 0.16162109375 0.00830078125 0.0068359375
8 0.37060546875 0.05712890625 0.00732421875 0.01708984375
1 0.19287109375 0.1884765625 0.0166015625 0.01904296875
1 0.19287109375 0.12255859375 0.0166015625 0.01904296875
11 0.25732421875 0.0537109375 0.00830078125 0.0068359375
11 0.25732421875 0.14013671875 0.00830078125 0.0068359375
11 0.25732421875 0.13427734375 0.00830078125 0.0068359375
11 0.25732421875 0.2060546875 0.00830078125 0.0068359375
0 0.1748046875 0.12548828125 0.0087890625 0.1572265625
22 0.76513671875 0.18701171875 0.009765625 0.00439453125
1 0.19287109375 0.056640625 0.0166015625 0.01904296875
8 0.2861328125 0.06298828125 0.00732421875 0.01708984375
11 0.31201171875 0.0478515625 0.00830078125 0.0068359375
11 0.31201171875 0.14013671875 0.00830078125 0.0068359375
11 0.31201171875 0.11962890625 0.00830078125 0.0068359375
11 0.31201171875 0.2060546875 0.00830078125 0.0068359375
15 0.28515625 0.19189453125 0.00634765625 0.01123046875
15 0.28515625 0.1259765625 0.00634765625 0.01123046875
11 0.2861328125 0.05078125 0.00830078125 0.0068359375
11 0.466796875 0.11669921875 0.00830078125 0.0068359375
21 0.46533203125 0.1904296875 0.0068359375 0.017578125
14 0.4326171875 0.12890625 0.0078125 0.017578125
11 0.50048828125 0.11083984375 0.00830078125 0.0068359375
11 0.48095703125 0.10791015625 0.00830078125 0.0068359375
11 0.51318359375 0.10791015625 0.00830078125 0.0068359375
11 0.43310546875 0.1884765625 0.00830078125 0.0068359375
11 0.40087890625 0.11669921875 0.00830078125 0.0068359375
11 0.40087890625 0.1826171875 0.00830078125 0.0068359375
15 0.38720703125 0.06005859375 0.00634765625 0.01123046875
11 0.38818359375 0.11328125 0.0078125 0.0068359375
11 0.38818359375 0.1796875 0.0078125 0.0068359375
11 0.4140625 0.11962890625 0.00830078125 0.0068359375
11 0.4140625 0.18505859375 0.00830078125 0.0068359375
15 0.4130859375 0.06005859375 0.00634765625 0.01123046875
11 0.62109375 0.5478515625 0.0078125 0.0068359375
11 0.6767578125 0.494140625 0.0078125 0.0068359375
11 0.6650390625 0.48779296875 0.00830078125 0.0068359375
9 0.65283203125 0.41064453125 0.005859375 0.01806640625
15 0.64599609375 0.54541015625 0.00634765625 0.01123046875
11 0.64697265625 0.4853515625 0.00830078125 0.0068359375
11 0.64697265625 0.42236328125 0.00830078125 0.0068359375
9 0.580078125 0.41064453125 0.005859375 0.01806640625
15 0.57275390625 0.54541015625 0.00634765625 0.01123046875
15 0.57275390625 0.47998046875 0.00634765625 0.01123046875
11 0.57373046875 0.42236328125 0.0078125 0.0068359375
11 0.60595703125 0.55712890625 0.00830078125 0.0068359375
11 0.60595703125 0.47021484375 0.00830078125 0.0068359375
11 0.60595703125 0.47607421875 0.00830078125 0.0068359375
11 0.60595703125 0.42529296875 0.00830078125 0.0068359375
8 0.8046875 0.42236328125 0.00732421875 0.01708984375
15 0.8037109375 0.54541015625 0.00634765625 0.01123046875
15 0.8037109375 0.47998046875 0.00634765625 0.01123046875
11 0.8046875 0.41015625 0.00830078125 0.0068359375
22 0.34033203125 0.541015625 0.00927734375 0.00439453125
22 0.4208984375 0.541015625 0.00927734375 0.00439453125
11 0.71484375 0.5595703125 0.00830078125 0.0068359375
11 0.71484375 0.48193359375 0.00830078125 0.0068359375
11 0.71484375 0.48779296875 0.00830078125 0.0068359375
11 0.71484375 0.42236328125 0.00830078125 0.0068359375
11 0.7744140625 0.5595703125 0.00830078125 0.0068359375
11 0.7744140625 0.47314453125 0.00830078125 0.0068359375
11 0.7744140625 0.416015625 0.00830078125 0.0068359375
9 0.75146484375 0.40771484375 0.005859375 0.0185546875
15 0.74462890625 0.54541015625 0.00634765625 0.01123046875
15 0.74462890625 0.47998046875 0.00634765625 0.01123046875
11 0.74560546875 0.41943359375 0.00830078125 0.0068359375
11 0.34423828125 0.4462890625 0.00830078125 0.0068359375
14 0.34375 0.4169921875 0.00830078125 0.017578125
11 0.3310546875 0.41357421875 0.00830078125 0.0068359375
11 0.37109375 0.45263671875 0.0078125 0.0068359375
11 0.39208984375 0.45556640625 0.00830078125 0.0068359375
21 0.39111328125 0.41259765625 0.0068359375 0.017578125
11 0.357421875 0.44970703125 0.00830078125 0.0068359375
15 0.3564453125 0.4140625 0.00634765625 0.01123046875
1 0.19287109375 0.5419921875 0.0166015625 0.0185546875
1 0.19287109375 0.47607421875 0.0166015625 0.0185546875
10 0.19287109375 0.41259765625 0.015625 0.0439453125
22 0.2587890625 0.47509765625 0.009765625 0.00439453125
22 0.2587890625 0.4091796875 0.009765625 0.00439453125
0 0.1748046875 0.47900390625 0.0087890625 0.1572265625
15 0.31103515625 0.47998046875 0.00634765625 0.01123046875
11 0.31201171875 0.41357421875 0.00830078125 0.0068359375
11 0.2568359375 0.5302734375 0.00830078125 0.0068359375
9 0.2470703125 0.525390625 0.00439453125 0.01318359375
11 0.24267578125 0.533203125 0.005859375 0.00537109375
11 0.484375 0.46435546875 0.00830078125 0.0068359375
11 0.484375 0.47314453125 0.00830078125 0.0068359375
11 0.484375 0.47900390625 0.00830078125 0.0068359375
21 0.48291015625 0.41259765625 0.0068359375 0.017578125
11 0.54296875 0.55078125 0.00830078125 0.0068359375
11 0.54296875 0.47314453125 0.00830078125 0.0068359375
11 0.54296875 0.4853515625 0.00830078125 0.0068359375
11 0.54296875 0.42822265625 0.00830078125 0.0068359375
11 0.484375 0.55078125 0.00830078125 0.0068359375
9 0.52001953125 0.41943359375 0.005859375 0.0185546875
15 0.51318359375 0.54541015625 0.00634765625 0.01123046875
15 0.51318359375 0.47998046875 0.00634765625 0.01123046875
11 0.51416015625 0.43115234375 0.00830078125 0.0068359375
14 0.43212890625 0.48291015625 0.00830078125 0.017578125
11 0.40576171875 0.45849609375 0.00830078125 0.0068359375
11 0.4189453125 0.46142578125 0.0078125 0.0068359375
9 0.451171875 0.41943359375 0.005859375 0.0185546875
15 0.4443359375 0.47998046875 0.0068359375 0.01123046875
11 0.4453125 0.43115234375 0.0078125 0.0068359375
9 0.6015625 0.82421875 0.005859375 0.01806640625
15 0.52392578125 0.8994140625 0.00634765625 0.01123046875
15 0.52392578125 0.83349609375 0.00634765625 0.01123046875
9 0.53076171875 0.77001953125 0.005859375 0.0185546875
15 0.5947265625 0.8994140625 0.00634765625 0.01123046875
11 0.595703125 0.8359375 0.00830078125 0.0068359375
15 0.5947265625 0.767578125 0.00634765625 0.01171875
11 0.52490234375 0.78173828125 0.00830078125 0.0068359375
11 0.62255859375 0.91357421875 0.00830078125 0.0068359375
11 0.62255859375 0.77587890625 0.00830078125 0.0068359375
11 0.55126953125 0.78759765625 0.00830078125 0.0068359375
11 0.55126953125 0.8388671875 0.00830078125 0.0068359375
15 0.55029296875 0.8994140625 0.00634765625 0.01123046875
9 0.58251953125 0.89306640625 0.005859375 0.0185546875
11 0.57666015625 0.90478515625 0.0078125 0.0068359375
15 0.57568359375 0.83349609375 0.00634765625 0.01123046875
11 0.5634765625 0.84765625 0.00830078125 0.0068359375
11 0.7841796875 0.892578125 0.00830078125 0.0068359375
8 0.765625 0.89013671875 0.00732421875 0.01708984375
11 0.76611328125 0.8720703125 0.00830078125 0.0068359375
11 0.76611328125 0.75244140625 0.00830078125 0.0068359375
22 0.45751953125 0.82861328125 0.00927734375 0.00439453125
22 0.6357421875 0.82861328125 0.00927734375 0.00439453125
11 0.70751953125 0.90478515625 0.00830078125 0.0068359375
11 0.70751953125 0.853515625 0.00830078125 0.0068359375
11 0.70751953125 0.75830078125 0.00830078125 0.0068359375
11 0.70751953125 0.77880859375 0.00830078125 0.0068359375
15 0.650390625 0.8994140625 0.00634765625 0.01123046875
15 0.650390625 0.767578125 0.00634765625 0.01171875
8 0.7392578125 0.78515625 0.00732421875 0.01708984375
11 0.7392578125 0.75537109375 0.0078125 0.0068359375
11 0.7392578125 0.77587890625 0.0078125 0.0068359375
11 0.306640625 0.8955078125 0.00830078125 0.0068359375
11 0.306640625 0.80908203125 0.00830078125 0.0068359375
11 0.306640625 0.77294921875 0.00830078125 0.0068359375
11 0.34033203125 0.92236328125 0.00830078125 0.0068359375
11 0.3818359375 0.8779296875 0.00830078125 0.0068359375
11 0.3818359375 0.81201171875 0.00830078125 0.0068359375
11 0.3818359375 0.76123046875 0.00830078125 0.0068359375
15 0.33935546875 0.83349609375 0.00634765625 0.01123046875
15 0.33935546875 0.767578125 0.00634765625 0.01171875
11 0.3232421875 0.9013671875 0.00830078125 0.0068359375
1 0.19287109375 0.8955078125 0.0166015625 0.01904296875
1 0.19287109375 0.82958984375 0.0166015625 0.01904296875
11 0.24658203125 0.76708984375 0.0078125 0.0068359375
10 0.19287109375 0.76611328125 0.015625 0.0439453125
22 0.7822265625 0.82861328125 0.00927734375 0.00439453125
0 0.1748046875 0.8330078125 0.0087890625 0.1572265625
9 0.28173828125 0.75830078125 0.005859375 0.01806640625
15 0.2744140625 0.8994140625 0.00634765625 0.01123046875
15 0.2744140625 0.83349609375 0.00634765625 0.01123046875
11 0.275390625 0.77001953125 0.00830078125 0.0068359375
11 0.24658203125 0.91064453125 0.0078125 0.0068359375
11 0.24658203125 0.82373046875 0.0078125 0.0068359375
11 0.24658203125 0.8447265625 0.0078125 0.0068359375
9 0.47509765625 0.90478515625 0.005859375 0.0185546875
11 0.46875 0.91650390625 0.0078125 0.0068359375
11 0.49658203125 0.90771484375 0.00830078125 0.0068359375
11 0.49658203125 0.81494140625 0.00830078125 0.0068359375
21 0.4951171875 0.76611328125 0.0068359375 0.017578125
11 0.44140625 0.77880859375 0.00830078125 0.0068359375
11 0.44140625 0.91064453125 0.00830078125 0.0068359375
11 0.41650390625 0.892578125 0.00830078125 0.0068359375
11 0.41650390625 0.90478515625 0.00830078125 0.0068359375
11 0.3984375 0.89892578125 0.0078125 0.0068359375