11 0.66748046875 0.10888671875 0.00830078125 0.00732421875
11 0.564453125 0.115234375 0.00830078125 0.00732421875
11 0.6162109375 0.1123046875 0.00830078125 0.0068359375
12 0.73681640625 0.1123046875 0.0087890625 0.0068359375
11 0.396484375 0.10888671875 0.00830078125 0.00732421875
11 0.34521484375 0.1123046875 0.00830078125 0.0068359375
11 0.29345703125 0.115234375 0.00830078125 0.00732421875
10 0.2431640625 0.12841796875 0.0166015625 0.0458984375
12 0.46630859375 0.1123046875 0.0087890625 0.0068359375
11 0.60498046875 0.19873046875 0.00830078125 0.0068359375
11 0.55029296875 0.19873046875 0.00830078125 0.0068359375
11 0.65966796875 0.20166015625 0.00830078125 0.00732421875
11 0.63232421875 0.20166015625 0.00830078125 0.00732421875
11 0.57763671875 0.19580078125 0.00830078125 0.0068359375
11 0.6875 0.20458984375 0.00830078125 0.0068359375
12 0.7333984375 0.20458984375 0.0087890625 0.0068359375
11 0.25732421875 0.1865234375 0.00830078125 0.0068359375
11 0.28466796875 0.189453125 0.00830078125 0.0068359375
11 0.31201171875 0.1923828125 0.00830078125 0.0068359375
10 0.19287109375 0.2001953125 0.0166015625 0.0458984375
11 0.22998046875 0.18359375 0.00830078125 0.0068359375
11 0.44482421875 0.19580078125 0.00830078125 0.0068359375
11 0.33935546875 0.19580078125 0.00830078125 0.0068359375
11 0.4921875 0.1923828125 0.00830078125 0.0068359375
11 0.3974609375 0.19873046875 0.00830078125 0.0068359375
11 0.68017578125 0.25537109375 0.00830078125 0.0068359375
12 0.72998046875 0.25537109375 0.0087890625 0.0068359375
11 0.6484375 0.25244140625 0.00830078125 0.00732421875
11 0.59326171875 0.25537109375 0.00830078125 0.0068359375
11 0.390625 0.25537109375 0.00830078125 0.0068359375
11 0.32275390625 0.25537109375 0.00830078125 0.0068359375
12 0.24169921875 0.26123046875 0.0087890625 0.0068359375
10 0.19287109375 0.271484375 0.0166015625 0.0458984375
12 0.44580078125 0.25537109375 0.0087890625 0.0068359375
12 0.4384765625 0.25537109375 0.0087890625 0.0068359375
11 0.5380859375 0.25830078125 0.00830078125 0.0068359375
11 0.63330078125 0.3330078125 0.00830078125 0.0068359375
11 0.6611328125 0.3330078125 0.00830078125 0.0068359375
11 0.6884765625 0.3359375 0.00830078125 0.0068359375
11 0.57861328125 0.32666015625 0.00830078125 0.0068359375
11 0.60595703125 0.32958984375 0.00830078125 0.0068359375
12 0.7333984375 0.3330078125 0.0087890625 0.0068359375
11 0.27734375 0.32666015625 0.00830078125 0.0068359375
11 0.32421875 0.32373046875 0.00830078125 0.00732421875
11 0.3828125 0.32373046875 0.00830078125 0.00732421875
10 0.19287109375 0.34326171875 0.0166015625 0.0458984375
11 0.22998046875 0.32958984375 0.00830078125 0.0068359375
11 0.4853515625 0.32666015625 0.00830078125 0.0068359375
11 0.43798828125 0.32666015625 0.00830078125 0.0068359375
11 0.5126953125 0.32958984375 0.00830078125 0.0068359375
11 0.55126953125 0.32958984375 0.00830078125 0.0068359375
11 0.41064453125 0.32666015625 0.00830078125 0.0068359375
11 0.716796875 0.4130859375 0.00830078125 0.0068359375
11 0.6904296875 0.41015625 0.00830078125 0.00732421875
11 0.60888671875 0.41015625 0.00830078125 0.00732421875
11 0.56396484375 0.4130859375 0.00830078125 0.0068359375
11 0.6640625 0.4072265625 0.00830078125 0.0068359375
11 0.7431640625 0.416015625 0.00830078125 0.0068359375
11 0.7685546875 0.41943359375 0.00830078125 0.0068359375
11 0.794921875 0.42236328125 0.00830078125 0.0068359375
12 0.28662109375 0.404296875 0.0087890625 0.0068359375
11 0.36083984375 0.404296875 0.00830078125 0.0068359375
10 0.19287109375 0.4150390625 0.0166015625 0.0458984375
11 0.2412109375 0.4072265625 0.00830078125 0.0068359375
11 0.45654296875 0.4072265625 0.00830078125 0.0068359375
11 0.482421875 0.41015625 0.00830078125 0.00732421875
11 0.51953125 0.41015625 0.00830078125 0.00732421875
11 0.38671875 0.4013671875 0.00830078125 0.0068359375
11 0.41162109375 0.4072265625 0.00830078125 0.0068359375
12 0.7255859375 0.4970703125 0.0087890625 0.0068359375
11 0.64697265625 0.494140625 0.00830078125 0.0068359375
11 0.6767578125 0.4970703125 0.00830078125 0.0068359375
11 0.595703125 0.494140625 0.00830078125 0.0068359375
12 0.22998046875 0.494140625 0.0087890625 0.0068359375
11 0.30419921875 0.494140625 0.00830078125 0.0068359375
11 0.36767578125 0.494140625 0.00830078125 0.0068359375
11 0.5439453125 0.49072265625 0.00830078125 0.0068359375
10 0.19287109375 0.49267578125 0.0166015625 0.0458984375
11 0.44873046875 0.4970703125 0.00830078125 0.0068359375
11 0.478515625 0.5 0.00830078125 0.00732421875
11 0.4189453125 0.494140625 0.00830078125 0.0068359375