11 0.64013671875 0.12939453125 0.00830078125 0.00732421875
11 0.64013671875 0.05029296875 0.00830078125 0.00732421875
11 0.64013671875 0.26318359375 0.00830078125 0.0068359375
11 0.64013671875 0.1875 0.00830078125 0.0068359375
11 0.62109375 0.25439453125 0.00830078125 0.0068359375
11 0.62109375 0.18115234375 0.00830078125 0.0068359375
11 0.62109375 0.12939453125 0.00830078125 0.00732421875
11 0.62109375 0.05615234375 0.00830078125 0.0068359375
11 0.63037109375 0.05322265625 0.00830078125 0.0068359375
11 0.63037109375 0.26025390625 0.00830078125 0.0068359375
11 0.63037109375 0.1875 0.00830078125 0.0068359375
11 0.63037109375 0.13232421875 0.00830078125 0.0068359375
11 0.6748046875 0.25439453125 0.00830078125 0.0068359375
11 0.6748046875 0.18115234375 0.00830078125 0.0068359375
9 0.681640625 0.2421875 0.0068359375 0.017578125
8 0.6748046875 0.193359375 0.00634765625 0.017578125
11 0.65234375 0.12939453125 0.00830078125 0.00732421875
11 0.65234375 0.2568359375 0.00830078125 0.0068359375
11 0.65234375 0.17822265625 0.00830078125 0.0068359375
11 0.65234375 0.05322265625 0.00830078125 0.0068359375
11 0.6748046875 0.12939453125 0.00830078125 0.00732421875
11 0.6748046875 0.05615234375 0.00830078125 0.0068359375
11 0.556640625 0.26025390625 0.00830078125 0.0068359375
11 0.556640625 0.1875 0.00830078125 0.0068359375
11 0.556640625 0.13232421875 0.00830078125 0.0068359375
11 0.556640625 0.05322265625 0.00830078125 0.0068359375
11 0.5771484375 0.26318359375 0.00830078125 0.0068359375
11 0.5771484375 0.1875 0.00830078125 0.0068359375
11 0.5771484375 0.12939453125 0.00830078125 0.00732421875
11 0.5771484375 0.05029296875 0.00830078125 0.00732421875
11 0.54052734375 0.25439453125 0.00830078125 0.0068359375
11 0.54052734375 0.18115234375 0.00830078125 0.0068359375
11 0.54052734375 0.12939453125 0.00830078125 0.00732421875
11 0.54052734375 0.05615234375 0.00830078125 0.0068359375
11 0.60986328125 0.18115234375 0.00830078125 0.0068359375
11 0.60986328125 0.12939453125 0.00830078125 0.00732421875
11 0.60986328125 0.05615234375 0.00830078125 0.0068359375
11 0.60986328125 0.25439453125 0.00830078125 0.0068359375
11 0.59326171875 0.2568359375 0.00830078125 0.0068359375
11 0.59326171875 0.17822265625 0.00830078125 0.0068359375
11 0.59326171875 0.12939453125 0.00830078125 0.00732421875
11 0.59326171875 0.05322265625 0.00830078125 0.0068359375
11 0.81201171875 0.27197265625 0.00830078125 0.00732421875
8 0.80029296875 0.12939453125 0.00634765625 0.017578125
11 0.791015625 0.05029296875 0.00830078125 0.00732421875
11 0.791015625 0.1962890625 0.00830078125 0.0068359375
11 0.791015625 0.1201171875 0.00830078125 0.0068359375
8 0.80029296875 0.05908203125 0.00634765625 0.01806640625
11 0.80078125 0.27197265625 0.00830078125 0.00732421875
11 0.80078125 0.1962890625 0.00830078125 0.0068359375
11 0.80078125 0.1171875 0.00830078125 0.0068359375
11 0.80078125 0.04736328125 0.00830078125 0.0068359375
11 0.72021484375 0.17236328125 0.00830078125 0.00732421875
11 0.72021484375 0.12353515625 0.00830078125 0.0068359375
11 0.72021484375 0.05322265625 0.00830078125 0.0068359375
11 0.7294921875 0.26025390625 0.00830078125 0.0068359375
8 0.72900390625 0.13232421875 0.00634765625 0.01806640625
8 0.72900390625 0.0625 0.00634765625 0.017578125
11 0.7294921875 0.18115234375 0.00830078125 0.0068359375
11 0.7294921875 0.1201171875 0.00830078125 0.0068359375
11 0.7294921875 0.05029296875 0.00830078125 0.00732421875
11 0.70166015625 0.1201171875 0.00830078125 0.0068359375
11 0.70166015625 0.05029296875 0.00830078125 0.00732421875
11 0.685546875 0.12353515625 0.00830078125 0.0068359375
11 0.685546875 0.05322265625 0.00830078125 0.0068359375
15 0.70166015625 0.251953125 0.0078125 0.01171875
14 0.7021484375 0.17919921875 0.0087890625 0.017578125
11 0.76513671875 0.1201171875 0.00830078125 0.0068359375
11 0.76513671875 0.05029296875 0.00830078125 0.00732421875
8 0.75537109375 0.26220703125 0.00634765625 0.017578125
15 0.78125 0.251953125 0.0078125 0.01171875
11 0.78173828125 0.1171875 0.00830078125 0.0068359375
11 0.78173828125 0.04736328125 0.00830078125 0.0068359375
11 0.74560546875 0.26025390625 0.00830078125 0.0068359375
11 0.74560546875 0.1875 0.00830078125 0.0068359375
11 0.755859375 0.2509765625 0.00830078125 0.00732421875
11 0.755859375 0.193359375 0.00830078125 0.00732421875
11 0.755859375 0.12353515625 0.00830078125 0.0068359375
11 0.755859375 0.05322265625 0.00830078125 0.0068359375
11 0.31494140625 0.26904296875 0.00830078125 0.0068359375
11 0.31494140625 0.18115234375 0.00830078125 0.0068359375
11 0.31494140625 0.12939453125 0.00830078125 0.00732421875
11 0.33642578125 0.27490234375 0.00830078125 0.0068359375
11 0.33642578125 0.18115234375 0.00830078125 0.0068359375
11 0.33642578125 0.12939453125 0.00830078125 0.00732421875
11 0.33642578125 0.05615234375 0.00830078125 0.0068359375
11 0.29931640625 0.13525390625 0.0078125 0.0068359375
11 0.29931640625 0.26025390625 0.0078125 0.0068359375
11 0.29931640625 0.1875 0.0078125 0.0068359375
11 0.29931640625 0.06201171875 0.0078125 0.0068359375
11 0.31494140625 0.05908203125 0.00830078125 0.0068359375
11 0.35498046875 0.26904296875 0.00830078125 0.0068359375
11 0.37109375 0.26025390625 0.00830078125 0.0068359375
11 0.37109375 0.1875 0.00830078125 0.0068359375
11 0.37109375 0.13525390625 0.00830078125 0.0068359375
11 0.37109375 0.06201171875 0.00830078125 0.0068359375
11 0.35498046875 0.18408203125 0.00830078125 0.0068359375
11 0.35498046875 0.12939453125 0.00830078125 0.00732421875
11 0.35498046875 0.05908203125 0.00830078125 0.0068359375
11 0.2451171875 0.26025390625 0.00830078125 0.0068359375
11 0.2451171875 0.1875 0.00830078125 0.0068359375
11 0.2548828125 0.248046875 0.00830078125 0.0068359375
11 0.2548828125 0.1904296875 0.00830078125 0.0068359375
11 0.2548828125 0.13525390625 0.00830078125 0.0068359375
11 0.2548828125 0.0654296875 0.00830078125 0.00732421875
10 0.19384765625 0.0576171875 0.0166015625 0.0458984375
10 0.19384765625 0.12158203125 0.0166015625 0.0458984375
11 0.2451171875 0.13525390625 0.00830078125 0.0068359375
11 0.2451171875 0.06201171875 0.00830078125 0.0068359375
1 0.193359375 0.2490234375 0.017578125 0.02099609375
11 0.27978515625 0.26025390625 0.00830078125 0.0068359375
11 0.2900390625 0.248046875 0.00830078125 0.0068359375
11 0.2900390625 0.1904296875 0.00830078125 0.0068359375
11 0.2900390625 0.13525390625 0.00830078125 0.0068359375
11 0.2900390625 0.0654296875 0.00830078125 0.00732421875
11 0.26416015625 0.26025390625 0.00830078125 0.0068359375
11 0.26416015625 0.1875 0.00830078125 0.0068359375
11 0.26416015625 0.13525390625 0.00830078125 0.0068359375
11 0.26416015625 0.06201171875 0.00830078125 0.0068359375
11 0.27978515625 0.1875 0.00830078125 0.0068359375
11 0.27978515625 0.13525390625 0.00830078125 0.0068359375
11 0.27978515625 0.06201171875 0.00830078125 0.0068359375
11 0.48291015625 0.18115234375 0.00830078125 0.0068359375
11 0.48291015625 0.25439453125 0.00830078125 0.0068359375
11 0.48291015625 0.12939453125 0.00830078125 0.00732421875
11 0.48291015625 0.05615234375 0.00830078125 0.0068359375
11 0.4990234375 0.2421875 0.00830078125 0.0068359375
11 0.4990234375 0.18408203125 0.00830078125 0.0068359375
11 0.4990234375 0.12939453125 0.00830078125 0.00732421875
11 0.4990234375 0.05908203125 0.00830078125 0.0068359375
11 0.46630859375 0.26318359375 0.00830078125 0.0068359375
11 0.46630859375 0.18408203125 0.00830078125 0.0068359375
11 0.46630859375 0.12939453125 0.00830078125 0.00732421875
11 0.46630859375 0.05908203125 0.00830078125 0.0068359375
11 0.52001953125 0.25439453125 0.00830078125 0.0068359375
11 0.52001953125 0.18115234375 0.00830078125 0.0068359375
11 0.52001953125 0.12939453125 0.00830078125 0.00732421875
11 0.52001953125 0.05615234375 0.00830078125 0.0068359375
11 0.53125 0.12939453125 0.00830078125 0.00732421875
11 0.53125 0.2421875 0.00830078125 0.0068359375
11 0.53125 0.18408203125 0.00830078125 0.0068359375
11 0.53125 0.05908203125 0.00830078125 0.0068359375
11 0.50830078125 0.05615234375 0.00830078125 0.0068359375
11 0.50830078125 0.12939453125 0.00830078125 0.00732421875
11 0.50830078125 0.25439453125 0.00830078125 0.0068359375
11 0.50830078125 0.18115234375 0.00830078125 0.0068359375
11 0.40869140625 0.18115234375 0.00830078125 0.0068359375
11 0.40869140625 0.12939453125 0.00830078125 0.00732421875
11 0.40869140625 0.05615234375 0.00830078125 0.0068359375
11 0.40869140625 0.27490234375 0.00830078125 0.0068359375
11 0.3828125 0.06201171875 0.00830078125 0.0068359375
11 0.3828125 0.26025390625 0.00830078125 0.0068359375
11 0.3828125 0.1875 0.00830078125 0.0068359375
11 0.3828125 0.13525390625 0.00830078125 0.0068359375
11 0.392578125 0.26904296875 0.00830078125 0.0068359375
11 0.392578125 0.18115234375 0.00830078125 0.0068359375
11 0.392578125 0.12939453125 0.00830078125 0.00732421875
11 0.392578125 0.05908203125 0.00830078125 0.0068359375
11 0.4501953125 0.26025390625 0.00830078125 0.0068359375
11 0.4501953125 0.1875 0.00830078125 0.0068359375
11 0.4501953125 0.13525390625 0.00830078125 0.0068359375
11 0.4501953125 0.06201171875 0.00830078125 0.0068359375
11 0.42724609375 0.05908203125 0.00830078125 0.0068359375
11 0.42724609375 0.26904296875 0.00830078125 0.0068359375
11 0.42724609375 0.18408203125 0.00830078125 0.0068359375
11 0.42724609375 0.12939453125 0.00830078125 0.00732421875
11 0.52685546875 0.37353515625 0.00830078125 0.0068359375
11 0.62548828125 0.6044921875 0.00830078125 0.0068359375
11 0.62548828125 0.35888671875 0.00830078125 0.0068359375
11 0.62548828125 0.44970703125 0.00830078125 0.0068359375
11 0.62548828125 0.51025390625 0.00830078125 0.0068359375
11 0.66357421875 0.37060546875 0.00830078125 0.0068359375
11 0.6376953125 0.36474609375 0.00830078125 0.0068359375
11 0.6376953125 0.6044921875 0.00830078125 0.0068359375
11 0.66357421875 0.45849609375 0.00830078125 0.0068359375
11 0.66357421875 0.51025390625 0.00830078125 0.0068359375
11 0.66357421875 0.58349609375 0.00830078125 0.00732421875
8 0.5458984375 0.46435546875 0.00634765625 0.01806640625
11 0.54638671875 0.59521484375 0.00830078125 0.0068359375
11 0.56787109375 0.388671875 0.00830078125 0.0068359375
11 0.56787109375 0.513671875 0.00830078125 0.0068359375
11 0.56787109375 0.59521484375 0.00830078125 0.0068359375
11 0.52685546875 0.45263671875 0.00830078125 0.0068359375
11 0.52685546875 0.59228515625 0.00830078125 0.0068359375
11 0.54638671875 0.38232421875 0.00830078125 0.0068359375
11 0.54638671875 0.45263671875 0.00830078125 0.0068359375
11 0.54638671875 0.51953125 0.00830078125 0.00732421875
11 0.60595703125 0.3525390625 0.00830078125 0.0068359375
11 0.60595703125 0.44970703125 0.00830078125 0.0068359375
11 0.60595703125 0.513671875 0.00830078125 0.0068359375
11 0.60595703125 0.59814453125 0.00830078125 0.00732421875
11 0.58740234375 0.39453125 0.00830078125 0.0068359375
11 0.58740234375 0.45263671875 0.00830078125 0.0068359375
11 0.58740234375 0.51025390625 0.00830078125 0.0068359375
11 0.58740234375 0.59814453125 0.00830078125 0.00732421875
5 0.59423828125 0.3837890625 0.00732421875 0.0205078125
11 0.8095703125 0.45849609375 0.00830078125 0.0068359375
11 0.78515625 0.4375 0.00830078125 0.0068359375
11 0.79833984375 0.36767578125 0.0078125 0.0068359375
11 0.79833984375 0.4375 0.0078125 0.0068359375
11 0.79833984375 0.513671875 0.0078125 0.0068359375
11 0.79833984375 0.59228515625 0.0078125 0.0068359375
11 0.71630859375 0.36767578125 0.00830078125 0.0068359375
11 0.71630859375 0.45849609375 0.00830078125 0.0068359375
11 0.71630859375 0.513671875 0.00830078125 0.0068359375
11 0.71630859375 0.59228515625 0.00830078125 0.0068359375
11 0.69140625 0.4375 0.00830078125 0.0068359375
11 0.67822265625 0.4375 0.00830078125 0.0068359375
11 0.73095703125 0.4375 0.00830078125 0.0068359375
11 0.703125 0.36767578125 0.00830078125 0.0068359375
11 0.703125 0.45849609375 0.00830078125 0.0068359375
11 0.7705078125 0.36474609375 0.00830078125 0.0068359375
11 0.7705078125 0.45849609375 0.00830078125 0.0068359375
11 0.7705078125 0.5166015625 0.00830078125 0.0068359375
11 0.7705078125 0.59814453125 0.00830078125 0.00732421875
11 0.744140625 0.36767578125 0.00830078125 0.0068359375
11 0.744140625 0.4375 0.00830078125 0.0068359375
11 0.75732421875 0.36181640625 0.00830078125 0.00732421875
11 0.75732421875 0.45849609375 0.00830078125 0.0068359375
11 0.31201171875 0.51953125 0.00830078125 0.00732421875
11 0.31201171875 0.59228515625 0.00830078125 0.0068359375
8 0.3115234375 0.39453125 0.00634765625 0.01806640625
11 0.31201171875 0.4462890625 0.00830078125 0.0068359375
8 0.3115234375 0.53076171875 0.00634765625 0.017578125
9 0.31884765625 0.58056640625 0.0068359375 0.017578125
11 0.33154296875 0.45263671875 0.00830078125 0.0068359375
11 0.2998046875 0.3857421875 0.00830078125 0.0068359375
11 0.2998046875 0.4375 0.00830078125 0.0068359375
11 0.2998046875 0.5224609375 0.00830078125 0.0068359375
11 0.31201171875 0.38232421875 0.00830078125 0.0068359375
8 0.34375 0.5947265625 0.00634765625 0.017578125
11 0.357421875 0.38232421875 0.00830078125 0.0068359375
11 0.357421875 0.51953125 0.00830078125 0.00732421875
11 0.376953125 0.37939453125 0.00830078125 0.0068359375
11 0.376953125 0.5166015625 0.00830078125 0.0068359375
11 0.34423828125 0.3857421875 0.00830078125 0.0068359375
11 0.34423828125 0.45849609375 0.00830078125 0.0068359375
11 0.34423828125 0.5224609375 0.00830078125 0.0068359375
11 0.34423828125 0.58349609375 0.00830078125 0.00732421875
1 0.193359375 0.58154296875 0.017578125 0.02099609375
11 0.2451171875 0.388671875 0.00830078125 0.0068359375
15 0.2451171875 0.4560546875 0.0078125 0.01171875
11 0.2451171875 0.525390625 0.00830078125 0.0068359375
11 0.2451171875 0.59228515625 0.00830078125 0.0068359375
10 0.19384765625 0.39013671875 0.0166015625 0.0458984375
10 0.19384765625 0.4541015625 0.0166015625 0.0458984375
11 0.27783203125 0.38232421875 0.00830078125 0.0068359375
14 0.27783203125 0.458984375 0.0087890625 0.01708984375
11 0.27783203125 0.51953125 0.00830078125 0.00732421875
15 0.27734375 0.583984375 0.0078125 0.01171875
9 0.25146484375 0.58056640625 0.0068359375 0.017578125
11 0.25830078125 0.3857421875 0.00830078125 0.0068359375
11 0.25830078125 0.5224609375 0.00830078125 0.0068359375
11 0.4599609375 0.5283203125 0.00830078125 0.0068359375
11 0.47265625 0.38232421875 0.00830078125 0.0068359375
11 0.47265625 0.45263671875 0.00830078125 0.0068359375
11 0.47265625 0.525390625 0.00830078125 0.0068359375
15 0.47265625 0.583984375 0.0078125 0.01171875
15 0.376953125 0.583984375 0.0078125 0.01171875
9 0.447265625 0.58056640625 0.0068359375 0.017578125
11 0.4599609375 0.37353515625 0.00830078125 0.0068359375
11 0.4599609375 0.45263671875 0.00830078125 0.0068359375
11 0.5048828125 0.39453125 0.00830078125 0.0068359375
11 0.5048828125 0.45263671875 0.00830078125 0.0068359375
11 0.5048828125 0.525390625 0.00830078125 0.0068359375
11 0.5048828125 0.59228515625 0.00830078125 0.0068359375
5 0.51171875 0.3837890625 0.0068359375 0.0205078125
9 0.51171875 0.51318359375 0.0068359375 0.017578125
11 0.4921875 0.388671875 0.00830078125 0.0068359375
11 0.4921875 0.5283203125 0.00830078125 0.0068359375
11 0.4033203125 0.37939453125 0.00830078125 0.0068359375
11 0.4033203125 0.46142578125 0.00830078125 0.00732421875
11 0.4033203125 0.5166015625 0.00830078125 0.0068359375
11 0.4033203125 0.6044921875 0.00830078125 0.0068359375
8 0.40283203125 0.3916015625 0.00634765625 0.017578125
11 0.39013671875 0.38232421875 0.00830078125 0.0068359375
11 0.39013671875 0.46142578125 0.00830078125 0.00732421875
11 0.39013671875 0.51953125 0.00830078125 0.00732421875
11 0.41796875 0.45556640625 0.00830078125 0.00732421875
14 0.44091796875 0.39501953125 0.0087890625 0.01708984375
11 0.4404296875 0.45556640625 0.00830078125 0.00732421875
11 0.4404296875 0.5341796875 0.00830078125 0.00732421875
11 0.4404296875 0.59228515625 0.00830078125 0.0068359375
8 0.40283203125 0.5283203125 0.00634765625 0.01806640625
9 0.40966796875 0.59228515625 0.0068359375 0.017578125
11 0.64794921875 0.94091796875 0.00830078125 0.0068359375
11 0.66162109375 0.69384765625 0.00830078125 0.0068359375
11 0.6357421875 0.69091796875 0.00830078125 0.0068359375
11 0.6357421875 0.77587890625 0.00830078125 0.0068359375
11 0.6357421875 0.85498046875 0.00830078125 0.0068359375
11 0.6357421875 0.919921875 0.00830078125 0.0068359375
11 0.6904296875 0.69091796875 0.00830078125 0.0068359375
11 0.6904296875 0.77587890625 0.00830078125 0.0068359375
11 0.6904296875 0.83984375 0.00830078125 0.0068359375
15 0.6904296875 0.9384765625 0.0078125 0.01171875
11 0.703125 0.7119140625 0.00830078125 0.0068359375
11 0.703125 0.796875 0.00830078125 0.0068359375
11 0.703125 0.86083984375 0.00830078125 0.0068359375
15 0.70263671875 0.9384765625 0.0078125 0.01171875
11 0.66162109375 0.85498046875 0.00830078125 0.0068359375
11 0.66162109375 0.94091796875 0.00830078125 0.0068359375
11 0.66162109375 0.77880859375 0.00830078125 0.0068359375
9 0.66796875 0.9287109375 0.0068359375 0.017578125
11 0.67529296875 0.9619140625 0.00830078125 0.0068359375
9 0.68212890625 0.94677734375 0.0068359375 0.017578125
11 0.55517578125 0.93798828125 0.00830078125 0.0068359375
11 0.56884765625 0.68505859375 0.00830078125 0.0068359375
11 0.56884765625 0.77001953125 0.00830078125 0.0068359375
11 0.56884765625 0.83984375 0.00830078125 0.0068359375
11 0.56884765625 0.93798828125 0.00830078125 0.0068359375
9 0.5751953125 0.9267578125 0.0068359375 0.017578125
11 0.615234375 0.703125 0.00830078125 0.0068359375
11 0.615234375 0.78759765625 0.00830078125 0.00732421875
11 0.615234375 0.8515625 0.00830078125 0.00732421875
15 0.615234375 0.9384765625 0.0078125 0.01171875
11 0.58251953125 0.958984375 0.00830078125 0.0068359375
9 0.5888671875 0.94677734375 0.0068359375 0.017578125
11 0.59765625 0.68212890625 0.00830078125 0.0068359375
11 0.59765625 0.76708984375 0.00830078125 0.00732421875
11 0.59765625 0.8310546875 0.00830078125 0.00732421875
15 0.59716796875 0.9384765625 0.0078125 0.01171875
11 0.80859375 0.7177734375 0.00830078125 0.0068359375
11 0.80859375 0.802734375 0.00830078125 0.00732421875
15 0.80859375 0.84033203125 0.0078125 0.01171875
15 0.80859375 0.9384765625 0.0078125 0.01171875
11 0.74169921875 0.69677734375 0.00830078125 0.0068359375
11 0.74169921875 0.78173828125 0.00830078125 0.0068359375
11 0.74169921875 0.83984375 0.00830078125 0.0068359375
11 0.74169921875 0.9228515625 0.00830078125 0.0068359375
8 0.78173828125 0.8515625 0.00634765625 0.017578125
8 0.78173828125 0.93505859375 0.00634765625 0.01806640625
11 0.7958984375 0.69677734375 0.00830078125 0.0068359375
11 0.7958984375 0.78173828125 0.00830078125 0.0068359375
15 0.7958984375 0.84033203125 0.0078125 0.01171875
15 0.7958984375 0.9384765625 0.0078125 0.01171875
11 0.7822265625 0.9228515625 0.00830078125 0.0068359375
15 0.7685546875 0.9384765625 0.0078125 0.01171875
11 0.75537109375 0.94384765625 0.00830078125 0.0068359375
11 0.76904296875 0.69970703125 0.00830078125 0.0068359375
11 0.76904296875 0.78466796875 0.00830078125 0.0068359375
11 0.7822265625 0.83984375 0.00830078125 0.0068359375
11 0.34619140625 0.77001953125 0.00830078125 0.0068359375
11 0.34619140625 0.69677734375 0.00830078125 0.0068359375
11 0.357421875 0.69677734375 0.00830078125 0.0068359375
11 0.357421875 0.77001953125 0.00830078125 0.0068359375
11 0.357421875 0.845703125 0.00830078125 0.00732421875
11 0.357421875 0.94677734375 0.00830078125 0.00732421875
11 0.3232421875 0.7060546875 0.00830078125 0.0068359375
11 0.3232421875 0.79052734375 0.00830078125 0.0068359375
11 0.3349609375 0.69384765625 0.00830078125 0.0068359375
11 0.3349609375 0.79052734375 0.00830078125 0.0068359375
11 0.3349609375 0.8486328125 0.00830078125 0.0068359375
11 0.3349609375 0.95263671875 0.00830078125 0.0068359375
11 0.38623046875 0.703125 0.00830078125 0.0068359375
11 0.38623046875 0.78759765625 0.00830078125 0.00732421875
11 0.38623046875 0.8369140625 0.00830078125 0.0068359375
11 0.38623046875 0.93798828125 0.00830078125 0.0068359375
11 0.36865234375 0.69970703125 0.00830078125 0.0068359375
11 0.36865234375 0.79052734375 0.00830078125 0.0068359375
11 0.24462890625 0.703125 0.00830078125 0.0068359375
11 0.24462890625 0.79052734375 0.00830078125 0.0068359375
11 0.24462890625 0.8427734375 0.00830078125 0.0068359375
11 0.24462890625 0.93798828125 0.00830078125 0.0068359375
1 0.193359375 0.93603515625 0.017578125 0.02099609375
10 0.19384765625 0.72216796875 0.0166015625 0.0458984375
10 0.19384765625 0.7861328125 0.0166015625 0.0458984375
11 0.28857421875 0.94677734375 0.00830078125 0.00732421875
11 0.30078125 0.77001953125 0.00830078125 0.0068359375
11 0.31201171875 0.69970703125 0.00830078125 0.0068359375
11 0.31201171875 0.77001953125 0.00830078125 0.0068359375
11 0.27734375 0.79052734375 0.00830078125 0.0068359375
11 0.2568359375 0.77001953125 0.00830078125 0.0068359375
11 0.26806640625 0.77001953125 0.00830078125 0.0068359375
11 0.27734375 0.69970703125 0.00830078125 0.0068359375
11 0.28857421875 0.69970703125 0.00830078125 0.0068359375
11 0.28857421875 0.79052734375 0.00830078125 0.0068359375
11 0.28857421875 0.845703125 0.00830078125 0.00732421875
11 0.4873046875 0.9140625 0.00830078125 0.0068359375
11 0.49853515625 0.68798828125 0.00830078125 0.00732421875
11 0.49853515625 0.77294921875 0.00830078125 0.00732421875
11 0.49853515625 0.8427734375 0.00830078125 0.0068359375
8 0.44873046875 0.71484375 0.00634765625 0.017578125
8 0.44873046875 0.78759765625 0.00634765625 0.017578125
11 0.4599609375 0.8369140625 0.00830078125 0.0068359375
11 0.4873046875 0.69091796875 0.00830078125 0.0068359375
11 0.4873046875 0.77587890625 0.00830078125 0.0068359375
11 0.4873046875 0.83984375 0.00830078125 0.0068359375
11 0.5205078125 0.845703125 0.00830078125 0.00732421875
11 0.54296875 0.68212890625 0.00830078125 0.0068359375
11 0.54296875 0.76708984375 0.00830078125 0.00732421875
11 0.54296875 0.83984375 0.00830078125 0.0068359375
11 0.54296875 0.9169921875 0.00830078125 0.00732421875
11 0.509765625 0.68505859375 0.00830078125 0.0068359375
11 0.509765625 0.77001953125 0.00830078125 0.0068359375
11 0.509765625 0.8427734375 0.00830078125 0.0068359375
11 0.509765625 0.9111328125 0.00830078125 0.00732421875
11 0.4267578125 0.69677734375 0.00830078125 0.0068359375
11 0.41552734375 0.833984375 0.00830078125 0.0068359375
11 0.3974609375 0.78466796875 0.00830078125 0.0068359375
11 0.3974609375 0.69970703125 0.00830078125 0.0068359375
11 0.4267578125 0.78173828125 0.00830078125 0.0068359375
11 0.4267578125 0.833984375 0.00830078125 0.0068359375
11 0.4267578125 0.92626953125 0.00830078125 0.0068359375
11 0.40869140625 0.69677734375 0.00830078125 0.0068359375
11 0.40869140625 0.78173828125 0.00830078125 0.0068359375
11 0.40869140625 0.93212890625 0.00830078125 0.00732421875
11 0.43798828125 0.77880859375 0.00830078125 0.0068359375
11 0.43798828125 0.69384765625 0.00830078125 0.0068359375
11 0.44970703125 0.69091796875 0.00830078125 0.0068359375
11 0.44970703125 0.77587890625 0.00830078125 0.0068359375
11 0.44970703125 0.833984375 0.00830078125 0.0068359375
11 0.44970703125 0.9169921875 0.00830078125 0.00732421875