11 0.66162109375 0.1123046875 0.00830078125 0.0068359375
11 0.66162109375 0.09423828125 0.00830078125 0.0068359375
11 0.638671875 0.109375 0.00830078125 0.0068359375
11 0.638671875 0.09765625 0.00830078125 0.0068359375
11 0.69970703125 0.115234375 0.00830078125 0.0068359375
11 0.69970703125 0.08837890625 0.00830078125 0.0068359375
11 0.6767578125 0.09130859375 0.00830078125 0.0068359375
11 0.5849609375 0.08837890625 0.00830078125 0.0068359375
11 0.5849609375 0.115234375 0.00830078125 0.0068359375
11 0.56201171875 0.08544921875 0.0078125 0.0068359375
11 0.623046875 0.09423828125 0.00830078125 0.0068359375
11 0.60791015625 0.1123046875 0.0078125 0.0068359375
11 0.60791015625 0.09130859375 0.0078125 0.0068359375
11 0.8076171875 0.1181640625 0.00830078125 0.0068359375
11 0.8076171875 0.07666015625 0.00830078125 0.0068359375
11 0.7919921875 0.115234375 0.0078125 0.0068359375
11 0.7919921875 0.07958984375 0.0078125 0.0068359375
11 0.73046875 0.109375 0.0078125 0.0068359375
11 0.73046875 0.09423828125 0.0078125 0.0068359375
11 0.71533203125 0.09130859375 0.00830078125 0.0068359375
11 0.7763671875 0.1181640625 0.00830078125 0.0068359375
11 0.76123046875 0.12109375 0.00830078125 0.0068359375
11 0.76123046875 0.10009765625 0.00830078125 0.0068359375
11 0.74609375 0.09765625 0.00830078125 0.0068359375
11 0.3662109375 0.1123046875 0.00830078125 0.0068359375
11 0.3662109375 0.07666015625 0.00830078125 0.0068359375
11 0.42529296875 0.1123046875 0.0078125 0.0068359375
11 0.42529296875 0.07958984375 0.0078125 0.0068359375
11 0.40234375 0.109375 0.00830078125 0.0068359375
11 0.40234375 0.08251953125 0.00830078125 0.0068359375
11 0.3818359375 0.07958984375 0.00830078125 0.0068359375
10 0.2431640625 0.087890625 0.015625 0.0439453125
11 0.29541015625 0.115234375 0.00830078125 0.0068359375
11 0.29541015625 0.07958984375 0.00830078125 0.0068359375
11 0.3427734375 0.12109375 0.00830078125 0.0068359375
11 0.3427734375 0.07373046875 0.00830078125 0.0068359375
11 0.310546875 0.1181640625 0.0078125 0.0068359375
11 0.310546875 0.07666015625 0.0078125 0.0068359375
11 0.505859375 0.08251953125 0.00830078125 0.0068359375
11 0.52099609375 0.07958984375 0.0078125 0.0068359375
11 0.4853515625 0.1181640625 0.0078125 0.0068359375
11 0.4853515625 0.08544921875 0.0078125 0.0068359375
11 0.5439453125 0.1181640625 0.00830078125 0.0068359375
11 0.5439453125 0.08251953125 0.00830078125 0.0068359375
11 0.52099609375 0.12109375 0.0078125 0.0068359375
11 0.46240234375 0.115234375 0.00830078125 0.0068359375
11 0.46240234375 0.08837890625 0.00830078125 0.0068359375
11 0.4404296875 0.07666015625 0.00830078125 0.0068359375
12 0.64501953125 0.22021484375 0.0087890625 0.0068359375
12 0.64501953125 0.22607421875 0.0087890625 0.0068359375
12 0.64501953125 0.23193359375 0.0087890625 0.0068359375
12 0.64501953125 0.21142578125 0.0087890625 0.0068359375
9 0.625 0.19970703125 0.005859375 0.0185546875
11 0.61865234375 0.21142578125 0.00830078125 0.0068359375
11 0.60546875 0.22021484375 0.00830078125 0.0068359375
11 0.5419921875 0.22314453125 0.00830078125 0.0068359375
11 0.5419921875 0.20849609375 0.00830078125 0.0068359375
11 0.57763671875 0.22021484375 0.0078125 0.0068359375
11 0.57763671875 0.21435546875 0.0078125 0.0068359375
11 0.5595703125 0.21142578125 0.00830078125 0.0068359375
11 0.78759765625 0.20556640625 0.00830078125 0.0068359375
11 0.78759765625 0.23193359375 0.00830078125 0.0068359375
11 0.8037109375 0.21142578125 0.00830078125 0.0068359375
11 0.70751953125 0.23486328125 0.0078125 0.0068359375
11 0.70751953125 0.193359375 0.0078125 0.0068359375
11 0.68994140625 0.23193359375 0.00830078125 0.0068359375
11 0.68994140625 0.1962890625 0.00830078125 0.0068359375
12 0.74267578125 0.23193359375 0.0087890625 0.0068359375
12 0.74267578125 0.22021484375 0.0087890625 0.0068359375
12 0.74267578125 0.22607421875 0.0087890625 0.0068359375
12 0.74267578125 0.21142578125 0.0087890625 0.0068359375
11 0.328125 0.22900390625 0.0078125 0.0068359375
11 0.328125 0.1962890625 0.0078125 0.0068359375
11 0.2998046875 0.22607421875 0.00830078125 0.0068359375
11 0.2998046875 0.19970703125 0.00830078125 0.0068359375
11 0.37109375 0.23193359375 0.00830078125 0.0068359375
11 0.37109375 0.20556640625 0.00830078125 0.0068359375
11 0.345703125 0.193359375 0.00830078125 0.0068359375
11 0.23095703125 0.23779296875 0.00830078125 0.0068359375
11 0.23095703125 0.1904296875 0.00830078125 0.0068359375
10 0.19287109375 0.20458984375 0.015625 0.0439453125
11 0.27734375 0.1962890625 0.00830078125 0.0068359375
11 0.259765625 0.22900390625 0.00830078125 0.0068359375
11 0.259765625 0.193359375 0.00830078125 0.0068359375
11 0.46728515625 0.23486328125 0.00830078125 0.0068359375
11 0.46728515625 0.19970703125 0.00830078125 0.0068359375
11 0.439453125 0.23779296875 0.0078125 0.0068359375
11 0.439453125 0.1962890625 0.0078125 0.0068359375
11 0.51318359375 0.23193359375 0.00830078125 0.0068359375
11 0.51318359375 0.20556640625 0.00830078125 0.0068359375
11 0.4873046875 0.20263671875 0.0078125 0.0068359375
11 0.39892578125 0.23486328125 0.00830078125 0.0068359375
11 0.39892578125 0.20263671875 0.00830078125 0.0068359375
11 0.42138671875 0.19970703125 0.00830078125 0.0068359375
11 0.60400390625 0.3232421875 0.00830078125 0.0068359375
11 0.60400390625 0.30859375 0.00830078125 0.0068359375
11 0.65185546875 0.314453125 0.0078125 0.0068359375
11 0.6328125 0.34423828125 0.00830078125 0.0068359375
11 0.6328125 0.3115234375 0.00830078125 0.0068359375
11 0.53759765625 0.3232421875 0.00830078125 0.0068359375
11 0.53759765625 0.3173828125 0.00830078125 0.0068359375
11 0.58544921875 0.3115234375 0.0078125 0.0068359375
11 0.56640625 0.33544921875 0.00830078125 0.0068359375
11 0.56640625 0.314453125 0.00830078125 0.0068359375
11 0.78564453125 0.326171875 0.00830078125 0.0068359375
11 0.78564453125 0.3056640625 0.00830078125 0.0068359375
11 0.75439453125 0.3408203125 0.00830078125 0.0068359375
11 0.80322265625 0.314453125 0.00830078125 0.0068359375
11 0.67919921875 0.33544921875 0.00830078125 0.0068359375
12 0.6796875 0.314453125 0.0087890625 0.0068359375
11 0.73583984375 0.33837890625 0.00830078125 0.0068359375
11 0.716796875 0.33544921875 0.00830078125 0.0068359375
11 0.6982421875 0.33203125 0.0078125 0.0068359375
11 0.34130859375 0.33203125 0.0078125 0.0068359375
11 0.34130859375 0.296875 0.0078125 0.0068359375
11 0.31005859375 0.33837890625 0.00830078125 0.0068359375
11 0.31005859375 0.3115234375 0.00830078125 0.0068359375
11 0.3583984375 0.3056640625 0.00830078125 0.0068359375
11 0.3857421875 0.32958984375 0.0078125 0.0068359375
11 0.3857421875 0.302734375 0.0078125 0.0068359375
11 0.2412109375 0.3408203125 0.00830078125 0.0068359375
11 0.2412109375 0.3056640625 0.00830078125 0.0068359375
10 0.19287109375 0.31103515625 0.015625 0.0439453125
11 0.29150390625 0.30859375 0.0078125 0.0068359375
11 0.27099609375 0.326171875 0.00830078125 0.0068359375
11 0.27099609375 0.314453125 0.00830078125 0.0068359375
11 0.45361328125 0.30859375 0.00830078125 0.0068359375
11 0.45361328125 0.33544921875 0.00830078125 0.0068359375
11 0.43505859375 0.3056640625 0.0078125 0.0068359375
11 0.5029296875 0.314453125 0.00830078125 0.0068359375
11 0.484375 0.326171875 0.00830078125 0.0068359375
11 0.484375 0.3115234375 0.00830078125 0.0068359375
11 0.41455078125 0.33837890625 0.0078125 0.0068359375
11 0.41455078125 0.3115234375 0.0078125 0.0068359375
11 0.6005859375 0.41845703125 0.00830078125 0.0068359375
11 0.6005859375 0.412109375 0.00830078125 0.0068359375
9 0.58154296875 0.39990234375 0.00439453125 0.0126953125
11 0.669921875 0.43017578125 0.00830078125 0.0068359375
12 0.669921875 0.40966796875 0.0087890625 0.0068359375
9 0.64892578125 0.3984375 0.005859375 0.0185546875
11 0.642578125 0.40966796875 0.0078125 0.0068359375
11 0.62841796875 0.43896484375 0.00830078125 0.0068359375
11 0.544921875 0.42138671875 0.0078125 0.0068359375
11 0.544921875 0.40625 0.0078125 0.0068359375
11 0.5771484375 0.4091796875 0.005859375 0.00537109375
11 0.5634765625 0.40966796875 0.00830078125 0.0068359375
11 0.80419921875 0.3974609375 0.0078125 0.0068359375
11 0.787109375 0.43017578125 0.00830078125 0.0068359375
11 0.787109375 0.388671875 0.00830078125 0.0068359375
11 0.693359375 0.43310546875 0.00830078125 0.0068359375
11 0.75927734375 0.42431640625 0.00830078125 0.0068359375
11 0.73583984375 0.42724609375 0.00830078125 0.0068359375
11 0.7119140625 0.43017578125 0.00830078125 0.0068359375
11 0.326171875 0.43603515625 0.00830078125 0.0068359375
11 0.326171875 0.40966796875 0.00830078125 0.0068359375
11 0.29736328125 0.42724609375 0.00830078125 0.0068359375
11 0.29736328125 0.40087890625 0.00830078125 0.0068359375
11 0.373046875 0.43310546875 0.00830078125 0.0068359375
11 0.373046875 0.40625 0.00830078125 0.0068359375
11 0.34619140625 0.4033203125 0.00830078125 0.0068359375
11 0.23095703125 0.43603515625 0.00830078125 0.0068359375
11 0.23095703125 0.40966796875 0.00830078125 0.0068359375
10 0.19287109375 0.40869140625 0.015625 0.0439453125
11 0.27880859375 0.4033203125 0.00830078125 0.0068359375
11 0.26171875 0.43017578125 0.00830078125 0.0068359375
11 0.26171875 0.39453125 0.00830078125 0.0068359375
11 0.46826171875 0.43310546875 0.0078125 0.0068359375
11 0.46826171875 0.40625 0.0078125 0.0068359375
11 0.4384765625 0.42431640625 0.00830078125 0.0068359375
11 0.4384765625 0.3974609375 0.00830078125 0.0068359375
11 0.5146484375 0.43017578125 0.00830078125 0.0068359375
11 0.5146484375 0.4033203125 0.00830078125 0.0068359375
11 0.48828125 0.40087890625 0.00830078125 0.0068359375
11 0.4033203125 0.42724609375 0.00830078125 0.0068359375
11 0.4033203125 0.3916015625 0.00830078125 0.0068359375
11 0.419921875 0.40087890625 0.0078125 0.0068359375
11 0.626953125 0.53662109375 0.0078125 0.0068359375
11 0.626953125 0.50439453125 0.0078125 0.0068359375
11 0.59765625 0.53076171875 0.00830078125 0.0068359375
11 0.59765625 0.4951171875 0.00830078125 0.0068359375
11 0.681640625 0.5009765625 0.00830078125 0.0068359375
11 0.681640625 0.52783203125 0.00830078125 0.0068359375
11 0.64794921875 0.49853515625 0.00830078125 0.0068359375
11 0.52978515625 0.52490234375 0.00830078125 0.0068359375
11 0.52978515625 0.49853515625 0.00830078125 0.0068359375
11 0.578125 0.49853515625 0.00830078125 0.0068359375
11 0.560546875 0.52783203125 0.00830078125 0.0068359375
11 0.560546875 0.48974609375 0.00830078125 0.0068359375
11 0.802734375 0.50732421875 0.0078125 0.0068359375
11 0.78515625 0.53369140625 0.0078125 0.0068359375
11 0.78515625 0.49853515625 0.0078125 0.0068359375
12 0.7109375 0.50732421875 0.0087890625 0.0068359375
8 0.72314453125 0.5341796875 0.00732421875 0.01708984375
11 0.76123046875 0.53076171875 0.0078125 0.0068359375
11 0.7421875 0.52783203125 0.00830078125 0.0068359375
11 0.72314453125 0.52490234375 0.00830078125 0.0068359375
11 0.3037109375 0.52490234375 0.0078125 0.0068359375
11 0.3037109375 0.48974609375 0.0078125 0.0068359375
11 0.283203125 0.49853515625 0.00830078125 0.0068359375
11 0.3544921875 0.4921875 0.00830078125 0.0068359375
11 0.33251953125 0.53076171875 0.00830078125 0.0068359375
11 0.33251953125 0.49853515625 0.00830078125 0.0068359375
11 0.23388671875 0.51904296875 0.00830078125 0.0068359375
11 0.23388671875 0.4921875 0.00830078125 0.0068359375
10 0.19287109375 0.50634765625 0.015625 0.0439453125
11 0.26416015625 0.4951171875 0.0078125 0.0068359375
11 0.26416015625 0.52197265625 0.0078125 0.0068359375
11 0.45166015625 0.4921875 0.0078125 0.0068359375
11 0.43115234375 0.5009765625 0.00830078125 0.0068359375
11 0.48046875 0.53369140625 0.00830078125 0.0068359375
11 0.48046875 0.5009765625 0.00830078125 0.0068359375
11 0.45166015625 0.52783203125 0.0078125 0.0068359375
11 0.3818359375 0.52197265625 0.00830078125 0.0068359375
11 0.3818359375 0.4951171875 0.00830078125 0.0068359375
11 0.412109375 0.52490234375 0.00830078125 0.0068359375
11 0.412109375 0.49853515625 0.00830078125 0.0068359375
11 0.50244140625 0.4951171875 0.00830078125 0.0068359375
11 0.56982421875 0.6220703125 0.00830078125 0.0068359375
11 0.56982421875 0.6103515625 0.00830078125 0.0068359375
11 0.6328125 0.60693359375 0.00830078125 0.0068359375
12 0.60546875 0.619140625 0.0087890625 0.0068359375
11 0.60546875 0.6044921875 0.0078125 0.0068359375
11 0.587890625 0.60693359375 0.00830078125 0.0068359375
11 0.5087890625 0.6103515625 0.00830078125 0.0068359375
11 0.4912109375 0.6220703125 0.0078125 0.0068359375
11 0.4912109375 0.60693359375 0.0078125 0.0068359375
11 0.54248046875 0.619140625 0.00830078125 0.0068359375
11 0.54248046875 0.61328125 0.00830078125 0.0068359375
12 0.7802734375 0.630859375 0.0087890625 0.0068359375
12 0.7802734375 0.6103515625 0.0087890625 0.0068359375
11 0.73876953125 0.6044921875 0.00830078125 0.0068359375
12 0.677734375 0.630859375 0.0087890625 0.0068359375
12 0.677734375 0.6103515625 0.0087890625 0.0068359375
11 0.65087890625 0.6103515625 0.0078125 0.0068359375
11 0.72314453125 0.625 0.00830078125 0.0068359375
11 0.72314453125 0.59814453125 0.00830078125 0.0068359375
11 0.3017578125 0.6044921875 0.00830078125 0.0068359375
11 0.3017578125 0.59814453125 0.00830078125 0.0068359375
11 0.2841796875 0.6015625 0.0078125 0.0068359375
11 0.34228515625 0.6103515625 0.00830078125 0.0068359375
11 0.34228515625 0.595703125 0.00830078125 0.0068359375
11 0.32421875 0.61328125 0.00830078125 0.0068359375
11 0.23095703125 0.6220703125 0.00830078125 0.0068359375
11 0.23095703125 0.595703125 0.00830078125 0.0068359375
10 0.19287109375 0.59765625 0.015625 0.0439453125
11 0.26806640625 0.60693359375 0.00830078125 0.0068359375
11 0.26806640625 0.59228515625 0.00830078125 0.0068359375
11 0.25 0.6103515625 0.0078125 0.0068359375
11 0.43017578125 0.61328125 0.00830078125 0.0068359375
11 0.43017578125 0.59814453125 0.00830078125 0.0068359375
11 0.40771484375 0.6162109375 0.00830078125 0.0068359375
11 0.46435546875 0.6103515625 0.00830078125 0.0068359375
11 0.46435546875 0.6044921875 0.00830078125 0.0068359375
11 0.44677734375 0.60693359375 0.0078125 0.0068359375
11 0.384765625 0.6015625 0.0078125 0.0068359375
11 0.384765625 0.60693359375 0.0078125 0.0068359375
11 0.3583984375 0.6044921875 0.00830078125 0.0068359375