21 0.662109375 0.2548828125 0.00830078125 0.0224609375
21 0.69091796875 0.2548828125 0.00830078125 0.0224609375
11 0.6923828125 0.17626953125 0.01025390625 0.00927734375
11 0.6923828125 0.1943359375 0.01025390625 0.00927734375
12 0.61865234375 0.25634765625 0.0107421875 0.0087890625
12 0.61865234375 0.263671875 0.0107421875 0.0087890625
12 0.61865234375 0.20556640625 0.0107421875 0.0087890625
11 0.6181640625 0.18359375 0.01025390625 0.0087890625
11 0.66357421875 0.1982421875 0.01025390625 0.0087890625
11 0.66357421875 0.1796875 0.01025390625 0.0087890625
11 0.64013671875 0.1875 0.01025390625 0.0087890625
11 0.8017578125 0.25634765625 0.01025390625 0.0087890625
11 0.8017578125 0.263671875 0.01025390625 0.0087890625
11 0.8017578125 0.1875 0.01025390625 0.0087890625
11 0.8017578125 0.1982421875 0.01025390625 0.0087890625
21 0.77978515625 0.2548828125 0.00830078125 0.0224609375
11 0.78125 0.1875 0.01025390625 0.0087890625
11 0.78125 0.20556640625 0.01025390625 0.0087890625
11 0.7333984375 0.25634765625 0.01025390625 0.0087890625
11 0.7333984375 0.2822265625 0.01025390625 0.0087890625
21 0.732421875 0.1669921875 0.00830078125 0.02294921875
21 0.71142578125 0.2548828125 0.00830078125 0.0224609375
11 0.712890625 0.18359375 0.01025390625 0.0087890625
11 0.712890625 0.20166015625 0.01025390625 0.0087890625
21 0.7587890625 0.2548828125 0.00830078125 0.0224609375
11 0.76025390625 0.1796875 0.01025390625 0.0087890625
11 0.76025390625 0.1982421875 0.01025390625 0.0087890625
21 0.41943359375 0.2548828125 0.00830078125 0.0224609375
11 0.4208984375 0.19091796875 0.01025390625 0.0087890625
11 0.4208984375 0.208984375 0.01025390625 0.0087890625
21 0.466796875 0.2548828125 0.00830078125 0.0224609375
11 0.46826171875 0.20556640625 0.009765625 0.0087890625
11 0.44140625 0.263671875 0.01025390625 0.0087890625
21 0.43994140625 0.1669921875 0.00830078125 0.02294921875
11 0.32861328125 0.20556640625 0.01025390625 0.0087890625
1 0.24658203125 0.2685546875 0.021484375 0.02587890625
21 0.3271484375 0.2548828125 0.00830078125 0.0224609375
10 0.24755859375 0.181640625 0.0205078125 0.05615234375
11 0.32861328125 0.1875 0.01025390625 0.0087890625
0 0.22509765625 0.2275390625 0.0078125 0.1181640625
21 0.39892578125 0.2548828125 0.00830078125 0.0224609375
11 0.400390625 0.18359375 0.01025390625 0.0087890625
11 0.400390625 0.20166015625 0.01025390625 0.0087890625
11 0.46826171875 0.1875 0.009765625 0.0087890625
11 0.54443359375 0.2529296875 0.009765625 0.00927734375
11 0.54443359375 0.26025390625 0.009765625 0.0087890625
11 0.54443359375 0.1982421875 0.009765625 0.0087890625
11 0.587890625 0.26025390625 0.01025390625 0.0087890625
11 0.587890625 0.267578125 0.01025390625 0.0087890625
11 0.587890625 0.19091796875 0.01025390625 0.0087890625
11 0.587890625 0.20556640625 0.01025390625 0.0087890625
11 0.54443359375 0.20556640625 0.009765625 0.0087890625
11 0.56640625 0.25634765625 0.01025390625 0.0087890625
11 0.56640625 0.263671875 0.01025390625 0.0087890625
11 0.56640625 0.1943359375 0.01025390625 0.00927734375
11 0.56640625 0.20556640625 0.01025390625 0.0087890625
21 0.48779296875 0.2548828125 0.00830078125 0.0224609375
11 0.4892578125 0.1943359375 0.01025390625 0.00927734375
11 0.4892578125 0.212890625 0.01025390625 0.0087890625
11 0.509765625 0.263671875 0.01025390625 0.0087890625
11 0.509765625 0.1943359375 0.01025390625 0.00927734375
11 0.509765625 0.20556640625 0.01025390625 0.0087890625
11 0.509765625 0.25634765625 0.01025390625 0.0087890625
12 0.6728515625 0.50439453125 0.0107421875 0.0087890625
21 0.61767578125 0.39599609375 0.00830078125 0.02294921875
21 0.61767578125 0.49169921875 0.00830078125 0.02294921875
12 0.6728515625 0.48583984375 0.0107421875 0.0087890625
21 0.63525390625 0.49169921875 0.00830078125 0.02294921875
11 0.6513671875 0.3974609375 0.01025390625 0.00927734375
11 0.63671875 0.39404296875 0.01025390625 0.0087890625
12 0.6728515625 0.416015625 0.0107421875 0.00927734375
11 0.55615234375 0.40869140625 0.00732421875 0.00634765625
12 0.53515625 0.48583984375 0.0107421875 0.0087890625
12 0.53515625 0.50439453125 0.0107421875 0.0087890625
12 0.53515625 0.416015625 0.0107421875 0.00927734375
11 0.59912109375 0.48583984375 0.01025390625 0.0087890625
11 0.59912109375 0.4931640625 0.01025390625 0.0087890625
11 0.59912109375 0.416015625 0.01025390625 0.00927734375
11 0.57177734375 0.482421875 0.01025390625 0.0087890625
11 0.57177734375 0.50830078125 0.01025390625 0.0087890625
11 0.57177734375 0.412109375 0.01025390625 0.0087890625
11 0.57177734375 0.41943359375 0.01025390625 0.0087890625
9 0.56103515625 0.39501953125 0.01123046875 0.01953125
21 0.75537109375 0.49169921875 0.00830078125 0.02294921875
21 0.75537109375 0.39599609375 0.00830078125 0.02294921875
11 0.708984375 0.482421875 0.01025390625 0.0087890625
11 0.708984375 0.50830078125 0.01025390625 0.0087890625
11 0.708984375 0.412109375 0.01025390625 0.0087890625
11 0.708984375 0.41943359375 0.01025390625 0.0087890625
9 0.6982421875 0.39501953125 0.01123046875 0.01953125
11 0.69384765625 0.40869140625 0.00732421875 0.00634765625
11 0.7373046875 0.48583984375 0.01025390625 0.0087890625
11 0.7373046875 0.4931640625 0.01025390625 0.0087890625
11 0.7373046875 0.416015625 0.01025390625 0.00927734375
12 0.32958984375 0.48583984375 0.0107421875 0.0087890625
12 0.32958984375 0.4931640625 0.0107421875 0.0087890625
12 0.32958984375 0.4267578125 0.0107421875 0.0087890625
11 0.32958984375 0.40478515625 0.01025390625 0.0087890625
11 0.39794921875 0.482421875 0.01025390625 0.0087890625
11 0.39794921875 0.48974609375 0.01025390625 0.0087890625
11 0.39794921875 0.41943359375 0.01025390625 0.0087890625
11 0.39794921875 0.4013671875 0.01025390625 0.0087890625
11 0.37109375 0.47900390625 0.01025390625 0.00927734375
11 0.37109375 0.48583984375 0.01025390625 0.0087890625
11 0.37109375 0.416015625 0.01025390625 0.00927734375
11 0.37109375 0.4013671875 0.01025390625 0.0087890625
11 0.34912109375 0.40869140625 0.01025390625 0.0087890625
10 0.19677734375 0.41064453125 0.0205078125 0.05615234375
11 0.26171875 0.4970703125 0.01025390625 0.00927734375
11 0.26171875 0.41943359375 0.01025390625 0.0087890625
11 0.26171875 0.4267578125 0.01025390625 0.0087890625
1 0.1962890625 0.505859375 0.021484375 0.02587890625
11 0.26171875 0.48974609375 0.01025390625 0.0087890625
0 0.17431640625 0.4599609375 0.00830078125 0.12646484375
11 0.3017578125 0.4970703125 0.01025390625 0.00927734375
11 0.3017578125 0.50439453125 0.01025390625 0.0087890625
11 0.3017578125 0.412109375 0.01025390625 0.0087890625
11 0.3017578125 0.4267578125 0.01025390625 0.0087890625
11 0.28173828125 0.4931640625 0.01025390625 0.0087890625
11 0.28173828125 0.50048828125 0.01025390625 0.0087890625
11 0.28173828125 0.416015625 0.01025390625 0.00927734375
11 0.28173828125 0.4267578125 0.01025390625 0.0087890625
12 0.46533203125 0.4931640625 0.0107421875 0.0087890625
12 0.47412109375 0.4013671875 0.0107421875 0.0087890625
11 0.46484375 0.4013671875 0.01025390625 0.0087890625
11 0.4375 0.48974609375 0.01025390625 0.0087890625
11 0.4375 0.4970703125 0.01025390625 0.00927734375
11 0.48583984375 0.40478515625 0.01025390625 0.0087890625
11 0.50732421875 0.48974609375 0.01025390625 0.0087890625
11 0.50732421875 0.50830078125 0.01025390625 0.0087890625
11 0.50732421875 0.3974609375 0.01025390625 0.00927734375
11 0.41796875 0.4931640625 0.01025390625 0.0087890625
11 0.41796875 0.416015625 0.01025390625 0.00927734375
11 0.41796875 0.4013671875 0.01025390625 0.0087890625
11 0.4375 0.4013671875 0.01025390625 0.0087890625
11 0.4375 0.412109375 0.01025390625 0.0087890625
11 0.41796875 0.48583984375 0.01025390625 0.0087890625
11 0.6982421875 0.63818359375 0.009765625 0.0087890625
11 0.6982421875 0.630859375 0.009765625 0.0087890625
21 0.69677734375 0.70849609375 0.00830078125 0.0224609375
11 0.5966796875 0.65283203125 0.01025390625 0.0087890625
11 0.5966796875 0.6455078125 0.01025390625 0.0087890625
11 0.5966796875 0.71044921875 0.01025390625 0.0087890625
11 0.5966796875 0.703125 0.01025390625 0.0087890625
21 0.63818359375 0.6328125 0.00830078125 0.02294921875
11 0.63916015625 0.703125 0.01025390625 0.0087890625
11 0.63916015625 0.69580078125 0.01025390625 0.0087890625
21 0.78125 0.6328125 0.00830078125 0.02294921875
11 0.7822265625 0.703125 0.01025390625 0.0087890625
11 0.7822265625 0.69580078125 0.01025390625 0.0087890625
11 0.73974609375 0.6455078125 0.01025390625 0.0087890625
11 0.73974609375 0.63818359375 0.01025390625 0.0087890625
11 0.73974609375 0.71044921875 0.01025390625 0.0087890625
11 0.73974609375 0.703125 0.01025390625 0.0087890625
11 0.41796875 0.6416015625 0.01025390625 0.0087890625
11 0.41796875 0.634765625 0.01025390625 0.00927734375
21 0.41650390625 0.70849609375 0.00830078125 0.0224609375
0 0.1748046875 0.68701171875 0.00732421875 0.10498046875
10 0.19677734375 0.6474609375 0.0205078125 0.05615234375
1 0.1962890625 0.72265625 0.021484375 0.02587890625
11 0.2744140625 0.6455078125 0.01025390625 0.0087890625
11 0.2744140625 0.63818359375 0.01025390625 0.0087890625
21 0.2734375 0.70849609375 0.00830078125 0.0224609375
11 0.501953125 0.69921875 0.01025390625 0.0087890625
11 0.55517578125 0.6455078125 0.01025390625 0.0087890625
11 0.55517578125 0.63818359375 0.01025390625 0.0087890625
21 0.5537109375 0.70849609375 0.00830078125 0.0224609375
11 0.45947265625 0.64892578125 0.01025390625 0.0087890625
11 0.45947265625 0.6416015625 0.01025390625 0.0087890625
11 0.45947265625 0.7138671875 0.01025390625 0.00927734375
11 0.45947265625 0.70654296875 0.01025390625 0.00927734375
11 0.501953125 0.70654296875 0.01025390625 0.00927734375
21 0.5009765625 0.6328125 0.00830078125 0.02294921875
12 0.7021484375 0.92041015625 0.0107421875 0.0087890625
11 0.66259765625 0.8515625 0.01025390625 0.00927734375
12 0.7021484375 0.876953125 0.0107421875 0.0087890625
12 0.7021484375 0.8662109375 0.0107421875 0.0087890625
12 0.7021484375 0.93896484375 0.0107421875 0.0087890625
21 0.58984375 0.849609375 0.00830078125 0.02294921875
21 0.58984375 0.9296875 0.00830078125 0.02294921875
11 0.63525390625 0.84765625 0.01025390625 0.0087890625
21 0.6337890625 0.9296875 0.00830078125 0.02294921875
11 0.75439453125 0.85888671875 0.00732421875 0.00634765625
8 0.75341796875 0.8740234375 0.01123046875 0.01953125
11 0.7783203125 0.86962890625 0.01025390625 0.00927734375
11 0.7783203125 0.86279296875 0.01025390625 0.0087890625
11 0.7783203125 0.93896484375 0.01025390625 0.0087890625
11 0.7783203125 0.9169921875 0.01025390625 0.00927734375
11 0.306640625 0.8662109375 0.01025390625 0.0087890625
11 0.306640625 0.85888671875 0.01025390625 0.0087890625
11 0.306640625 0.927734375 0.01025390625 0.0087890625
11 0.306640625 0.92041015625 0.01025390625 0.0087890625
21 0.3515625 0.849609375 0.00830078125 0.02294921875
11 0.35302734375 0.92041015625 0.01025390625 0.0087890625
11 0.35302734375 0.9130859375 0.01025390625 0.0087890625
0 0.1748046875 0.90625 0.0078125 0.10986328125
10 0.19677734375 0.8642578125 0.0205078125 0.05615234375
1 0.1962890625 0.94384765625 0.021484375 0.02587890625
11 0.26171875 0.85888671875 0.01025390625 0.0087890625
11 0.26171875 0.8515625 0.01025390625 0.00927734375
21 0.26025390625 0.9296875 0.00830078125 0.02294921875
12 0.4111328125 0.876953125 0.0107421875 0.0087890625
8 0.46240234375 0.8740234375 0.01123046875 0.01953125
11 0.4873046875 0.86962890625 0.01025390625 0.00927734375
11 0.4873046875 0.86279296875 0.01025390625 0.0087890625
11 0.4873046875 0.93896484375 0.01025390625 0.0087890625
11 0.4873046875 0.9169921875 0.01025390625 0.00927734375
11 0.4638671875 0.85888671875 0.00732421875 0.00634765625
11 0.544921875 0.8662109375 0.01025390625 0.0087890625
11 0.544921875 0.927734375 0.01025390625 0.0087890625
11 0.544921875 0.92041015625 0.01025390625 0.0087890625
12 0.4111328125 0.8662109375 0.0107421875 0.0087890625
12 0.4111328125 0.93896484375 0.0107421875 0.0087890625
12 0.4111328125 0.92041015625 0.0107421875 0.0087890625