11 0.67431640625 0.70068359375 0.0048828125 0.00390625
11 0.67431640625 0.64599609375 0.0048828125 0.00439453125
11 0.68994140625 0.6494140625 0.0048828125 0.00390625
12 0.6904296875 0.9013671875 0.0048828125 0.00390625
11 0.68994140625 0.7041015625 0.0048828125 0.00439453125
12 0.6904296875 0.32421875 0.0048828125 0.00390625
11 0.66455078125 0.640625 0.0048828125 0.00390625
11 0.654296875 0.69189453125 0.0048828125 0.00390625
11 0.654296875 0.63720703125 0.0048828125 0.00390625
11 0.642578125 0.640625 0.0048828125 0.00390625
11 0.642578125 0.6953125 0.0048828125 0.00439453125
11 0.66455078125 0.6953125 0.0048828125 0.00439453125
11 0.5419921875 0.8974609375 0.00439453125 0.00390625
12 0.55419921875 0.90478515625 0.0048828125 0.00439453125
11 0.619140625 0.65283203125 0.0048828125 0.00390625
11 0.55419921875 0.65283203125 0.0048828125 0.00390625
11 0.55419921875 0.70751953125 0.0048828125 0.00439453125
11 0.609375 0.70068359375 0.0048828125 0.00390625
11 0.609375 0.64599609375 0.0048828125 0.00439453125
11 0.59912109375 0.6953125 0.0048828125 0.00439453125
11 0.59912109375 0.640625 0.0048828125 0.00390625
11 0.630859375 0.64599609375 0.0048828125 0.00439453125
11 0.619140625 0.70751953125 0.0048828125 0.00439453125
11 0.57763671875 0.6953125 0.0048828125 0.00439453125
11 0.57763671875 0.640625 0.0048828125 0.00390625
11 0.56591796875 0.70068359375 0.0048828125 0.00390625
11 0.56591796875 0.64599609375 0.0048828125 0.00439453125
11 0.58935546875 0.63720703125 0.0048828125 0.00390625
11 0.58935546875 0.69189453125 0.0048828125 0.00390625
11 0.630859375 0.70068359375 0.0048828125 0.00390625
22 0.615234375 0.859375 0.0048828125 0.001953125
22 0.615234375 0.9423828125 0.0048828125 0.00244140625
22 0.45068359375 0.4482421875 0.0048828125 0.001953125
22 0.45068359375 0.4892578125 0.0048828125 0.001953125
22 0.45068359375 0.52978515625 0.0048828125 0.001953125
22 0.45068359375 0.57080078125 0.0048828125 0.001953125
22 0.45068359375 0.61181640625 0.0048828125 0.001953125
22 0.45068359375 0.4072265625 0.0048828125 0.00244140625
22 0.45068359375 0.7314453125 0.0048828125 0.00244140625
22 0.45068359375 0.77783203125 0.0048828125 0.001953125
22 0.45068359375 0.818359375 0.0048828125 0.001953125
22 0.45068359375 0.859375 0.0048828125 0.001953125
22 0.45068359375 0.0390625 0.0048828125 0.00244140625
22 0.45068359375 0.07958984375 0.0048828125 0.00244140625
22 0.45068359375 0.12060546875 0.0048828125 0.00244140625
22 0.45068359375 0.16162109375 0.0048828125 0.00244140625
22 0.45068359375 0.9423828125 0.0048828125 0.00244140625
22 0.45068359375 0.20263671875 0.0048828125 0.00244140625
22 0.45068359375 0.24365234375 0.0048828125 0.00244140625
22 0.45068359375 0.2841796875 0.0048828125 0.00244140625
22 0.45068359375 0.3251953125 0.0048828125 0.00244140625
22 0.45068359375 0.3662109375 0.0048828125 0.00244140625
22 0.615234375 0.57080078125 0.0048828125 0.001953125
22 0.615234375 0.3662109375 0.0048828125 0.00244140625
22 0.615234375 0.4072265625 0.0048828125 0.00244140625
22 0.615234375 0.4482421875 0.0048828125 0.001953125
22 0.615234375 0.4892578125 0.0048828125 0.001953125
22 0.615234375 0.52978515625 0.0048828125 0.001953125
22 0.615234375 0.3251953125 0.0048828125 0.00244140625
22 0.615234375 0.61181640625 0.0048828125 0.001953125
22 0.615234375 0.7314453125 0.0048828125 0.00244140625
22 0.615234375 0.77783203125 0.0048828125 0.001953125
22 0.615234375 0.818359375 0.0048828125 0.001953125
22 0.615234375 0.0390625 0.0048828125 0.00244140625
22 0.615234375 0.07958984375 0.0048828125 0.00244140625
22 0.615234375 0.12060546875 0.0048828125 0.00244140625
22 0.615234375 0.16162109375 0.0048828125 0.00244140625
22 0.615234375 0.20263671875 0.0048828125 0.00244140625
22 0.615234375 0.24365234375 0.0048828125 0.00244140625
22 0.615234375 0.2841796875 0.0048828125 0.00244140625
11 0.71337890625 0.6953125 0.0048828125 0.00439453125
11 0.71337890625 0.640625 0.0048828125 0.00390625
11 0.70166015625 0.70068359375 0.0048828125 0.00390625
11 0.70166015625 0.64599609375 0.0048828125 0.00439453125
11 0.7353515625 0.6953125 0.0048828125 0.00439453125
11 0.7353515625 0.640625 0.0048828125 0.00390625
11 0.72509765625 0.69189453125 0.0048828125 0.00390625
11 0.72509765625 0.63720703125 0.0048828125 0.00390625
11 0.79052734375 0.69189453125 0.0048828125 0.00390625
11 0.80029296875 0.640625 0.0048828125 0.00390625
11 0.80029296875 0.6953125 0.0048828125 0.00439453125
11 0.79052734375 0.63720703125 0.0048828125 0.00390625
11 0.81005859375 0.64599609375 0.0048828125 0.00439453125
11 0.81005859375 0.70068359375 0.0048828125 0.00390625
11 0.75537109375 0.7041015625 0.0048828125 0.00439453125
11 0.75537109375 0.6494140625 0.0048828125 0.00390625
11 0.7451171875 0.70068359375 0.00439453125 0.00390625
11 0.7451171875 0.64599609375 0.00439453125 0.00439453125
11 0.77880859375 0.6953125 0.00439453125 0.00439453125
11 0.77880859375 0.640625 0.00439453125 0.00390625
11 0.76708984375 0.70068359375 0.0048828125 0.00390625
11 0.76708984375 0.64599609375 0.0048828125 0.00439453125
11 0.26953125 0.6953125 0.0048828125 0.00439453125
11 0.26953125 0.640625 0.0048828125 0.00390625
11 0.2587890625 0.69384765625 0.0048828125 0.00390625
11 0.2587890625 0.638671875 0.0048828125 0.00390625
11 0.28955078125 0.7060546875 0.0048828125 0.00390625
11 0.28955078125 0.65087890625 0.0048828125 0.00390625
11 0.279296875 0.70068359375 0.0048828125 0.00390625
11 0.279296875 0.64599609375 0.0048828125 0.00439453125
11 0.224609375 0.7060546875 0.0048828125 0.00390625
11 0.224609375 0.65087890625 0.0048828125 0.00390625
1 0.18798828125 0.94384765625 0.01025390625 0.01220703125
1 0.18798828125 0.90185546875 0.01025390625 0.01220703125
11 0.248046875 0.6953125 0.0048828125 0.00439453125
11 0.248046875 0.640625 0.0048828125 0.00390625
11 0.23583984375 0.70068359375 0.0048828125 0.00390625
11 0.23583984375 0.64599609375 0.0048828125 0.00439453125
11 0.3642578125 0.90625 0.0048828125 0.00390625
11 0.3642578125 0.70947265625 0.0048828125 0.00390625
11 0.3642578125 0.65478515625 0.0048828125 0.00439453125
11 0.3447265625 0.70068359375 0.0048828125 0.00390625
11 0.3447265625 0.64599609375 0.0048828125 0.00439453125
11 0.31298828125 0.6953125 0.0048828125 0.00439453125
11 0.31298828125 0.640625 0.0048828125 0.00390625
11 0.30126953125 0.70068359375 0.0048828125 0.00390625
11 0.30126953125 0.64599609375 0.0048828125 0.00439453125
11 0.33447265625 0.6953125 0.0048828125 0.00439453125
11 0.33447265625 0.640625 0.0048828125 0.00390625
11 0.32373046875 0.69384765625 0.0048828125 0.00390625
11 0.32373046875 0.638671875 0.0048828125 0.00390625
22 0.2861328125 0.0390625 0.0048828125 0.00244140625
22 0.2861328125 0.4892578125 0.0048828125 0.001953125
22 0.2861328125 0.4482421875 0.0048828125 0.001953125
22 0.2861328125 0.4072265625 0.0048828125 0.00244140625
22 0.2861328125 0.3662109375 0.0048828125 0.00244140625
22 0.2861328125 0.3251953125 0.0048828125 0.00244140625
22 0.2861328125 0.2841796875 0.0048828125 0.00244140625
22 0.2861328125 0.24365234375 0.0048828125 0.00244140625
22 0.2861328125 0.20263671875 0.0048828125 0.00244140625
22 0.2861328125 0.16162109375 0.0048828125 0.00244140625
22 0.2861328125 0.12060546875 0.0048828125 0.00244140625
22 0.2861328125 0.07958984375 0.0048828125 0.00244140625
22 0.2861328125 0.52978515625 0.0048828125 0.001953125
22 0.75146484375 0.12060546875 0.0048828125 0.00244140625
22 0.75146484375 0.61181640625 0.0048828125 0.001953125
22 0.75146484375 0.57080078125 0.0048828125 0.001953125
22 0.75146484375 0.52978515625 0.0048828125 0.001953125
22 0.75146484375 0.4892578125 0.0048828125 0.001953125
22 0.75146484375 0.4482421875 0.0048828125 0.001953125
22 0.75146484375 0.4072265625 0.0048828125 0.00244140625
22 0.75146484375 0.3662109375 0.0048828125 0.00244140625
22 0.75146484375 0.2841796875 0.0048828125 0.00244140625
22 0.75146484375 0.24365234375 0.0048828125 0.00244140625
22 0.75146484375 0.20263671875 0.0048828125 0.00244140625
22 0.75146484375 0.16162109375 0.0048828125 0.00244140625
22 0.75146484375 0.07958984375 0.0048828125 0.00244140625
22 0.75146484375 0.0390625 0.0048828125 0.00244140625
22 0.2861328125 0.9423828125 0.0048828125 0.00244140625
22 0.2861328125 0.900390625 0.0048828125 0.001953125
22 0.2861328125 0.859375 0.0048828125 0.001953125
22 0.2861328125 0.818359375 0.0048828125 0.001953125
22 0.2861328125 0.77783203125 0.0048828125 0.001953125
22 0.2861328125 0.7314453125 0.0048828125 0.00244140625
22 0.2861328125 0.61181640625 0.0048828125 0.001953125
22 0.2861328125 0.57080078125 0.0048828125 0.001953125
0 0.17724609375 0.7158203125 0.00341796875 0.05078125
22 0.75146484375 0.7314453125 0.0048828125 0.00244140625
0 0.17724609375 0.6328125 0.00341796875 0.05078125
1 0.18798828125 0.64990234375 0.01025390625 0.01220703125
10 0.1884765625 0.61376953125 0.009765625 0.02685546875
1 0.18798828125 0.572265625 0.01025390625 0.01220703125
10 0.1884765625 0.53173828125 0.009765625 0.02685546875
10 0.1884765625 0.49072265625 0.009765625 0.0263671875
10 0.1884765625 0.44970703125 0.009765625 0.02685546875
10 0.1884765625 0.8203125 0.009765625 0.02685546875
10 0.1884765625 0.779296875 0.009765625 0.02685546875
1 0.18798828125 0.73291015625 0.01025390625 0.01220703125
10 0.1884765625 0.6962890625 0.009765625 0.02685546875
10 0.1884765625 0.1630859375 0.009765625 0.02685546875
10 0.1884765625 0.12255859375 0.009765625 0.02685546875
10 0.1884765625 0.08154296875 0.009765625 0.02685546875
10 0.1884765625 0.04052734375 0.009765625 0.02685546875
22 0.75146484375 0.9423828125 0.0048828125 0.00244140625
22 0.75146484375 0.859375 0.0048828125 0.001953125
22 0.75146484375 0.818359375 0.0048828125 0.001953125
22 0.75146484375 0.77783203125 0.0048828125 0.001953125
10 0.1884765625 0.40869140625 0.009765625 0.02685546875
10 0.1884765625 0.36767578125 0.009765625 0.02685546875
10 0.1884765625 0.3271484375 0.009765625 0.02685546875
10 0.1884765625 0.2861328125 0.009765625 0.02685546875
10 0.1884765625 0.2451171875 0.009765625 0.02685546875
1 0.18798828125 0.2041015625 0.01025390625 0.01220703125
11 0.45654296875 0.65478515625 0.0048828125 0.00439453125
11 0.45654296875 0.90625 0.0048828125 0.00390625
11 0.45654296875 0.70947265625 0.0048828125 0.00390625
11 0.44970703125 0.8974609375 0.0048828125 0.00390625
11 0.4716796875 0.90625 0.0048828125 0.00390625
11 0.4716796875 0.70068359375 0.0048828125 0.00390625
11 0.4716796875 0.64599609375 0.0048828125 0.00439453125
11 0.46484375 0.8974609375 0.0048828125 0.00390625
11 0.42578125 0.697265625 0.00439453125 0.00390625
11 0.42578125 0.90625 0.00439453125 0.00390625
11 0.42578125 0.64208984375 0.00439453125 0.00439453125
11 0.4189453125 0.8974609375 0.0048828125 0.00390625
11 0.44091796875 0.64599609375 0.0048828125 0.00439453125
11 0.44091796875 0.90625 0.0048828125 0.00390625
11 0.44091796875 0.70068359375 0.0048828125 0.00390625
11 0.43408203125 0.8974609375 0.0048828125 0.00390625
11 0.51806640625 0.90625 0.0048828125 0.00390625
11 0.51806640625 0.697265625 0.0048828125 0.00390625
11 0.51806640625 0.64208984375 0.0048828125 0.00439453125
11 0.51123046875 0.8974609375 0.0048828125 0.00390625
11 0.533203125 0.90625 0.0048828125 0.00390625
11 0.533203125 0.70068359375 0.0048828125 0.00390625
11 0.533203125 0.64599609375 0.0048828125 0.00439453125
11 0.5263671875 0.8974609375 0.0048828125 0.00390625
11 0.4873046875 0.90625 0.0048828125 0.00390625
11 0.4873046875 0.697265625 0.0048828125 0.00390625
11 0.4873046875 0.64208984375 0.0048828125 0.00439453125
11 0.48046875 0.8974609375 0.0048828125 0.00390625
11 0.50244140625 0.90625 0.0048828125 0.00390625
11 0.50244140625 0.69384765625 0.0048828125 0.00390625
11 0.50244140625 0.638671875 0.0048828125 0.00390625
11 0.49560546875 0.8974609375 0.0048828125 0.00390625
11 0.3798828125 0.90625 0.0048828125 0.00390625
11 0.3798828125 0.70068359375 0.0048828125 0.00390625
11 0.3798828125 0.64599609375 0.0048828125 0.00439453125
11 0.37255859375 0.8974609375 0.0048828125 0.00390625
11 0.38818359375 0.8974609375 0.0048828125 0.00390625
11 0.41015625 0.69384765625 0.0048828125 0.00390625
11 0.41015625 0.638671875 0.0048828125 0.00390625
11 0.41015625 0.90625 0.0048828125 0.00390625
11 0.4033203125 0.8974609375 0.0048828125 0.00390625
11 0.39501953125 0.697265625 0.0048828125 0.00390625
11 0.39501953125 0.90625 0.0048828125 0.00390625
11 0.39501953125 0.64208984375 0.0048828125 0.00439453125