11 0.63671875 0.3212890625 0.00830078125 0.0068359375
11 0.63671875 0.2763671875 0.00830078125 0.0068359375
11 0.63671875 0.19482421875 0.00830078125 0.0068359375
11 0.63671875 0.12890625 0.00830078125 0.00732421875
11 0.63671875 0.0537109375 0.00830078125 0.0068359375
11 0.54345703125 0.0537109375 0.00830078125 0.0068359375
11 0.67724609375 0.33642578125 0.00830078125 0.0068359375
11 0.67724609375 0.291015625 0.00830078125 0.0068359375
11 0.67724609375 0.2099609375 0.00830078125 0.0068359375
11 0.67724609375 0.1435546875 0.00830078125 0.00732421875
11 0.67724609375 0.04736328125 0.00830078125 0.0068359375
11 0.66552734375 0.20361328125 0.00830078125 0.0068359375
11 0.66552734375 0.1376953125 0.00830078125 0.0068359375
11 0.66552734375 0.04736328125 0.00830078125 0.0068359375
11 0.66552734375 0.28515625 0.00830078125 0.0068359375
11 0.66552734375 0.33056640625 0.00830078125 0.00732421875
11 0.6494140625 0.32470703125 0.00830078125 0.0068359375
11 0.6494140625 0.27880859375 0.00830078125 0.0068359375
11 0.6494140625 0.19775390625 0.00830078125 0.00732421875
11 0.6494140625 0.1318359375 0.00830078125 0.0068359375
11 0.6494140625 0.0537109375 0.00830078125 0.0068359375
11 0.56103515625 0.32470703125 0.00830078125 0.0068359375
11 0.56103515625 0.27880859375 0.00830078125 0.0068359375
11 0.56103515625 0.19775390625 0.00830078125 0.00732421875
11 0.56103515625 0.1376953125 0.00830078125 0.0068359375
11 0.56103515625 0.0537109375 0.00830078125 0.0068359375
11 0.578125 0.1376953125 0.00830078125 0.0068359375
11 0.578125 0.0537109375 0.00830078125 0.0068359375
11 0.54345703125 0.32470703125 0.00830078125 0.0068359375
11 0.54345703125 0.27880859375 0.00830078125 0.0068359375
11 0.54345703125 0.19775390625 0.00830078125 0.00732421875
11 0.54345703125 0.1376953125 0.00830078125 0.0068359375
11 0.578125 0.19775390625 0.00830078125 0.00732421875
11 0.62060546875 0.32470703125 0.00830078125 0.0068359375
11 0.62060546875 0.27880859375 0.00830078125 0.0068359375
11 0.62060546875 0.18896484375 0.00830078125 0.0068359375
11 0.62060546875 0.1318359375 0.00830078125 0.0068359375
11 0.62060546875 0.0537109375 0.00830078125 0.0068359375
11 0.578125 0.32470703125 0.00830078125 0.0068359375
11 0.578125 0.27880859375 0.00830078125 0.0068359375
11 0.59619140625 0.3271484375 0.00830078125 0.0068359375
11 0.59619140625 0.2822265625 0.00830078125 0.00732421875
11 0.59619140625 0.19189453125 0.00830078125 0.00732421875
11 0.59619140625 0.134765625 0.00830078125 0.0068359375
11 0.59619140625 0.05029296875 0.00830078125 0.0068359375
11 0.79638671875 0.33056640625 0.00830078125 0.00732421875
11 0.79638671875 0.2763671875 0.00830078125 0.0068359375
11 0.79638671875 0.12890625 0.00830078125 0.00732421875
11 0.8095703125 0.3271484375 0.00830078125 0.0068359375
11 0.8095703125 0.27294921875 0.00830078125 0.0068359375
11 0.8095703125 0.12548828125 0.00830078125 0.0068359375
11 0.7822265625 0.134765625 0.00830078125 0.0068359375
11 0.7685546875 0.33056640625 0.00830078125 0.00732421875
11 0.7822265625 0.33642578125 0.00830078125 0.0068359375
11 0.7822265625 0.2822265625 0.00830078125 0.00732421875
11 0.7236328125 0.134765625 0.00830078125 0.0068359375
11 0.7236328125 0.33642578125 0.00830078125 0.0068359375
11 0.7236328125 0.2822265625 0.00830078125 0.00732421875
13 0.72509765625 0.19482421875 0.01123046875 0.0068359375
13 0.72509765625 0.05322265625 0.01123046875 0.00732421875
11 0.69482421875 0.04736328125 0.00830078125 0.0068359375
11 0.69482421875 0.1435546875 0.00830078125 0.00732421875
11 0.69482421875 0.33642578125 0.00830078125 0.0068359375
11 0.69482421875 0.291015625 0.00830078125 0.0068359375
11 0.69482421875 0.2099609375 0.00830078125 0.0068359375
11 0.7548828125 0.33349609375 0.00830078125 0.0068359375
11 0.7548828125 0.27880859375 0.00830078125 0.0068359375
11 0.7548828125 0.1318359375 0.00830078125 0.0068359375
11 0.7685546875 0.2763671875 0.00830078125 0.0068359375
11 0.7685546875 0.12890625 0.00830078125 0.00732421875
11 0.7412109375 0.33642578125 0.00830078125 0.0068359375
11 0.7412109375 0.2822265625 0.00830078125 0.00732421875
11 0.7412109375 0.134765625 0.00830078125 0.0068359375
11 0.361328125 0.20068359375 0.00830078125 0.0068359375
11 0.361328125 0.12255859375 0.00830078125 0.0068359375
11 0.361328125 0.0595703125 0.00830078125 0.00732421875
11 0.361328125 0.2822265625 0.00830078125 0.00732421875
11 0.361328125 0.3271484375 0.00830078125 0.0068359375
11 0.34423828125 0.3271484375 0.00830078125 0.0068359375
11 0.34423828125 0.2822265625 0.00830078125 0.00732421875
11 0.34423828125 0.20068359375 0.00830078125 0.0068359375
11 0.34423828125 0.12255859375 0.00830078125 0.0068359375
11 0.34423828125 0.0595703125 0.00830078125 0.00732421875
11 0.39013671875 0.3212890625 0.00830078125 0.0068359375
11 0.39013671875 0.2763671875 0.00830078125 0.0068359375
11 0.39013671875 0.19482421875 0.00830078125 0.0068359375
11 0.39013671875 0.12255859375 0.00830078125 0.0068359375
11 0.39013671875 0.0595703125 0.00830078125 0.00732421875
11 0.40185546875 0.3271484375 0.00830078125 0.0068359375
11 0.40185546875 0.2822265625 0.00830078125 0.00732421875
11 0.40185546875 0.20068359375 0.00830078125 0.0068359375
11 0.40185546875 0.12255859375 0.00830078125 0.0068359375
11 0.40185546875 0.0595703125 0.00830078125 0.00732421875
11 0.3740234375 0.12255859375 0.00830078125 0.0068359375
11 0.3740234375 0.32470703125 0.00830078125 0.0068359375
11 0.3740234375 0.27880859375 0.00830078125 0.0068359375
11 0.3740234375 0.19775390625 0.00830078125 0.00732421875
11 0.3740234375 0.0625 0.00830078125 0.0068359375
11 0.25830078125 0.20068359375 0.00830078125 0.0068359375
11 0.25830078125 0.3271484375 0.00830078125 0.0068359375
19 0.25830078125 0.265625 0.00830078125 0.00390625
11 0.25830078125 0.11376953125 0.00830078125 0.0068359375
11 0.25830078125 0.0654296875 0.00830078125 0.0068359375
11 0.27587890625 0.3271484375 0.00830078125 0.0068359375
11 0.27587890625 0.20068359375 0.00830078125 0.0068359375
11 0.27587890625 0.11376953125 0.00830078125 0.0068359375
11 0.27587890625 0.0654296875 0.00830078125 0.0068359375
10 0.19384765625 0.05810546875 0.0166015625 0.0458984375
1 0.193359375 0.33447265625 0.017578125 0.02099609375
10 0.19384765625 0.265625 0.0166015625 0.0458984375
10 0.19384765625 0.1962890625 0.0166015625 0.0458984375
10 0.19384765625 0.12744140625 0.0166015625 0.0458984375
12 0.30126953125 0.20068359375 0.0087890625 0.0068359375
11 0.30078125 0.3271484375 0.00830078125 0.0068359375
12 0.30126953125 0.11376953125 0.0087890625 0.0068359375
12 0.30126953125 0.0654296875 0.0087890625 0.0068359375
11 0.31689453125 0.33642578125 0.00830078125 0.0068359375
11 0.31689453125 0.291015625 0.00830078125 0.0068359375
11 0.28857421875 0.32470703125 0.00830078125 0.0068359375
11 0.28857421875 0.19775390625 0.00830078125 0.00732421875
11 0.28857421875 0.11083984375 0.00830078125 0.0068359375
11 0.28857421875 0.0625 0.00830078125 0.0068359375
11 0.47705078125 0.318359375 0.00830078125 0.0068359375
11 0.47705078125 0.27294921875 0.00830078125 0.0068359375
11 0.47705078125 0.19189453125 0.00830078125 0.00732421875
11 0.47705078125 0.134765625 0.00830078125 0.0068359375
11 0.47705078125 0.04443359375 0.00830078125 0.00732421875
11 0.52392578125 0.2822265625 0.00830078125 0.00732421875
11 0.52392578125 0.20068359375 0.00830078125 0.0068359375
11 0.52392578125 0.3271484375 0.00830078125 0.0068359375
11 0.46435546875 0.3154296875 0.00830078125 0.00732421875
11 0.46435546875 0.27001953125 0.00830078125 0.0068359375
11 0.46435546875 0.18896484375 0.00830078125 0.0068359375
11 0.46435546875 0.1318359375 0.00830078125 0.0068359375
11 0.46435546875 0.04736328125 0.00830078125 0.0068359375
11 0.51123046875 0.04736328125 0.00830078125 0.0068359375
11 0.51123046875 0.32470703125 0.00830078125 0.0068359375
11 0.51123046875 0.27880859375 0.00830078125 0.0068359375
11 0.51123046875 0.19775390625 0.00830078125 0.00732421875
11 0.51123046875 0.1376953125 0.00830078125 0.0068359375
11 0.49365234375 0.3212890625 0.00830078125 0.0068359375
11 0.49365234375 0.2763671875 0.00830078125 0.0068359375
11 0.49365234375 0.19482421875 0.00830078125 0.0068359375
11 0.49365234375 0.1435546875 0.00830078125 0.00732421875
11 0.49365234375 0.04443359375 0.00830078125 0.00732421875
11 0.52392578125 0.05029296875 0.00830078125 0.0068359375
11 0.52392578125 0.134765625 0.00830078125 0.0068359375
11 0.42822265625 0.318359375 0.00830078125 0.0068359375
11 0.42822265625 0.27294921875 0.00830078125 0.0068359375
11 0.42822265625 0.19189453125 0.00830078125 0.00732421875
11 0.42822265625 0.12548828125 0.00830078125 0.0068359375
11 0.42822265625 0.05029296875 0.00830078125 0.0068359375
11 0.416015625 0.3212890625 0.00830078125 0.0068359375
11 0.416015625 0.2763671875 0.00830078125 0.0068359375
11 0.416015625 0.19482421875 0.00830078125 0.0068359375
11 0.416015625 0.12255859375 0.00830078125 0.0068359375
11 0.416015625 0.0537109375 0.00830078125 0.0068359375
11 0.44677734375 0.3154296875 0.00830078125 0.00732421875
11 0.44677734375 0.27001953125 0.00830078125 0.0068359375
11 0.44677734375 0.18896484375 0.00830078125 0.0068359375
11 0.44677734375 0.1318359375 0.00830078125 0.0068359375
11 0.44677734375 0.04736328125 0.00830078125 0.0068359375
11 0.61767578125 0.65185546875 0.00830078125 0.00732421875
11 0.63134765625 0.8623046875 0.00830078125 0.0068359375
11 0.61767578125 0.57666015625 0.00830078125 0.0068359375
11 0.61767578125 0.865234375 0.00830078125 0.0068359375
12 0.6318359375 0.72998046875 0.0087890625 0.0068359375
11 0.63134765625 0.5732421875 0.00830078125 0.0068359375
11 0.63134765625 0.6484375 0.00830078125 0.0068359375
12 0.6318359375 0.81103515625 0.0087890625 0.0068359375
11 0.65966796875 0.8623046875 0.00830078125 0.0068359375
11 0.65966796875 0.5732421875 0.00830078125 0.0068359375
11 0.65966796875 0.6484375 0.00830078125 0.0068359375
11 0.537109375 0.859375 0.00830078125 0.00732421875
11 0.64501953125 0.57958984375 0.0078125 0.0068359375
11 0.64501953125 0.65478515625 0.0078125 0.0068359375
11 0.64501953125 0.8681640625 0.0078125 0.0068359375
11 0.564453125 0.81396484375 0.00830078125 0.0068359375
11 0.564453125 0.865234375 0.00830078125 0.0068359375
11 0.5849609375 0.57958984375 0.00830078125 0.0068359375
11 0.5849609375 0.65478515625 0.00830078125 0.0068359375
12 0.58544921875 0.73583984375 0.0087890625 0.0068359375
12 0.58544921875 0.81689453125 0.0087890625 0.0068359375
11 0.5849609375 0.8681640625 0.00830078125 0.0068359375
11 0.55078125 0.81103515625 0.00830078125 0.0068359375
11 0.55078125 0.65771484375 0.00830078125 0.0068359375
11 0.55078125 0.8623046875 0.00830078125 0.0068359375
11 0.60400390625 0.8681640625 0.00830078125 0.0068359375
11 0.60400390625 0.57958984375 0.00830078125 0.0068359375
11 0.60400390625 0.65478515625 0.00830078125 0.0068359375
13 0.78515625 0.88330078125 0.01123046875 0.00732421875
13 0.78515625 0.82568359375 0.01123046875 0.00732421875
11 0.70068359375 0.81689453125 0.00830078125 0.0068359375
11 0.70068359375 0.88330078125 0.00830078125 0.0068359375
13 0.7021484375 0.72412109375 0.01123046875 0.0068359375
11 0.67333984375 0.5703125 0.00830078125 0.0068359375
11 0.67333984375 0.64599609375 0.00830078125 0.0068359375
11 0.67333984375 0.859375 0.00830078125 0.00732421875
13 0.7021484375 0.5673828125 0.01123046875 0.00732421875
13 0.7021484375 0.6484375 0.01123046875 0.0068359375
12 0.74609375 0.82568359375 0.0087890625 0.00732421875
12 0.74609375 0.89208984375 0.0087890625 0.0068359375
13 0.78515625 0.5673828125 0.01123046875 0.00732421875
13 0.78515625 0.6484375 0.01123046875 0.0068359375
13 0.78515625 0.72412109375 0.01123046875 0.0068359375
11 0.728515625 0.81982421875 0.00830078125 0.0068359375
11 0.728515625 0.88623046875 0.00830078125 0.0068359375
13 0.36328125 0.865234375 0.01123046875 0.00732421875
13 0.36328125 0.81396484375 0.01123046875 0.0068359375
11 0.33642578125 0.66943359375 0.00830078125 0.0068359375
11 0.33642578125 0.74169921875 0.00830078125 0.00732421875
11 0.36181640625 0.58837890625 0.00830078125 0.00732421875
11 0.36181640625 0.66650390625 0.00830078125 0.0068359375
11 0.36181640625 0.73876953125 0.00830078125 0.0068359375
13 0.36328125 0.81982421875 0.01123046875 0.00732421875
11 0.400390625 0.73583984375 0.00830078125 0.0068359375
11 0.400390625 0.58544921875 0.00830078125 0.0068359375
11 0.400390625 0.66357421875 0.00830078125 0.0068359375
11 0.41943359375 0.58544921875 0.00830078125 0.0068359375
11 0.38134765625 0.58837890625 0.00830078125 0.00732421875
11 0.38134765625 0.66650390625 0.00830078125 0.0068359375
11 0.38134765625 0.73876953125 0.00830078125 0.0068359375
13 0.26025390625 0.58837890625 0.01123046875 0.00732421875
10 0.19384765625 0.80078125 0.0166015625 0.0458984375
1 0.193359375 0.86962890625 0.017578125 0.02099609375
11 0.2587890625 0.65771484375 0.00830078125 0.0068359375
11 0.2587890625 0.72998046875 0.00830078125 0.0068359375
13 0.26025390625 0.80517578125 0.01123046875 0.00732421875
13 0.26025390625 0.859375 0.01123046875 0.00732421875
10 0.19384765625 0.5927734375 0.0166015625 0.0458984375
10 0.19384765625 0.662109375 0.0166015625 0.0458984375
10 0.19384765625 0.7314453125 0.0166015625 0.0458984375
11 0.30419921875 0.73583984375 0.00830078125 0.0068359375
11 0.291015625 0.66064453125 0.00830078125 0.0068359375
11 0.291015625 0.73291015625 0.00830078125 0.0068359375
11 0.30419921875 0.66357421875 0.00830078125 0.0068359375
11 0.3232421875 0.66650390625 0.00830078125 0.0068359375
11 0.3232421875 0.73876953125 0.00830078125 0.0068359375
11 0.27783203125 0.65771484375 0.00830078125 0.0068359375
11 0.27783203125 0.72998046875 0.00830078125 0.0068359375
11 0.49658203125 0.66357421875 0.00830078125 0.0068359375
11 0.49658203125 0.73583984375 0.00830078125 0.0068359375
11 0.49658203125 0.81103515625 0.00830078125 0.0068359375
11 0.49658203125 0.8623046875 0.00830078125 0.0068359375
11 0.48291015625 0.66650390625 0.0078125 0.0068359375
11 0.48291015625 0.73876953125 0.0078125 0.0068359375
11 0.48291015625 0.81396484375 0.0078125 0.0068359375
11 0.48291015625 0.865234375 0.0078125 0.0068359375
11 0.52392578125 0.65771484375 0.00830078125 0.0068359375
12 0.52392578125 0.73876953125 0.0087890625 0.0068359375
11 0.52392578125 0.80517578125 0.00830078125 0.00732421875
11 0.52392578125 0.8564453125 0.00830078125 0.0068359375
11 0.537109375 0.80810546875 0.00830078125 0.0068359375
11 0.51025390625 0.66064453125 0.00830078125 0.0068359375
11 0.51025390625 0.73291015625 0.00830078125 0.0068359375
11 0.51025390625 0.80810546875 0.00830078125 0.0068359375
11 0.51025390625 0.859375 0.00830078125 0.00732421875
13 0.4599609375 0.58837890625 0.01123046875 0.00732421875
11 0.45849609375 0.66943359375 0.00830078125 0.0068359375
11 0.45849609375 0.74169921875 0.00830078125 0.00732421875
11 0.45849609375 0.81689453125 0.00830078125 0.0068359375
11 0.45849609375 0.8681640625 0.00830078125 0.0068359375
11 0.41943359375 0.66357421875 0.00830078125 0.0068359375
11 0.41943359375 0.73583984375 0.00830078125 0.0068359375
11 0.4326171875 0.58837890625 0.00830078125 0.00732421875
11 0.4326171875 0.66650390625 0.00830078125 0.0068359375
11 0.4326171875 0.73876953125 0.00830078125 0.0068359375