15 0.45654296875 0.04833984375 0.0078125 0.01171875
11 0.67626953125 0.044921875 0.00830078125 0.00732421875
15 0.60302734375 0.04833984375 0.0078125 0.01171875
8 0.529296875 0.056640625 0.00634765625 0.017578125
11 0.52978515625 0.044921875 0.00830078125 0.00732421875
15 0.74951171875 0.04833984375 0.0078125 0.01171875
8 0.67578125 0.056640625 0.00634765625 0.017578125
11 0.2373046875 0.044921875 0.00830078125 0.00732421875
15 0.310546875 0.04833984375 0.0078125 0.01171875
11 0.38330078125 0.044921875 0.00830078125 0.00732421875
8 0.38330078125 0.056640625 0.00634765625 0.017578125
8 0.23681640625 0.056640625 0.00634765625 0.017578125
11 0.6162109375 0.1650390625 0.00830078125 0.00732421875
11 0.63818359375 0.162109375 0.00830078125 0.0068359375
8 0.6376953125 0.17431640625 0.00634765625 0.01806640625
11 0.52294921875 0.162109375 0.00830078125 0.0068359375
12 0.54443359375 0.16552734375 0.0087890625 0.0068359375
11 0.58837890625 0.16845703125 0.00830078125 0.0068359375
11 0.7763671875 0.162109375 0.00830078125 0.0068359375
8 0.77587890625 0.17431640625 0.00634765625 0.01806640625
15 0.79931640625 0.16015625 0.0078125 0.01171875
15 0.6611328125 0.16015625 0.0078125 0.01171875
11 0.68408203125 0.162109375 0.00830078125 0.0068359375
8 0.68359375 0.17431640625 0.00634765625 0.01806640625
15 0.70703125 0.16015625 0.0078125 0.01171875
11 0.73046875 0.162109375 0.00830078125 0.0068359375
8 0.72998046875 0.17431640625 0.00634765625 0.01806640625
15 0.75341796875 0.16015625 0.0078125 0.01171875
11 0.3212890625 0.1650390625 0.00830078125 0.00732421875
11 0.3525390625 0.162109375 0.00830078125 0.0068359375
11 0.24853515625 0.15625 0.00830078125 0.0068359375
11 0.3798828125 0.1591796875 0.00830078125 0.0068359375
11 0.2373046875 0.1533203125 0.00830078125 0.0068359375
11 0.2783203125 0.1591796875 0.00830078125 0.0068359375
11 0.30615234375 0.162109375 0.0078125 0.0068359375
11 0.4345703125 0.1474609375 0.00830078125 0.0068359375
11 0.4638671875 0.15625 0.00830078125 0.0068359375
11 0.4951171875 0.1591796875 0.0078125 0.0068359375
11 0.40185546875 0.15625 0.00830078125 0.0068359375
11 0.6220703125 0.3037109375 0.00830078125 0.0068359375
11 0.6513671875 0.30078125 0.00830078125 0.0068359375
21 0.544921875 0.26953125 0.00634765625 0.0185546875
11 0.599609375 0.3037109375 0.00830078125 0.0068359375
11 0.5732421875 0.30078125 0.00830078125 0.0068359375
12 0.7841796875 0.294921875 0.0087890625 0.0068359375
11 0.6806640625 0.30078125 0.0078125 0.0068359375
11 0.71142578125 0.28564453125 0.00830078125 0.0068359375
12 0.74853515625 0.28857421875 0.0087890625 0.0068359375
11 0.29296875 0.27978515625 0.00830078125 0.0068359375
11 0.3076171875 0.28271484375 0.00830078125 0.0068359375
11 0.3369140625 0.28564453125 0.00830078125 0.0068359375
11 0.36328125 0.28271484375 0.00830078125 0.0068359375
11 0.2373046875 0.27392578125 0.00830078125 0.0068359375
11 0.2666015625 0.27685546875 0.00830078125 0.0068359375
11 0.41650390625 0.27392578125 0.00830078125 0.0068359375
11 0.44580078125 0.27685546875 0.00830078125 0.0068359375
11 0.4794921875 0.27978515625 0.00830078125 0.0068359375
8 0.47900390625 0.29150390625 0.00634765625 0.017578125
12 0.50927734375 0.27978515625 0.0087890625 0.0068359375
11 0.3857421875 0.27978515625 0.00830078125 0.0068359375
11 0.61181640625 0.37939453125 0.00830078125 0.0068359375
12 0.64453125 0.38232421875 0.0087890625 0.0068359375
21 0.6796875 0.380859375 0.00634765625 0.0185546875
11 0.5205078125 0.37353515625 0.00830078125 0.0068359375
12 0.55322265625 0.37939453125 0.0087890625 0.0068359375
11 0.58447265625 0.38525390625 0.00830078125 0.0068359375
14 0.79443359375 0.38623046875 0.0087890625 0.01708984375
11 0.80859375 0.39111328125 0.00830078125 0.0068359375
4 0.80859375 0.4033203125 0.00732421875 0.01806640625
11 0.71240234375 0.38232421875 0.00830078125 0.0068359375
11 0.73828125 0.38525390625 0.00830078125 0.0068359375
11 0.7646484375 0.38818359375 0.00830078125 0.0068359375
11 0.31591796875 0.412109375 0.00830078125 0.00732421875
11 0.33935546875 0.4091796875 0.00830078125 0.0068359375
11 0.28955078125 0.4091796875 0.00830078125 0.0068359375
12 0.36083984375 0.400390625 0.0087890625 0.0068359375
11 0.2373046875 0.4033203125 0.00830078125 0.0068359375
11 0.26318359375 0.40625 0.00830078125 0.0068359375
11 0.42236328125 0.38232421875 0.0078125 0.0068359375
11 0.44189453125 0.37939453125 0.00830078125 0.0068359375
11 0.46630859375 0.38525390625 0.00830078125 0.0068359375
11 0.494140625 0.37060546875 0.00830078125 0.0068359375
11 0.39892578125 0.38525390625 0.00830078125 0.0068359375
11 0.5888671875 0.51171875 0.00830078125 0.0068359375
11 0.61181640625 0.5087890625 0.00830078125 0.0068359375
11 0.65771484375 0.5146484375 0.00830078125 0.0068359375
11 0.6806640625 0.51171875 0.00830078125 0.0068359375
11 0.54345703125 0.5 0.00830078125 0.0068359375
13 0.544921875 0.51171875 0.01123046875 0.00732421875
11 0.7509765625 0.517578125 0.00830078125 0.00732421875
11 0.72802734375 0.5146484375 0.00830078125 0.0068359375
11 0.7978515625 0.5146484375 0.00830078125 0.0068359375
11 0.29833984375 0.51171875 0.00830078125 0.0068359375
5 0.30517578125 0.5009765625 0.0068359375 0.02099609375
11 0.3232421875 0.5029296875 0.00830078125 0.00732421875
15 0.23681640625 0.49462890625 0.0078125 0.01171875
13 0.23876953125 0.51171875 0.01123046875 0.00732421875
14 0.275390625 0.49169921875 0.0087890625 0.01708984375
11 0.4638671875 0.49365234375 0.00830078125 0.0068359375
11 0.5107421875 0.4970703125 0.00830078125 0.0068359375
11 0.3935546875 0.5 0.00830078125 0.0068359375
11 0.369140625 0.51171875 0.00830078125 0.0068359375
11 0.43896484375 0.51171875 0.00830078125 0.0068359375
11 0.58154296875 0.62890625 0.00830078125 0.0068359375
21 0.5458984375 0.6279296875 0.00634765625 0.0185546875
11 0.6142578125 0.6259765625 0.00830078125 0.0068359375
11 0.64013671875 0.611328125 0.00830078125 0.0068359375
15 0.4853515625 0.60595703125 0.0078125 0.01171875
15 0.4853515625 0.6298828125 0.0078125 0.01171875
19 0.54736328125 0.603515625 0.00830078125 0.00390625
21 0.5107421875 0.60400390625 0.00634765625 0.01806640625
21 0.5107421875 0.6279296875 0.00634765625 0.0185546875
8 0.72802734375 0.6259765625 0.00634765625 0.01806640625
15 0.75537109375 0.60595703125 0.0078125 0.01171875
21 0.78125 0.60400390625 0.00634765625 0.01806640625
8 0.6396484375 0.623046875 0.00634765625 0.017578125
15 0.6669921875 0.60595703125 0.0078125 0.01171875
21 0.69287109375 0.60400390625 0.0068359375 0.01806640625
11 0.728515625 0.6142578125 0.00830078125 0.0068359375
11 0.30078125 0.6142578125 0.00830078125 0.0068359375
14 0.26416015625 0.60302734375 0.0087890625 0.01708984375
11 0.28173828125 0.623046875 0.00830078125 0.00732421875
5 0.28857421875 0.61279296875 0.00732421875 0.02099609375
11 0.33203125 0.623046875 0.00830078125 0.00732421875
15 0.23681640625 0.60595703125 0.0078125 0.01171875
13 0.23876953125 0.623046875 0.01123046875 0.00732421875
9 0.46533203125 0.6015625 0.0068359375 0.017578125
11 0.43359375 0.6083984375 0.00830078125 0.00732421875
11 0.45849609375 0.611328125 0.00830078125 0.0068359375
11 0.45849609375 0.623046875 0.00830078125 0.00732421875
11 0.3505859375 0.611328125 0.00830078125 0.0068359375
11 0.40087890625 0.60546875 0.00830078125 0.0068359375
11 0.3818359375 0.623046875 0.00830078125 0.00732421875
8 0.4580078125 0.6328125 0.00634765625 0.017578125