8 0.615234375 0.212890625 0.00634765625 0.01806640625
11 0.6767578125 0.20361328125 0.00830078125 0.00732421875
8 0.615234375 0.283203125 0.00634765625 0.017578125
21 0.658203125 0.134765625 0.00634765625 0.0185546875
21 0.658203125 0.0458984375 0.00634765625 0.0185546875
21 0.63671875 0.19921875 0.0068359375 0.01806640625
11 0.6376953125 0.0712890625 0.00830078125 0.0068359375
11 0.6376953125 0.16259765625 0.00830078125 0.0068359375
11 0.6376953125 0.15380859375 0.00830078125 0.0068359375
21 0.63671875 0.2880859375 0.0068359375 0.0185546875
15 0.5625 0.20166015625 0.0078125 0.01171875
15 0.5625 0.2900390625 0.0078125 0.01171875
21 0.5615234375 0.3642578125 0.00634765625 0.0185546875
21 0.5615234375 0.134765625 0.00634765625 0.0185546875
11 0.54052734375 0.30419921875 0.00830078125 0.0068359375
11 0.54052734375 0.36865234375 0.00830078125 0.0068359375
21 0.5615234375 0.0458984375 0.00634765625 0.0185546875
11 0.6162109375 0.16259765625 0.00830078125 0.0068359375
11 0.6162109375 0.15380859375 0.00830078125 0.0068359375
11 0.6162109375 0.20068359375 0.00830078125 0.0068359375
11 0.6162109375 0.271484375 0.00830078125 0.0068359375
11 0.6162109375 0.36865234375 0.00830078125 0.0068359375
11 0.6162109375 0.34814453125 0.00830078125 0.0068359375
11 0.583984375 0.212890625 0.00830078125 0.0068359375
11 0.583984375 0.283203125 0.00830078125 0.0068359375
8 0.58349609375 0.2236328125 0.00634765625 0.017578125
8 0.58349609375 0.29541015625 0.00634765625 0.01806640625
11 0.6162109375 0.0712890625 0.00830078125 0.0068359375
8 0.76416015625 0.20654296875 0.00634765625 0.01806640625
8 0.76416015625 0.2802734375 0.00634765625 0.01806640625
9 0.77099609375 0.1416015625 0.0068359375 0.017578125
8 0.76416015625 0.3837890625 0.00634765625 0.017578125
11 0.76416015625 0.265625 0.00830078125 0.0068359375
11 0.76416015625 0.0712890625 0.00830078125 0.0068359375
11 0.76416015625 0.15966796875 0.00830078125 0.00732421875
11 0.76416015625 0.15380859375 0.00830078125 0.0068359375
11 0.76416015625 0.19482421875 0.00830078125 0.0068359375
11 0.76416015625 0.375 0.00830078125 0.0068359375
11 0.76416015625 0.35400390625 0.00830078125 0.0068359375
9 0.77099609375 0.05908203125 0.0068359375 0.017578125
8 0.6982421875 0.212890625 0.00634765625 0.01806640625
11 0.69873046875 0.271484375 0.00830078125 0.0068359375
8 0.6982421875 0.283203125 0.00634765625 0.017578125
11 0.72021484375 0.0712890625 0.00830078125 0.0068359375
11 0.72021484375 0.16259765625 0.00830078125 0.0068359375
8 0.67626953125 0.2861328125 0.00634765625 0.01806640625
11 0.6767578125 0.3779296875 0.00830078125 0.0068359375
11 0.6767578125 0.35693359375 0.00830078125 0.00732421875
8 0.67626953125 0.2158203125 0.00634765625 0.017578125
11 0.72021484375 0.15380859375 0.00830078125 0.0068359375
15 0.6982421875 0.0478515625 0.0078125 0.01171875
15 0.6982421875 0.13671875 0.0078125 0.01171875
11 0.69873046875 0.20068359375 0.00830078125 0.0068359375
15 0.7431640625 0.0478515625 0.0078125 0.01171875
15 0.7431640625 0.13671875 0.0078125 0.01171875
15 0.7431640625 0.20166015625 0.0078125 0.01171875
15 0.7431640625 0.2900390625 0.0078125 0.01171875
15 0.7197265625 0.20166015625 0.0078125 0.01171875
15 0.7197265625 0.2900390625 0.0078125 0.01171875
11 0.72021484375 0.36865234375 0.00830078125 0.0068359375
11 0.72021484375 0.34814453125 0.00830078125 0.0068359375
9 0.7265625 0.05908203125 0.0068359375 0.017578125
11 0.6767578125 0.2744140625 0.00830078125 0.0068359375
9 0.7265625 0.1416015625 0.0068359375 0.017578125
11 0.31201171875 0.30126953125 0.00830078125 0.0068359375
11 0.31201171875 0.3779296875 0.00830078125 0.0068359375
15 0.32958984375 0.0478515625 0.0078125 0.01171875
15 0.32958984375 0.13671875 0.0078125 0.01171875
15 0.32958984375 0.20166015625 0.0078125 0.01171875
21 0.29345703125 0.0458984375 0.00634765625 0.0185546875
21 0.29345703125 0.134765625 0.00634765625 0.0185546875
21 0.29345703125 0.19921875 0.00634765625 0.01806640625
11 0.38623046875 0.05322265625 0.00830078125 0.0068359375
11 0.38623046875 0.19189453125 0.00830078125 0.0068359375
11 0.38623046875 0.29833984375 0.00830078125 0.00732421875
11 0.38623046875 0.375 0.00830078125 0.0068359375
11 0.3515625 0.1328125 0.00830078125 0.0068359375
11 0.3515625 0.05322265625 0.00830078125 0.0068359375
11 0.3515625 0.19189453125 0.00830078125 0.0068359375
11 0.3515625 0.29248046875 0.00830078125 0.0068359375
11 0.3515625 0.36865234375 0.00830078125 0.0068359375
10 0.19384765625 0.134765625 0.0166015625 0.0458984375
1 0.193359375 0.28759765625 0.017578125 0.02099609375
1 0.193359375 0.3642578125 0.017578125 0.02099609375
10 0.19384765625 0.0576171875 0.0166015625 0.0458984375
11 0.27294921875 0.05322265625 0.00830078125 0.0068359375
11 0.27294921875 0.1328125 0.00830078125 0.0068359375
11 0.27294921875 0.19189453125 0.00830078125 0.0068359375
11 0.25146484375 0.05322265625 0.00830078125 0.0068359375
11 0.25146484375 0.1328125 0.00830078125 0.0068359375
11 0.25146484375 0.19189453125 0.00830078125 0.0068359375
11 0.25146484375 0.29248046875 0.00830078125 0.0068359375
11 0.25146484375 0.36865234375 0.00830078125 0.0068359375
11 0.38623046875 0.1328125 0.00830078125 0.0068359375
11 0.4755859375 0.375 0.00830078125 0.0068359375
11 0.4755859375 0.31005859375 0.00830078125 0.0068359375
11 0.4990234375 0.04443359375 0.00830078125 0.0068359375
11 0.4990234375 0.12109375 0.00830078125 0.0068359375
11 0.4990234375 0.185546875 0.00830078125 0.0068359375
11 0.4990234375 0.29833984375 0.00830078125 0.00732421875
11 0.4990234375 0.36279296875 0.00830078125 0.0068359375
8 0.49853515625 0.05615234375 0.00634765625 0.017578125
11 0.4580078125 0.04443359375 0.00830078125 0.0068359375
8 0.3857421875 0.0654296875 0.00634765625 0.017578125
11 0.4580078125 0.19189453125 0.00830078125 0.0068359375
11 0.5205078125 0.05029296875 0.00830078125 0.00732421875
11 0.5205078125 0.126953125 0.00830078125 0.0068359375
11 0.5205078125 0.1884765625 0.00830078125 0.0068359375
11 0.5205078125 0.29833984375 0.00830078125 0.00732421875
11 0.5205078125 0.36279296875 0.00830078125 0.0068359375
8 0.49853515625 0.1328125 0.00634765625 0.01806640625
8 0.49853515625 0.20361328125 0.00634765625 0.017578125
11 0.4580078125 0.1298828125 0.00830078125 0.0068359375
8 0.3857421875 0.20361328125 0.00634765625 0.017578125
8 0.43603515625 0.0654296875 0.00634765625 0.017578125
8 0.43603515625 0.14501953125 0.00634765625 0.017578125
9 0.39306640625 0.2861328125 0.0068359375 0.017578125
9 0.39306640625 0.36279296875 0.0068359375 0.017578125
11 0.4365234375 0.05322265625 0.00830078125 0.0068359375
11 0.4365234375 0.1328125 0.00830078125 0.0068359375
11 0.4365234375 0.19189453125 0.00830078125 0.0068359375
11 0.4365234375 0.31005859375 0.00830078125 0.0068359375
11 0.4365234375 0.375 0.00830078125 0.0068359375
8 0.43603515625 0.20361328125 0.00634765625 0.017578125
8 0.3857421875 0.14501953125 0.00634765625 0.017578125
8 0.60205078125 0.91552734375 0.00634765625 0.01806640625
15 0.6376953125 0.57958984375 0.0078125 0.01171875
15 0.6376953125 0.66796875 0.0078125 0.01171875
11 0.6376953125 0.7412109375 0.00830078125 0.0068359375
11 0.6376953125 0.81201171875 0.00830078125 0.0068359375
11 0.6376953125 0.90673828125 0.00830078125 0.0068359375
11 0.6376953125 0.8857421875 0.00830078125 0.0068359375
9 0.6669921875 0.67333984375 0.0068359375 0.017578125
15 0.6845703125 0.57958984375 0.0078125 0.01171875
15 0.6845703125 0.66796875 0.0078125 0.01171875
11 0.6845703125 0.7412109375 0.00830078125 0.0068359375
11 0.6845703125 0.81201171875 0.00830078125 0.0068359375
11 0.6845703125 0.90673828125 0.00830078125 0.0068359375
11 0.6845703125 0.8857421875 0.00830078125 0.0068359375
11 0.66015625 0.60546875 0.00830078125 0.00732421875
11 0.66015625 0.69140625 0.00830078125 0.0068359375
11 0.66015625 0.685546875 0.00830078125 0.00732421875
11 0.66015625 0.73828125 0.00830078125 0.0068359375
11 0.66015625 0.80859375 0.00830078125 0.0068359375
9 0.6669921875 0.59375 0.0068359375 0.017578125
9 0.5625 0.59375 0.0068359375 0.017578125
9 0.5625 0.67333984375 0.0068359375 0.017578125
15 0.57958984375 0.57958984375 0.0078125 0.01171875
15 0.57958984375 0.66796875 0.0078125 0.01171875
11 0.580078125 0.73828125 0.00830078125 0.0068359375
8 0.53271484375 0.81494140625 0.00634765625 0.017578125
8 0.53271484375 0.744140625 0.00634765625 0.017578125
11 0.580078125 0.80859375 0.00830078125 0.0068359375
11 0.5556640625 0.60546875 0.00830078125 0.00732421875
11 0.5556640625 0.6943359375 0.00830078125 0.0068359375
11 0.5556640625 0.685546875 0.00830078125 0.00732421875
15 0.5556640625 0.73291015625 0.0078125 0.01171875
15 0.5556640625 0.8212890625 0.0078125 0.01171875
11 0.5556640625 0.900390625 0.00830078125 0.0068359375
11 0.5556640625 0.87939453125 0.00830078125 0.0068359375
11 0.6025390625 0.90673828125 0.00830078125 0.0068359375
11 0.6025390625 0.8857421875 0.00830078125 0.0068359375
9 0.609375 0.59375 0.0068359375 0.017578125
9 0.609375 0.67333984375 0.0068359375 0.017578125
11 0.6025390625 0.81201171875 0.00830078125 0.0068359375
11 0.6025390625 0.60546875 0.00830078125 0.00732421875
11 0.6025390625 0.69140625 0.00830078125 0.0068359375
11 0.6025390625 0.685546875 0.00830078125 0.00732421875
11 0.6025390625 0.7412109375 0.00830078125 0.0068359375
11 0.7998046875 0.7353515625 0.00830078125 0.0068359375
11 0.7998046875 0.80615234375 0.00830078125 0.0068359375
11 0.7998046875 0.90673828125 0.00830078125 0.0068359375
11 0.7998046875 0.8916015625 0.00830078125 0.00732421875
8 0.79931640625 0.7470703125 0.00634765625 0.01806640625
8 0.79931640625 0.81787109375 0.00634765625 0.017578125
11 0.77734375 0.60546875 0.00830078125 0.00732421875
11 0.77734375 0.69140625 0.00830078125 0.0068359375
11 0.77734375 0.685546875 0.00830078125 0.00732421875
15 0.77685546875 0.8212890625 0.0078125 0.01171875
11 0.77734375 0.90673828125 0.00830078125 0.0068359375
11 0.77734375 0.8916015625 0.00830078125 0.00732421875
11 0.70751953125 0.81494140625 0.00830078125 0.0068359375
11 0.70751953125 0.89453125 0.00830078125 0.0068359375
11 0.70751953125 0.87353515625 0.00830078125 0.0068359375
9 0.7138671875 0.59375 0.0068359375 0.017578125
9 0.7138671875 0.67333984375 0.0068359375 0.017578125
11 0.70751953125 0.744140625 0.00830078125 0.00732421875
11 0.70751953125 0.60546875 0.00830078125 0.00732421875
11 0.70751953125 0.69140625 0.00830078125 0.0068359375
11 0.70751953125 0.685546875 0.00830078125 0.00732421875
21 0.75341796875 0.73046875 0.00634765625 0.0185546875
8 0.73095703125 0.82666015625 0.00634765625 0.01806640625
15 0.75439453125 0.8212890625 0.0078125 0.01171875
11 0.75439453125 0.900390625 0.00830078125 0.0068359375
11 0.75439453125 0.8857421875 0.00830078125 0.0068359375
11 0.73193359375 0.60546875 0.00830078125 0.00732421875
11 0.73193359375 0.69140625 0.00830078125 0.0068359375
11 0.73193359375 0.685546875 0.00830078125 0.00732421875
11 0.73193359375 0.744140625 0.00830078125 0.00732421875
11 0.73193359375 0.81494140625 0.00830078125 0.0068359375
11 0.73193359375 0.89453125 0.00830078125 0.0068359375
11 0.73193359375 0.87353515625 0.00830078125 0.0068359375
8 0.73095703125 0.75537109375 0.00634765625 0.017578125
11 0.32080078125 0.6025390625 0.00830078125 0.0068359375
11 0.32080078125 0.69140625 0.00830078125 0.0068359375
11 0.32080078125 0.685546875 0.00830078125 0.00732421875
11 0.32080078125 0.7353515625 0.00830078125 0.0068359375
11 0.32080078125 0.80615234375 0.00830078125 0.0068359375
11 0.32080078125 0.89453125 0.00830078125 0.0068359375
11 0.32080078125 0.87353515625 0.00830078125 0.0068359375
9 0.32763671875 0.5908203125 0.0068359375 0.017578125
9 0.32763671875 0.67333984375 0.0068359375 0.017578125
11 0.2978515625 0.732421875 0.00830078125 0.0068359375
11 0.2978515625 0.802734375 0.00830078125 0.00732421875
11 0.2978515625 0.90673828125 0.00830078125 0.0068359375
11 0.2978515625 0.8857421875 0.00830078125 0.0068359375
11 0.3681640625 0.80615234375 0.00830078125 0.0068359375
11 0.3681640625 0.900390625 0.00830078125 0.0068359375
11 0.3681640625 0.8857421875 0.00830078125 0.0068359375
11 0.34521484375 0.6025390625 0.00830078125 0.0068359375
15 0.2978515625 0.66796875 0.0078125 0.01171875
11 0.34521484375 0.69140625 0.00830078125 0.0068359375
11 0.34521484375 0.685546875 0.00830078125 0.00732421875
11 0.34521484375 0.73828125 0.00830078125 0.0068359375
11 0.34521484375 0.80859375 0.00830078125 0.0068359375
11 0.34521484375 0.89453125 0.00830078125 0.0068359375
11 0.34521484375 0.87353515625 0.00830078125 0.0068359375
10 0.19384765625 0.666015625 0.0166015625 0.0458984375
1 0.193359375 0.8955078125 0.017578125 0.02099609375
15 0.2509765625 0.57958984375 0.0078125 0.01171875
15 0.2509765625 0.66796875 0.0078125 0.01171875
11 0.25146484375 0.72314453125 0.00830078125 0.00732421875
11 0.25146484375 0.7939453125 0.00830078125 0.0068359375
11 0.25146484375 0.90673828125 0.00830078125 0.0068359375
11 0.25146484375 0.8857421875 0.00830078125 0.0068359375
10 0.19384765625 0.58935546875 0.0166015625 0.0458984375
11 0.27392578125 0.72607421875 0.00830078125 0.0068359375
11 0.27392578125 0.796875 0.00830078125 0.0068359375
9 0.2802734375 0.5908203125 0.0068359375 0.017578125
9 0.2802734375 0.67333984375 0.0068359375 0.017578125
11 0.27392578125 0.685546875 0.00830078125 0.00732421875
15 0.2978515625 0.57958984375 0.0078125 0.01171875
11 0.3681640625 0.7353515625 0.00830078125 0.0068359375
11 0.27392578125 0.6025390625 0.00830078125 0.0068359375
11 0.27392578125 0.69140625 0.00830078125 0.0068359375
11 0.46826171875 0.60546875 0.00830078125 0.00732421875
11 0.46826171875 0.6943359375 0.00830078125 0.0068359375
11 0.46826171875 0.685546875 0.00830078125 0.00732421875
21 0.46728515625 0.73046875 0.00634765625 0.0185546875
21 0.46728515625 0.8193359375 0.00634765625 0.01806640625
8 0.44482421875 0.81494140625 0.00634765625 0.017578125
11 0.51025390625 0.9091796875 0.00830078125 0.0068359375
11 0.51025390625 0.888671875 0.00830078125 0.0068359375
8 0.50927734375 0.75537109375 0.00634765625 0.017578125
8 0.50927734375 0.82666015625 0.00634765625 0.01806640625
11 0.51025390625 0.81494140625 0.00830078125 0.0068359375
15 0.53271484375 0.57958984375 0.0078125 0.01171875
15 0.53271484375 0.66796875 0.0078125 0.01171875
11 0.53271484375 0.732421875 0.00830078125 0.0068359375
11 0.53271484375 0.802734375 0.00830078125 0.00732421875
21 0.490234375 0.5771484375 0.00634765625 0.0185546875
8 0.44482421875 0.744140625 0.00634765625 0.017578125
21 0.490234375 0.666015625 0.00634765625 0.01806640625
11 0.51025390625 0.744140625 0.00830078125 0.00732421875
11 0.41259765625 0.744140625 0.00830078125 0.00732421875
11 0.41259765625 0.81494140625 0.00830078125 0.0068359375
11 0.41259765625 0.90673828125 0.00830078125 0.0068359375
11 0.41259765625 0.8916015625 0.00830078125 0.00732421875
11 0.390625 0.6025390625 0.00830078125 0.0068359375
11 0.390625 0.69140625 0.00830078125 0.0068359375
11 0.390625 0.685546875 0.00830078125 0.00732421875
11 0.390625 0.732421875 0.00830078125 0.0068359375
11 0.390625 0.802734375 0.00830078125 0.00732421875
11 0.390625 0.90673828125 0.00830078125 0.0068359375
11 0.390625 0.8916015625 0.00830078125 0.00732421875
11 0.4453125 0.900390625 0.00830078125 0.0068359375
11 0.4453125 0.60546875 0.00830078125 0.00732421875
11 0.4453125 0.6943359375 0.00830078125 0.0068359375
11 0.4453125 0.685546875 0.00830078125 0.00732421875
11 0.4453125 0.732421875 0.00830078125 0.0068359375
11 0.4453125 0.802734375 0.00830078125 0.00732421875
11 0.4453125 0.87939453125 0.00830078125 0.0068359375