11 0.6357421875 0.14501953125 0.00830078125 0.00732421875
11 0.6357421875 0.07373046875 0.00830078125 0.0068359375
11 0.61865234375 0.13623046875 0.00830078125 0.0068359375
11 0.5615234375 0.09423828125 0.0078125 0.00732421875
11 0.67236328125 0.14501953125 0.00830078125 0.00732421875
11 0.67236328125 0.08251953125 0.00830078125 0.0068359375
11 0.6552734375 0.13623046875 0.00830078125 0.0068359375
11 0.5615234375 0.14501953125 0.0078125 0.00732421875
11 0.5986328125 0.14501953125 0.00830078125 0.00732421875
11 0.5986328125 0.08251953125 0.00830078125 0.0068359375
11 0.58154296875 0.13623046875 0.00830078125 0.0068359375
11 0.802734375 0.13623046875 0.00830078125 0.0068359375
11 0.78271484375 0.14501953125 0.00830078125 0.00732421875
11 0.76611328125 0.13623046875 0.00830078125 0.0068359375
11 0.70947265625 0.14501953125 0.00830078125 0.00732421875
11 0.70947265625 0.09423828125 0.00830078125 0.00732421875
11 0.6923828125 0.13623046875 0.00830078125 0.0068359375
11 0.74609375 0.14501953125 0.00830078125 0.00732421875
12 0.74609375 0.08251953125 0.0087890625 0.0068359375
11 0.72900390625 0.13623046875 0.00830078125 0.0068359375
11 0.34326171875 0.13623046875 0.00830078125 0.0068359375
11 0.3232421875 0.14501953125 0.00830078125 0.00732421875
11 0.3232421875 0.08544921875 0.00830078125 0.0068359375
11 0.3798828125 0.13623046875 0.00830078125 0.0068359375
11 0.3603515625 0.14501953125 0.00830078125 0.00732421875
11 0.3603515625 0.07373046875 0.00830078125 0.0068359375
11 0.28662109375 0.09423828125 0.00830078125 0.00732421875
1 0.24365234375 0.12841796875 0.017578125 0.02099609375
11 0.28662109375 0.14501953125 0.00830078125 0.00732421875
10 0.244140625 0.0751953125 0.0166015625 0.0458984375
0 0.22607421875 0.103515625 0.005859375 0.0791015625
11 0.306640625 0.13623046875 0.00830078125 0.0068359375
11 0.45361328125 0.13623046875 0.00830078125 0.0068359375
11 0.50732421875 0.14501953125 0.00830078125 0.00732421875
11 0.49072265625 0.13623046875 0.00830078125 0.0068359375
11 0.470703125 0.14501953125 0.00830078125 0.00732421875
12 0.47119140625 0.08544921875 0.0087890625 0.0068359375
11 0.39697265625 0.14501953125 0.00830078125 0.00732421875
11 0.39697265625 0.08544921875 0.00830078125 0.0068359375
11 0.43408203125 0.14501953125 0.00830078125 0.00732421875
11 0.43408203125 0.09423828125 0.00830078125 0.00732421875
11 0.52734375 0.13623046875 0.00830078125 0.0068359375
11 0.4169921875 0.13623046875 0.00830078125 0.0068359375
11 0.65625 0.2109375 0.00830078125 0.0068359375
11 0.65625 0.20458984375 0.00830078125 0.0068359375
11 0.65625 0.19873046875 0.00830078125 0.0068359375
11 0.65625 0.18994140625 0.00830078125 0.0068359375
11 0.65625 0.24951171875 0.00830078125 0.0068359375
11 0.603515625 0.2138671875 0.00830078125 0.0068359375
11 0.603515625 0.24658203125 0.00830078125 0.0068359375
11 0.603515625 0.19873046875 0.00830078125 0.0068359375
11 0.603515625 0.20751953125 0.00830078125 0.0068359375
11 0.6787109375 0.2197265625 0.00830078125 0.0068359375
11 0.55615234375 0.24365234375 0.0078125 0.0068359375
11 0.55615234375 0.19873046875 0.0078125 0.0068359375
11 0.55615234375 0.20751953125 0.0078125 0.0068359375
11 0.55615234375 0.2138671875 0.0078125 0.0068359375
11 0.55615234375 0.2197265625 0.0078125 0.0068359375
11 0.53369140625 0.24365234375 0.00830078125 0.0068359375
11 0.53369140625 0.18994140625 0.00830078125 0.0068359375
11 0.53369140625 0.19873046875 0.00830078125 0.0068359375
11 0.53369140625 0.20458984375 0.00830078125 0.0068359375
11 0.53369140625 0.2109375 0.00830078125 0.0068359375
11 0.5810546875 0.19873046875 0.00830078125 0.0068359375
11 0.5810546875 0.24658203125 0.00830078125 0.0068359375
11 0.5810546875 0.18994140625 0.00830078125 0.0068359375
11 0.603515625 0.2197265625 0.00830078125 0.0068359375
11 0.5810546875 0.20458984375 0.00830078125 0.0068359375
11 0.5810546875 0.2109375 0.00830078125 0.0068359375
11 0.7998046875 0.24951171875 0.00830078125 0.0068359375
11 0.7998046875 0.18994140625 0.00830078125 0.0068359375
11 0.7998046875 0.19873046875 0.00830078125 0.0068359375
11 0.7998046875 0.20458984375 0.00830078125 0.0068359375
11 0.7998046875 0.2109375 0.00830078125 0.0068359375
11 0.77392578125 0.25830078125 0.00830078125 0.0068359375
11 0.77392578125 0.19873046875 0.00830078125 0.0068359375
11 0.77392578125 0.20751953125 0.00830078125 0.0068359375
11 0.77392578125 0.2138671875 0.00830078125 0.0068359375
11 0.77392578125 0.2197265625 0.00830078125 0.0068359375
11 0.7041015625 0.2109375 0.00830078125 0.0068359375
11 0.7041015625 0.25244140625 0.00830078125 0.00732421875
11 0.7041015625 0.18994140625 0.00830078125 0.0068359375
11 0.7041015625 0.19873046875 0.00830078125 0.0068359375
11 0.7041015625 0.20458984375 0.00830078125 0.0068359375
11 0.6787109375 0.25244140625 0.00830078125 0.00732421875
11 0.6787109375 0.19873046875 0.00830078125 0.0068359375
11 0.6787109375 0.20751953125 0.00830078125 0.0068359375
11 0.751953125 0.25537109375 0.00830078125 0.0068359375
11 0.751953125 0.18994140625 0.00830078125 0.0068359375
11 0.751953125 0.19873046875 0.00830078125 0.0068359375
11 0.751953125 0.20458984375 0.00830078125 0.0068359375
11 0.751953125 0.2109375 0.00830078125 0.0068359375
11 0.6787109375 0.2138671875 0.00830078125 0.0068359375
11 0.7265625 0.25537109375 0.00830078125 0.0068359375
11 0.7265625 0.19873046875 0.00830078125 0.0068359375
11 0.7265625 0.20751953125 0.00830078125 0.0068359375
11 0.7265625 0.2138671875 0.00830078125 0.0068359375
11 0.7265625 0.2197265625 0.00830078125 0.0068359375
11 0.298828125 0.26171875 0.00830078125 0.0068359375
11 0.31298828125 0.20751953125 0.00830078125 0.0068359375
11 0.28173828125 0.2705078125 0.00830078125 0.0068359375
11 0.28173828125 0.19580078125 0.00830078125 0.0068359375
11 0.267578125 0.26171875 0.00830078125 0.0068359375
11 0.34423828125 0.2705078125 0.00830078125 0.0068359375
11 0.34423828125 0.216796875 0.00830078125 0.00732421875
11 0.330078125 0.26171875 0.00830078125 0.0068359375
11 0.31298828125 0.2705078125 0.00830078125 0.0068359375
10 0.19384765625 0.2001953125 0.0166015625 0.0458984375
1 0.193359375 0.25390625 0.017578125 0.02099609375
0 0.17529296875 0.228515625 0.005859375 0.0791015625
11 0.25048828125 0.2705078125 0.00830078125 0.0068359375
11 0.25048828125 0.20751953125 0.00830078125 0.0068359375
11 0.23583984375 0.26171875 0.00830078125 0.0068359375
11 0.21875 0.2705078125 0.00830078125 0.0068359375
11 0.21875 0.216796875 0.00830078125 0.00732421875
11 0.486328125 0.2109375 0.00830078125 0.0068359375
11 0.486328125 0.20458984375 0.00830078125 0.0068359375
11 0.44921875 0.23779296875 0.00830078125 0.00732421875
11 0.44921875 0.19873046875 0.00830078125 0.0068359375
11 0.44921875 0.20751953125 0.00830078125 0.0068359375
11 0.50830078125 0.24072265625 0.00830078125 0.0068359375
11 0.50830078125 0.19873046875 0.00830078125 0.0068359375
11 0.50830078125 0.20751953125 0.00830078125 0.0068359375
11 0.50830078125 0.2138671875 0.00830078125 0.0068359375
11 0.50830078125 0.2197265625 0.00830078125 0.0068359375
11 0.486328125 0.24072265625 0.00830078125 0.0068359375
11 0.486328125 0.18994140625 0.00830078125 0.0068359375
11 0.486328125 0.19873046875 0.00830078125 0.0068359375
11 0.4072265625 0.2705078125 0.00830078125 0.0068359375
11 0.39306640625 0.26171875 0.00830078125 0.0068359375
11 0.44921875 0.2197265625 0.00830078125 0.0068359375
11 0.37548828125 0.2705078125 0.00830078125 0.0068359375
12 0.3759765625 0.20751953125 0.0087890625 0.0068359375
11 0.361328125 0.26171875 0.00830078125 0.0068359375
11 0.44921875 0.2138671875 0.00830078125 0.0068359375
11 0.42431640625 0.26171875 0.00830078125 0.0068359375
11 0.62939453125 0.3359375 0.00830078125 0.0068359375
11 0.62939453125 0.36572265625 0.00830078125 0.0068359375
11 0.603515625 0.375 0.00830078125 0.00732421875
11 0.603515625 0.3271484375 0.00830078125 0.0068359375
11 0.6572265625 0.3359375 0.00830078125 0.0068359375
11 0.6572265625 0.36572265625 0.00830078125 0.0068359375
11 0.5068359375 0.36279296875 0.00830078125 0.0068359375
11 0.64306640625 0.3271484375 0.00830078125 0.0068359375
11 0.64306640625 0.3779296875 0.00830078125 0.0068359375
11 0.53466796875 0.3359375 0.00830078125 0.0068359375
11 0.53466796875 0.36279296875 0.00830078125 0.0068359375
11 0.54833984375 0.3271484375 0.00830078125 0.0068359375
11 0.54833984375 0.375 0.00830078125 0.00732421875
11 0.52099609375 0.3271484375 0.00830078125 0.0068359375
11 0.52099609375 0.375 0.00830078125 0.00732421875
11 0.576171875 0.3271484375 0.00830078125 0.0068359375
11 0.576171875 0.375 0.00830078125 0.00732421875
11 0.58984375 0.3359375 0.00830078125 0.0068359375
11 0.58984375 0.36279296875 0.00830078125 0.0068359375
11 0.56201171875 0.3359375 0.00830078125 0.0068359375
11 0.56201171875 0.36279296875 0.00830078125 0.0068359375
11 0.78125 0.3271484375 0.00830078125 0.0068359375
11 0.78125 0.3779296875 0.00830078125 0.0068359375
11 0.794921875 0.3359375 0.00830078125 0.0068359375
11 0.794921875 0.36572265625 0.00830078125 0.0068359375
11 0.76708984375 0.36572265625 0.00830078125 0.0068359375
11 0.76708984375 0.3359375 0.00830078125 0.0068359375
11 0.80859375 0.3271484375 0.00830078125 0.0068359375
11 0.80859375 0.3779296875 0.00830078125 0.0068359375
11 0.6982421875 0.3271484375 0.00830078125 0.0068359375
11 0.6982421875 0.3779296875 0.00830078125 0.0068359375
11 0.7119140625 0.3359375 0.00830078125 0.0068359375
11 0.6708984375 0.3271484375 0.00830078125 0.0068359375
11 0.6708984375 0.3779296875 0.00830078125 0.0068359375
11 0.7119140625 0.36572265625 0.00830078125 0.0068359375
11 0.6845703125 0.3359375 0.00830078125 0.0068359375
11 0.6845703125 0.36572265625 0.00830078125 0.0068359375
11 0.73974609375 0.3359375 0.00830078125 0.0068359375
11 0.73974609375 0.36572265625 0.00830078125 0.0068359375
11 0.75341796875 0.3271484375 0.00830078125 0.0068359375
11 0.75341796875 0.3779296875 0.00830078125 0.0068359375
11 0.72607421875 0.3271484375 0.00830078125 0.0068359375
11 0.72607421875 0.3779296875 0.00830078125 0.0068359375
11 0.30126953125 0.3359375 0.00830078125 0.0068359375
11 0.30126953125 0.36572265625 0.00830078125 0.0068359375
11 0.3154296875 0.3271484375 0.00830078125 0.0068359375
11 0.3154296875 0.375 0.00830078125 0.00732421875
11 0.2880859375 0.3271484375 0.00830078125 0.0068359375
11 0.2880859375 0.375 0.00830078125 0.00732421875
11 0.3427734375 0.3271484375 0.00830078125 0.0068359375
11 0.3427734375 0.375 0.00830078125 0.00732421875
11 0.5068359375 0.3359375 0.00830078125 0.0068359375
11 0.35693359375 0.3359375 0.00830078125 0.0068359375
11 0.35693359375 0.36572265625 0.00830078125 0.0068359375
11 0.3291015625 0.3359375 0.00830078125 0.0068359375
11 0.3291015625 0.36572265625 0.00830078125 0.0068359375
11 0.27392578125 0.36572265625 0.00830078125 0.0068359375
11 0.21875 0.36572265625 0.00830078125 0.0068359375
11 0.21875 0.3359375 0.00830078125 0.0068359375
0 0.17529296875 0.35400390625 0.005859375 0.0791015625
10 0.19384765625 0.32568359375 0.0166015625 0.0458984375
1 0.193359375 0.37890625 0.017578125 0.02099609375
11 0.26025390625 0.3271484375 0.00830078125 0.0068359375
11 0.26025390625 0.375 0.00830078125 0.00732421875
11 0.27392578125 0.3359375 0.00830078125 0.0068359375
11 0.232421875 0.3271484375 0.00830078125 0.0068359375
11 0.232421875 0.375 0.00830078125 0.00732421875
11 0.24609375 0.3359375 0.00830078125 0.0068359375
11 0.24609375 0.36572265625 0.00830078125 0.0068359375
11 0.4521484375 0.36279296875 0.00830078125 0.0068359375
11 0.4521484375 0.3359375 0.00830078125 0.0068359375
11 0.43798828125 0.3271484375 0.00830078125 0.0068359375
11 0.43798828125 0.375 0.00830078125 0.00732421875
11 0.4931640625 0.3271484375 0.00830078125 0.0068359375
11 0.4931640625 0.375 0.00830078125 0.00732421875
11 0.46533203125 0.3271484375 0.00830078125 0.0068359375
11 0.46533203125 0.375 0.00830078125 0.00732421875
11 0.4794921875 0.3359375 0.00830078125 0.0068359375
11 0.4794921875 0.36279296875 0.00830078125 0.0068359375
11 0.39794921875 0.375 0.00830078125 0.00732421875
11 0.39794921875 0.3271484375 0.00830078125 0.0068359375
11 0.38427734375 0.36572265625 0.00830078125 0.0068359375
11 0.38427734375 0.3359375 0.00830078125 0.0068359375
11 0.41943359375 0.36279296875 0.00830078125 0.0068359375
11 0.41943359375 0.3359375 0.00830078125 0.0068359375
11 0.37060546875 0.375 0.00830078125 0.00732421875
11 0.37060546875 0.3271484375 0.00830078125 0.0068359375
11 0.544921875 0.4521484375 0.00830078125 0.0068359375
11 0.53173828125 0.5 0.00830078125 0.0068359375
11 0.53173828125 0.46142578125 0.00830078125 0.0068359375
11 0.52099609375 0.4521484375 0.00830078125 0.0068359375
13 0.56591796875 0.4970703125 0.01123046875 0.00732421875
13 0.56591796875 0.505859375 0.01123046875 0.0068359375
13 0.56591796875 0.51806640625 0.01123046875 0.00732421875
13 0.56591796875 0.4462890625 0.01123046875 0.00732421875
13 0.56591796875 0.4521484375 0.01123046875 0.00732421875
13 0.57470703125 0.4580078125 0.01123046875 0.0068359375
13 0.56591796875 0.46142578125 0.01123046875 0.00732421875
13 0.56591796875 0.46728515625 0.01123046875 0.00732421875
11 0.48388671875 0.46142578125 0.00830078125 0.0068359375
11 0.47265625 0.4521484375 0.00830078125 0.0068359375
11 0.48388671875 0.5 0.00830078125 0.0068359375
11 0.45947265625 0.4912109375 0.00830078125 0.0068359375
11 0.45947265625 0.46142578125 0.00830078125 0.0068359375
11 0.44873046875 0.4521484375 0.0078125 0.0068359375
11 0.5078125 0.4912109375 0.00830078125 0.0068359375
11 0.5078125 0.46142578125 0.00830078125 0.0068359375
11 0.4970703125 0.4521484375 0.00830078125 0.0068359375
12 0.607421875 0.48779296875 0.0087890625 0.0068359375
12 0.607421875 0.5087890625 0.0087890625 0.0068359375
12 0.607421875 0.44921875 0.0087890625 0.0068359375
12 0.607421875 0.4580078125 0.0087890625 0.0068359375
12 0.607421875 0.46435546875 0.0087890625 0.0068359375
12 0.607421875 0.47021484375 0.0087890625 0.0068359375
13 0.67529296875 0.5 0.01123046875 0.0068359375
13 0.67529296875 0.52099609375 0.01123046875 0.0068359375
13 0.67529296875 0.4404296875 0.01123046875 0.00732421875
13 0.67529296875 0.44921875 0.01123046875 0.0068359375
13 0.67529296875 0.45556640625 0.01123046875 0.0068359375
13 0.67529296875 0.46142578125 0.01123046875 0.00732421875
11 0.27978515625 0.4521484375 0.00830078125 0.0068359375
11 0.291015625 0.46142578125 0.00830078125 0.0068359375
11 0.26708984375 0.4912109375 0.00830078125 0.0068359375
11 0.26708984375 0.46142578125 0.00830078125 0.0068359375
11 0.255859375 0.4521484375 0.00830078125 0.0068359375
11 0.31494140625 0.4912109375 0.00830078125 0.0068359375
11 0.31494140625 0.46142578125 0.00830078125 0.0068359375
11 0.30419921875 0.4521484375 0.00830078125 0.0068359375
11 0.291015625 0.5 0.00830078125 0.0068359375
1 0.193359375 0.50390625 0.017578125 0.02099609375
10 0.19384765625 0.45068359375 0.0166015625 0.0458984375
22 0.76708984375 0.501953125 0.00830078125 0.00390625
22 0.76708984375 0.4482421875 0.00830078125 0.00390625
0 0.17529296875 0.4794921875 0.005859375 0.0791015625
11 0.23193359375 0.4521484375 0.00830078125 0.0068359375
11 0.2431640625 0.5 0.00830078125 0.0068359375
11 0.2431640625 0.46142578125 0.00830078125 0.0068359375
11 0.21875 0.4912109375 0.00830078125 0.0068359375
11 0.21875 0.46142578125 0.00830078125 0.0068359375
11 0.41162109375 0.4912109375 0.00830078125 0.0068359375
11 0.41162109375 0.46142578125 0.00830078125 0.0068359375
11 0.400390625 0.4521484375 0.00830078125 0.0068359375
11 0.38720703125 0.5 0.00830078125 0.0068359375
11 0.38720703125 0.46142578125 0.00830078125 0.0068359375
11 0.37646484375 0.4521484375 0.00830078125 0.0068359375
11 0.435546875 0.5 0.00830078125 0.0068359375
11 0.435546875 0.46142578125 0.00830078125 0.0068359375
11 0.42431640625 0.4521484375 0.00830078125 0.0068359375
11 0.3525390625 0.4521484375 0.00830078125 0.0068359375
11 0.33935546875 0.5 0.00830078125 0.0068359375
11 0.33935546875 0.46142578125 0.00830078125 0.0068359375
11 0.328125 0.4521484375 0.00830078125 0.0068359375
11 0.36328125 0.46142578125 0.00830078125 0.0068359375
11 0.36328125 0.4912109375 0.00830078125 0.0068359375