11 0.5439453125 0.85595703125 0.0048828125 0.00390625
11 0.5439453125 0.89794921875 0.0048828125 0.00390625
11 0.5439453125 0.62255859375 0.0048828125 0.00390625
11 0.5439453125 0.2119140625 0.0048828125 0.00439453125
11 0.5439453125 0.18017578125 0.0048828125 0.00390625
11 0.5439453125 0.14013671875 0.0048828125 0.00390625
15 0.5439453125 0.0966796875 0.00439453125 0.0068359375
15 0.5439453125 0.05615234375 0.00439453125 0.0068359375
15 0.498046875 0.05615234375 0.00439453125 0.0068359375
11 0.5439453125 0.73193359375 0.0048828125 0.00390625
15 0.498046875 0.0966796875 0.00439453125 0.0068359375
11 0.498046875 0.619140625 0.0048828125 0.00390625
15 0.498046875 0.70458984375 0.00439453125 0.0068359375
15 0.5439453125 0.70458984375 0.00439453125 0.0068359375
11 0.498046875 0.728515625 0.0048828125 0.00390625
11 0.498046875 0.8525390625 0.0048828125 0.00390625
11 0.498046875 0.89453125 0.0048828125 0.00390625
11 0.48828125 0.03125 0.0048828125 0.00390625
11 0.48828125 0.07177734375 0.0048828125 0.00390625
11 0.48828125 0.14013671875 0.0048828125 0.00390625
11 0.48828125 0.18017578125 0.0048828125 0.00390625
11 0.48828125 0.2119140625 0.0048828125 0.00439453125
11 0.48828125 0.62255859375 0.0048828125 0.00390625
11 0.48828125 0.6796875 0.0048828125 0.00390625
11 0.48828125 0.73193359375 0.0048828125 0.00390625
11 0.48828125 0.85595703125 0.0048828125 0.00390625
11 0.48828125 0.89794921875 0.0048828125 0.00390625
11 0.52392578125 0.04345703125 0.0048828125 0.00390625
11 0.52392578125 0.083984375 0.0048828125 0.00390625
11 0.52392578125 0.14013671875 0.0048828125 0.00390625
11 0.52392578125 0.18017578125 0.0048828125 0.00390625
11 0.52392578125 0.2119140625 0.0048828125 0.00439453125
11 0.52392578125 0.634765625 0.0048828125 0.00390625
11 0.5341796875 0.6259765625 0.0048828125 0.00439453125
4 0.51513671875 0.05029296875 0.00439453125 0.01025390625
11 0.5341796875 0.90185546875 0.0048828125 0.00390625
11 0.5341796875 0.85986328125 0.0048828125 0.00390625
11 0.5341796875 0.7353515625 0.0048828125 0.00390625
4 0.51513671875 0.0908203125 0.00439453125 0.01025390625
11 0.5341796875 0.68310546875 0.0048828125 0.00390625
11 0.52392578125 0.69189453125 0.0048828125 0.00390625
11 0.5341796875 0.0751953125 0.0048828125 0.00390625
11 0.5341796875 0.03466796875 0.0048828125 0.00439453125
4 0.51513671875 0.69873046875 0.00439453125 0.01025390625
11 0.52392578125 0.744140625 0.0048828125 0.00390625
11 0.52392578125 0.86865234375 0.0048828125 0.00390625
11 0.52392578125 0.91064453125 0.0048828125 0.00390625
11 0.50634765625 0.73193359375 0.0048828125 0.00390625
11 0.50634765625 0.85595703125 0.0048828125 0.00390625
11 0.50634765625 0.89794921875 0.0048828125 0.00390625
11 0.50634765625 0.62255859375 0.0048828125 0.00390625
11 0.50634765625 0.1416015625 0.0048828125 0.00390625
11 0.50634765625 0.18212890625 0.0048828125 0.00390625
11 0.50634765625 0.21337890625 0.0048828125 0.00390625
11 0.51513671875 0.0751953125 0.0048828125 0.00390625
11 0.51513671875 0.03466796875 0.0048828125 0.00439453125
11 0.51513671875 0.6259765625 0.0048828125 0.00439453125
11 0.51513671875 0.68310546875 0.0048828125 0.00390625
11 0.51513671875 0.7353515625 0.0048828125 0.00390625
11 0.51513671875 0.85986328125 0.0048828125 0.00390625
11 0.51513671875 0.90185546875 0.0048828125 0.00390625
11 0.4482421875 0.03662109375 0.0048828125 0.00390625
11 0.4482421875 0.0771484375 0.0048828125 0.00390625
11 0.4482421875 0.62744140625 0.0048828125 0.00390625
11 0.4482421875 0.68505859375 0.0048828125 0.00390625
11 0.4482421875 0.7373046875 0.0048828125 0.00390625
11 0.4482421875 0.861328125 0.0048828125 0.00390625
11 0.4482421875 0.9033203125 0.0048828125 0.00390625
12 0.4658203125 0.53369140625 0.0048828125 0.00390625
11 0.4658203125 0.04345703125 0.0048828125 0.00390625
11 0.4658203125 0.083984375 0.0048828125 0.00390625
11 0.4658203125 0.14013671875 0.0048828125 0.00390625
11 0.4658203125 0.18017578125 0.0048828125 0.00390625
11 0.4658203125 0.2119140625 0.0048828125 0.00439453125
12 0.4658203125 0.33935546875 0.0048828125 0.00390625
12 0.4658203125 0.39208984375 0.0048828125 0.00390625
12 0.4658203125 0.419921875 0.0048828125 0.00390625
12 0.4658203125 0.47265625 0.0048828125 0.00390625
12 0.4658203125 0.49365234375 0.0048828125 0.00390625
12 0.4658203125 0.58642578125 0.0048828125 0.00439453125
11 0.4658203125 0.634765625 0.0048828125 0.00390625
11 0.4658203125 0.69189453125 0.0048828125 0.00390625
11 0.4658203125 0.744140625 0.0048828125 0.00390625
12 0.4658203125 0.7705078125 0.0048828125 0.00390625
12 0.4658203125 0.82275390625 0.0048828125 0.00390625
11 0.4658203125 0.86865234375 0.0048828125 0.00390625
11 0.4658203125 0.91064453125 0.0048828125 0.00390625
12 0.4658203125 0.94189453125 0.0048828125 0.00390625
11 0.43994140625 0.21337890625 0.0048828125 0.00390625
11 0.43994140625 0.033203125 0.0048828125 0.00390625
11 0.43994140625 0.0732421875 0.0048828125 0.00390625
11 0.43994140625 0.1416015625 0.0048828125 0.00390625
11 0.43994140625 0.18212890625 0.0048828125 0.00390625
11 0.43994140625 0.34130859375 0.0048828125 0.00439453125
11 0.43994140625 0.3935546875 0.0048828125 0.00390625
11 0.43994140625 0.421875 0.0048828125 0.00390625
11 0.43994140625 0.47412109375 0.0048828125 0.00439453125
11 0.43994140625 0.49560546875 0.0048828125 0.00390625
11 0.43994140625 0.53564453125 0.0048828125 0.00390625
11 0.43994140625 0.6240234375 0.0048828125 0.00390625
11 0.43994140625 0.681640625 0.0048828125 0.00439453125
11 0.43994140625 0.7333984375 0.0048828125 0.00439453125
11 0.43994140625 0.77197265625 0.0048828125 0.00390625
11 0.43994140625 0.82470703125 0.0048828125 0.00390625
11 0.43994140625 0.85791015625 0.0048828125 0.00390625
11 0.43115234375 0.8525390625 0.0048828125 0.00390625
11 0.43115234375 0.619140625 0.0048828125 0.00390625
11 0.43115234375 0.728515625 0.0048828125 0.00390625
11 0.43994140625 0.89990234375 0.0048828125 0.00439453125
11 0.43115234375 0.89453125 0.0048828125 0.00390625
11 0.4755859375 0.03466796875 0.0048828125 0.00439453125
11 0.4755859375 0.0751953125 0.0048828125 0.00390625
11 0.4755859375 0.6259765625 0.0048828125 0.00439453125
11 0.4755859375 0.68310546875 0.0048828125 0.00390625
11 0.4755859375 0.7353515625 0.0048828125 0.00390625
11 0.4755859375 0.85986328125 0.0048828125 0.00390625
11 0.4755859375 0.90185546875 0.0048828125 0.00390625
11 0.7744140625 0.6533203125 0.0048828125 0.00390625
11 0.7744140625 0.7080078125 0.0048828125 0.00390625
11 0.78466796875 0.6484375 0.0048828125 0.00439453125
11 0.78466796875 0.70263671875 0.0048828125 0.00439453125
11 0.75537109375 0.6533203125 0.0048828125 0.00390625
11 0.75537109375 0.7080078125 0.0048828125 0.00390625
11 0.76416015625 0.6572265625 0.0048828125 0.00439453125
11 0.76416015625 0.71142578125 0.0048828125 0.00439453125
11 0.81201171875 0.6533203125 0.0048828125 0.00390625
11 0.81201171875 0.7080078125 0.0048828125 0.00390625
11 0.794921875 0.64501953125 0.0048828125 0.00390625
11 0.794921875 0.69921875 0.0048828125 0.00390625
11 0.7470703125 0.70263671875 0.0048828125 0.00439453125
11 0.80322265625 0.6484375 0.0048828125 0.00439453125
11 0.80322265625 0.70263671875 0.0048828125 0.00439453125
11 0.73876953125 0.64501953125 0.00439453125 0.00390625
11 0.728515625 0.6484375 0.0048828125 0.00439453125
11 0.728515625 0.70263671875 0.0048828125 0.00439453125
11 0.73876953125 0.69921875 0.00439453125 0.00390625
11 0.7470703125 0.6484375 0.0048828125 0.00439453125
11 0.71826171875 0.6533203125 0.0048828125 0.00390625
11 0.71826171875 0.7080078125 0.0048828125 0.00390625
22 0.5166015625 0.294921875 0.0048828125 0.00244140625
22 0.5166015625 0.2548828125 0.0048828125 0.00244140625
22 0.5166015625 0.65625 0.0048828125 0.001953125
22 0.64013671875 0.294921875 0.0048828125 0.00244140625
22 0.64013671875 0.2548828125 0.0048828125 0.00244140625
22 0.64013671875 0.17431640625 0.0048828125 0.00244140625
22 0.64013671875 0.1337890625 0.0048828125 0.00244140625
22 0.39697265625 0.65625 0.0048828125 0.001953125
22 0.39697265625 0.294921875 0.0048828125 0.00244140625
22 0.39697265625 0.2548828125 0.0048828125 0.00244140625
22 0.64013671875 0.57666015625 0.0048828125 0.00244140625
22 0.64013671875 0.8642578125 0.0048828125 0.00244140625
22 0.64013671875 0.82373046875 0.0048828125 0.00244140625
22 0.64013671875 0.78369140625 0.0048828125 0.00244140625
22 0.64013671875 0.73828125 0.0048828125 0.00244140625
22 0.64013671875 0.61962890625 0.0048828125 0.00244140625
22 0.64013671875 0.53662109375 0.0048828125 0.00244140625
22 0.64013671875 0.49609375 0.0048828125 0.00244140625
22 0.64013671875 0.4560546875 0.0048828125 0.00244140625
22 0.64013671875 0.416015625 0.0048828125 0.00244140625
22 0.64013671875 0.37548828125 0.0048828125 0.00244140625
22 0.64013671875 0.33544921875 0.0048828125 0.00244140625
22 0.64013671875 0.94482421875 0.0048828125 0.00244140625
22 0.64013671875 0.904296875 0.0048828125 0.00244140625
12 0.59033203125 0.029296875 0.0048828125 0.00390625
12 0.59033203125 0.06982421875 0.0048828125 0.00439453125
12 0.59033203125 0.21875 0.0048828125 0.00390625
11 0.59033203125 0.66064453125 0.0048828125 0.00439453125
11 0.59033203125 0.71484375 0.0048828125 0.00439453125
11 0.5712890625 0.03466796875 0.0048828125 0.00439453125
11 0.5712890625 0.0751953125 0.0048828125 0.00390625
11 0.5712890625 0.6259765625 0.0048828125 0.00439453125
11 0.5712890625 0.68310546875 0.0048828125 0.00390625
11 0.5712890625 0.7353515625 0.0048828125 0.00390625
11 0.5712890625 0.85986328125 0.0048828125 0.00390625
11 0.5712890625 0.90185546875 0.0048828125 0.00390625
11 0.55419921875 0.89453125 0.00439453125 0.00390625
11 0.5625 0.03125 0.0048828125 0.00390625
11 0.5625 0.07177734375 0.0048828125 0.00390625
11 0.5625 0.1416015625 0.0048828125 0.00390625
11 0.5625 0.18212890625 0.0048828125 0.00390625
11 0.5625 0.21337890625 0.0048828125 0.00390625
11 0.5625 0.62255859375 0.0048828125 0.00390625
11 0.55419921875 0.619140625 0.00439453125 0.00390625
11 0.55419921875 0.728515625 0.00439453125 0.00390625
11 0.55419921875 0.8525390625 0.00439453125 0.00390625
11 0.5625 0.6796875 0.0048828125 0.00390625
11 0.5625 0.73193359375 0.0048828125 0.00390625
11 0.5625 0.85595703125 0.0048828125 0.00390625
11 0.5625 0.89794921875 0.0048828125 0.00390625
11 0.6669921875 0.6484375 0.0048828125 0.00439453125
11 0.6669921875 0.70263671875 0.0048828125 0.00439453125
11 0.67724609375 0.64501953125 0.0048828125 0.00390625
11 0.67724609375 0.69921875 0.0048828125 0.00390625
11 0.646484375 0.66064453125 0.0048828125 0.00439453125
11 0.646484375 0.71484375 0.0048828125 0.00439453125
11 0.65673828125 0.6533203125 0.0048828125 0.00390625
11 0.65673828125 0.7080078125 0.0048828125 0.00390625
11 0.7080078125 0.6572265625 0.0048828125 0.00439453125
11 0.7080078125 0.71142578125 0.0048828125 0.00439453125
11 0.685546875 0.6484375 0.0048828125 0.00439453125
11 0.685546875 0.70263671875 0.0048828125 0.00439453125
11 0.6943359375 0.6533203125 0.0048828125 0.00390625
11 0.6943359375 0.7080078125 0.0048828125 0.00390625
11 0.62939453125 0.70263671875 0.0048828125 0.00439453125
11 0.62109375 0.69921875 0.0048828125 0.00390625
11 0.62939453125 0.6484375 0.0048828125 0.00439453125
11 0.62109375 0.64501953125 0.0048828125 0.00390625
11 0.63818359375 0.6533203125 0.0048828125 0.00390625
11 0.63818359375 0.7080078125 0.0048828125 0.00390625
11 0.61083984375 0.6484375 0.0048828125 0.00439453125
11 0.6005859375 0.6533203125 0.0048828125 0.00390625
11 0.6005859375 0.7080078125 0.0048828125 0.00390625
11 0.61083984375 0.70263671875 0.0048828125 0.00439453125
11 0.283203125 0.6005859375 0.0048828125 0.00390625
11 0.283203125 0.0380859375 0.0048828125 0.00439453125
11 0.283203125 0.07861328125 0.0048828125 0.00439453125
11 0.283203125 0.14013671875 0.0048828125 0.00390625
11 0.283203125 0.18017578125 0.0048828125 0.00390625
11 0.283203125 0.2119140625 0.0048828125 0.00439453125
11 0.283203125 0.3359375 0.0048828125 0.00390625
11 0.283203125 0.388671875 0.0048828125 0.00390625
11 0.283203125 0.41650390625 0.0048828125 0.00390625
11 0.283203125 0.46923828125 0.0048828125 0.00390625
11 0.283203125 0.490234375 0.0048828125 0.00390625
11 0.283203125 0.5302734375 0.0048828125 0.00390625
11 0.283203125 0.62939453125 0.0048828125 0.00390625
11 0.283203125 0.68701171875 0.0048828125 0.00390625
11 0.283203125 0.73876953125 0.0048828125 0.00390625
11 0.283203125 0.76708984375 0.0048828125 0.00439453125
11 0.283203125 0.8193359375 0.0048828125 0.00390625
11 0.283203125 0.86328125 0.0048828125 0.00439453125
11 0.283203125 0.9052734375 0.0048828125 0.00390625
11 0.283203125 0.9560546875 0.0048828125 0.00390625
11 0.265625 0.21337890625 0.0048828125 0.00390625
11 0.265625 0.62060546875 0.0048828125 0.00390625
11 0.265625 0.72998046875 0.0048828125 0.00390625
11 0.265625 0.8544921875 0.0048828125 0.00439453125
11 0.265625 0.896484375 0.0048828125 0.00390625
11 0.265625 0.18212890625 0.0048828125 0.00390625
11 0.265625 0.1416015625 0.0048828125 0.00390625
4 0.2744140625 0.0908203125 0.00439453125 0.01025390625
4 0.2744140625 0.69873046875 0.00439453125 0.01025390625
11 0.2744140625 0.03466796875 0.0048828125 0.00439453125
11 0.2744140625 0.0751953125 0.0048828125 0.00390625
11 0.2744140625 0.6259765625 0.0048828125 0.00439453125
11 0.2744140625 0.68310546875 0.0048828125 0.00390625
11 0.2744140625 0.7353515625 0.0048828125 0.00390625
11 0.2744140625 0.85986328125 0.0048828125 0.00390625
11 0.2744140625 0.90185546875 0.0048828125 0.00390625
4 0.2744140625 0.05029296875 0.00439453125 0.01025390625
11 0.31298828125 0.85107421875 0.0048828125 0.00390625
11 0.31298828125 0.33251953125 0.0048828125 0.00439453125
11 0.31298828125 0.38525390625 0.0048828125 0.00390625
11 0.31298828125 0.4130859375 0.0048828125 0.00390625
11 0.31298828125 0.4658203125 0.0048828125 0.00439453125
11 0.31298828125 0.48681640625 0.0048828125 0.00439453125
11 0.31298828125 0.52685546875 0.0048828125 0.00390625
11 0.31298828125 0.6171875 0.0048828125 0.00439453125
11 0.31298828125 0.7265625 0.0048828125 0.00390625
11 0.31298828125 0.763671875 0.0048828125 0.00390625
11 0.31298828125 0.81591796875 0.0048828125 0.00390625
11 0.31298828125 0.89306640625 0.0048828125 0.00390625
11 0.29345703125 0.03466796875 0.0048828125 0.00439453125
11 0.29345703125 0.0751953125 0.0048828125 0.00390625
11 0.29345703125 0.6259765625 0.0048828125 0.00439453125
11 0.29345703125 0.68310546875 0.0048828125 0.00390625
11 0.29345703125 0.7353515625 0.0048828125 0.00390625
11 0.29345703125 0.85986328125 0.0048828125 0.00390625
11 0.29345703125 0.90185546875 0.0048828125 0.00390625
11 0.30322265625 0.46728515625 0.0048828125 0.00390625
15 0.30322265625 0.05615234375 0.00439453125 0.0068359375
15 0.30322265625 0.0966796875 0.00439453125 0.0068359375
11 0.30322265625 0.14013671875 0.0048828125 0.00390625
11 0.30322265625 0.18017578125 0.0048828125 0.00390625
11 0.30322265625 0.2119140625 0.0048828125 0.00439453125
11 0.30322265625 0.33447265625 0.0048828125 0.00390625
11 0.30322265625 0.38671875 0.0048828125 0.00439453125
11 0.30322265625 0.41455078125 0.0048828125 0.00390625
11 0.30322265625 0.48828125 0.0048828125 0.00390625
11 0.30322265625 0.52880859375 0.0048828125 0.00390625
11 0.30322265625 0.62060546875 0.0048828125 0.00390625
15 0.30322265625 0.70458984375 0.00439453125 0.0068359375
11 0.30322265625 0.72998046875 0.0048828125 0.00390625
11 0.30322265625 0.76513671875 0.0048828125 0.00390625
11 0.30322265625 0.81787109375 0.0048828125 0.00390625
11 0.30322265625 0.8544921875 0.0048828125 0.00439453125
11 0.30322265625 0.896484375 0.0048828125 0.00390625
1 0.18798828125 0.578125 0.01025390625 0.01220703125
10 0.1884765625 0.62158203125 0.009765625 0.02685546875
1 0.18798828125 0.65771484375 0.01025390625 0.01220703125
10 0.1884765625 0.70361328125 0.009765625 0.02685546875
1 0.18798828125 0.73974609375 0.01025390625 0.01220703125
10 0.1884765625 0.78515625 0.009765625 0.02685546875
10 0.1884765625 0.41748046875 0.009765625 0.02685546875
10 0.1884765625 0.296875 0.009765625 0.02685546875
10 0.1884765625 0.3369140625 0.009765625 0.02685546875
10 0.1884765625 0.37744140625 0.009765625 0.02685546875
10 0.1884765625 0.45751953125 0.009765625 0.02685546875
10 0.1884765625 0.498046875 0.009765625 0.02685546875
10 0.1884765625 0.5380859375 0.009765625 0.02685546875
11 0.22705078125 0.9052734375 0.0048828125 0.00390625
11 0.22705078125 0.33447265625 0.0048828125 0.00390625
11 0.22705078125 0.38671875 0.0048828125 0.00439453125
11 0.22705078125 0.41455078125 0.0048828125 0.00390625
11 0.22705078125 0.46728515625 0.0048828125 0.00390625
11 0.22705078125 0.48828125 0.0048828125 0.00390625
11 0.22705078125 0.52880859375 0.0048828125 0.00390625
11 0.22705078125 0.5986328125 0.0048828125 0.00390625
11 0.22705078125 0.62939453125 0.0048828125 0.00390625
11 0.22705078125 0.68701171875 0.0048828125 0.00390625
11 0.22705078125 0.73876953125 0.0048828125 0.00390625
11 0.22705078125 0.76513671875 0.0048828125 0.00390625
11 0.22705078125 0.81787109375 0.0048828125 0.00390625
11 0.22705078125 0.86328125 0.0048828125 0.00439453125
11 0.22705078125 0.2119140625 0.0048828125 0.00439453125
11 0.22705078125 0.9541015625 0.0048828125 0.00439453125
1 0.18798828125 0.94580078125 0.01025390625 0.01220703125
10 0.1884765625 0.82568359375 0.009765625 0.02685546875
1 0.18798828125 0.90576171875 0.01025390625 0.01220703125
11 0.22705078125 0.0380859375 0.0048828125 0.00439453125
11 0.22705078125 0.07861328125 0.0048828125 0.00439453125
11 0.22705078125 0.14013671875 0.0048828125 0.00390625
11 0.22705078125 0.18017578125 0.0048828125 0.00390625
0 0.17724609375 0.640625 0.00341796875 0.05078125
0 0.17724609375 0.72265625 0.00341796875 0.05029296875
22 0.2783203125 0.2548828125 0.0048828125 0.00244140625
22 0.7607421875 0.94482421875 0.0048828125 0.00244140625
10 0.1884765625 0.0546875 0.009765625 0.02685546875
10 0.1884765625 0.09521484375 0.009765625 0.02685546875
10 0.1884765625 0.1357421875 0.009765625 0.02685546875
22 0.7607421875 0.904296875 0.0048828125 0.00244140625
10 0.1884765625 0.17578125 0.009765625 0.02685546875
1 0.18798828125 0.2158203125 0.01025390625 0.01220703125
10 0.1884765625 0.25634765625 0.009765625 0.02685546875
22 0.7607421875 0.294921875 0.0048828125 0.00244140625
22 0.2783203125 0.294921875 0.0048828125 0.00244140625
22 0.2783203125 0.65625 0.0048828125 0.001953125
22 0.7607421875 0.05322265625 0.0048828125 0.00244140625
22 0.7607421875 0.09375 0.0048828125 0.00244140625
22 0.7607421875 0.1337890625 0.0048828125 0.00244140625
22 0.7607421875 0.17431640625 0.0048828125 0.00244140625
22 0.7607421875 0.21435546875 0.0048828125 0.00244140625
22 0.7607421875 0.2548828125 0.0048828125 0.00244140625
22 0.7607421875 0.33544921875 0.0048828125 0.00244140625
22 0.7607421875 0.37548828125 0.0048828125 0.00244140625
22 0.7607421875 0.416015625 0.0048828125 0.00244140625
22 0.7607421875 0.4560546875 0.0048828125 0.00244140625
22 0.7607421875 0.49609375 0.0048828125 0.00244140625
22 0.7607421875 0.53662109375 0.0048828125 0.00244140625
22 0.7607421875 0.57666015625 0.0048828125 0.00244140625
22 0.7607421875 0.61962890625 0.0048828125 0.00244140625
22 0.7607421875 0.73828125 0.0048828125 0.00244140625
22 0.7607421875 0.78369140625 0.0048828125 0.00244140625
22 0.7607421875 0.82373046875 0.0048828125 0.00244140625
22 0.7607421875 0.8642578125 0.0048828125 0.00244140625
11 0.24755859375 0.72998046875 0.0048828125 0.00390625
11 0.24755859375 0.029296875 0.0048828125 0.00390625
11 0.24755859375 0.06982421875 0.0048828125 0.00439453125
11 0.24755859375 0.14013671875 0.0048828125 0.00390625
11 0.24755859375 0.18017578125 0.0048828125 0.00390625
11 0.24755859375 0.2119140625 0.0048828125 0.00439453125
11 0.24755859375 0.62060546875 0.0048828125 0.00390625
11 0.24755859375 0.67822265625 0.0048828125 0.00390625
11 0.24755859375 0.8544921875 0.0048828125 0.00439453125
11 0.24755859375 0.896484375 0.0048828125 0.00390625
15 0.25732421875 0.05615234375 0.00439453125 0.0068359375
15 0.25732421875 0.0966796875 0.00439453125 0.0068359375
11 0.25732421875 0.6171875 0.0048828125 0.00439453125
15 0.25732421875 0.70458984375 0.00439453125 0.0068359375
11 0.25732421875 0.7265625 0.0048828125 0.00390625
11 0.25732421875 0.85107421875 0.0048828125 0.00390625
11 0.25732421875 0.89306640625 0.0048828125 0.00390625
11 0.2373046875 0.03466796875 0.0048828125 0.00439453125
11 0.2373046875 0.0751953125 0.0048828125 0.00390625
11 0.2373046875 0.6259765625 0.0048828125 0.00439453125
11 0.2373046875 0.68310546875 0.0048828125 0.00390625
11 0.2373046875 0.7353515625 0.0048828125 0.00390625
11 0.2373046875 0.85986328125 0.0048828125 0.00390625
11 0.2373046875 0.90185546875 0.0048828125 0.00390625
11 0.3837890625 0.1416015625 0.0048828125 0.00390625
11 0.3837890625 0.18212890625 0.0048828125 0.00390625
11 0.3837890625 0.21337890625 0.0048828125 0.00390625
11 0.3837890625 0.6240234375 0.0048828125 0.00390625
11 0.3837890625 0.7333984375 0.0048828125 0.00439453125
11 0.3837890625 0.85791015625 0.0048828125 0.00390625
11 0.3837890625 0.89990234375 0.0048828125 0.00439453125
15 0.375 0.05615234375 0.00439453125 0.0068359375
15 0.375 0.0966796875 0.00439453125 0.0068359375
11 0.375 0.619140625 0.00439453125 0.00390625
15 0.375 0.70458984375 0.00439453125 0.0068359375
11 0.375 0.728515625 0.00439453125 0.00390625
11 0.375 0.8525390625 0.00439453125 0.00390625
11 0.375 0.89453125 0.00439453125 0.00390625
11 0.39208984375 0.03662109375 0.0048828125 0.00390625
11 0.39208984375 0.0771484375 0.0048828125 0.00390625
11 0.39208984375 0.62744140625 0.0048828125 0.00390625
11 0.39208984375 0.68505859375 0.0048828125 0.00390625
11 0.39208984375 0.7373046875 0.0048828125 0.00390625
11 0.39208984375 0.861328125 0.0048828125 0.00390625
11 0.39208984375 0.9033203125 0.0048828125 0.00390625
4 0.39208984375 0.05029296875 0.00439453125 0.01025390625
4 0.39208984375 0.0908203125 0.00439453125 0.01025390625
11 0.35498046875 0.03662109375 0.0048828125 0.00390625
11 0.35498046875 0.62744140625 0.0048828125 0.00390625
11 0.35498046875 0.68505859375 0.0048828125 0.00390625
11 0.35498046875 0.7373046875 0.0048828125 0.00390625
11 0.35498046875 0.861328125 0.0048828125 0.00390625
11 0.35498046875 0.9033203125 0.0048828125 0.00390625
11 0.365234375 0.033203125 0.0048828125 0.00390625
11 0.365234375 0.0732421875 0.0048828125 0.00390625
11 0.365234375 0.14013671875 0.0048828125 0.00390625
11 0.365234375 0.18017578125 0.0048828125 0.00390625
11 0.365234375 0.2119140625 0.0048828125 0.00439453125
11 0.365234375 0.6240234375 0.0048828125 0.00390625
11 0.365234375 0.681640625 0.0048828125 0.00439453125
11 0.365234375 0.7333984375 0.0048828125 0.00439453125
11 0.365234375 0.85791015625 0.0048828125 0.00390625
11 0.365234375 0.89990234375 0.0048828125 0.00439453125
11 0.4208984375 0.7333984375 0.0048828125 0.00439453125
11 0.4208984375 0.7685546875 0.0048828125 0.00390625
11 0.4208984375 0.8212890625 0.0048828125 0.00439453125
11 0.4208984375 0.85791015625 0.0048828125 0.00390625
11 0.4208984375 0.89990234375 0.0048828125 0.00439453125
15 0.4208984375 0.70458984375 0.00439453125 0.0068359375
15 0.4208984375 0.05615234375 0.00439453125 0.0068359375
15 0.4208984375 0.0966796875 0.00439453125 0.0068359375
11 0.4208984375 0.14013671875 0.0048828125 0.00390625
11 0.4208984375 0.18017578125 0.0048828125 0.00390625
11 0.4208984375 0.2119140625 0.0048828125 0.00439453125
11 0.4208984375 0.337890625 0.0048828125 0.00390625
11 0.4208984375 0.39013671875 0.0048828125 0.00390625
11 0.4208984375 0.41845703125 0.0048828125 0.00390625
11 0.4208984375 0.470703125 0.0048828125 0.00390625
11 0.4208984375 0.49169921875 0.0048828125 0.00390625
11 0.4208984375 0.5322265625 0.0048828125 0.00439453125
11 0.4208984375 0.6240234375 0.0048828125 0.00390625
11 0.40087890625 0.74072265625 0.0048828125 0.00390625
11 0.40087890625 0.86474609375 0.0048828125 0.00390625
11 0.40087890625 0.90673828125 0.0048828125 0.00390625
11 0.40087890625 0.6884765625 0.0048828125 0.00390625
4 0.39208984375 0.69873046875 0.00439453125 0.01025390625
11 0.40087890625 0.0400390625 0.0048828125 0.00390625
11 0.40087890625 0.08056640625 0.0048828125 0.00390625
11 0.40087890625 0.14013671875 0.0048828125 0.00390625
11 0.40087890625 0.18017578125 0.0048828125 0.00390625
11 0.40087890625 0.2119140625 0.0048828125 0.00439453125
11 0.40087890625 0.63134765625 0.0048828125 0.00390625
11 0.4111328125 0.0771484375 0.0048828125 0.00390625
11 0.4111328125 0.62744140625 0.0048828125 0.00390625
11 0.4111328125 0.68505859375 0.0048828125 0.00390625
11 0.4111328125 0.7373046875 0.0048828125 0.00390625
11 0.4111328125 0.861328125 0.0048828125 0.00390625
11 0.4111328125 0.9033203125 0.0048828125 0.00390625
11 0.4111328125 0.03662109375 0.0048828125 0.00390625
11 0.35498046875 0.0771484375 0.0048828125 0.00390625
11 0.3310546875 0.6259765625 0.0048828125 0.00439453125
11 0.3310546875 0.68310546875 0.0048828125 0.00390625
11 0.3310546875 0.7353515625 0.0048828125 0.00390625
11 0.3310546875 0.76708984375 0.0048828125 0.00439453125
11 0.3310546875 0.8193359375 0.0048828125 0.00390625
11 0.3310546875 0.85986328125 0.0048828125 0.00390625
11 0.3310546875 0.90185546875 0.0048828125 0.00390625
11 0.3310546875 0.5302734375 0.0048828125 0.00390625
11 0.3310546875 0.03466796875 0.0048828125 0.00439453125
11 0.3310546875 0.0751953125 0.0048828125 0.00390625
11 0.3310546875 0.3359375 0.0048828125 0.00390625
11 0.3310546875 0.388671875 0.0048828125 0.00390625
11 0.3310546875 0.41650390625 0.0048828125 0.00390625
11 0.3310546875 0.46923828125 0.0048828125 0.00390625
11 0.3310546875 0.490234375 0.0048828125 0.00390625
11 0.32177734375 0.38671875 0.0048828125 0.00439453125
11 0.32177734375 0.41455078125 0.0048828125 0.00390625
11 0.32177734375 0.46728515625 0.0048828125 0.00390625
11 0.32177734375 0.48828125 0.0048828125 0.00390625
11 0.32177734375 0.52880859375 0.0048828125 0.00390625
11 0.32177734375 0.62060546875 0.0048828125 0.00390625
11 0.32177734375 0.67822265625 0.0048828125 0.00390625
11 0.32177734375 0.72998046875 0.0048828125 0.00390625
11 0.32177734375 0.76513671875 0.0048828125 0.00390625
11 0.32177734375 0.81787109375 0.0048828125 0.00390625
11 0.32177734375 0.8544921875 0.0048828125 0.00439453125
11 0.32177734375 0.896484375 0.0048828125 0.00390625
11 0.32177734375 0.33447265625 0.0048828125 0.00390625
11 0.32177734375 0.029296875 0.0048828125 0.00390625
11 0.32177734375 0.06982421875 0.0048828125 0.00439453125
11 0.32177734375 0.1416015625 0.0048828125 0.00390625
11 0.32177734375 0.18212890625 0.0048828125 0.00390625
11 0.32177734375 0.21337890625 0.0048828125 0.00390625
11 0.3447265625 0.90673828125 0.0048828125 0.00390625
11 0.3447265625 0.86474609375 0.0048828125 0.00390625
12 0.34521484375 0.8212890625 0.0048828125 0.00390625
12 0.34521484375 0.7685546875 0.0048828125 0.00390625
11 0.3447265625 0.74072265625 0.0048828125 0.00390625
11 0.3447265625 0.6884765625 0.0048828125 0.00390625
12 0.34521484375 0.60400390625 0.0048828125 0.00390625
11 0.3447265625 0.63134765625 0.0048828125 0.00390625
12 0.34521484375 0.947265625 0.0048828125 0.00390625
12 0.34521484375 0.337890625 0.0048828125 0.00390625
11 0.3447265625 0.2119140625 0.0048828125 0.00439453125
11 0.3447265625 0.18017578125 0.0048828125 0.00390625
11 0.3447265625 0.14013671875 0.0048828125 0.00390625
11 0.3447265625 0.08056640625 0.0048828125 0.00390625
11 0.3447265625 0.0400390625 0.0048828125 0.00390625
12 0.34521484375 0.49169921875 0.0048828125 0.00390625
12 0.34521484375 0.470703125 0.0048828125 0.00390625
12 0.34521484375 0.5322265625 0.0048828125 0.00439453125
12 0.34521484375 0.41845703125 0.0048828125 0.00390625
12 0.34521484375 0.39013671875 0.0048828125 0.00390625