11 0.63330078125 0.13818359375 0.00830078125 0.0068359375
11 0.6767578125 0.13232421875 0.00830078125 0.0068359375
11 0.69775390625 0.13525390625 0.00830078125 0.00732421875
11 0.57177734375 0.13525390625 0.00830078125 0.00732421875
11 0.61279296875 0.14111328125 0.00830078125 0.0068359375
11 0.7607421875 0.14111328125 0.00830078125 0.0068359375
11 0.73974609375 0.13818359375 0.00830078125 0.0068359375
11 0.802734375 0.14404296875 0.00830078125 0.0068359375
4 0.3564453125 0.14697265625 0.0078125 0.01806640625
14 0.33544921875 0.14208984375 0.0087890625 0.017578125
11 0.3564453125 0.13525390625 0.00830078125 0.00732421875
11 0.37744140625 0.1259765625 0.00830078125 0.0068359375
15 0.30126953125 0.138671875 0.0078125 0.01171875
11 0.54248046875 0.13818359375 0.00830078125 0.0068359375
11 0.48095703125 0.13525390625 0.00830078125 0.00732421875
11 0.41943359375 0.12939453125 0.00830078125 0.0068359375
11 0.501953125 0.13232421875 0.00830078125 0.0068359375
11 0.4404296875 0.1259765625 0.00830078125 0.0068359375
14 0.650390625 0.25341796875 0.0087890625 0.017578125
11 0.66748046875 0.24658203125 0.00830078125 0.0068359375
4 0.66748046875 0.2587890625 0.00732421875 0.01806640625
11 0.68408203125 0.23779296875 0.00830078125 0.0068359375
11 0.52197265625 0.24365234375 0.00830078125 0.0068359375
11 0.53857421875 0.24658203125 0.00830078125 0.0068359375
11 0.57177734375 0.25244140625 0.00830078125 0.0068359375
11 0.6025390625 0.25 0.00830078125 0.0068359375
15 0.62451171875 0.25048828125 0.0078125 0.01171875
11 0.80712890625 0.25 0.00830078125 0.0068359375
11 0.71484375 0.24072265625 0.00830078125 0.00732421875
11 0.73193359375 0.23779296875 0.00830078125 0.0068359375
11 0.76123046875 0.24658203125 0.00830078125 0.0068359375
11 0.77783203125 0.24365234375 0.00830078125 0.0068359375
4 0.27978515625 0.2587890625 0.00732421875 0.01806640625
11 0.29638671875 0.23779296875 0.00830078125 0.0068359375
11 0.3271484375 0.24072265625 0.00830078125 0.00732421875
11 0.34423828125 0.23779296875 0.00830078125 0.0068359375
11 0.37353515625 0.24658203125 0.00830078125 0.0068359375
15 0.23681640625 0.25048828125 0.0078125 0.01171875
14 0.2626953125 0.25341796875 0.0087890625 0.017578125
11 0.27978515625 0.24658203125 0.00830078125 0.0068359375
11 0.47265625 0.25244140625 0.00830078125 0.0068359375
11 0.4892578125 0.25 0.00830078125 0.0068359375
11 0.443359375 0.24658203125 0.00830078125 0.0068359375
11 0.39013671875 0.24365234375 0.00830078125 0.0068359375
11 0.41943359375 0.25 0.00830078125 0.0068359375
11 0.6064453125 0.34326171875 0.00830078125 0.0068359375
11 0.62451171875 0.34619140625 0.00830078125 0.00732421875
11 0.65869140625 0.34912109375 0.00830078125 0.0068359375
11 0.5 0.34912109375 0.00830078125 0.0068359375
4 0.5 0.3642578125 0.0078125 0.01806640625
11 0.51806640625 0.34619140625 0.00830078125 0.00732421875
11 0.55224609375 0.34912109375 0.00830078125 0.0068359375
11 0.57177734375 0.34033203125 0.00830078125 0.0068359375
11 0.80517578125 0.34619140625 0.00830078125 0.00732421875
12 0.6845703125 0.34619140625 0.0087890625 0.00732421875
21 0.73291015625 0.35986328125 0.00634765625 0.0185546875
11 0.77099609375 0.34912109375 0.00830078125 0.0068359375
11 0.32421875 0.35546875 0.00830078125 0.0068359375
11 0.2880859375 0.361328125 0.00830078125 0.00732421875
11 0.27001953125 0.3642578125 0.0078125 0.0068359375
11 0.34228515625 0.3583984375 0.00830078125 0.0068359375
11 0.2373046875 0.3583984375 0.00830078125 0.0068359375
11 0.4287109375 0.3671875 0.00830078125 0.00732421875
15 0.453125 0.36181640625 0.0078125 0.01171875
11 0.37646484375 0.361328125 0.00830078125 0.00732421875
14 0.48193359375 0.36474609375 0.0087890625 0.01708984375
11 0.39453125 0.3642578125 0.00830078125 0.0068359375
11 0.615234375 0.48779296875 0.00830078125 0.00732421875
11 0.66015625 0.49365234375 0.00830078125 0.0068359375
11 0.6826171875 0.49072265625 0.00830078125 0.0068359375
11 0.54736328125 0.478515625 0.00830078125 0.0068359375
11 0.5927734375 0.49072265625 0.0078125 0.0068359375
11 0.751953125 0.49658203125 0.00830078125 0.0068359375
11 0.7294921875 0.49365234375 0.00830078125 0.0068359375
11 0.79833984375 0.49365234375 0.00830078125 0.0068359375
14 0.26025390625 0.4765625 0.0087890625 0.01708984375
14 0.283203125 0.4765625 0.0087890625 0.01708984375
4 0.2373046875 0.4755859375 0.00732421875 0.01806640625
11 0.30615234375 0.49072265625 0.00830078125 0.0068359375
5 0.31298828125 0.47998046875 0.0068359375 0.02099609375
11 0.33056640625 0.48193359375 0.00830078125 0.0068359375
11 0.2373046875 0.4609375 0.00830078125 0.0068359375
11 0.44482421875 0.49072265625 0.00830078125 0.0068359375
11 0.46923828125 0.47265625 0.00830078125 0.00732421875
11 0.51611328125 0.4755859375 0.00830078125 0.0068359375
11 0.37548828125 0.49072265625 0.00830078125 0.0068359375
11 0.39990234375 0.478515625 0.00830078125 0.0068359375
14 0.64794921875 0.587890625 0.0087890625 0.01708984375
11 0.6650390625 0.60205078125 0.00830078125 0.0068359375
5 0.67138671875 0.591796875 0.00732421875 0.02099609375
11 0.6826171875 0.59326171875 0.00830078125 0.00732421875
11 0.5185546875 0.60498046875 0.00830078125 0.0068359375
11 0.53515625 0.60205078125 0.00830078125 0.0068359375
11 0.56787109375 0.60791015625 0.00830078125 0.00732421875
11 0.59814453125 0.60498046875 0.0078125 0.0068359375
15 0.623046875 0.5849609375 0.0078125 0.01171875
11 0.8076171875 0.58740234375 0.00830078125 0.0068359375
11 0.7119140625 0.60205078125 0.00830078125 0.0068359375
11 0.7294921875 0.59033203125 0.00830078125 0.0068359375
11 0.75830078125 0.60205078125 0.00830078125 0.0068359375
11 0.77734375 0.583984375 0.00830078125 0.0068359375
5 0.28564453125 0.591796875 0.0068359375 0.02099609375
11 0.29736328125 0.59326171875 0.0078125 0.00732421875
11 0.326171875 0.60205078125 0.00830078125 0.0068359375
11 0.34375 0.59033203125 0.00830078125 0.0068359375
11 0.37255859375 0.60205078125 0.00830078125 0.0068359375
15 0.23681640625 0.5849609375 0.0078125 0.01171875
14 0.26220703125 0.587890625 0.0087890625 0.01708984375
11 0.27880859375 0.60205078125 0.00830078125 0.0068359375
11 0.44482421875 0.59033203125 0.00830078125 0.0068359375
11 0.4736328125 0.60205078125 0.00830078125 0.0068359375
11 0.39111328125 0.583984375 0.00830078125 0.0068359375
11 0.490234375 0.59912109375 0.00830078125 0.0068359375
11 0.42138671875 0.58740234375 0.00830078125 0.0068359375
11 0.607421875 0.69580078125 0.0078125 0.0068359375
11 0.64013671875 0.69873046875 0.00830078125 0.00732421875
11 0.66455078125 0.70166015625 0.00830078125 0.0068359375
11 0.5068359375 0.70458984375 0.00830078125 0.0068359375
11 0.5380859375 0.71337890625 0.00830078125 0.00732421875
11 0.556640625 0.70166015625 0.00830078125 0.0068359375
11 0.587890625 0.71337890625 0.0078125 0.00732421875
11 0.8037109375 0.716796875 0.00830078125 0.0068359375
21 0.7001953125 0.6943359375 0.00634765625 0.0185546875
21 0.73486328125 0.6943359375 0.00634765625 0.0185546875
11 0.77099609375 0.71923828125 0.00830078125 0.0068359375
11 0.28564453125 0.71044921875 0.00830078125 0.0068359375
11 0.31689453125 0.716796875 0.0078125 0.0068359375
11 0.33447265625 0.71337890625 0.00830078125 0.00732421875
5 0.494140625 0.703125 0.00732421875 0.02099609375
11 0.3671875 0.716796875 0.00830078125 0.0068359375
11 0.2373046875 0.70166015625 0.00830078125 0.0068359375
11 0.2685546875 0.71337890625 0.00830078125 0.00732421875
15 0.44287109375 0.6962890625 0.0078125 0.01171875
14 0.47021484375 0.69970703125 0.0087890625 0.01708984375
11 0.48779296875 0.71337890625 0.00830078125 0.00732421875
11 0.38427734375 0.71923828125 0.00830078125 0.0068359375
11 0.4169921875 0.716796875 0.00830078125 0.0068359375
11 0.623046875 0.81591796875 0.00830078125 0.0068359375
11 0.65283203125 0.8251953125 0.00830078125 0.0068359375
11 0.68408203125 0.828125 0.00830078125 0.0068359375
11 0.509765625 0.833984375 0.00830078125 0.0068359375
11 0.54052734375 0.8310546875 0.00830078125 0.0068359375
11 0.568359375 0.828125 0.00830078125 0.0068359375
11 0.591796875 0.8251953125 0.00830078125 0.0068359375
11 0.8056640625 0.833984375 0.00830078125 0.0068359375
11 0.71142578125 0.8310546875 0.00830078125 0.0068359375
12 0.73486328125 0.833984375 0.0087890625 0.0068359375
11 0.7783203125 0.8369140625 0.00830078125 0.0068359375
9 0.3349609375 0.81298828125 0.0068359375 0.017578125
11 0.28271484375 0.8251953125 0.00830078125 0.0068359375
9 0.28955078125 0.81298828125 0.0068359375 0.017578125
15 0.3056640625 0.80810546875 0.0078125 0.01171875
11 0.32861328125 0.8251953125 0.00830078125 0.0068359375
15 0.3515625 0.80810546875 0.0078125 0.01171875
11 0.37451171875 0.8251953125 0.00830078125 0.0068359375
9 0.380859375 0.81298828125 0.0068359375 0.017578125
11 0.2373046875 0.8251953125 0.00830078125 0.0068359375
9 0.24365234375 0.81298828125 0.0068359375 0.017578125
15 0.26025390625 0.80810546875 0.0078125 0.01171875
11 0.43798828125 0.8251953125 0.00830078125 0.0068359375
11 0.46728515625 0.828125 0.00830078125 0.0068359375
11 0.4267578125 0.822265625 0.00830078125 0.0068359375
11 0.49462890625 0.8310546875 0.00830078125 0.0068359375
15 0.39697265625 0.80810546875 0.0078125 0.01171875
11 0.50439453125 0.95166015625 0.00830078125 0.0068359375
11 0.65087890625 0.9453125 0.00830078125 0.00732421875
11 0.61962890625 0.9423828125 0.00830078125 0.0068359375
11 0.53564453125 0.95166015625 0.00830078125 0.0068359375
11 0.56396484375 0.95166015625 0.00830078125 0.0068359375
11 0.5869140625 0.94873046875 0.00830078125 0.0068359375
11 0.78955078125 0.939453125 0.00830078125 0.0068359375
11 0.75830078125 0.9423828125 0.00830078125 0.0068359375
11 0.68701171875 0.94873046875 0.00830078125 0.0068359375
9 0.693359375 0.9365234375 0.0068359375 0.017578125
12 0.71728515625 0.94873046875 0.0087890625 0.0068359375
11 0.28369140625 0.9423828125 0.00830078125 0.0068359375
9 0.29052734375 0.9306640625 0.0068359375 0.017578125
15 0.30712890625 0.91943359375 0.0078125 0.01171875
11 0.330078125 0.9423828125 0.00830078125 0.0068359375
9 0.3369140625 0.9306640625 0.0068359375 0.017578125
11 0.37646484375 0.9423828125 0.0078125 0.0068359375
15 0.353515625 0.91943359375 0.0078125 0.01171875
11 0.2373046875 0.9423828125 0.00830078125 0.0068359375
9 0.24365234375 0.9306640625 0.0068359375 0.017578125
15 0.2607421875 0.91943359375 0.0078125 0.01171875
11 0.4609375 0.9453125 0.00830078125 0.00732421875
11 0.48876953125 0.94873046875 0.00830078125 0.0068359375
9 0.38330078125 0.9306640625 0.0068359375 0.017578125
15 0.39990234375 0.91943359375 0.0078125 0.01171875
11 0.4296875 0.9423828125 0.00830078125 0.0068359375