2 0.6220703125 0.1416015625 0.0078125 0.03271484375
11 0.6220703125 0.1220703125 0.00830078125 0.0068359375
6 0.59814453125 0.13232421875 0.0078125 0.02734375
6 0.59814453125 0.07763671875 0.0078125 0.02734375
11 0.66015625 0.125 0.00830078125 0.0068359375
6 0.6357421875 0.13525390625 0.00732421875 0.02734375
11 0.6357421875 0.064453125 0.00830078125 0.00732421875
6 0.6357421875 0.08056640625 0.00732421875 0.02734375
2 0.66015625 0.14453125 0.00732421875 0.03271484375
11 0.6357421875 0.119140625 0.00830078125 0.0068359375
6 0.56005859375 0.13818359375 0.0078125 0.02734375
6 0.56005859375 0.083984375 0.0078125 0.02734375
11 0.56005859375 0.1220703125 0.00830078125 0.0068359375
11 0.56005859375 0.0673828125 0.00830078125 0.0068359375
3 0.52978515625 0.05908203125 0.0068359375 0.03662109375
11 0.5234375 0.076171875 0.0078125 0.0068359375
11 0.59814453125 0.1162109375 0.00830078125 0.00732421875
11 0.59814453125 0.0615234375 0.00830078125 0.0068359375
2 0.58447265625 0.138671875 0.0078125 0.03271484375
11 0.58447265625 0.119140625 0.00830078125 0.0068359375
6 0.77294921875 0.14453125 0.0078125 0.02734375
7 0.779296875 0.06787109375 0.00732421875 0.03125
11 0.77294921875 0.1279296875 0.00830078125 0.0068359375
11 0.77294921875 0.08251953125 0.00830078125 0.0068359375
2 0.75927734375 0.150390625 0.0078125 0.03271484375
11 0.75927734375 0.130859375 0.00830078125 0.00732421875
3 0.8095703125 0.11962890625 0.0068359375 0.03662109375
11 0.802734375 0.13671875 0.0078125 0.0068359375
6 0.69091796875 0.13818359375 0.0078125 0.02734375
6 0.69091796875 0.083984375 0.0078125 0.02734375
11 0.69091796875 0.1220703125 0.00830078125 0.0068359375
11 0.69091796875 0.0673828125 0.00830078125 0.0068359375
6 0.72900390625 0.14111328125 0.00732421875 0.02685546875
7 0.73583984375 0.0654296875 0.0068359375 0.03125
11 0.72900390625 0.125 0.00830078125 0.0068359375
11 0.72900390625 0.07958984375 0.00830078125 0.0068359375
2 0.71533203125 0.1474609375 0.0078125 0.03271484375
11 0.71533203125 0.1279296875 0.00830078125 0.0068359375
11 0.3310546875 0.0615234375 0.00830078125 0.0068359375
7 0.3076171875 0.12890625 0.0068359375 0.03173828125
6 0.30078125 0.07177734375 0.00732421875 0.02734375
11 0.30078125 0.14306640625 0.00830078125 0.0068359375
11 0.30078125 0.05517578125 0.00830078125 0.0068359375
2 0.287109375 0.07763671875 0.00732421875 0.03271484375
11 0.375 0.064453125 0.00830078125 0.00732421875
7 0.3515625 0.1318359375 0.0068359375 0.03125
6 0.3447265625 0.07470703125 0.00732421875 0.02685546875
11 0.3447265625 0.14599609375 0.00830078125 0.0068359375
11 0.3447265625 0.05859375 0.00830078125 0.0068359375
2 0.3310546875 0.0810546875 0.0078125 0.03271484375
10 0.19287109375 0.1328125 0.0166015625 0.0458984375
10 0.19287109375 0.07177734375 0.0166015625 0.0458984375
11 0.287109375 0.05859375 0.00830078125 0.0068359375
7 0.263671875 0.134765625 0.00732421875 0.03125
6 0.2568359375 0.07763671875 0.00732421875 0.02734375
11 0.2568359375 0.14892578125 0.0078125 0.0068359375
11 0.2568359375 0.0615234375 0.0078125 0.0068359375
11 0.4931640625 0.14306640625 0.00830078125 0.0068359375
11 0.44921875 0.14013671875 0.00830078125 0.0068359375
11 0.44921875 0.064453125 0.00830078125 0.00732421875
2 0.435546875 0.0869140625 0.0078125 0.03271484375
11 0.435546875 0.0673828125 0.00830078125 0.0068359375
6 0.4931640625 0.083984375 0.0078125 0.02734375
11 0.4794921875 0.0703125 0.00830078125 0.0068359375
2 0.4794921875 0.08984375 0.0078125 0.03271484375
7 0.4560546875 0.1259765625 0.0068359375 0.03125
6 0.44921875 0.08056640625 0.00732421875 0.02734375
11 0.4931640625 0.0673828125 0.00830078125 0.0068359375
11 0.4052734375 0.14892578125 0.00830078125 0.0068359375
6 0.40576171875 0.07763671875 0.00732421875 0.02734375
11 0.4052734375 0.0615234375 0.00830078125 0.0068359375
7 0.5 0.12890625 0.00732421875 0.03173828125
2 0.37451171875 0.083984375 0.00732421875 0.03271484375
7 0.412109375 0.134765625 0.0068359375 0.03125
11 0.6376953125 0.32666015625 0.00830078125 0.0068359375
7 0.62451171875 0.25537109375 0.0068359375 0.03125
11 0.61767578125 0.26953125 0.00830078125 0.0068359375
11 0.53662109375 0.24853515625 0.00830078125 0.0068359375
6 0.67578125 0.34814453125 0.0078125 0.02734375
11 0.67578125 0.3330078125 0.00830078125 0.0068359375
11 0.67578125 0.25146484375 0.00830078125 0.0068359375
11 0.650390625 0.32958984375 0.00830078125 0.00732421875
7 0.54345703125 0.32177734375 0.00732421875 0.03125
11 0.548828125 0.25146484375 0.00830078125 0.0068359375
11 0.53662109375 0.3359375 0.00830078125 0.0068359375
6 0.5859375 0.2646484375 0.00732421875 0.02734375
11 0.5859375 0.24853515625 0.00830078125 0.0068359375
11 0.5732421875 0.25146484375 0.00830078125 0.0068359375
11 0.60009765625 0.32958984375 0.00830078125 0.00732421875
11 0.56103515625 0.32666015625 0.00830078125 0.0068359375
11 0.56103515625 0.25439453125 0.00830078125 0.0068359375
11 0.78857421875 0.32080078125 0.00830078125 0.0068359375
11 0.81005859375 0.31787109375 0.00830078125 0.0068359375
11 0.78857421875 0.26025390625 0.00830078125 0.0068359375
11 0.77587890625 0.32373046875 0.00830078125 0.0068359375
11 0.712890625 0.25439453125 0.00830078125 0.0068359375
11 0.7001953125 0.32373046875 0.00830078125 0.0068359375
11 0.7001953125 0.2578125 0.00830078125 0.0068359375
11 0.68798828125 0.25439453125 0.00830078125 0.0068359375
11 0.763671875 0.32666015625 0.00830078125 0.0068359375
11 0.763671875 0.25439453125 0.00830078125 0.0068359375
11 0.75146484375 0.32958984375 0.00830078125 0.00732421875
11 0.7392578125 0.32666015625 0.00830078125 0.0068359375
11 0.7392578125 0.26025390625 0.00830078125 0.0068359375
11 0.72509765625 0.25146484375 0.00830078125 0.0068359375
11 0.33837890625 0.26025390625 0.00830078125 0.0068359375
7 0.3251953125 0.32177734375 0.00732421875 0.03125
11 0.31884765625 0.3359375 0.00830078125 0.0068359375
11 0.30078125 0.263671875 0.00830078125 0.00732421875
6 0.28662109375 0.3310546875 0.00732421875 0.02734375
11 0.28662109375 0.31494140625 0.00830078125 0.0068359375
6 0.37646484375 0.2822265625 0.00732421875 0.02734375
11 0.37646484375 0.31787109375 0.00830078125 0.0068359375
11 0.37646484375 0.2666015625 0.00830078125 0.0068359375
11 0.35107421875 0.263671875 0.00830078125 0.00732421875
11 0.2373046875 0.31494140625 0.00830078125 0.0068359375
11 0.2373046875 0.26953125 0.00830078125 0.0068359375
10 0.19287109375 0.3310546875 0.0166015625 0.0458984375
10 0.19287109375 0.26513671875 0.0166015625 0.0458984375
11 0.2744140625 0.31787109375 0.00830078125 0.0068359375
11 0.26220703125 0.32080078125 0.00830078125 0.0068359375
11 0.26220703125 0.26025390625 0.00830078125 0.0068359375
11 0.24951171875 0.31787109375 0.00830078125 0.0068359375
7 0.244140625 0.25537109375 0.0068359375 0.03125
11 0.46484375 0.32080078125 0.00830078125 0.0068359375
11 0.46484375 0.26025390625 0.00830078125 0.0068359375
11 0.45263671875 0.263671875 0.00830078125 0.00732421875
11 0.43994140625 0.32666015625 0.00830078125 0.0068359375
11 0.43994140625 0.26025390625 0.00830078125 0.0068359375
11 0.5107421875 0.25146484375 0.00830078125 0.0068359375
11 0.4892578125 0.32666015625 0.00830078125 0.0068359375
11 0.4892578125 0.25439453125 0.00830078125 0.0068359375
11 0.47705078125 0.2578125 0.00830078125 0.0068359375
11 0.4013671875 0.32373046875 0.00830078125 0.0068359375
11 0.4013671875 0.2578125 0.00830078125 0.0068359375
11 0.38916015625 0.32080078125 0.00830078125 0.0068359375
11 0.42626953125 0.31787109375 0.00830078125 0.0068359375
11 0.41357421875 0.32080078125 0.00830078125 0.0068359375
11 0.6416015625 0.52099609375 0.00830078125 0.0068359375
11 0.6416015625 0.46826171875 0.00830078125 0.0068359375
11 0.6865234375 0.51513671875 0.00830078125 0.00732421875
11 0.67138671875 0.51513671875 0.00830078125 0.00732421875
11 0.67138671875 0.4892578125 0.00830078125 0.0068359375
11 0.60546875 0.4560546875 0.00830078125 0.00732421875
11 0.65625 0.51513671875 0.00830078125 0.00732421875
11 0.52978515625 0.4560546875 0.00830078125 0.00732421875
11 0.52978515625 0.52685546875 0.00830078125 0.0068359375
11 0.560546875 0.5087890625 0.00830078125 0.00732421875
11 0.560546875 0.4619140625 0.00830078125 0.0068359375
11 0.54541015625 0.4560546875 0.00830078125 0.00732421875
11 0.59033203125 0.51513671875 0.00830078125 0.00732421875
11 0.59033203125 0.4560546875 0.00830078125 0.00732421875
11 0.57568359375 0.4560546875 0.00830078125 0.00732421875
11 0.8076171875 0.51513671875 0.00830078125 0.00732421875
11 0.79248046875 0.51513671875 0.00830078125 0.00732421875
11 0.79248046875 0.47705078125 0.00830078125 0.00732421875
11 0.77734375 0.51513671875 0.00830078125 0.00732421875
11 0.73193359375 0.51513671875 0.00830078125 0.00732421875
11 0.73193359375 0.4892578125 0.00830078125 0.0068359375
11 0.716796875 0.51513671875 0.00830078125 0.00732421875
11 0.7021484375 0.52099609375 0.00830078125 0.0068359375
11 0.7021484375 0.47705078125 0.00830078125 0.00732421875
11 0.76220703125 0.52099609375 0.00830078125 0.0068359375
11 0.76220703125 0.47119140625 0.00830078125 0.00732421875
11 0.7470703125 0.51513671875 0.00830078125 0.00732421875
11 0.32763671875 0.52685546875 0.00830078125 0.0068359375
11 0.32763671875 0.4560546875 0.00830078125 0.00732421875
11 0.3125 0.4560546875 0.00830078125 0.00732421875
11 0.29736328125 0.51513671875 0.00830078125 0.00732421875
11 0.29736328125 0.4619140625 0.00830078125 0.0068359375
11 0.28271484375 0.4560546875 0.0078125 0.00732421875
11 0.35791015625 0.5087890625 0.00830078125 0.00732421875
11 0.35791015625 0.4619140625 0.00830078125 0.0068359375
11 0.3427734375 0.4560546875 0.00830078125 0.00732421875
11 0.2373046875 0.505859375 0.00830078125 0.0068359375
11 0.2373046875 0.4619140625 0.00830078125 0.0068359375
10 0.19287109375 0.5224609375 0.0166015625 0.0458984375
10 0.19287109375 0.4638671875 0.0166015625 0.0458984375
11 0.267578125 0.52685546875 0.00830078125 0.0068359375
11 0.267578125 0.4560546875 0.00830078125 0.00732421875
11 0.25244140625 0.4560546875 0.00830078125 0.00732421875
11 0.4697265625 0.52685546875 0.00830078125 0.0068359375
11 0.4697265625 0.4560546875 0.00830078125 0.00732421875
11 0.45458984375 0.4560546875 0.00830078125 0.00732421875
11 0.5 0.4619140625 0.00830078125 0.0068359375
11 0.51513671875 0.4560546875 0.00830078125 0.00732421875
11 0.5 0.51513671875 0.00830078125 0.00732421875
11 0.48486328125 0.4560546875 0.00830078125 0.00732421875
11 0.38818359375 0.4560546875 0.0078125 0.00732421875
11 0.38818359375 0.51513671875 0.0078125 0.00732421875
11 0.40283203125 0.4560546875 0.00830078125 0.00732421875
11 0.373046875 0.4560546875 0.00830078125 0.00732421875
11 0.439453125 0.505859375 0.00830078125 0.0068359375
11 0.439453125 0.4619140625 0.00830078125 0.0068359375
11 0.65625 0.64453125 0.00830078125 0.0068359375
11 0.65625 0.70947265625 0.00830078125 0.0068359375
11 0.54443359375 0.650390625 0.00830078125 0.0068359375
11 0.6865234375 0.70947265625 0.00830078125 0.0068359375
11 0.6865234375 0.64453125 0.00830078125 0.0068359375
11 0.67138671875 0.70947265625 0.00830078125 0.0068359375
11 0.67138671875 0.64453125 0.00830078125 0.0068359375
11 0.57470703125 0.7119140625 0.0078125 0.0068359375
11 0.57470703125 0.6474609375 0.0078125 0.0068359375
11 0.5595703125 0.7119140625 0.00830078125 0.0068359375
11 0.5595703125 0.6474609375 0.00830078125 0.0068359375
11 0.54443359375 0.71533203125 0.00830078125 0.00732421875
11 0.6416015625 0.70947265625 0.00830078125 0.0068359375
11 0.6416015625 0.64453125 0.00830078125 0.0068359375
11 0.60498046875 0.7119140625 0.00830078125 0.0068359375
11 0.60498046875 0.6474609375 0.00830078125 0.0068359375
11 0.58984375 0.7119140625 0.00830078125 0.0068359375
11 0.58984375 0.6474609375 0.00830078125 0.0068359375
11 0.8076171875 0.703125 0.00830078125 0.0068359375
11 0.8076171875 0.638671875 0.00830078125 0.0068359375
11 0.79248046875 0.703125 0.00830078125 0.0068359375
11 0.79248046875 0.638671875 0.00830078125 0.0068359375
11 0.73193359375 0.7060546875 0.00830078125 0.0068359375
11 0.73193359375 0.6416015625 0.00830078125 0.00732421875
11 0.716796875 0.7060546875 0.00830078125 0.0068359375
11 0.716796875 0.6416015625 0.00830078125 0.00732421875
11 0.70166015625 0.7060546875 0.0078125 0.0068359375
11 0.70166015625 0.6416015625 0.0078125 0.00732421875
11 0.77734375 0.703125 0.00830078125 0.0068359375
11 0.77734375 0.638671875 0.00830078125 0.0068359375
11 0.76220703125 0.703125 0.00830078125 0.0068359375
11 0.76220703125 0.638671875 0.00830078125 0.0068359375
11 0.7470703125 0.7060546875 0.00830078125 0.0068359375
11 0.7470703125 0.6416015625 0.00830078125 0.00732421875
11 0.3427734375 0.7060546875 0.00830078125 0.0068359375
11 0.32763671875 0.7060546875 0.00830078125 0.0068359375
11 0.32763671875 0.68017578125 0.00830078125 0.0068359375
11 0.3125 0.7060546875 0.00830078125 0.0068359375
11 0.29736328125 0.7119140625 0.00830078125 0.0068359375
11 0.38818359375 0.7060546875 0.00830078125 0.0068359375
11 0.38818359375 0.66845703125 0.00830078125 0.0068359375
11 0.373046875 0.7060546875 0.00830078125 0.0068359375
11 0.29736328125 0.66845703125 0.00830078125 0.0068359375
11 0.35791015625 0.7119140625 0.00830078125 0.0068359375
11 0.35791015625 0.66259765625 0.00830078125 0.00732421875
11 0.2373046875 0.7119140625 0.00830078125 0.0068359375
11 0.2373046875 0.6591796875 0.00830078125 0.0068359375
10 0.19287109375 0.7138671875 0.0166015625 0.0458984375
10 0.19287109375 0.65478515625 0.0166015625 0.0458984375
11 0.28271484375 0.7060546875 0.0078125 0.0068359375
11 0.267578125 0.7060546875 0.00830078125 0.0068359375
11 0.267578125 0.68017578125 0.00830078125 0.0068359375
11 0.25244140625 0.7060546875 0.00830078125 0.0068359375
11 0.484375 0.71826171875 0.00830078125 0.0068359375
11 0.49951171875 0.71533203125 0.00830078125 0.00732421875
11 0.49951171875 0.650390625 0.00830078125 0.0068359375
11 0.484375 0.6533203125 0.00830078125 0.0068359375
11 0.46923828125 0.71826171875 0.00830078125 0.0068359375
11 0.46923828125 0.6533203125 0.00830078125 0.0068359375
11 0.529296875 0.71533203125 0.00830078125 0.00732421875
11 0.529296875 0.650390625 0.00830078125 0.0068359375
11 0.5146484375 0.71533203125 0.00830078125 0.00732421875
11 0.5146484375 0.650390625 0.00830078125 0.0068359375
11 0.43896484375 0.71826171875 0.00830078125 0.0068359375
11 0.43896484375 0.6533203125 0.00830078125 0.0068359375
11 0.40283203125 0.7060546875 0.00830078125 0.0068359375
11 0.4541015625 0.71826171875 0.00830078125 0.0068359375
11 0.4541015625 0.6533203125 0.00830078125 0.0068359375
11 0.68212890625 0.93994140625 0.00830078125 0.0068359375
11 0.68212890625 0.921875 0.00830078125 0.0068359375
11 0.68212890625 0.83837890625 0.00830078125 0.0068359375
11 0.68212890625 0.8447265625 0.00830078125 0.0068359375
11 0.71142578125 0.921875 0.00830078125 0.0068359375
11 0.71142578125 0.83837890625 0.00830078125 0.0068359375
11 0.71142578125 0.8447265625 0.00830078125 0.0068359375
11 0.71142578125 0.93994140625 0.00830078125 0.0068359375
11 0.69677734375 0.83837890625 0.00830078125 0.0068359375
11 0.69677734375 0.8447265625 0.00830078125 0.0068359375
11 0.69677734375 0.921875 0.00830078125 0.0068359375
11 0.69677734375 0.93994140625 0.00830078125 0.0068359375
11 0.638671875 0.9189453125 0.0078125 0.0068359375
11 0.638671875 0.83837890625 0.0078125 0.0068359375
11 0.638671875 0.84765625 0.0078125 0.0068359375
11 0.638671875 0.94287109375 0.0078125 0.0068359375
11 0.66796875 0.83837890625 0.00830078125 0.0068359375
11 0.66796875 0.84765625 0.00830078125 0.0068359375
11 0.66796875 0.9189453125 0.00830078125 0.0068359375
11 0.66796875 0.94287109375 0.00830078125 0.0068359375
11 0.6533203125 0.83837890625 0.00830078125 0.0068359375
11 0.6533203125 0.84765625 0.00830078125 0.0068359375
11 0.6533203125 0.9189453125 0.00830078125 0.0068359375
11 0.6533203125 0.94287109375 0.00830078125 0.0068359375
11 0.80029296875 0.83837890625 0.00830078125 0.0068359375
11 0.80810546875 0.841796875 0.00830078125 0.00732421875
11 0.80029296875 0.921875 0.00830078125 0.0068359375
11 0.80029296875 0.93701171875 0.00830078125 0.0068359375
11 0.783203125 0.83837890625 0.00830078125 0.0068359375
11 0.791015625 0.841796875 0.00830078125 0.00732421875
11 0.783203125 0.921875 0.00830078125 0.0068359375
11 0.783203125 0.93701171875 0.00830078125 0.0068359375
11 0.74951171875 0.83837890625 0.0078125 0.0068359375
11 0.7568359375 0.841796875 0.00830078125 0.00732421875
11 0.74951171875 0.921875 0.0078125 0.0068359375
11 0.74951171875 0.93701171875 0.0078125 0.0068359375
11 0.72607421875 0.83837890625 0.00830078125 0.0068359375
11 0.72607421875 0.8447265625 0.00830078125 0.0068359375
11 0.72607421875 0.921875 0.00830078125 0.0068359375
11 0.72607421875 0.93994140625 0.00830078125 0.0068359375
11 0.77392578125 0.841796875 0.00830078125 0.00732421875
11 0.7666015625 0.921875 0.00830078125 0.0068359375
11 0.7666015625 0.93701171875 0.00830078125 0.0068359375
11 0.7666015625 0.83837890625 0.00830078125 0.0068359375
11 0.353515625 0.8447265625 0.00830078125 0.0068359375
11 0.3388671875 0.91015625 0.00830078125 0.0068359375
11 0.3388671875 0.84765625 0.00830078125 0.0068359375
11 0.353515625 0.9072265625 0.00830078125 0.0068359375
11 0.32421875 0.91015625 0.00830078125 0.0068359375
11 0.32421875 0.84765625 0.00830078125 0.0068359375
11 0.39697265625 0.8447265625 0.00830078125 0.0068359375
11 0.39697265625 0.9072265625 0.00830078125 0.0068359375
11 0.43115234375 0.841796875 0.00830078125 0.00732421875
11 0.43115234375 0.904296875 0.00830078125 0.0068359375
11 0.36767578125 0.8447265625 0.00830078125 0.0068359375
11 0.36767578125 0.9072265625 0.00830078125 0.0068359375
11 0.38232421875 0.8447265625 0.00830078125 0.0068359375
11 0.38232421875 0.9072265625 0.00830078125 0.0068359375
11 0.2373046875 0.8505859375 0.00830078125 0.0068359375
11 0.2373046875 0.9130859375 0.00830078125 0.0068359375
11 0.251953125 0.8505859375 0.00830078125 0.0068359375
11 0.251953125 0.9130859375 0.00830078125 0.0068359375
10 0.19287109375 0.84619140625 0.0166015625 0.0458984375
10 0.19287109375 0.91455078125 0.0166015625 0.0458984375
11 0.29541015625 0.84765625 0.00830078125 0.0068359375
11 0.29541015625 0.91015625 0.00830078125 0.0068359375
11 0.3095703125 0.84765625 0.00830078125 0.0068359375
11 0.3095703125 0.91015625 0.00830078125 0.0068359375
11 0.26611328125 0.8505859375 0.00830078125 0.0068359375
11 0.26611328125 0.9130859375 0.00830078125 0.0068359375
11 0.28076171875 0.8505859375 0.00830078125 0.0068359375
11 0.28076171875 0.9130859375 0.00830078125 0.0068359375
11 0.54736328125 0.8359375 0.00830078125 0.0068359375
11 0.53271484375 0.90087890625 0.00830078125 0.0068359375
11 0.54736328125 0.89794921875 0.00830078125 0.0068359375
11 0.51806640625 0.90087890625 0.00830078125 0.0068359375
11 0.53271484375 0.83837890625 0.00830078125 0.0068359375
11 0.5908203125 0.8359375 0.00830078125 0.0068359375
11 0.5908203125 0.89794921875 0.00830078125 0.0068359375
11 0.62451171875 0.83837890625 0.00830078125 0.0068359375
11 0.62451171875 0.84765625 0.00830078125 0.0068359375
11 0.62451171875 0.9189453125 0.00830078125 0.0068359375
11 0.62451171875 0.94287109375 0.00830078125 0.0068359375
11 0.5615234375 0.8359375 0.00830078125 0.0068359375
11 0.5615234375 0.89794921875 0.00830078125 0.0068359375
11 0.51806640625 0.83837890625 0.00830078125 0.0068359375
11 0.576171875 0.8359375 0.00830078125 0.0068359375
11 0.576171875 0.89794921875 0.00830078125 0.0068359375
11 0.46044921875 0.841796875 0.00830078125 0.00732421875
11 0.46044921875 0.904296875 0.00830078125 0.0068359375
11 0.474609375 0.841796875 0.00830078125 0.00732421875
11 0.44580078125 0.841796875 0.00830078125 0.00732421875
11 0.44580078125 0.904296875 0.00830078125 0.0068359375
11 0.4892578125 0.83837890625 0.00830078125 0.0068359375
11 0.4892578125 0.90087890625 0.00830078125 0.0068359375
11 0.50341796875 0.90087890625 0.00830078125 0.0068359375
11 0.50341796875 0.83837890625 0.00830078125 0.0068359375
11 0.474609375 0.904296875 0.00830078125 0.0068359375