9 0.67822265625 0.1044921875 0.0068359375 0.017578125
11 0.671875 0.23583984375 0.00830078125 0.0068359375
11 0.67822265625 0.23583984375 0.00830078125 0.0068359375
11 0.671875 0.23583984375 0.00830078125 0.0068359375
9 0.63232421875 0.22705078125 0.0068359375 0.017578125
8 0.62548828125 0.248046875 0.00634765625 0.01806640625
11 0.671875 0.1162109375 0.00830078125 0.00732421875
11 0.67822265625 0.1162109375 0.00830078125 0.00732421875
11 0.671875 0.1162109375 0.00830078125 0.00732421875
8 0.67138671875 0.248046875 0.00634765625 0.01806640625
8 0.67138671875 0.1259765625 0.00634765625 0.01806640625
9 0.67822265625 0.22705078125 0.0068359375 0.017578125
11 0.57177734375 0.23291015625 0.00830078125 0.0068359375
11 0.57177734375 0.0986328125 0.00830078125 0.0068359375
11 0.57958984375 0.1015625 0.00830078125 0.00732421875
11 0.57177734375 0.2392578125 0.00830078125 0.0068359375
4 0.55517578125 0.11328125 0.00732421875 0.01806640625
5 0.55419921875 0.22412109375 0.0068359375 0.02099609375
4 0.5478515625 0.2509765625 0.00732421875 0.01806640625
11 0.6259765625 0.23583984375 0.00830078125 0.0068359375
11 0.63232421875 0.1162109375 0.00830078125 0.00732421875
11 0.6259765625 0.1162109375 0.00830078125 0.00732421875
11 0.6259765625 0.23583984375 0.00830078125 0.0068359375
11 0.63232421875 0.23583984375 0.00830078125 0.0068359375
11 0.6259765625 0.1162109375 0.00830078125 0.00732421875
9 0.63232421875 0.1044921875 0.0068359375 0.017578125
8 0.62548828125 0.1259765625 0.00634765625 0.01806640625
8 0.7890625 0.2509765625 0.00634765625 0.017578125
9 0.7958984375 0.09228515625 0.0068359375 0.017578125
8 0.7890625 0.11962890625 0.00634765625 0.01806640625
9 0.7958984375 0.22412109375 0.0068359375 0.017578125
5 0.72216796875 0.22119140625 0.00732421875 0.0205078125
4 0.71533203125 0.11328125 0.00732421875 0.01806640625
4 0.71533203125 0.25390625 0.00732421875 0.01806640625
11 0.7373046875 0.095703125 0.00830078125 0.0068359375
11 0.7373046875 0.1015625 0.00830078125 0.00732421875
11 0.7373046875 0.22998046875 0.00830078125 0.00732421875
11 0.71533203125 0.24169921875 0.00830078125 0.0068359375
11 0.71533203125 0.095703125 0.00830078125 0.0068359375
11 0.71533203125 0.1015625 0.00830078125 0.00732421875
11 0.71533203125 0.22998046875 0.00830078125 0.00732421875
11 0.7373046875 0.24169921875 0.00830078125 0.0068359375
5 0.72216796875 0.08642578125 0.00732421875 0.02099609375
11 0.78955078125 0.107421875 0.00830078125 0.0068359375
11 0.78955078125 0.1015625 0.00830078125 0.00732421875
11 0.78955078125 0.23291015625 0.00830078125 0.0068359375
11 0.78955078125 0.2392578125 0.00830078125 0.0068359375
8 0.345703125 0.12841796875 0.00634765625 0.017578125
9 0.3525390625 0.22900390625 0.0068359375 0.017578125
11 0.345703125 0.11962890625 0.00830078125 0.0068359375
11 0.3525390625 0.11962890625 0.00830078125 0.0068359375
11 0.345703125 0.11962890625 0.00830078125 0.0068359375
11 0.345703125 0.2392578125 0.00830078125 0.0068359375
11 0.3525390625 0.2392578125 0.00830078125 0.0068359375
11 0.345703125 0.2392578125 0.00830078125 0.0068359375
9 0.3525390625 0.107421875 0.0068359375 0.017578125
11 0.3896484375 0.22998046875 0.00830078125 0.00732421875
11 0.3896484375 0.2509765625 0.00830078125 0.0068359375
5 0.396484375 0.08935546875 0.0068359375 0.02099609375
4 0.3896484375 0.1162109375 0.00732421875 0.017578125
8 0.345703125 0.2509765625 0.00634765625 0.017578125
11 0.3896484375 0.0986328125 0.00830078125 0.0068359375
11 0.3896484375 0.1044921875 0.00830078125 0.0068359375
11 0.30029296875 0.11962890625 0.00830078125 0.0068359375
10 0.244140625 0.10888671875 0.0166015625 0.0458984375
11 0.30029296875 0.2392578125 0.00830078125 0.0068359375
11 0.30712890625 0.2392578125 0.00830078125 0.0068359375
11 0.30029296875 0.2392578125 0.00830078125 0.0068359375
1 0.24365234375 0.2431640625 0.017578125 0.02099609375
11 0.30029296875 0.11962890625 0.00830078125 0.0068359375
11 0.30712890625 0.11962890625 0.00830078125 0.0068359375
9 0.306640625 0.22900390625 0.0068359375 0.017578125
8 0.2998046875 0.2509765625 0.00634765625 0.017578125
9 0.306640625 0.107421875 0.0068359375 0.017578125
8 0.2998046875 0.12841796875 0.00634765625 0.017578125
8 0.50537109375 0.1240234375 0.00634765625 0.017578125
9 0.51220703125 0.09228515625 0.0068359375 0.017578125
8 0.462890625 0.2607421875 0.00634765625 0.017578125
11 0.505859375 0.1015625 0.00830078125 0.00732421875
11 0.505859375 0.11328125 0.00830078125 0.0068359375
11 0.505859375 0.2392578125 0.00830078125 0.0068359375
11 0.51220703125 0.2392578125 0.0078125 0.0068359375
11 0.505859375 0.2392578125 0.00830078125 0.0068359375
11 0.54736328125 0.0986328125 0.00830078125 0.0068359375
11 0.55517578125 0.1015625 0.00830078125 0.00732421875
11 0.54736328125 0.23291015625 0.00830078125 0.0068359375
11 0.54736328125 0.2392578125 0.00830078125 0.0068359375
5 0.55419921875 0.08935546875 0.0068359375 0.02099609375
9 0.51220703125 0.22900390625 0.0068359375 0.017578125
5 0.396484375 0.22119140625 0.0068359375 0.0205078125
8 0.50537109375 0.2509765625 0.00634765625 0.017578125
4 0.3896484375 0.26123046875 0.00732421875 0.01806640625
11 0.41162109375 0.0986328125 0.00830078125 0.0068359375
11 0.41162109375 0.1044921875 0.00830078125 0.0068359375
11 0.41162109375 0.22998046875 0.00830078125 0.00732421875
11 0.41162109375 0.2509765625 0.00830078125 0.0068359375
9 0.4697265625 0.22705078125 0.0068359375 0.017578125
8 0.462890625 0.12158203125 0.00634765625 0.017578125
9 0.4697265625 0.0947265625 0.0068359375 0.017578125
11 0.46337890625 0.2509765625 0.00830078125 0.0068359375
11 0.46337890625 0.1044921875 0.00830078125 0.0068359375
11 0.46337890625 0.1103515625 0.00830078125 0.0068359375
11 0.46337890625 0.23583984375 0.00830078125 0.0068359375
5 0.65771484375 0.29248046875 0.00732421875 0.0205078125
4 0.6513671875 0.3193359375 0.0078125 0.01806640625
11 0.6513671875 0.451171875 0.00830078125 0.0068359375
11 0.6513671875 0.3017578125 0.00830078125 0.00732421875
11 0.6513671875 0.3076171875 0.00830078125 0.0068359375
11 0.6513671875 0.439453125 0.00830078125 0.00732421875
8 0.6748046875 0.3193359375 0.00634765625 0.01806640625
9 0.681640625 0.29248046875 0.0068359375 0.017578125
9 0.681640625 0.43017578125 0.0068359375 0.017578125
8 0.6748046875 0.46337890625 0.00634765625 0.01806640625
11 0.55810546875 0.439453125 0.00830078125 0.00732421875
4 0.6513671875 0.46337890625 0.0078125 0.01806640625
11 0.6748046875 0.3017578125 0.00830078125 0.00732421875
5 0.65771484375 0.43017578125 0.00732421875 0.02099609375
11 0.6748046875 0.3076171875 0.00830078125 0.0068359375
11 0.6748046875 0.439453125 0.00830078125 0.00732421875
11 0.6748046875 0.451171875 0.00830078125 0.0068359375
9 0.564453125 0.43017578125 0.0068359375 0.017578125
8 0.5576171875 0.4697265625 0.00634765625 0.017578125
11 0.60595703125 0.322265625 0.00830078125 0.0068359375
11 0.60595703125 0.322265625 0.00830078125 0.0068359375
11 0.60595703125 0.4453125 0.00830078125 0.0068359375
11 0.55810546875 0.4599609375 0.00830078125 0.00732421875
9 0.564453125 0.30517578125 0.0068359375 0.017578125
8 0.5576171875 0.32763671875 0.00634765625 0.017578125
9 0.6123046875 0.43603515625 0.0068359375 0.017578125
8 0.60546875 0.45703125 0.00634765625 0.01806640625
11 0.60595703125 0.4453125 0.00830078125 0.0068359375
9 0.6123046875 0.310546875 0.0068359375 0.017578125
8 0.60546875 0.33203125 0.00634765625 0.017578125
8 0.78515625 0.32568359375 0.00634765625 0.01806640625
9 0.7919921875 0.42724609375 0.0068359375 0.017578125
8 0.78515625 0.4482421875 0.00634765625 0.01806640625
9 0.7919921875 0.302734375 0.0068359375 0.017578125
9 0.71826171875 0.4384765625 0.0068359375 0.017578125
8 0.71142578125 0.33447265625 0.00634765625 0.01806640625
8 0.71142578125 0.4599609375 0.00634765625 0.017578125
11 0.74853515625 0.3193359375 0.00830078125 0.0068359375
11 0.74853515625 0.3193359375 0.00830078125 0.0068359375
11 0.7119140625 0.4482421875 0.00830078125 0.0068359375
11 0.7119140625 0.32568359375 0.00830078125 0.0068359375
11 0.7119140625 0.32568359375 0.00830078125 0.0068359375
11 0.7119140625 0.4482421875 0.00830078125 0.0068359375
9 0.71826171875 0.3134765625 0.0068359375 0.017578125
11 0.78564453125 0.3134765625 0.00830078125 0.0068359375
8 0.748046875 0.4541015625 0.00634765625 0.017578125
11 0.78564453125 0.3134765625 0.00830078125 0.0068359375
11 0.78564453125 0.43603515625 0.00830078125 0.0068359375
11 0.78564453125 0.43603515625 0.00830078125 0.0068359375
11 0.74853515625 0.4423828125 0.00830078125 0.0068359375
11 0.74853515625 0.4423828125 0.00830078125 0.0068359375
9 0.75537109375 0.30712890625 0.0068359375 0.017578125
8 0.748046875 0.330078125 0.00634765625 0.01806640625
9 0.75537109375 0.43310546875 0.0068359375 0.017578125
4 0.28173828125 0.470703125 0.00732421875 0.01806640625
11 0.31396484375 0.3046875 0.00830078125 0.0068359375
11 0.31396484375 0.310546875 0.00830078125 0.0068359375
11 0.31396484375 0.439453125 0.00830078125 0.00732421875
11 0.31396484375 0.4599609375 0.00830078125 0.00732421875
5 0.28857421875 0.29541015625 0.0068359375 0.02099609375
4 0.28173828125 0.322265625 0.00732421875 0.01806640625
5 0.28857421875 0.43017578125 0.0068359375 0.02099609375
11 0.373046875 0.4482421875 0.00830078125 0.0068359375
11 0.3798828125 0.32568359375 0.00830078125 0.0068359375
11 0.373046875 0.32568359375 0.00830078125 0.0068359375
11 0.373046875 0.4482421875 0.00830078125 0.0068359375
11 0.3798828125 0.4482421875 0.00830078125 0.0068359375
11 0.373046875 0.32568359375 0.00830078125 0.0068359375
9 0.3798828125 0.3134765625 0.0068359375 0.017578125
8 0.37255859375 0.33447265625 0.00634765625 0.01806640625
11 0.28173828125 0.4599609375 0.00830078125 0.00732421875
10 0.19384765625 0.31494140625 0.0166015625 0.0458984375
1 0.193359375 0.4521484375 0.017578125 0.02099609375
11 0.236328125 0.310546875 0.00830078125 0.0068359375
11 0.236328125 0.31640625 0.00830078125 0.00732421875
11 0.236328125 0.4482421875 0.00830078125 0.0068359375
11 0.236328125 0.4599609375 0.00830078125 0.00732421875
8 0.23583984375 0.4697265625 0.00634765625 0.017578125
9 0.24267578125 0.4384765625 0.0068359375 0.017578125
11 0.28173828125 0.3046875 0.00830078125 0.0068359375
11 0.28173828125 0.310546875 0.00830078125 0.0068359375
11 0.28173828125 0.439453125 0.00830078125 0.00732421875
9 0.24267578125 0.30078125 0.0068359375 0.017578125
8 0.23583984375 0.32763671875 0.00634765625 0.017578125
4 0.47216796875 0.322265625 0.0078125 0.01806640625
5 0.47900390625 0.43017578125 0.00732421875 0.02099609375
4 0.47216796875 0.470703125 0.0078125 0.01806640625
11 0.49853515625 0.3046875 0.00830078125 0.0068359375
11 0.49853515625 0.310546875 0.00830078125 0.0068359375
11 0.47216796875 0.3046875 0.00830078125 0.0068359375
11 0.47216796875 0.310546875 0.00830078125 0.0068359375
11 0.47216796875 0.439453125 0.00830078125 0.00732421875
11 0.47216796875 0.4599609375 0.00830078125 0.00732421875
5 0.47900390625 0.29541015625 0.00732421875 0.02099609375
11 0.55810546875 0.31640625 0.00830078125 0.00732421875
11 0.55810546875 0.31640625 0.00830078125 0.00732421875
11 0.49853515625 0.439453125 0.00830078125 0.00732421875
11 0.49853515625 0.4599609375 0.00830078125 0.00732421875
11 0.42333984375 0.4482421875 0.00830078125 0.0068359375
11 0.43017578125 0.4482421875 0.00830078125 0.0068359375
11 0.42333984375 0.4482421875 0.00830078125 0.0068359375
9 0.43017578125 0.3134765625 0.0068359375 0.017578125
9 0.3798828125 0.4384765625 0.0068359375 0.017578125
8 0.37255859375 0.4599609375 0.00634765625 0.017578125
11 0.42333984375 0.32568359375 0.00830078125 0.0068359375
11 0.43017578125 0.32568359375 0.00830078125 0.0068359375
11 0.42333984375 0.32568359375 0.00830078125 0.0068359375
9 0.43017578125 0.4384765625 0.0068359375 0.017578125
8 0.4228515625 0.33447265625 0.00634765625 0.01806640625
8 0.4228515625 0.4599609375 0.00634765625 0.017578125
11 0.64794921875 0.671875 0.00830078125 0.0068359375
11 0.64794921875 0.65966796875 0.00830078125 0.0068359375
11 0.64794921875 0.5361328125 0.00830078125 0.0068359375
11 0.64794921875 0.5302734375 0.00830078125 0.00732421875
11 0.68603515625 0.689453125 0.00830078125 0.0068359375
11 0.68603515625 0.66845703125 0.00830078125 0.0068359375
11 0.68603515625 0.54833984375 0.00830078125 0.0068359375
11 0.68603515625 0.5361328125 0.00830078125 0.0068359375
11 0.60888671875 0.53369140625 0.00830078125 0.0068359375
11 0.60888671875 0.52734375 0.00830078125 0.0068359375
11 0.60888671875 0.66845703125 0.00830078125 0.0068359375
11 0.60888671875 0.65673828125 0.00830078125 0.0068359375
12 0.73486328125 0.6806640625 0.0087890625 0.0068359375
12 0.73486328125 0.66845703125 0.0087890625 0.0068359375
12 0.73486328125 0.54541015625 0.0087890625 0.0068359375
12 0.73486328125 0.53955078125 0.0087890625 0.0068359375
21 0.7841796875 0.68505859375 0.00634765625 0.01806640625
21 0.7841796875 0.6611328125 0.00634765625 0.0185546875
21 0.7841796875 0.55615234375 0.00634765625 0.0185546875
21 0.7841796875 0.5322265625 0.00634765625 0.01806640625
8 0.23583984375 0.6806640625 0.00634765625 0.017578125
11 0.27099609375 0.65966796875 0.00830078125 0.0068359375
11 0.27099609375 0.5361328125 0.00830078125 0.0068359375
11 0.27099609375 0.5302734375 0.00830078125 0.00732421875
9 0.24267578125 0.6474609375 0.0068359375 0.017578125
11 0.29833984375 0.53369140625 0.00830078125 0.0068359375
15 0.4345703125 0.68701171875 0.0078125 0.01171875
4 0.271484375 0.68359375 0.00732421875 0.01806640625
5 0.27783203125 0.650390625 0.0068359375 0.02099609375
4 0.271484375 0.54833984375 0.00732421875 0.01806640625
5 0.27783203125 0.521484375 0.0068359375 0.02099609375
11 0.27099609375 0.671875 0.00830078125 0.0068359375
1 0.193359375 0.6728515625 0.017578125 0.02099609375
10 0.19384765625 0.5439453125 0.0166015625 0.0458984375
11 0.236328125 0.65673828125 0.00830078125 0.0068359375
8 0.23583984375 0.54541015625 0.00634765625 0.017578125
9 0.24267578125 0.5185546875 0.0068359375 0.017578125
11 0.236328125 0.66845703125 0.00830078125 0.0068359375
11 0.236328125 0.53369140625 0.00830078125 0.0068359375
11 0.236328125 0.52734375 0.00830078125 0.0068359375
12 0.38427734375 0.6806640625 0.0087890625 0.0068359375
12 0.38427734375 0.66845703125 0.0087890625 0.0068359375
12 0.38427734375 0.54541015625 0.0087890625 0.0068359375
12 0.38427734375 0.53955078125 0.0087890625 0.0068359375
15 0.4345703125 0.55810546875 0.0078125 0.01171875
11 0.29833984375 0.66845703125 0.00830078125 0.0068359375
11 0.29833984375 0.66259765625 0.00830078125 0.00732421875
11 0.29833984375 0.53955078125 0.00830078125 0.0068359375
11 0.33642578125 0.689453125 0.00830078125 0.0068359375
11 0.33642578125 0.66845703125 0.00830078125 0.0068359375
11 0.33642578125 0.54833984375 0.00830078125 0.0068359375
11 0.33642578125 0.5361328125 0.00830078125 0.0068359375