21 0.66015625 0.1357421875 0.00634765625 0.0185546875
11 0.58251953125 0.158203125 0.00830078125 0.0068359375
11 0.58251953125 0.15185546875 0.00830078125 0.0068359375
12 0.70947265625 0.14599609375 0.0087890625 0.0068359375
12 0.70947265625 0.1669921875 0.0087890625 0.0068359375
21 0.6884765625 0.1357421875 0.00634765625 0.0185546875
22 0.35205078125 0.07958984375 0.00830078125 0.00390625
11 0.67431640625 0.15185546875 0.00830078125 0.0068359375
11 0.67431640625 0.158203125 0.00830078125 0.0068359375
11 0.611328125 0.15185546875 0.00830078125 0.0068359375
11 0.611328125 0.158203125 0.00830078125 0.0068359375
21 0.5966796875 0.1357421875 0.00634765625 0.0185546875
11 0.64599609375 0.15185546875 0.00830078125 0.0068359375
11 0.64599609375 0.158203125 0.00830078125 0.0068359375
21 0.62548828125 0.1357421875 0.00634765625 0.0185546875
21 0.80810546875 0.1357421875 0.00634765625 0.0185546875
11 0.79345703125 0.1669921875 0.00830078125 0.0068359375
21 0.779296875 0.1357421875 0.00634765625 0.0185546875
22 0.29541015625 0.07958984375 0.00830078125 0.00390625
22 0.4150390625 0.07958984375 0.00830078125 0.00390625
22 0.478515625 0.07958984375 0.00830078125 0.00390625
22 0.5419921875 0.07958984375 0.00830078125 0.00390625
22 0.60498046875 0.07958984375 0.00830078125 0.00390625
22 0.66845703125 0.07958984375 0.00830078125 0.00390625
22 0.72802734375 0.07958984375 0.00830078125 0.00390625
11 0.73046875 0.1669921875 0.00830078125 0.0068359375
21 0.74462890625 0.1357421875 0.0068359375 0.0185546875
11 0.76513671875 0.1669921875 0.00830078125 0.0068359375
11 0.392578125 0.158203125 0.00830078125 0.0068359375
21 0.3720703125 0.1357421875 0.00634765625 0.0185546875
11 0.35791015625 0.158203125 0.00830078125 0.0068359375
21 0.435546875 0.1357421875 0.00634765625 0.0185546875
11 0.42138671875 0.158203125 0.00830078125 0.0068359375
21 0.34326171875 0.1357421875 0.00634765625 0.0185546875
21 0.4072265625 0.1357421875 0.00634765625 0.0185546875
22 0.78759765625 0.07958984375 0.00830078125 0.00390625
1 0.24365234375 0.14697265625 0.017578125 0.02099609375
10 0.244140625 0.08837890625 0.0166015625 0.0458984375
0 0.22607421875 0.11962890625 0.005859375 0.08447265625
22 0.29541015625 0.138671875 0.00830078125 0.00390625
21 0.56201171875 0.1357421875 0.00634765625 0.0185546875
11 0.32958984375 0.158203125 0.00830078125 0.0068359375
21 0.4990234375 0.1357421875 0.00634765625 0.0185546875
11 0.49169921875 0.15478515625 0.00830078125 0.0068359375
11 0.484375 0.158203125 0.00830078125 0.0068359375
21 0.533203125 0.1357421875 0.00634765625 0.0185546875
11 0.5263671875 0.15478515625 0.00830078125 0.0068359375
11 0.51953125 0.158203125 0.00830078125 0.0068359375
11 0.46337890625 0.15478515625 0.00830078125 0.0068359375
11 0.4560546875 0.158203125 0.00830078125 0.0068359375
21 0.47021484375 0.1357421875 0.00634765625 0.0185546875
11 0.5478515625 0.158203125 0.00830078125 0.0068359375
11 0.55517578125 0.15478515625 0.00830078125 0.0068359375
21 0.6083984375 0.33349609375 0.00634765625 0.0185546875
22 0.51806640625 0.27734375 0.00830078125 0.00390625
12 0.638671875 0.3408203125 0.0087890625 0.0068359375
12 0.630859375 0.34375 0.0087890625 0.00732421875
12 0.630859375 0.36474609375 0.0087890625 0.00732421875
22 0.44970703125 0.27734375 0.00830078125 0.00390625
11 0.5927734375 0.349609375 0.00830078125 0.0068359375
11 0.5927734375 0.35595703125 0.00830078125 0.0068359375
11 0.5927734375 0.36474609375 0.00830078125 0.00732421875
22 0.5869140625 0.27734375 0.00830078125 0.00390625
11 0.65380859375 0.36474609375 0.0078125 0.00732421875
11 0.56201171875 0.349609375 0.00830078125 0.0068359375
11 0.56201171875 0.35595703125 0.00830078125 0.0068359375
11 0.56201171875 0.36474609375 0.00830078125 0.00732421875
21 0.5400390625 0.33349609375 0.00634765625 0.0185546875
11 0.5244140625 0.349609375 0.00830078125 0.0068359375
11 0.5244140625 0.35595703125 0.00830078125 0.0068359375
11 0.5244140625 0.36474609375 0.00830078125 0.00732421875
22 0.3125 0.27734375 0.00830078125 0.00390625
21 0.5087890625 0.33349609375 0.00634765625 0.0185546875
21 0.66943359375 0.33349609375 0.00634765625 0.0185546875
21 0.5771484375 0.33349609375 0.00634765625 0.0185546875
22 0.380859375 0.27734375 0.00830078125 0.00390625
21 0.775390625 0.33349609375 0.0068359375 0.0185546875
11 0.759765625 0.34716796875 0.00830078125 0.0068359375
21 0.806640625 0.33349609375 0.00634765625 0.0185546875
11 0.791015625 0.34716796875 0.00830078125 0.0068359375
11 0.791015625 0.35888671875 0.00830078125 0.00732421875
11 0.791015625 0.36474609375 0.00830078125 0.00732421875
22 0.71630859375 0.27734375 0.00830078125 0.00390625
11 0.69140625 0.36474609375 0.00830078125 0.00732421875
22 0.6513671875 0.27734375 0.00830078125 0.00390625
11 0.72265625 0.36474609375 0.00830078125 0.00732421875
11 0.759765625 0.35888671875 0.00830078125 0.00732421875
11 0.759765625 0.36474609375 0.00830078125 0.00732421875
21 0.73779296875 0.33349609375 0.00634765625 0.0185546875
21 0.70703125 0.33349609375 0.00634765625 0.0185546875
11 0.31884765625 0.36474609375 0.00830078125 0.00732421875
21 0.302734375 0.33349609375 0.00634765625 0.0185546875
11 0.31884765625 0.35595703125 0.00830078125 0.0068359375
11 0.287109375 0.35595703125 0.00830078125 0.0068359375
11 0.36328125 0.35302734375 0.00830078125 0.0068359375
11 0.287109375 0.36474609375 0.00830078125 0.00732421875
11 0.35595703125 0.35595703125 0.00830078125 0.0068359375
11 0.35595703125 0.36474609375 0.00830078125 0.00732421875
21 0.333984375 0.33349609375 0.00634765625 0.0185546875
1 0.193359375 0.34521484375 0.017578125 0.02099609375
10 0.19384765625 0.2861328125 0.0166015625 0.0458984375
22 0.78466796875 0.27734375 0.00830078125 0.00390625
22 0.240234375 0.27734375 0.00830078125 0.00390625
0 0.17529296875 0.3173828125 0.005859375 0.083984375
21 0.265625 0.33349609375 0.00634765625 0.0185546875
11 0.25 0.35595703125 0.00830078125 0.0068359375
11 0.25 0.36474609375 0.00830078125 0.00732421875
21 0.234375 0.33349609375 0.00634765625 0.0185546875
11 0.21875 0.35595703125 0.00830078125 0.0068359375
11 0.21875 0.36474609375 0.00830078125 0.00732421875
11 0.4931640625 0.36474609375 0.00830078125 0.00732421875
11 0.4931640625 0.35595703125 0.00830078125 0.0068359375
11 0.4931640625 0.349609375 0.00830078125 0.0068359375
11 0.431640625 0.35302734375 0.00830078125 0.0068359375
21 0.47119140625 0.33349609375 0.00634765625 0.0185546875
11 0.462890625 0.35302734375 0.0078125 0.0068359375
11 0.4560546875 0.35595703125 0.00830078125 0.0068359375
11 0.4560546875 0.36474609375 0.00830078125 0.00732421875
21 0.43994140625 0.33349609375 0.00634765625 0.0185546875
21 0.37158203125 0.33349609375 0.00634765625 0.0185546875
11 0.38720703125 0.35595703125 0.00830078125 0.0068359375
11 0.38720703125 0.36474609375 0.00830078125 0.00732421875
11 0.39453125 0.35302734375 0.00830078125 0.0068359375
11 0.4248046875 0.35595703125 0.00830078125 0.0068359375
11 0.4248046875 0.36474609375 0.00830078125 0.00732421875
21 0.40283203125 0.33349609375 0.0068359375 0.0185546875
11 0.60498046875 0.556640625 0.00830078125 0.0068359375
21 0.62060546875 0.53125 0.00634765625 0.0185546875
11 0.60498046875 0.53564453125 0.00830078125 0.0068359375
11 0.60498046875 0.544921875 0.00830078125 0.00732421875
11 0.64306640625 0.544921875 0.00830078125 0.00732421875
22 0.45751953125 0.47509765625 0.00830078125 0.00390625
11 0.60498046875 0.5625 0.00830078125 0.0068359375
21 0.58837890625 0.53125 0.00634765625 0.0185546875
22 0.59814453125 0.47509765625 0.00830078125 0.00390625
22 0.52783203125 0.47509765625 0.00830078125 0.00390625
11 0.64306640625 0.5625 0.00830078125 0.0068359375
11 0.64306640625 0.53271484375 0.00830078125 0.0068359375
22 0.38671875 0.47509765625 0.00830078125 0.00390625
11 0.64306640625 0.556640625 0.00830078125 0.0068359375
21 0.55029296875 0.53125 0.00634765625 0.0185546875
11 0.5341796875 0.5390625 0.00830078125 0.0068359375
11 0.5341796875 0.544921875 0.00830078125 0.00732421875
11 0.5341796875 0.556640625 0.00830078125 0.0068359375
11 0.5341796875 0.5625 0.00830078125 0.0068359375
21 0.51806640625 0.53125 0.00634765625 0.0185546875
22 0.3154296875 0.47509765625 0.00830078125 0.00390625
21 0.6591796875 0.53125 0.00634765625 0.0185546875
11 0.57275390625 0.53564453125 0.00830078125 0.0068359375
11 0.57275390625 0.544921875 0.00830078125 0.00732421875
11 0.57275390625 0.556640625 0.00830078125 0.0068359375
11 0.57275390625 0.5625 0.00830078125 0.0068359375
12 0.77587890625 0.52099609375 0.0087890625 0.0068359375
12 0.77587890625 0.52685546875 0.0087890625 0.0068359375
12 0.76806640625 0.52978515625 0.0087890625 0.0068359375
12 0.77587890625 0.556640625 0.0087890625 0.0068359375
12 0.77587890625 0.5625 0.0087890625 0.0068359375
12 0.7412109375 0.52685546875 0.0087890625 0.0068359375
12 0.7998046875 0.51806640625 0.0087890625 0.0068359375
12 0.7333984375 0.52978515625 0.0087890625 0.0068359375
12 0.7998046875 0.52392578125 0.0087890625 0.0068359375
12 0.7998046875 0.52978515625 0.0087890625 0.0068359375
12 0.7998046875 0.556640625 0.0087890625 0.0068359375
12 0.7998046875 0.5625 0.0087890625 0.0068359375
12 0.7138671875 0.52978515625 0.0087890625 0.0068359375
12 0.7138671875 0.556640625 0.0087890625 0.0068359375
12 0.7138671875 0.5625 0.0087890625 0.0068359375
21 0.69091796875 0.53125 0.00634765625 0.0185546875
11 0.67529296875 0.53271484375 0.00830078125 0.0068359375
22 0.6689453125 0.47509765625 0.00830078125 0.00390625
11 0.67529296875 0.544921875 0.00830078125 0.00732421875
11 0.67529296875 0.556640625 0.00830078125 0.0068359375
11 0.67529296875 0.5625 0.00830078125 0.0068359375
12 0.7412109375 0.556640625 0.0087890625 0.0068359375
12 0.7412109375 0.5625 0.0087890625 0.0068359375
22 0.732421875 0.47509765625 0.00830078125 0.00390625
21 0.3056640625 0.53125 0.00634765625 0.0185546875
11 0.29638671875 0.5419921875 0.00830078125 0.0068359375
11 0.2890625 0.544921875 0.00830078125 0.00732421875
11 0.2890625 0.556640625 0.00830078125 0.0068359375
11 0.2890625 0.5625 0.00830078125 0.0068359375
11 0.36767578125 0.5419921875 0.00830078125 0.0068359375
11 0.3603515625 0.544921875 0.00830078125 0.00732421875
11 0.3603515625 0.5625 0.00830078125 0.0068359375
21 0.337890625 0.53125 0.00634765625 0.0185546875
11 0.3291015625 0.5419921875 0.00830078125 0.0068359375
11 0.32177734375 0.544921875 0.00830078125 0.00732421875
11 0.32177734375 0.556640625 0.00830078125 0.0068359375
11 0.32177734375 0.5625 0.00830078125 0.0068359375
1 0.193359375 0.54296875 0.017578125 0.02099609375
10 0.19384765625 0.48388671875 0.0166015625 0.0458984375
22 0.7900390625 0.47509765625 0.00830078125 0.00390625
22 0.2412109375 0.47509765625 0.00830078125 0.00390625
0 0.17529296875 0.51513671875 0.005859375 0.08447265625
21 0.2666015625 0.53125 0.00634765625 0.0185546875
11 0.2509765625 0.544921875 0.00830078125 0.00732421875
11 0.2509765625 0.556640625 0.00830078125 0.0068359375
11 0.2509765625 0.5625 0.00830078125 0.0068359375
11 0.3603515625 0.556640625 0.00830078125 0.0068359375
21 0.234375 0.53125 0.00634765625 0.0185546875
11 0.21875 0.544921875 0.00830078125 0.00732421875
11 0.21875 0.556640625 0.00830078125 0.0068359375
11 0.21875 0.5625 0.00830078125 0.0068359375
11 0.4638671875 0.556640625 0.00830078125 0.0068359375
11 0.4638671875 0.5625 0.00830078125 0.0068359375
21 0.447265625 0.53125 0.00634765625 0.0185546875
11 0.4638671875 0.544921875 0.00830078125 0.00732421875
11 0.501953125 0.556640625 0.00830078125 0.0068359375
11 0.501953125 0.5390625 0.00830078125 0.0068359375
11 0.501953125 0.544921875 0.00830078125 0.00732421875
11 0.501953125 0.5625 0.00830078125 0.0068359375
21 0.4794921875 0.53125 0.00634765625 0.0185546875
11 0.4638671875 0.5390625 0.00830078125 0.0068359375
11 0.400390625 0.5419921875 0.00830078125 0.0068359375
11 0.39306640625 0.544921875 0.00830078125 0.00732421875
11 0.431640625 0.5390625 0.0078125 0.0068359375
11 0.39306640625 0.5625 0.00830078125 0.0068359375
11 0.39306640625 0.556640625 0.00830078125 0.0068359375
21 0.37646484375 0.53125 0.00634765625 0.0185546875
11 0.431640625 0.544921875 0.0078125 0.00732421875
11 0.431640625 0.5625 0.0078125 0.0068359375
21 0.4091796875 0.53125 0.00634765625 0.0185546875
11 0.431640625 0.556640625 0.0078125 0.0068359375
11 0.6376953125 0.74560546875 0.00830078125 0.0068359375
11 0.6376953125 0.75146484375 0.00830078125 0.0068359375
11 0.6376953125 0.7607421875 0.00830078125 0.00732421875
11 0.6376953125 0.73046875 0.00830078125 0.0068359375
11 0.68603515625 0.7607421875 0.00830078125 0.00732421875
11 0.53515625 0.7607421875 0.00830078125 0.00732421875
11 0.66162109375 0.75146484375 0.00830078125 0.0068359375
11 0.66162109375 0.74560546875 0.00830078125 0.0068359375
11 0.66162109375 0.73046875 0.00830078125 0.0068359375
11 0.68603515625 0.75146484375 0.00830078125 0.0068359375
11 0.64990234375 0.7099609375 0.00830078125 0.00732421875
11 0.673828125 0.7607421875 0.00830078125 0.00732421875
11 0.64990234375 0.71875 0.00830078125 0.0068359375
11 0.64990234375 0.73046875 0.00830078125 0.0068359375
11 0.64990234375 0.74560546875 0.00830078125 0.0068359375
11 0.66162109375 0.7607421875 0.00830078125 0.00732421875
11 0.673828125 0.75146484375 0.00830078125 0.0068359375
11 0.673828125 0.74560546875 0.00830078125 0.0068359375
11 0.64990234375 0.75146484375 0.00830078125 0.0068359375
11 0.64990234375 0.7607421875 0.00830078125 0.00732421875
11 0.673828125 0.73046875 0.00830078125 0.0068359375
11 0.6376953125 0.7099609375 0.00830078125 0.00732421875
11 0.6376953125 0.71875 0.00830078125 0.0068359375
11 0.55859375 0.74560546875 0.00830078125 0.0068359375
11 0.54736328125 0.7099609375 0.00830078125 0.00732421875
11 0.55859375 0.7607421875 0.00830078125 0.00732421875
11 0.55859375 0.75146484375 0.00830078125 0.0068359375
11 0.54736328125 0.71875 0.00830078125 0.0068359375
11 0.55859375 0.73046875 0.00830078125 0.0068359375
11 0.5712890625 0.7607421875 0.00830078125 0.00732421875
11 0.5712890625 0.75146484375 0.00830078125 0.0068359375
11 0.54736328125 0.73046875 0.00830078125 0.0068359375
11 0.54736328125 0.74560546875 0.00830078125 0.0068359375
11 0.54736328125 0.75146484375 0.00830078125 0.0068359375
11 0.54736328125 0.7607421875 0.00830078125 0.00732421875
11 0.53515625 0.7099609375 0.00830078125 0.00732421875
11 0.53515625 0.71875 0.00830078125 0.0068359375
11 0.53515625 0.73046875 0.00830078125 0.0068359375
11 0.53515625 0.74560546875 0.00830078125 0.0068359375
11 0.53515625 0.75146484375 0.00830078125 0.0068359375
22 0.27490234375 0.67333984375 0.00830078125 0.00390625
11 0.59619140625 0.7607421875 0.00830078125 0.00732421875
11 0.59619140625 0.75146484375 0.00830078125 0.0068359375
11 0.59619140625 0.74560546875 0.00830078125 0.0068359375
11 0.59619140625 0.73046875 0.00830078125 0.0068359375
11 0.61669921875 0.7607421875 0.00830078125 0.00732421875
11 0.61669921875 0.75146484375 0.00830078125 0.0068359375
11 0.61669921875 0.74560546875 0.00830078125 0.0068359375
11 0.61669921875 0.73046875 0.00830078125 0.0068359375
11 0.58349609375 0.73046875 0.0078125 0.0068359375
11 0.58349609375 0.74560546875 0.0078125 0.0068359375
11 0.58349609375 0.75146484375 0.0078125 0.0068359375
11 0.58349609375 0.7607421875 0.0078125 0.00732421875
11 0.5712890625 0.73046875 0.00830078125 0.0068359375
11 0.5712890625 0.74560546875 0.00830078125 0.0068359375
21 0.80517578125 0.7294921875 0.0068359375 0.0185546875
22 0.658203125 0.67333984375 0.00830078125 0.00390625
22 0.3505859375 0.67333984375 0.00830078125 0.00390625
22 0.453125 0.67333984375 0.00830078125 0.00390625
22 0.5556640625 0.67333984375 0.00830078125 0.00390625
22 0.73779296875 0.67333984375 0.00830078125 0.00390625
11 0.71923828125 0.75146484375 0.00830078125 0.0068359375
11 0.71923828125 0.74560546875 0.00830078125 0.0068359375
11 0.71923828125 0.73046875 0.00830078125 0.0068359375
11 0.71923828125 0.7607421875 0.00830078125 0.00732421875
11 0.69873046875 0.73046875 0.00830078125 0.0068359375
11 0.69873046875 0.74560546875 0.00830078125 0.0068359375
11 0.69873046875 0.75146484375 0.00830078125 0.0068359375
11 0.69873046875 0.7607421875 0.00830078125 0.00732421875
11 0.68603515625 0.73046875 0.00830078125 0.0068359375
12 0.7763671875 0.7099609375 0.0087890625 0.00732421875
12 0.7763671875 0.71875 0.0087890625 0.0068359375
12 0.7763671875 0.73046875 0.0087890625 0.0068359375
12 0.7763671875 0.74560546875 0.0087890625 0.0068359375
12 0.7763671875 0.75146484375 0.0087890625 0.0068359375
12 0.7763671875 0.7607421875 0.0087890625 0.00732421875
11 0.68603515625 0.74560546875 0.00830078125 0.0068359375
12 0.74072265625 0.7099609375 0.0087890625 0.00732421875
12 0.74072265625 0.71875 0.0087890625 0.0068359375
12 0.74072265625 0.73046875 0.0087890625 0.0068359375
12 0.74072265625 0.74560546875 0.0087890625 0.0068359375
12 0.74072265625 0.75146484375 0.0087890625 0.0068359375
12 0.74072265625 0.7607421875 0.0087890625 0.00732421875
11 0.330078125 0.7607421875 0.00830078125 0.00732421875
11 0.330078125 0.75146484375 0.00830078125 0.0068359375
11 0.330078125 0.74560546875 0.00830078125 0.0068359375
11 0.330078125 0.73046875 0.00830078125 0.0068359375
11 0.330078125 0.71875 0.00830078125 0.0068359375
11 0.330078125 0.7099609375 0.00830078125 0.00732421875
11 0.34228515625 0.7607421875 0.00830078125 0.00732421875
11 0.34228515625 0.75146484375 0.00830078125 0.0068359375
11 0.34228515625 0.74560546875 0.00830078125 0.0068359375
11 0.34228515625 0.73046875 0.00830078125 0.0068359375
11 0.34228515625 0.71875 0.00830078125 0.0068359375
11 0.37841796875 0.75146484375 0.00830078125 0.0068359375
11 0.3662109375 0.75146484375 0.00830078125 0.0068359375
11 0.3662109375 0.74560546875 0.00830078125 0.0068359375
11 0.3662109375 0.73046875 0.00830078125 0.0068359375
11 0.3662109375 0.7607421875 0.00830078125 0.00732421875
11 0.37841796875 0.74560546875 0.00830078125 0.0068359375
11 0.37841796875 0.73046875 0.00830078125 0.0068359375
11 0.30908203125 0.73046875 0.0078125 0.0068359375
11 0.353515625 0.73046875 0.00830078125 0.0068359375
11 0.353515625 0.74560546875 0.00830078125 0.0068359375
11 0.353515625 0.75146484375 0.00830078125 0.0068359375
11 0.353515625 0.7607421875 0.00830078125 0.00732421875
11 0.34228515625 0.7099609375 0.00830078125 0.00732421875
1 0.193359375 0.74072265625 0.017578125 0.02099609375
13 0.22021484375 0.7607421875 0.01123046875 0.00732421875
13 0.22021484375 0.75439453125 0.01123046875 0.00732421875
13 0.22021484375 0.72802734375 0.01123046875 0.0068359375
13 0.22021484375 0.7216796875 0.01123046875 0.0068359375
13 0.21142578125 0.7158203125 0.01123046875 0.00732421875
13 0.22021484375 0.712890625 0.01123046875 0.0068359375
10 0.19384765625 0.68212890625 0.0166015625 0.0458984375
22 0.79248046875 0.67333984375 0.00830078125 0.00390625
22 0.22705078125 0.67333984375 0.00830078125 0.00390625
0 0.17529296875 0.712890625 0.005859375 0.083984375
11 0.30908203125 0.74560546875 0.0078125 0.0068359375
11 0.30908203125 0.75146484375 0.0078125 0.0068359375
11 0.30908203125 0.7607421875 0.0078125 0.00732421875
11 0.37841796875 0.7607421875 0.00830078125 0.00732421875
13 0.2685546875 0.70703125 0.01123046875 0.0068359375
13 0.2685546875 0.712890625 0.01123046875 0.0068359375
13 0.2685546875 0.7216796875 0.01123046875 0.0068359375
13 0.2685546875 0.72802734375 0.01123046875 0.0068359375
13 0.2685546875 0.75439453125 0.01123046875 0.00732421875
13 0.2685546875 0.7607421875 0.01123046875 0.00732421875
11 0.48095703125 0.7607421875 0.00830078125 0.00732421875
11 0.46875 0.75146484375 0.00830078125 0.0068359375
11 0.46875 0.74560546875 0.00830078125 0.0068359375
11 0.46875 0.73046875 0.00830078125 0.0068359375
11 0.46875 0.7607421875 0.00830078125 0.00732421875
11 0.48095703125 0.75146484375 0.00830078125 0.0068359375
11 0.48095703125 0.74560546875 0.00830078125 0.0068359375
11 0.48095703125 0.73046875 0.00830078125 0.0068359375
11 0.4560546875 0.73046875 0.00830078125 0.0068359375
11 0.4560546875 0.74560546875 0.00830078125 0.0068359375
11 0.39111328125 0.7607421875 0.00830078125 0.00732421875
11 0.4560546875 0.7607421875 0.00830078125 0.00732421875
11 0.44482421875 0.7099609375 0.00830078125 0.00732421875
11 0.4560546875 0.75146484375 0.00830078125 0.0068359375
11 0.51416015625 0.73046875 0.00830078125 0.0068359375
11 0.51416015625 0.74560546875 0.00830078125 0.0068359375
11 0.51416015625 0.75146484375 0.00830078125 0.0068359375
11 0.51416015625 0.7607421875 0.00830078125 0.00732421875
11 0.49365234375 0.73046875 0.00830078125 0.0068359375
11 0.49365234375 0.74560546875 0.00830078125 0.0068359375
11 0.49365234375 0.75146484375 0.00830078125 0.0068359375
11 0.49365234375 0.7607421875 0.00830078125 0.00732421875
11 0.43212890625 0.75146484375 0.00830078125 0.0068359375
11 0.43212890625 0.7607421875 0.00830078125 0.00732421875
11 0.44482421875 0.71875 0.00830078125 0.0068359375
11 0.41162109375 0.7607421875 0.00830078125 0.00732421875
11 0.41162109375 0.75146484375 0.00830078125 0.0068359375
11 0.41162109375 0.74560546875 0.00830078125 0.0068359375
11 0.41162109375 0.73046875 0.00830078125 0.0068359375
11 0.44482421875 0.74560546875 0.00830078125 0.0068359375
11 0.44482421875 0.75146484375 0.00830078125 0.0068359375
11 0.44482421875 0.7607421875 0.00830078125 0.00732421875
11 0.39111328125 0.75146484375 0.00830078125 0.0068359375
11 0.39111328125 0.74560546875 0.00830078125 0.0068359375
11 0.39111328125 0.73046875 0.00830078125 0.0068359375
11 0.43212890625 0.7099609375 0.00830078125 0.00732421875
11 0.44482421875 0.73046875 0.00830078125 0.0068359375
11 0.43212890625 0.71875 0.00830078125 0.0068359375
11 0.43212890625 0.73046875 0.00830078125 0.0068359375
11 0.43212890625 0.74560546875 0.00830078125 0.0068359375
12 0.59716796875 0.88720703125 0.0087890625 0.00732421875
22 0.47802734375 0.93017578125 0.00830078125 0.00390625
22 0.41943359375 0.93017578125 0.00830078125 0.00390625
22 0.35205078125 0.93017578125 0.00830078125 0.00390625
12 0.65380859375 0.8720703125 0.0087890625 0.0068359375
22 0.53662109375 0.93017578125 0.00830078125 0.00390625
12 0.65380859375 0.88134765625 0.0087890625 0.0068359375
12 0.64599609375 0.88427734375 0.0087890625 0.0068359375
12 0.61376953125 0.89306640625 0.0087890625 0.0068359375
12 0.529296875 0.88427734375 0.0087890625 0.0068359375
22 0.283203125 0.93017578125 0.00830078125 0.00390625
21 0.57958984375 0.8623046875 0.00634765625 0.0185546875
19 0.58056640625 0.90966796875 0.0146484375 0.00439453125
13 0.58203125 0.88134765625 0.01123046875 0.00732421875
13 0.58203125 0.8994140625 0.01123046875 0.0068359375
12 0.5458984375 0.89013671875 0.0087890625 0.0068359375
12 0.79443359375 0.89013671875 0.0087890625 0.0068359375
12 0.7783203125 0.88427734375 0.0087890625 0.0068359375
13 0.7197265625 0.87255859375 0.01123046875 0.00732421875
22 0.67041015625 0.93017578125 0.00830078125 0.00390625
13 0.7197265625 0.87841796875 0.01123046875 0.0068359375
13 0.7197265625 0.88427734375 0.01123046875 0.0068359375
12 0.6806640625 0.86962890625 0.0087890625 0.0068359375
12 0.6806640625 0.88134765625 0.0087890625 0.0068359375
12 0.6806640625 0.89013671875 0.0087890625 0.0068359375
22 0.6044921875 0.93017578125 0.00830078125 0.00390625
21 0.76025390625 0.85888671875 0.00634765625 0.0185546875
19 0.76123046875 0.90673828125 0.0146484375 0.00439453125
13 0.7626953125 0.87841796875 0.01123046875 0.0068359375
13 0.7626953125 0.89599609375 0.01123046875 0.00732421875
22 0.72705078125 0.93017578125 0.00830078125 0.00390625
21 0.32666015625 0.8623046875 0.00634765625 0.0185546875
19 0.328125 0.90966796875 0.0146484375 0.00439453125
13 0.32958984375 0.88134765625 0.01123046875 0.00732421875
13 0.32958984375 0.8994140625 0.01123046875 0.0068359375
12 0.29345703125 0.89013671875 0.0087890625 0.0068359375
12 0.27734375 0.88427734375 0.0087890625 0.0068359375
12 0.3447265625 0.88720703125 0.0087890625 0.00732421875
1 0.193359375 0.9384765625 0.017578125 0.02099609375
10 0.19384765625 0.8798828125 0.0166015625 0.0458984375
22 0.78515625 0.93017578125 0.00830078125 0.00390625
22 0.2255859375 0.93017578125 0.00830078125 0.00390625
22 0.2255859375 0.87109375 0.00830078125 0.00390625
0 0.17529296875 0.9111328125 0.005859375 0.08447265625
21 0.25927734375 0.8623046875 0.00634765625 0.0185546875
19 0.26025390625 0.90673828125 0.0146484375 0.00439453125
13 0.26171875 0.88134765625 0.01123046875 0.00732421875
13 0.26171875 0.89599609375 0.01123046875 0.00732421875
13 0.47998046875 0.88134765625 0.01123046875 0.00732421875
13 0.470703125 0.88427734375 0.01123046875 0.0068359375
13 0.470703125 0.89306640625 0.01123046875 0.00732421875
12 0.4287109375 0.89013671875 0.0087890625 0.0068359375
12 0.41259765625 0.88427734375 0.0087890625 0.0068359375
13 0.51416015625 0.88134765625 0.01123046875 0.00732421875
21 0.51171875 0.8623046875 0.00634765625 0.0185546875
19 0.5126953125 0.90673828125 0.0146484375 0.00439453125
13 0.51416015625 0.89599609375 0.01123046875 0.00732421875
19 0.39599609375 0.90673828125 0.0146484375 0.00439453125
21 0.39453125 0.8623046875 0.00634765625 0.0185546875
13 0.39697265625 0.88134765625 0.01123046875 0.00732421875
13 0.39697265625 0.89599609375 0.01123046875 0.00732421875
12 0.361328125 0.89306640625 0.0087890625 0.0068359375