11 0.67431640625 0.90283203125 0.0048828125 0.00439453125
11 0.66650390625 0.71337890625 0.0048828125 0.00390625
11 0.66650390625 0.91162109375 0.0048828125 0.00390625
11 0.66650390625 0.66015625 0.0048828125 0.00390625
11 0.66064453125 0.90283203125 0.0048828125 0.00439453125
11 0.70263671875 0.90283203125 0.0048828125 0.00439453125
11 0.5693359375 0.65478515625 0.0048828125 0.00390625
11 0.5693359375 0.7080078125 0.0048828125 0.00390625
11 0.70849609375 0.91162109375 0.0048828125 0.00390625
11 0.70849609375 0.7099609375 0.0048828125 0.00390625
11 0.70849609375 0.65673828125 0.0048828125 0.00439453125
11 0.6806640625 0.91162109375 0.0048828125 0.00390625
11 0.6806640625 0.7099609375 0.0048828125 0.00390625
11 0.69482421875 0.91162109375 0.0048828125 0.00390625
11 0.69482421875 0.70654296875 0.0048828125 0.00439453125
11 0.69482421875 0.6533203125 0.0048828125 0.00390625
11 0.6806640625 0.65673828125 0.0048828125 0.00439453125
11 0.6884765625 0.90283203125 0.0048828125 0.00439453125
11 0.59716796875 0.71337890625 0.0048828125 0.00390625
11 0.634765625 0.71337890625 0.0048828125 0.00390625
11 0.634765625 0.66015625 0.0048828125 0.00390625
11 0.65283203125 0.91162109375 0.0048828125 0.00390625
11 0.65283203125 0.72216796875 0.0048828125 0.00390625
11 0.59716796875 0.66015625 0.0048828125 0.00390625
11 0.65283203125 0.6689453125 0.0048828125 0.00439453125
11 0.61669921875 0.70654296875 0.0048828125 0.00439453125
11 0.61669921875 0.6533203125 0.0048828125 0.00390625
11 0.607421875 0.7080078125 0.0048828125 0.00390625
11 0.607421875 0.65478515625 0.0048828125 0.00390625
11 0.62646484375 0.7080078125 0.0048828125 0.00390625
11 0.62646484375 0.65478515625 0.0048828125 0.00390625
11 0.578125 0.66015625 0.0048828125 0.00390625
11 0.578125 0.71337890625 0.0048828125 0.00390625
11 0.5869140625 0.6650390625 0.0048828125 0.00439453125
11 0.5869140625 0.71875 0.0048828125 0.00439453125
22 0.5830078125 0.94775390625 0.0048828125 0.00244140625
22 0.5830078125 0.90576171875 0.0048828125 0.00244140625
22 0.46435546875 0.4697265625 0.0048828125 0.00244140625
22 0.46435546875 0.5087890625 0.0048828125 0.001953125
22 0.46435546875 0.54833984375 0.0048828125 0.00244140625
22 0.46435546875 0.587890625 0.0048828125 0.00244140625
22 0.46435546875 0.626953125 0.0048828125 0.00244140625
22 0.46435546875 0.43017578125 0.0048828125 0.001953125
22 0.46435546875 0.7431640625 0.0048828125 0.00244140625
22 0.46435546875 0.78759765625 0.0048828125 0.00244140625
22 0.46435546875 0.8271484375 0.0048828125 0.00244140625
22 0.46435546875 0.8662109375 0.0048828125 0.00244140625
22 0.46435546875 0.90576171875 0.0048828125 0.00244140625
22 0.34130859375 0.076171875 0.0048828125 0.00244140625
22 0.46435546875 0.076171875 0.0048828125 0.00244140625
22 0.46435546875 0.11572265625 0.0048828125 0.00244140625
22 0.46435546875 0.1552734375 0.0048828125 0.001953125
22 0.46435546875 0.1943359375 0.0048828125 0.00244140625
22 0.46435546875 0.23388671875 0.0048828125 0.001953125
22 0.46435546875 0.27294921875 0.0048828125 0.00244140625
22 0.46435546875 0.3125 0.0048828125 0.00244140625
22 0.46435546875 0.3515625 0.0048828125 0.00244140625
22 0.46435546875 0.39111328125 0.0048828125 0.00244140625
22 0.5830078125 0.43017578125 0.0048828125 0.001953125
22 0.5830078125 0.4697265625 0.0048828125 0.00244140625
22 0.5830078125 0.5087890625 0.0048828125 0.001953125
22 0.5830078125 0.54833984375 0.0048828125 0.00244140625
22 0.5830078125 0.587890625 0.0048828125 0.00244140625
22 0.5830078125 0.626953125 0.0048828125 0.00244140625
22 0.5830078125 0.7431640625 0.0048828125 0.00244140625
22 0.5830078125 0.78759765625 0.0048828125 0.00244140625
22 0.5830078125 0.8271484375 0.0048828125 0.00244140625
22 0.5830078125 0.8662109375 0.0048828125 0.00244140625
22 0.5830078125 0.1943359375 0.0048828125 0.00244140625
22 0.46435546875 0.94775390625 0.0048828125 0.00244140625
22 0.5830078125 0.076171875 0.0048828125 0.00244140625
22 0.5830078125 0.11572265625 0.0048828125 0.00244140625
22 0.5830078125 0.1552734375 0.0048828125 0.001953125
22 0.5830078125 0.23388671875 0.0048828125 0.001953125
22 0.5830078125 0.27294921875 0.0048828125 0.00244140625
22 0.5830078125 0.3125 0.0048828125 0.00244140625
22 0.5830078125 0.3515625 0.0048828125 0.00244140625
22 0.5830078125 0.39111328125 0.0048828125 0.00244140625
11 0.75048828125 0.91162109375 0.0048828125 0.00390625
11 0.75048828125 0.71337890625 0.0048828125 0.00390625
11 0.75048828125 0.66015625 0.0048828125 0.00390625
11 0.74462890625 0.90283203125 0.0048828125 0.00439453125
11 0.75830078125 0.90283203125 0.0048828125 0.00439453125
11 0.7646484375 0.91162109375 0.0048828125 0.00390625
11 0.7646484375 0.7099609375 0.0048828125 0.00390625
11 0.7646484375 0.65673828125 0.0048828125 0.00439453125
11 0.72265625 0.91162109375 0.0048828125 0.00390625
11 0.72265625 0.71337890625 0.0048828125 0.00390625
11 0.72265625 0.66015625 0.0048828125 0.00390625
11 0.71630859375 0.90283203125 0.0048828125 0.00439453125
11 0.73681640625 0.91162109375 0.0048828125 0.00390625
11 0.73681640625 0.72216796875 0.0048828125 0.00390625
11 0.73681640625 0.6689453125 0.0048828125 0.00439453125
11 0.73046875 0.90283203125 0.0048828125 0.00439453125
11 0.806640625 0.71337890625 0.0048828125 0.00390625
11 0.806640625 0.66015625 0.0048828125 0.00390625
11 0.80029296875 0.90283203125 0.0048828125 0.00439453125
11 0.806640625 0.91162109375 0.0048828125 0.00390625
11 0.814453125 0.90283203125 0.0048828125 0.00439453125
11 0.77880859375 0.91162109375 0.0048828125 0.00390625
11 0.77880859375 0.70654296875 0.0048828125 0.00439453125
11 0.77880859375 0.6533203125 0.0048828125 0.00390625
11 0.7724609375 0.90283203125 0.0048828125 0.00439453125
11 0.79248046875 0.91162109375 0.0048828125 0.00390625
11 0.79248046875 0.7099609375 0.0048828125 0.00390625
11 0.79248046875 0.65673828125 0.0048828125 0.00439453125
11 0.78662109375 0.90283203125 0.00439453125 0.00439453125
11 0.3232421875 0.70458984375 0.00439453125 0.00390625
11 0.3232421875 0.6513671875 0.00439453125 0.00390625
11 0.31298828125 0.7080078125 0.0048828125 0.00390625
11 0.34033203125 0.71337890625 0.0048828125 0.00390625
11 0.34033203125 0.66015625 0.0048828125 0.00390625
11 0.31298828125 0.65478515625 0.0048828125 0.00390625
11 0.33203125 0.7080078125 0.0048828125 0.00390625
11 0.33203125 0.65478515625 0.0048828125 0.00390625
11 0.30224609375 0.71337890625 0.00439453125 0.00390625
11 0.30224609375 0.66015625 0.00439453125 0.00390625
11 0.39697265625 0.71337890625 0.0048828125 0.00390625
11 0.39697265625 0.66015625 0.0048828125 0.00390625
11 0.388671875 0.7080078125 0.0048828125 0.00390625
11 0.388671875 0.65478515625 0.0048828125 0.00390625
11 0.4111328125 0.66357421875 0.0048828125 0.00390625
11 0.359375 0.71337890625 0.0048828125 0.00390625
11 0.359375 0.66015625 0.0048828125 0.00390625
11 0.34912109375 0.72021484375 0.0048828125 0.00390625
11 0.34912109375 0.6669921875 0.0048828125 0.00390625
11 0.3798828125 0.70458984375 0.0048828125 0.00390625
11 0.3798828125 0.6513671875 0.0048828125 0.00390625
11 0.36962890625 0.7080078125 0.0048828125 0.00390625
11 0.36962890625 0.65478515625 0.0048828125 0.00390625
22 0.34130859375 0.90576171875 0.0048828125 0.00244140625
22 0.34130859375 0.8662109375 0.0048828125 0.00244140625
22 0.34130859375 0.8271484375 0.0048828125 0.00244140625
22 0.34130859375 0.78759765625 0.0048828125 0.00244140625
0 0.2275390625 0.7275390625 0.00341796875 0.0498046875
22 0.34130859375 0.7431640625 0.0048828125 0.00244140625
0 0.2275390625 0.6474609375 0.00341796875 0.0498046875
22 0.73095703125 0.11572265625 0.0048828125 0.00244140625
22 0.73095703125 0.5087890625 0.0048828125 0.001953125
22 0.73095703125 0.4697265625 0.0048828125 0.00244140625
22 0.73095703125 0.43017578125 0.0048828125 0.001953125
22 0.73095703125 0.39111328125 0.0048828125 0.00244140625
22 0.73095703125 0.3515625 0.0048828125 0.00244140625
22 0.73095703125 0.3125 0.0048828125 0.00244140625
22 0.73095703125 0.27294921875 0.0048828125 0.00244140625
22 0.73095703125 0.23388671875 0.0048828125 0.001953125
22 0.73095703125 0.1943359375 0.0048828125 0.00244140625
22 0.73095703125 0.1552734375 0.0048828125 0.001953125
22 0.73095703125 0.076171875 0.0048828125 0.00244140625
22 0.34130859375 0.94775390625 0.0048828125 0.00244140625
22 0.34130859375 0.3515625 0.0048828125 0.00244140625
22 0.34130859375 0.3125 0.0048828125 0.00244140625
22 0.34130859375 0.27294921875 0.0048828125 0.00244140625
22 0.34130859375 0.23388671875 0.0048828125 0.001953125
22 0.34130859375 0.1943359375 0.0048828125 0.00244140625
22 0.34130859375 0.1552734375 0.0048828125 0.001953125
22 0.34130859375 0.11572265625 0.0048828125 0.00244140625
22 0.34130859375 0.626953125 0.0048828125 0.00244140625
22 0.34130859375 0.587890625 0.0048828125 0.00244140625
22 0.34130859375 0.54833984375 0.0048828125 0.00244140625
22 0.73095703125 0.54833984375 0.0048828125 0.00244140625
22 0.34130859375 0.5087890625 0.0048828125 0.001953125
22 0.34130859375 0.4697265625 0.0048828125 0.00244140625
22 0.34130859375 0.43017578125 0.0048828125 0.001953125
22 0.34130859375 0.39111328125 0.0048828125 0.00244140625
1 0.23828125 0.6640625 0.01025390625 0.01220703125
10 0.23876953125 0.78955078125 0.009765625 0.02685546875
1 0.23828125 0.74462890625 0.01025390625 0.01220703125
10 0.23876953125 0.708984375 0.009765625 0.02685546875
11 0.2919921875 0.72021484375 0.0048828125 0.00390625
11 0.2919921875 0.6669921875 0.0048828125 0.00390625
10 0.23876953125 0.62841796875 0.009765625 0.02685546875
1 0.23828125 0.5888671875 0.01025390625 0.01220703125
1 0.23828125 0.94921875 0.01025390625 0.01220703125
10 0.23876953125 0.5498046875 0.009765625 0.02685546875
1 0.23828125 0.9072265625 0.01025390625 0.01220703125
10 0.23876953125 0.82861328125 0.009765625 0.02685546875
10 0.23876953125 0.11767578125 0.009765625 0.02685546875
1 0.23828125 0.2353515625 0.01025390625 0.01220703125
10 0.23876953125 0.1962890625 0.009765625 0.02685546875
10 0.23876953125 0.15673828125 0.009765625 0.02685546875
10 0.23876953125 0.078125 0.009765625 0.02685546875
22 0.73095703125 0.94775390625 0.0048828125 0.00244140625
22 0.73095703125 0.8662109375 0.0048828125 0.00244140625
22 0.73095703125 0.8271484375 0.0048828125 0.00244140625
22 0.73095703125 0.78759765625 0.0048828125 0.00244140625
22 0.73095703125 0.7431640625 0.0048828125 0.00244140625
22 0.73095703125 0.626953125 0.0048828125 0.00244140625
22 0.73095703125 0.587890625 0.0048828125 0.00244140625
10 0.23876953125 0.5107421875 0.009765625 0.02685546875
10 0.23876953125 0.47119140625 0.009765625 0.02685546875
10 0.23876953125 0.43212890625 0.009765625 0.02685546875
11 0.4111328125 0.716796875 0.0048828125 0.00390625
10 0.23876953125 0.392578125 0.009765625 0.02685546875
10 0.23876953125 0.353515625 0.009765625 0.02685546875
10 0.23876953125 0.31396484375 0.009765625 0.02685546875
10 0.23876953125 0.27490234375 0.009765625 0.02685546875
11 0.52978515625 0.71875 0.0048828125 0.00439453125
11 0.52978515625 0.6650390625 0.0048828125 0.00439453125
11 0.51611328125 0.71337890625 0.0048828125 0.00390625
11 0.51611328125 0.66015625 0.0048828125 0.00390625
11 0.48828125 0.7080078125 0.0048828125 0.00390625
11 0.48828125 0.65478515625 0.0048828125 0.00390625
11 0.47802734375 0.71337890625 0.0048828125 0.00390625
11 0.47802734375 0.66015625 0.0048828125 0.00390625
11 0.50732421875 0.7080078125 0.0048828125 0.00390625
11 0.50732421875 0.65478515625 0.0048828125 0.00390625
11 0.4990234375 0.70458984375 0.0048828125 0.00390625
11 0.4990234375 0.6513671875 0.0048828125 0.00390625
11 0.5400390625 0.71337890625 0.0048828125 0.00390625
11 0.5400390625 0.66015625 0.0048828125 0.00390625
11 0.56005859375 0.70654296875 0.0048828125 0.00439453125
11 0.56005859375 0.6533203125 0.0048828125 0.00390625
11 0.55029296875 0.7080078125 0.0048828125 0.00390625
11 0.55029296875 0.65478515625 0.0048828125 0.00390625
11 0.42138671875 0.71337890625 0.0048828125 0.00390625
11 0.42138671875 0.66015625 0.0048828125 0.00390625
11 0.45068359375 0.7080078125 0.0048828125 0.00390625
11 0.4677734375 0.716796875 0.0048828125 0.00390625
11 0.4677734375 0.66357421875 0.0048828125 0.00390625
11 0.45068359375 0.65478515625 0.0048828125 0.00390625
11 0.458984375 0.71337890625 0.0048828125 0.00390625
11 0.458984375 0.66015625 0.0048828125 0.00390625
11 0.431640625 0.65478515625 0.0048828125 0.00390625
11 0.431640625 0.7080078125 0.0048828125 0.00390625
11 0.44189453125 0.6513671875 0.0048828125 0.00390625
11 0.44189453125 0.70458984375 0.0048828125 0.00390625