11 0.4189453125 0.1728515625 0.00830078125 0.0068359375
11 0.40966796875 0.1728515625 0.00830078125 0.0068359375
11 0.4189453125 0.1181640625 0.00830078125 0.0068359375
11 0.42822265625 0.1728515625 0.00830078125 0.0068359375
11 0.38134765625 0.11474609375 0.00830078125 0.0068359375
11 0.38134765625 0.169921875 0.00830078125 0.0068359375
11 0.390625 0.169921875 0.00830078125 0.0068359375
11 0.400390625 0.1181640625 0.00830078125 0.0068359375
11 0.400390625 0.1728515625 0.00830078125 0.0068359375
11 0.482421875 0.1787109375 0.00830078125 0.0068359375
11 0.53271484375 0.1787109375 0.00830078125 0.0068359375
11 0.4375 0.12109375 0.00830078125 0.0068359375
11 0.4375 0.1787109375 0.00830078125 0.0068359375
11 0.29736328125 0.16357421875 0.00830078125 0.0068359375
11 0.306640625 0.10888671875 0.00830078125 0.00732421875
11 0.306640625 0.16357421875 0.00830078125 0.0068359375
11 0.2880859375 0.16357421875 0.00830078125 0.0068359375
0 0.22607421875 0.142578125 0.005859375 0.080078125
11 0.2880859375 0.10888671875 0.00830078125 0.00732421875
10 0.244140625 0.11376953125 0.0166015625 0.0458984375
11 0.31591796875 0.16357421875 0.00830078125 0.0068359375
1 0.24365234375 0.16796875 0.017578125 0.02099609375
11 0.353515625 0.1669921875 0.00830078125 0.00732421875
11 0.36279296875 0.11474609375 0.00830078125 0.0068359375
11 0.36279296875 0.169921875 0.00830078125 0.0068359375
11 0.3720703125 0.169921875 0.00830078125 0.0068359375
11 0.3251953125 0.1123046875 0.00830078125 0.0068359375
11 0.3251953125 0.1669921875 0.00830078125 0.00732421875
11 0.33447265625 0.1669921875 0.00830078125 0.00732421875
11 0.34423828125 0.1123046875 0.00830078125 0.0068359375
11 0.34423828125 0.1669921875 0.00830078125 0.00732421875
14 0.7236328125 0.17333984375 0.0087890625 0.017578125
11 0.75439453125 0.11474609375 0.0078125 0.0068359375
11 0.75439453125 0.1787109375 0.0078125 0.0068359375
14 0.650390625 0.17333984375 0.0087890625 0.017578125
11 0.65966796875 0.1787109375 0.00830078125 0.0068359375
14 0.68701171875 0.17333984375 0.0087890625 0.017578125
11 0.69677734375 0.1787109375 0.00830078125 0.0068359375
14 0.8212890625 0.17333984375 0.0087890625 0.017578125
11 0.8310546875 0.11474609375 0.00830078125 0.0068359375
11 0.8310546875 0.1787109375 0.00830078125 0.0068359375
11 0.7939453125 0.126953125 0.00830078125 0.0068359375
14 0.78173828125 0.17333984375 0.0087890625 0.017578125
11 0.7939453125 0.1787109375 0.00830078125 0.0068359375
14 0.6103515625 0.17333984375 0.0087890625 0.017578125
11 0.62255859375 0.1787109375 0.00830078125 0.0068359375
12 0.58349609375 0.12109375 0.0087890625 0.0068359375
11 0.5830078125 0.1787109375 0.00830078125 0.0068359375
11 0.48681640625 0.232421875 0.00830078125 0.0068359375
11 0.6142578125 0.30419921875 0.00830078125 0.0068359375
11 0.6142578125 0.23828125 0.00830078125 0.0068359375
14 0.48681640625 0.298828125 0.0087890625 0.017578125
11 0.75341796875 0.25341796875 0.00830078125 0.0068359375
14 0.21923828125 0.2451171875 0.0087890625 0.01708984375
1 0.193359375 0.29345703125 0.017578125 0.02099609375
14 0.21923828125 0.298828125 0.0087890625 0.017578125
10 0.19384765625 0.240234375 0.0166015625 0.0458984375
0 0.17529296875 0.2685546875 0.005859375 0.0791015625
11 0.34716796875 0.30419921875 0.00830078125 0.0068359375
11 0.34716796875 0.2412109375 0.00830078125 0.0068359375
11 0.6279296875 0.35791015625 0.00830078125 0.0068359375
14 0.6279296875 0.42431640625 0.0087890625 0.017578125
11 0.54833984375 0.36669921875 0.00830078125 0.0068359375
11 0.54833984375 0.4296875 0.00830078125 0.0068359375
11 0.69482421875 0.36376953125 0.00830078125 0.0068359375
11 0.69482421875 0.4296875 0.00830078125 0.0068359375
11 0.77392578125 0.37890625 0.00830078125 0.0068359375
11 0.23095703125 0.4296875 0.00830078125 0.0068359375
11 0.23095703125 0.36669921875 0.00830078125 0.0068359375
11 0.31005859375 0.35791015625 0.00830078125 0.0068359375
14 0.310546875 0.42431640625 0.0087890625 0.017578125
10 0.19384765625 0.36572265625 0.0166015625 0.0458984375
0 0.17529296875 0.3935546875 0.005859375 0.0791015625
1 0.193359375 0.41845703125 0.017578125 0.02099609375
11 0.4560546875 0.37890625 0.0078125 0.0068359375
14 0.45654296875 0.42431640625 0.0087890625 0.017578125
11 0.376953125 0.36376953125 0.00830078125 0.0068359375
11 0.376953125 0.4296875 0.00830078125 0.0068359375
11 0.7421875 0.55615234375 0.00830078125 0.0068359375
11 0.7421875 0.4833984375 0.00830078125 0.0068359375
11 0.72119140625 0.546875 0.00830078125 0.0068359375
11 0.72119140625 0.4921875 0.00830078125 0.0068359375
11 0.71142578125 0.546875 0.00830078125 0.0068359375
11 0.71142578125 0.4833984375 0.00830078125 0.0068359375
11 0.73291015625 0.546875 0.0078125 0.0068359375
11 0.73291015625 0.50439453125 0.0078125 0.0068359375
11 0.751953125 0.5380859375 0.00830078125 0.00732421875
11 0.5908203125 0.50439453125 0.00830078125 0.0068359375
11 0.79296875 0.5380859375 0.00830078125 0.00732421875
11 0.81396484375 0.5380859375 0.0078125 0.00732421875
11 0.81396484375 0.4921875 0.0078125 0.0068359375
11 0.8046875 0.5380859375 0.00830078125 0.00732421875
11 0.79541015625 0.55615234375 0.00830078125 0.0068359375
11 0.5908203125 0.546875 0.00830078125 0.0068359375
11 0.76123046875 0.5380859375 0.00830078125 0.00732421875
11 0.76123046875 0.50439453125 0.00830078125 0.0068359375
11 0.783203125 0.50439453125 0.00830078125 0.0068359375
11 0.783203125 0.5380859375 0.00830078125 0.00732421875
11 0.751953125 0.4921875 0.00830078125 0.0068359375
11 0.783203125 0.4921875 0.00830078125 0.0068359375
11 0.63720703125 0.546875 0.00830078125 0.0068359375
11 0.63720703125 0.4921875 0.00830078125 0.0068359375
11 0.65625 0.55615234375 0.00830078125 0.0068359375
11 0.65625 0.4833984375 0.00830078125 0.0068359375
11 0.64697265625 0.546875 0.00830078125 0.0068359375
11 0.64697265625 0.50439453125 0.00830078125 0.0068359375
11 0.609375 0.55615234375 0.00830078125 0.0068359375
11 0.609375 0.4921875 0.00830078125 0.0068359375
11 0.6279296875 0.546875 0.00830078125 0.0068359375
11 0.6279296875 0.4833984375 0.00830078125 0.0068359375
11 0.61865234375 0.546875 0.00830078125 0.0068359375
11 0.61865234375 0.50439453125 0.00830078125 0.0068359375
11 0.693359375 0.546875 0.00830078125 0.0068359375
11 0.693359375 0.4921875 0.00830078125 0.0068359375
11 0.60009765625 0.4951171875 0.00830078125 0.00732421875
11 0.60009765625 0.546875 0.00830078125 0.0068359375
11 0.7021484375 0.55615234375 0.00830078125 0.0068359375
11 0.7021484375 0.50439453125 0.00830078125 0.0068359375
11 0.66552734375 0.4921875 0.00830078125 0.0068359375
11 0.66552734375 0.546875 0.00830078125 0.0068359375
11 0.68408203125 0.546875 0.00830078125 0.0068359375
11 0.68408203125 0.4833984375 0.00830078125 0.0068359375
11 0.6748046875 0.546875 0.00830078125 0.0068359375
11 0.6748046875 0.50439453125 0.00830078125 0.0068359375
11 0.8330078125 0.5380859375 0.00830078125 0.00732421875
11 0.8330078125 0.4833984375 0.00830078125 0.0068359375
11 0.8232421875 0.5380859375 0.00830078125 0.00732421875
11 0.83544921875 0.55615234375 0.00830078125 0.0068359375
11 0.8447265625 0.5380859375 0.00830078125 0.00732421875
11 0.8447265625 0.4892578125 0.00830078125 0.0068359375
11 0.33642578125 0.486328125 0.00830078125 0.0068359375
11 0.33642578125 0.541015625 0.00830078125 0.0068359375
11 0.35546875 0.55615234375 0.00830078125 0.0068359375
11 0.35546875 0.4921875 0.00830078125 0.0068359375
11 0.345703125 0.541015625 0.00830078125 0.0068359375
11 0.345703125 0.50439453125 0.00830078125 0.0068359375
11 0.30859375 0.55615234375 0.00830078125 0.0068359375
11 0.30859375 0.486328125 0.00830078125 0.0068359375
11 0.3271484375 0.541015625 0.00830078125 0.0068359375
11 0.3271484375 0.4921875 0.00830078125 0.0068359375
11 0.31787109375 0.541015625 0.00830078125 0.0068359375
11 0.31787109375 0.50439453125 0.00830078125 0.0068359375
11 0.40185546875 0.5439453125 0.00830078125 0.0068359375
11 0.40185546875 0.50439453125 0.00830078125 0.0068359375
11 0.392578125 0.55615234375 0.00830078125 0.0068359375
11 0.392578125 0.4892578125 0.00830078125 0.0068359375
11 0.41162109375 0.5439453125 0.00830078125 0.0068359375
11 0.41162109375 0.4921875 0.00830078125 0.0068359375
11 0.3740234375 0.50439453125 0.00830078125 0.0068359375
11 0.36474609375 0.541015625 0.00830078125 0.0068359375
11 0.36474609375 0.4892578125 0.00830078125 0.0068359375
11 0.38330078125 0.541015625 0.00830078125 0.0068359375
11 0.38330078125 0.4921875 0.00830078125 0.0068359375
11 0.29931640625 0.541015625 0.00830078125 0.0068359375
11 0.3740234375 0.541015625 0.00830078125 0.0068359375
11 0.2373046875 0.541015625 0.00830078125 0.0068359375
11 0.2373046875 0.50439453125 0.00830078125 0.0068359375
11 0.22802734375 0.541015625 0.00830078125 0.0068359375
11 0.22802734375 0.486328125 0.00830078125 0.0068359375
11 0.2470703125 0.541015625 0.00830078125 0.0068359375
11 0.2470703125 0.4921875 0.00830078125 0.0068359375
1 0.193359375 0.544921875 0.017578125 0.02099609375
10 0.19384765625 0.49072265625 0.0166015625 0.0458984375
0 0.17529296875 0.51953125 0.005859375 0.07958984375
11 0.21875 0.55615234375 0.00830078125 0.0068359375
11 0.21875 0.4921875 0.00830078125 0.0068359375
11 0.28955078125 0.541015625 0.00830078125 0.0068359375
11 0.28955078125 0.50439453125 0.00830078125 0.0068359375
11 0.27734375 0.541015625 0.00830078125 0.0068359375
11 0.29931640625 0.4921875 0.00830078125 0.0068359375
11 0.27734375 0.486328125 0.00830078125 0.0068359375
11 0.2587890625 0.55615234375 0.00830078125 0.0068359375
11 0.2587890625 0.50439453125 0.00830078125 0.0068359375
11 0.25634765625 0.541015625 0.00830078125 0.0068359375
11 0.25634765625 0.486328125 0.00830078125 0.0068359375
11 0.26806640625 0.541015625 0.00830078125 0.0068359375
11 0.26806640625 0.4921875 0.00830078125 0.0068359375
11 0.5009765625 0.5439453125 0.00830078125 0.0068359375
11 0.5009765625 0.4921875 0.00830078125 0.0068359375
11 0.51025390625 0.50439453125 0.00830078125 0.0068359375
11 0.51025390625 0.5439453125 0.00830078125 0.0068359375
11 0.56884765625 0.4951171875 0.00830078125 0.00732421875
11 0.482421875 0.55615234375 0.00830078125 0.0068359375
11 0.482421875 0.50439453125 0.00830078125 0.0068359375
11 0.56884765625 0.546875 0.00830078125 0.0068359375
11 0.49169921875 0.4951171875 0.00830078125 0.00732421875
11 0.49169921875 0.5439453125 0.00830078125 0.0068359375
11 0.53857421875 0.5439453125 0.00830078125 0.0068359375
11 0.53857421875 0.50439453125 0.00830078125 0.0068359375
11 0.5478515625 0.4951171875 0.00830078125 0.00732421875
11 0.5478515625 0.5439453125 0.00830078125 0.0068359375
11 0.55712890625 0.5439453125 0.00830078125 0.0068359375
11 0.55712890625 0.4921875 0.00830078125 0.0068359375
11 0.5595703125 0.50439453125 0.00830078125 0.0068359375
11 0.5595703125 0.55615234375 0.00830078125 0.0068359375
11 0.51953125 0.5439453125 0.00830078125 0.0068359375
11 0.51953125 0.4951171875 0.00830078125 0.00732421875
11 0.52880859375 0.4921875 0.00830078125 0.0068359375
11 0.52880859375 0.55615234375 0.00830078125 0.0068359375
11 0.4423828125 0.55615234375 0.00830078125 0.0068359375
11 0.4423828125 0.4921875 0.00830078125 0.0068359375
11 0.42041015625 0.5439453125 0.00830078125 0.0068359375
11 0.42041015625 0.4892578125 0.00830078125 0.0068359375
11 0.43017578125 0.5439453125 0.00830078125 0.0068359375
11 0.43017578125 0.50439453125 0.00830078125 0.0068359375
11 0.470703125 0.5439453125 0.00830078125 0.0068359375
11 0.470703125 0.4921875 0.00830078125 0.0068359375
11 0.4794921875 0.4892578125 0.00830078125 0.0068359375
11 0.4794921875 0.5439453125 0.00830078125 0.0068359375
11 0.45166015625 0.4892578125 0.00830078125 0.0068359375
11 0.5810546875 0.546875 0.00830078125 0.0068359375
11 0.5810546875 0.4921875 0.00830078125 0.0068359375
11 0.4609375 0.50439453125 0.00830078125 0.0068359375
11 0.4609375 0.5439453125 0.00830078125 0.0068359375
11 0.45166015625 0.5439453125 0.00830078125 0.0068359375
11 0.55419921875 0.68212890625 0.00830078125 0.0068359375
14 0.59521484375 0.67724609375 0.0087890625 0.01708984375
11 0.623046875 0.68212890625 0.00830078125 0.0068359375
11 0.609375 0.630859375 0.00830078125 0.0068359375
11 0.53369140625 0.61865234375 0.00830078125 0.0068359375
11 0.76123046875 0.68212890625 0.00830078125 0.0068359375
11 0.6923828125 0.68212890625 0.00830078125 0.0068359375
15 0.677734375 0.61962890625 0.0078125 0.01171875
14 0.6640625 0.67724609375 0.0087890625 0.01708984375
14 0.73291015625 0.67724609375 0.0087890625 0.01708984375
11 0.7470703125 0.630859375 0.00830078125 0.0068359375
5 0.75390625 0.6201171875 0.00732421875 0.02099609375
11 0.27587890625 0.68212890625 0.00830078125 0.0068359375
11 0.34619140625 0.68212890625 0.00830078125 0.0068359375
14 0.31689453125 0.67724609375 0.0087890625 0.01708984375
11 0.31640625 0.630859375 0.00830078125 0.0068359375
10 0.19384765625 0.6171875 0.0166015625 0.0458984375
1 0.193359375 0.67138671875 0.017578125 0.02099609375
0 0.17529296875 0.64599609375 0.005859375 0.07958984375
11 0.23486328125 0.61865234375 0.00830078125 0.0068359375
11 0.41650390625 0.60986328125 0.00830078125 0.0068359375
11 0.41650390625 0.68212890625 0.00830078125 0.0068359375
11 0.45703125 0.61572265625 0.0078125 0.0068359375
14 0.45751953125 0.67724609375 0.0087890625 0.01708984375
11 0.38671875 0.61865234375 0.00830078125 0.0068359375
14 0.38671875 0.67724609375 0.0087890625 0.01708984375
11 0.4853515625 0.68212890625 0.00830078125 0.0068359375
11 0.4853515625 0.630859375 0.00830078125 0.0068359375
14 0.6015625 0.80224609375 0.0087890625 0.01708984375
11 0.60107421875 0.736328125 0.00830078125 0.0068359375
11 0.66650390625 0.7421875 0.00830078125 0.0068359375
11 0.66650390625 0.8076171875 0.00830078125 0.0068359375
11 0.5234375 0.7451171875 0.00830078125 0.0068359375
11 0.5234375 0.8076171875 0.00830078125 0.0068359375
11 0.78369140625 0.8076171875 0.0078125 0.0068359375
11 0.74462890625 0.7568359375 0.00830078125 0.0068359375
11 0.23486328125 0.7451171875 0.00830078125 0.0068359375
11 0.23486328125 0.8076171875 0.00830078125 0.0068359375
0 0.17529296875 0.77197265625 0.005859375 0.0791015625
10 0.19384765625 0.74365234375 0.0166015625 0.0458984375
1 0.193359375 0.796875 0.017578125 0.02099609375
11 0.3125 0.736328125 0.00830078125 0.0068359375
14 0.45654296875 0.7490234375 0.0087890625 0.01708984375
14 0.45654296875 0.80224609375 0.0087890625 0.01708984375
11 0.37841796875 0.7421875 0.00830078125 0.0068359375
11 0.37841796875 0.8076171875 0.00830078125 0.0068359375
14 0.31298828125 0.80224609375 0.0087890625 0.01708984375
11 0.509765625 0.927734375 0.00830078125 0.0068359375
11 0.509765625 0.87060546875 0.00830078125 0.0068359375
11 0.50048828125 0.927734375 0.00830078125 0.0068359375
11 0.50048828125 0.861328125 0.00830078125 0.0068359375
11 0.521484375 0.927734375 0.0078125 0.0068359375
11 0.521484375 0.861328125 0.0078125 0.0068359375
11 0.51220703125 0.94287109375 0.00830078125 0.0068359375
11 0.51220703125 0.88232421875 0.00830078125 0.0068359375
11 0.462890625 0.927734375 0.00830078125 0.0068359375
11 0.462890625 0.88232421875 0.00830078125 0.0068359375
11 0.47216796875 0.861328125 0.00830078125 0.0068359375
11 0.45361328125 0.927734375 0.00830078125 0.0068359375
11 0.45361328125 0.87060546875 0.00830078125 0.0068359375
11 0.49072265625 0.927734375 0.00830078125 0.0068359375
11 0.49072265625 0.88232421875 0.00830078125 0.0068359375
11 0.53076171875 0.87060546875 0.00830078125 0.0068359375
11 0.4814453125 0.927734375 0.00830078125 0.0068359375
11 0.4814453125 0.87060546875 0.00830078125 0.0068359375
11 0.47216796875 0.94287109375 0.00830078125 0.0068359375
11 0.66357421875 0.927734375 0.00830078125 0.0068359375
11 0.66357421875 0.8466796875 0.00830078125 0.0068359375
11 0.58984375 0.927734375 0.00830078125 0.0068359375
11 0.666015625 0.94287109375 0.00830078125 0.0068359375
11 0.666015625 0.86767578125 0.00830078125 0.00732421875
11 0.5498046875 0.927734375 0.00830078125 0.0068359375
11 0.5498046875 0.861328125 0.00830078125 0.0068359375
11 0.5400390625 0.927734375 0.00830078125 0.0068359375
11 0.5400390625 0.88232421875 0.00830078125 0.0068359375
11 0.53076171875 0.927734375 0.00830078125 0.0068359375
11 0.56787109375 0.927734375 0.00830078125 0.0068359375
11 0.56787109375 0.88232421875 0.00830078125 0.0068359375
11 0.55810546875 0.94287109375 0.00830078125 0.0068359375
11 0.55810546875 0.87060546875 0.00830078125 0.0068359375
14 0.30029296875 0.9375 0.0087890625 0.017578125
11 0.30029296875 0.88232421875 0.00830078125 0.0068359375
11 0.28857421875 0.8642578125 0.00830078125 0.0068359375
11 0.333984375 0.88232421875 0.00830078125 0.0068359375
11 0.31884765625 0.94287109375 0.00830078125 0.0068359375
11 0.31884765625 0.8642578125 0.00830078125 0.0068359375
11 0.3095703125 0.87060546875 0.0078125 0.0068359375
11 0.24951171875 0.87060546875 0.00830078125 0.0068359375
1 0.193359375 0.93212890625 0.017578125 0.02099609375
10 0.19384765625 0.869140625 0.0166015625 0.0458984375
0 0.17529296875 0.90234375 0.005859375 0.08740234375
11 0.27294921875 0.94287109375 0.00830078125 0.0068359375
11 0.27294921875 0.87060546875 0.00830078125 0.0068359375
11 0.263671875 0.88232421875 0.00830078125 0.0068359375
14 0.26171875 0.9375 0.0087890625 0.017578125
11 0.26123046875 0.8642578125 0.00830078125 0.0068359375
11 0.423828125 0.927734375 0.00830078125 0.0068359375
11 0.4091796875 0.94287109375 0.00830078125 0.0068359375
11 0.4091796875 0.88232421875 0.00830078125 0.0068359375
11 0.44384765625 0.927734375 0.00830078125 0.0068359375
11 0.44384765625 0.861328125 0.00830078125 0.0068359375
11 0.357421875 0.94287109375 0.00830078125 0.0068359375
11 0.357421875 0.88232421875 0.00830078125 0.0068359375
11 0.35498046875 0.8642578125 0.00830078125 0.0068359375
14 0.34619140625 0.9375 0.0087890625 0.017578125
11 0.345703125 0.87060546875 0.00830078125 0.0068359375
11 0.38427734375 0.8642578125 0.00830078125 0.0068359375
11 0.373046875 0.87060546875 0.0078125 0.0068359375
11 0.8369140625 0.9248046875 0.00830078125 0.0068359375
11 0.8369140625 0.85546875 0.00830078125 0.0068359375
11 0.82763671875 0.9248046875 0.00830078125 0.0068359375
11 0.82763671875 0.8642578125 0.00830078125 0.0068359375
11 0.80908203125 0.94287109375 0.00830078125 0.0068359375
11 0.80908203125 0.8466796875 0.00830078125 0.0068359375
11 0.7958984375 0.9248046875 0.00830078125 0.0068359375
11 0.818359375 0.9248046875 0.00830078125 0.0068359375
11 0.818359375 0.85546875 0.00830078125 0.0068359375
11 0.72216796875 0.87060546875 0.00830078125 0.0068359375
11 0.7314453125 0.88232421875 0.00830078125 0.0068359375
11 0.72216796875 0.9248046875 0.00830078125 0.0068359375
11 0.7314453125 0.9248046875 0.00830078125 0.0068359375
11 0.71240234375 0.94287109375 0.00830078125 0.0068359375
11 0.71240234375 0.861328125 0.00830078125 0.0068359375
11 0.75048828125 0.9248046875 0.00830078125 0.0068359375
11 0.75048828125 0.87060546875 0.00830078125 0.0068359375
11 0.74072265625 0.9248046875 0.00830078125 0.0068359375
11 0.74072265625 0.861328125 0.00830078125 0.0068359375
11 0.6845703125 0.9248046875 0.00830078125 0.0068359375
11 0.6845703125 0.861328125 0.00830078125 0.0068359375
11 0.67529296875 0.9248046875 0.00830078125 0.0068359375
11 0.67529296875 0.88232421875 0.00830078125 0.0068359375
11 0.70361328125 0.9248046875 0.00830078125 0.0068359375
11 0.70361328125 0.88232421875 0.00830078125 0.0068359375
11 0.69384765625 0.9248046875 0.00830078125 0.0068359375
11 0.69384765625 0.87060546875 0.00830078125 0.0068359375
11 0.78076171875 0.9248046875 0.00830078125 0.0068359375
11 0.78076171875 0.88232421875 0.00830078125 0.0068359375
11 0.771484375 0.9248046875 0.00830078125 0.0068359375
11 0.76220703125 0.9248046875 0.00830078125 0.0068359375
11 0.76220703125 0.861328125 0.00830078125 0.0068359375
11 0.75244140625 0.94287109375 0.00830078125 0.0068359375
11 0.75244140625 0.88232421875 0.00830078125 0.0068359375
11 0.771484375 0.87060546875 0.00830078125 0.0068359375