11 0.64794921875 0.06591796875 0.00634765625 0.005859375
11 0.64794921875 0.11572265625 0.00634765625 0.005859375
11 0.64794921875 0.14453125 0.00634765625 0.005859375
11 0.68359375 0.0634765625 0.00634765625 0.005859375
11 0.69873046875 0.06591796875 0.00634765625 0.005859375
11 0.69873046875 0.11767578125 0.00634765625 0.005859375
11 0.69873046875 0.1396484375 0.00634765625 0.005859375
11 0.66796875 0.14208984375 0.00634765625 0.005859375
11 0.66796875 0.06591796875 0.00634765625 0.005859375
11 0.66796875 0.125 0.00634765625 0.005859375
11 0.5380859375 0.12255859375 0.00634765625 0.005859375
11 0.5478515625 0.06591796875 0.00634765625 0.005859375
11 0.49755859375 0.12744140625 0.00634765625 0.005859375
9 0.5029296875 0.1201171875 0.00537109375 0.01416015625
19 0.517578125 0.05517578125 0.0068359375 0.0029296875
11 0.517578125 0.068359375 0.00634765625 0.005859375
11 0.517578125 0.125 0.00634765625 0.005859375
19 0.517578125 0.14306640625 0.0068359375 0.0029296875
11 0.6005859375 0.11767578125 0.00634765625 0.005859375
11 0.611328125 0.1201171875 0.00634765625 0.005859375
19 0.62744140625 0.05029296875 0.0068359375 0.0029296875
11 0.62744140625 0.0732421875 0.00634765625 0.005859375
11 0.62744140625 0.12255859375 0.00634765625 0.005859375
15 0.626953125 0.14501953125 0.00634765625 0.00927734375
11 0.55859375 0.068359375 0.00634765625 0.005859375
11 0.5693359375 0.07080078125 0.00634765625 0.005859375
11 0.5693359375 0.1201171875 0.00634765625 0.005859375
11 0.5908203125 0.0634765625 0.00634765625 0.005859375
11 0.8017578125 0.06103515625 0.00634765625 0.005859375
11 0.8017578125 0.06591796875 0.00634765625 0.005859375
11 0.8017578125 0.13232421875 0.00634765625 0.005859375
11 0.78076171875 0.1396484375 0.00634765625 0.005859375
11 0.72998046875 0.11767578125 0.00634765625 0.005859375
11 0.72998046875 0.13720703125 0.00634765625 0.005859375
11 0.71435546875 0.068359375 0.00634765625 0.005859375
15 0.7294921875 0.0517578125 0.00634765625 0.00927734375
11 0.72998046875 0.07080078125 0.00634765625 0.005859375
11 0.75927734375 0.134765625 0.00634765625 0.005859375
11 0.77001953125 0.13720703125 0.00634765625 0.005859375
11 0.78076171875 0.0634765625 0.00634765625 0.005859375
11 0.78076171875 0.068359375 0.00634765625 0.005859375
11 0.78076171875 0.11767578125 0.00634765625 0.005859375
11 0.74951171875 0.06591796875 0.00634765625 0.005859375
11 0.74951171875 0.07080078125 0.00634765625 0.005859375
11 0.74951171875 0.12744140625 0.00634765625 0.005859375
11 0.28759765625 0.068359375 0.00634765625 0.005859375
11 0.28759765625 0.1201171875 0.00634765625 0.005859375
11 0.2578125 0.06103515625 0.00634765625 0.005859375
11 0.27197265625 0.0537109375 0.00634765625 0.005859375
11 0.27197265625 0.06591796875 0.00634765625 0.005859375
11 0.27197265625 0.12255859375 0.00634765625 0.005859375
8 0.302734375 0.14208984375 0.0048828125 0.0146484375
11 0.49755859375 0.07080078125 0.00634765625 0.005859375
11 0.31884765625 0.125 0.00634765625 0.005859375
11 0.30322265625 0.05615234375 0.00634765625 0.005859375
11 0.30322265625 0.06591796875 0.00634765625 0.005859375
11 0.30322265625 0.12255859375 0.00634765625 0.005859375
11 0.30322265625 0.13232421875 0.00634765625 0.005859375
11 0.21142578125 0.05859375 0.00634765625 0.005859375
11 0.21142578125 0.0634765625 0.00634765625 0.005859375
11 0.21142578125 0.1298828125 0.00634765625 0.005859375
11 0.2177734375 0.13232421875 0.00634765625 0.005859375
0 0.17578125 0.09814453125 0.00537109375 0.09423828125
10 0.19091796875 0.06005859375 0.013671875 0.03662109375
1 0.1904296875 0.13330078125 0.01416015625 0.0166015625
11 0.2421875 0.05126953125 0.00634765625 0.005859375
11 0.2421875 0.0634765625 0.00634765625 0.005859375
11 0.2421875 0.12255859375 0.00634765625 0.005859375
11 0.2421875 0.134765625 0.00634765625 0.005859375
8 0.21728515625 0.14208984375 0.0048828125 0.0146484375
11 0.31884765625 0.06103515625 0.00634765625 0.005859375
11 0.22705078125 0.06591796875 0.00634765625 0.005859375
11 0.4375 0.0634765625 0.00634765625 0.005859375
15 0.4375 0.076171875 0.00634765625 0.00927734375
11 0.4375 0.125 0.00634765625 0.005859375
11 0.4375 0.14208984375 0.00634765625 0.005859375
11 0.40625 0.12744140625 0.00634765625 0.005859375
9 0.41162109375 0.1201171875 0.00537109375 0.01416015625
11 0.416015625 0.0634765625 0.00634765625 0.005859375
11 0.4775390625 0.0732421875 0.00634765625 0.005859375
15 0.4775390625 0.12109375 0.005859375 0.00927734375
21 0.4765625 0.14306640625 0.00537109375 0.01513671875
21 0.4765625 0.05029296875 0.00537109375 0.01513671875
11 0.45751953125 0.07568359375 0.00634765625 0.005859375
11 0.3603515625 0.05859375 0.00634765625 0.005859375
15 0.35986328125 0.0712890625 0.00634765625 0.00927734375
11 0.3603515625 0.125 0.00634765625 0.005859375
11 0.3603515625 0.13232421875 0.00634765625 0.005859375
11 0.33837890625 0.05615234375 0.00634765625 0.005859375
11 0.33837890625 0.06103515625 0.00634765625 0.005859375
11 0.33837890625 0.12744140625 0.00634765625 0.005859375
11 0.3447265625 0.1298828125 0.00634765625 0.005859375
8 0.33837890625 0.0703125 0.0048828125 0.0146484375
9 0.34375 0.1201171875 0.00537109375 0.01416015625
11 0.37548828125 0.06103515625 0.00634765625 0.005859375
11 0.37548828125 0.134765625 0.00634765625 0.005859375
11 0.39111328125 0.06103515625 0.00634765625 0.005859375
21 0.39013671875 0.07421875 0.00537109375 0.01513671875
11 0.39111328125 0.13232421875 0.00634765625 0.005859375
11 0.6259765625 0.3095703125 0.00634765625 0.005859375
11 0.6259765625 0.2470703125 0.00634765625 0.005859375
11 0.6259765625 0.2421875 0.00634765625 0.005859375
11 0.634765625 0.3193359375 0.00634765625 0.005859375
11 0.6669921875 0.3076171875 0.00634765625 0.005859375
11 0.68115234375 0.2470703125 0.00634765625 0.005859375
11 0.68115234375 0.25439453125 0.00634765625 0.005859375
11 0.68115234375 0.3095703125 0.00634765625 0.005859375
11 0.68115234375 0.31689453125 0.00634765625 0.005859375
11 0.65380859375 0.24462890625 0.00634765625 0.005859375
11 0.65380859375 0.2568359375 0.00634765625 0.005859375
11 0.64404296875 0.32177734375 0.00634765625 0.005859375
11 0.65380859375 0.3095703125 0.00634765625 0.005859375
11 0.65380859375 0.32421875 0.00634765625 0.005859375
11 0.5439453125 0.32666015625 0.00634765625 0.005859375
11 0.5634765625 0.251953125 0.00634765625 0.005859375
11 0.521484375 0.24951171875 0.00634765625 0.005859375
11 0.521484375 0.3095703125 0.00634765625 0.005859375
11 0.5439453125 0.314453125 0.00634765625 0.005859375
11 0.55029296875 0.25439453125 0.00634765625 0.005859375
11 0.5439453125 0.251953125 0.00634765625 0.005859375
11 0.53076171875 0.3125 0.00634765625 0.005859375
11 0.59033203125 0.2568359375 0.00634765625 0.005859375
11 0.6083984375 0.25439453125 0.00634765625 0.005859375
11 0.6083984375 0.32177734375 0.00634765625 0.005859375
11 0.6083984375 0.31689453125 0.00634765625 0.005859375
11 0.6083984375 0.25927734375 0.00634765625 0.005859375
11 0.57666015625 0.25439453125 0.00634765625 0.005859375
11 0.57666015625 0.32421875 0.00634765625 0.005859375
11 0.57666015625 0.3076171875 0.00634765625 0.005859375
11 0.57666015625 0.24462890625 0.00634765625 0.005859375
11 0.78857421875 0.3193359375 0.00634765625 0.005859375
11 0.80224609375 0.32177734375 0.00634765625 0.005859375
11 0.80224609375 0.24951171875 0.00634765625 0.005859375
11 0.775390625 0.2470703125 0.00634765625 0.005859375
11 0.78857421875 0.251953125 0.00634765625 0.005859375
11 0.78857421875 0.2470703125 0.00634765625 0.005859375
11 0.775390625 0.31689453125 0.00634765625 0.005859375
11 0.81201171875 0.2470703125 0.00634765625 0.005859375
11 0.70947265625 0.32666015625 0.00634765625 0.005859375
11 0.70947265625 0.314453125 0.00634765625 0.005859375
11 0.70947265625 0.251953125 0.00634765625 0.005859375
11 0.70947265625 0.2470703125 0.00634765625 0.005859375
9 0.71484375 0.30712890625 0.00537109375 0.01416015625
11 0.69482421875 0.3125 0.00634765625 0.005859375
11 0.69482421875 0.24951171875 0.00634765625 0.005859375
11 0.74853515625 0.251953125 0.00634765625 0.005859375
11 0.76220703125 0.3193359375 0.00634765625 0.005859375
21 0.76123046875 0.3037109375 0.00537109375 0.01513671875
11 0.76220703125 0.25439453125 0.00634765625 0.005859375
11 0.76220703125 0.24951171875 0.00634765625 0.005859375
15 0.736328125 0.3056640625 0.00634765625 0.00927734375
11 0.736328125 0.2568359375 0.00634765625 0.005859375
11 0.736328125 0.2470703125 0.00634765625 0.005859375
11 0.736328125 0.3193359375 0.00634765625 0.005859375
11 0.72314453125 0.24951171875 0.00634765625 0.005859375
11 0.3173828125 0.333984375 0.00634765625 0.005859375
11 0.3173828125 0.3125 0.00634765625 0.005859375
11 0.3173828125 0.26171875 0.00634765625 0.005859375
11 0.3173828125 0.25439453125 0.00634765625 0.005859375
9 0.32275390625 0.30517578125 0.00537109375 0.01416015625
11 0.291015625 0.26171875 0.00634765625 0.005859375
11 0.291015625 0.3291015625 0.00634765625 0.005859375
11 0.291015625 0.2568359375 0.00634765625 0.005859375
11 0.30419921875 0.33154296875 0.00634765625 0.005859375
11 0.3515625 0.33642578125 0.00634765625 0.005859375
21 0.35107421875 0.3134765625 0.00537109375 0.0146484375
11 0.3515625 0.26171875 0.00634765625 0.005859375
11 0.3515625 0.24951171875 0.00634765625 0.005859375
11 0.33447265625 0.333984375 0.00634765625 0.005859375
15 0.33447265625 0.3154296875 0.00634765625 0.00927734375
11 0.33447265625 0.26416015625 0.00634765625 0.005859375
11 0.33447265625 0.251953125 0.00634765625 0.005859375
11 0.2314453125 0.3291015625 0.00634765625 0.005859375
11 0.2314453125 0.3193359375 0.00634765625 0.005859375
11 0.2314453125 0.2666015625 0.00634765625 0.005859375
10 0.19091796875 0.2578125 0.013671875 0.03662109375
0 0.17578125 0.29443359375 0.00537109375 0.09033203125
11 0.21142578125 0.33642578125 0.00634765625 0.005859375
11 0.21142578125 0.314453125 0.00634765625 0.005859375
11 0.21142578125 0.26416015625 0.00634765625 0.005859375
11 0.21142578125 0.2568359375 0.00634765625 0.005859375
1 0.1904296875 0.32763671875 0.01416015625 0.01708984375
11 0.26416015625 0.3291015625 0.00634765625 0.005859375
11 0.26416015625 0.3095703125 0.00634765625 0.005859375
11 0.26416015625 0.26416015625 0.00634765625 0.005859375
11 0.26416015625 0.25927734375 0.00634765625 0.005859375
11 0.27880859375 0.32421875 0.00634765625 0.005859375
11 0.24951171875 0.2568359375 0.00634765625 0.005859375
11 0.2392578125 0.25439453125 0.00634765625 0.005859375
11 0.46435546875 0.251953125 0.00634765625 0.005859375
11 0.46435546875 0.2470703125 0.00634765625 0.005859375
11 0.46435546875 0.32666015625 0.00634765625 0.005859375
11 0.46435546875 0.314453125 0.00634765625 0.005859375
11 0.44677734375 0.31689453125 0.00634765625 0.005859375
11 0.44677734375 0.25927734375 0.00634765625 0.005859375
11 0.44677734375 0.25439453125 0.00634765625 0.005859375
11 0.44677734375 0.32177734375 0.00634765625 0.005859375
11 0.43701171875 0.2568359375 0.00634765625 0.005859375
11 0.49462890625 0.24462890625 0.00634765625 0.005859375
11 0.5078125 0.25439453125 0.00634765625 0.005859375
11 0.5078125 0.2470703125 0.00634765625 0.005859375
11 0.48095703125 0.2470703125 0.00634765625 0.005859375
11 0.48095703125 0.26171875 0.00634765625 0.005859375
11 0.48095703125 0.3125 0.00634765625 0.005859375
11 0.48095703125 0.3291015625 0.00634765625 0.005859375
11 0.40185546875 0.333984375 0.00634765625 0.005859375
15 0.40185546875 0.31982421875 0.005859375 0.00927734375
11 0.37744140625 0.2470703125 0.00634765625 0.005859375
11 0.36865234375 0.3388671875 0.00634765625 0.005859375
11 0.36865234375 0.25927734375 0.00634765625 0.005859375
11 0.38671875 0.24951171875 0.00634765625 0.005859375
11 0.40185546875 0.251953125 0.00634765625 0.005859375
11 0.40185546875 0.2568359375 0.00634765625 0.005859375
11 0.4189453125 0.3193359375 0.00634765625 0.005859375
11 0.4189453125 0.32421875 0.00634765625 0.005859375
11 0.427734375 0.25439453125 0.00634765625 0.005859375
11 0.4189453125 0.24462890625 0.00634765625 0.005859375
11 0.63330078125 0.45361328125 0.00634765625 0.005859375
11 0.62060546875 0.51611328125 0.00634765625 0.005859375
11 0.60791015625 0.4560546875 0.00634765625 0.005859375
11 0.60791015625 0.462890625 0.00634765625 0.005859375
11 0.60791015625 0.5185546875 0.00634765625 0.005859375
11 0.60791015625 0.52587890625 0.00634765625 0.005859375
11 0.6611328125 0.451171875 0.00634765625 0.005859375
11 0.6611328125 0.4658203125 0.00634765625 0.005859375
11 0.6611328125 0.52294921875 0.00634765625 0.005859375
11 0.6611328125 0.52783203125 0.00634765625 0.005859375
21 0.5 0.43798828125 0.00537109375 0.01513671875
11 0.63330078125 0.52294921875 0.00634765625 0.005859375
11 0.63330078125 0.5185546875 0.00634765625 0.005859375
11 0.64599609375 0.52099609375 0.00634765625 0.005859375
11 0.64599609375 0.52587890625 0.00634765625 0.005859375
11 0.52587890625 0.45361328125 0.00634765625 0.005859375
11 0.52587890625 0.5302734375 0.00634765625 0.005859375
11 0.51318359375 0.451171875 0.00634765625 0.005859375
11 0.53857421875 0.4560546875 0.00634765625 0.005859375
15 0.55126953125 0.43994140625 0.005859375 0.00927734375
11 0.5517578125 0.45849609375 0.00634765625 0.005859375
11 0.5517578125 0.52783203125 0.00634765625 0.005859375
11 0.50048828125 0.45361328125 0.00634765625 0.005859375
12 0.5009765625 0.5185546875 0.0068359375 0.005859375
11 0.50048828125 0.54736328125 0.00634765625 0.005859375
9 0.58203125 0.44873046875 0.00537109375 0.01416015625
11 0.57666015625 0.52587890625 0.00634765625 0.005859375
11 0.58984375 0.4658203125 0.00634765625 0.005859375
11 0.564453125 0.4609375 0.00634765625 0.005859375
11 0.57666015625 0.45849609375 0.00634765625 0.005859375
11 0.57666015625 0.462890625 0.00634765625 0.005859375
11 0.78271484375 0.45849609375 0.00634765625 0.005859375
11 0.79541015625 0.44873046875 0.00634765625 0.005859375
11 0.79541015625 0.4609375 0.00634765625 0.005859375
11 0.79541015625 0.51611328125 0.00634765625 0.005859375
11 0.7685546875 0.4560546875 0.00634765625 0.005859375
11 0.7685546875 0.462890625 0.00634765625 0.005859375
11 0.7685546875 0.5185546875 0.00634765625 0.005859375
11 0.80908203125 0.4560546875 0.00634765625 0.005859375
11 0.755859375 0.4609375 0.00634765625 0.005859375
11 0.69775390625 0.44873046875 0.00634765625 0.005859375
11 0.69775390625 0.52783203125 0.00634765625 0.005859375
11 0.70703125 0.451171875 0.00634765625 0.005859375
11 0.71630859375 0.45361328125 0.00634765625 0.005859375
11 0.71630859375 0.4658203125 0.00634765625 0.005859375
11 0.67333984375 0.52587890625 0.00634765625 0.005859375
11 0.6865234375 0.52294921875 0.00634765625 0.005859375
11 0.6865234375 0.53271484375 0.00634765625 0.005859375
11 0.7431640625 0.4462890625 0.00634765625 0.005859375
11 0.7431640625 0.45849609375 0.00634765625 0.005859375
11 0.7431640625 0.52099609375 0.00634765625 0.005859375
12 0.716796875 0.52587890625 0.00732421875 0.005859375
11 0.73046875 0.4560546875 0.00634765625 0.005859375
11 0.2802734375 0.462890625 0.00634765625 0.005859375
11 0.2802734375 0.5185546875 0.00634765625 0.005859375
11 0.2802734375 0.52294921875 0.00634765625 0.005859375
8 0.27978515625 0.47021484375 0.00537109375 0.01416015625
15 0.26416015625 0.458984375 0.005859375 0.00927734375
11 0.26416015625 0.52099609375 0.00634765625 0.005859375
11 0.26416015625 0.52587890625 0.00634765625 0.005859375
11 0.2880859375 0.44873046875 0.00634765625 0.005859375
15 0.31689453125 0.4443359375 0.005859375 0.00927734375
11 0.31689453125 0.45849609375 0.00634765625 0.005859375
11 0.32470703125 0.513671875 0.00634765625 0.005859375
11 0.30078125 0.44873046875 0.00634765625 0.005859375
11 0.30078125 0.4609375 0.00634765625 0.005859375
11 0.30078125 0.51611328125 0.00634765625 0.005859375
12 0.30126953125 0.53271484375 0.00732421875 0.005859375
9 0.30615234375 0.44091796875 0.00537109375 0.01416015625
11 0.21142578125 0.4560546875 0.00634765625 0.005859375
15 0.2109375 0.51904296875 0.005859375 0.00927734375
11 0.21142578125 0.52783203125 0.00634765625 0.005859375
8 0.2109375 0.46435546875 0.0048828125 0.0146484375
0 0.17578125 0.4931640625 0.005859375 0.099609375
10 0.19091796875 0.4521484375 0.013671875 0.03662109375
1 0.1904296875 0.53125 0.01416015625 0.01708984375
11 0.21142578125 0.43896484375 0.00634765625 0.005859375
11 0.25146484375 0.44140625 0.00634765625 0.005859375
9 0.244140625 0.515625 0.00537109375 0.01416015625
11 0.25146484375 0.53271484375 0.00634765625 0.005859375
11 0.26416015625 0.4462890625 0.00634765625 0.005859375
11 0.23876953125 0.44873046875 0.00634765625 0.005859375
11 0.22607421875 0.451171875 0.00634765625 0.005859375
11 0.22607421875 0.5302734375 0.00634765625 0.005859375
15 0.23876953125 0.458984375 0.005859375 0.00927734375
11 0.23876953125 0.52294921875 0.00634765625 0.005859375
11 0.23876953125 0.52783203125 0.00634765625 0.005859375
11 0.4326171875 0.53515625 0.00634765625 0.005859375
11 0.4072265625 0.5302734375 0.00634765625 0.005859375
11 0.419921875 0.451171875 0.00634765625 0.005859375
11 0.419921875 0.513671875 0.00634765625 0.005859375
11 0.33447265625 0.51611328125 0.00634765625 0.005859375
11 0.419921875 0.53271484375 0.00634765625 0.005859375
11 0.4599609375 0.51123046875 0.00634765625 0.005859375
11 0.4599609375 0.5400390625 0.00634765625 0.005859375
11 0.47314453125 0.54248046875 0.00634765625 0.005859375
11 0.47314453125 0.513671875 0.00634765625 0.005859375
11 0.47314453125 0.45361328125 0.00634765625 0.005859375
11 0.4453125 0.4609375 0.00634765625 0.005859375
11 0.4453125 0.513671875 0.00634765625 0.005859375
11 0.4453125 0.53759765625 0.00634765625 0.005859375
11 0.36328125 0.51611328125 0.00634765625 0.005859375
11 0.37109375 0.45361328125 0.00634765625 0.005859375
21 0.3466796875 0.43798828125 0.00537109375 0.01513671875
11 0.34716796875 0.4560546875 0.00634765625 0.005859375
11 0.34716796875 0.5185546875 0.00634765625 0.005859375
11 0.39453125 0.53271484375 0.00634765625 0.005859375
11 0.38037109375 0.4560546875 0.00634765625 0.005859375
11 0.39453125 0.52099609375 0.00634765625 0.005859375
11 0.39453125 0.45849609375 0.00634765625 0.005859375
19 0.39453125 0.4423828125 0.0068359375 0.0029296875
11 0.48779296875 0.51611328125 0.00634765625 0.005859375
11 0.48779296875 0.544921875 0.00634765625 0.005859375
11 0.62158203125 0.72509765625 0.00634765625 0.005859375
11 0.607421875 0.7275390625 0.00634765625 0.005859375
11 0.62158203125 0.66943359375 0.00634765625 0.005859375
11 0.59326171875 0.65478515625 0.00634765625 0.005859375
11 0.59326171875 0.6669921875 0.00634765625 0.005859375
11 0.59326171875 0.72509765625 0.00634765625 0.005859375
11 0.59326171875 0.72998046875 0.00634765625 0.005859375
11 0.66162109375 0.65478515625 0.00634765625 0.005859375
11 0.66162109375 0.6669921875 0.00634765625 0.005859375
11 0.66162109375 0.72509765625 0.00634765625 0.005859375
13 0.66259765625 0.73486328125 0.0087890625 0.005859375
8 0.6611328125 0.67431640625 0.00537109375 0.0146484375
11 0.62158203125 0.72509765625 0.00634765625 0.005859375
11 0.638671875 0.6572265625 0.00634765625 0.005859375
11 0.638671875 0.7421875 0.00634765625 0.005859375
9 0.6435546875 0.6484375 0.00537109375 0.01416015625
11 0.5361328125 0.65234375 0.00634765625 0.005859375
11 0.5361328125 0.66455078125 0.00634765625 0.005859375
11 0.5361328125 0.71533203125 0.00634765625 0.005859375
11 0.5361328125 0.73486328125 0.00634765625 0.005859375
8 0.5361328125 0.671875 0.00537109375 0.01416015625
11 0.52197265625 0.732421875 0.00634765625 0.005859375
9 0.56982421875 0.65234375 0.005859375 0.01416015625
11 0.55078125 0.7373046875 0.00634765625 0.005859375
11 0.57861328125 0.732421875 0.00634765625 0.005859375
11 0.564453125 0.662109375 0.00634765625 0.005859375
11 0.57080078125 0.66455078125 0.00634765625 0.005859375
11 0.564453125 0.71533203125 0.00634765625 0.005859375
11 0.564453125 0.73486328125 0.00634765625 0.005859375
9 0.80859375 0.646484375 0.00537109375 0.01416015625
11 0.8037109375 0.65478515625 0.00634765625 0.005859375
11 0.8037109375 0.65966796875 0.00634765625 0.005859375
11 0.8037109375 0.72265625 0.00634765625 0.005859375
11 0.7744140625 0.7275390625 0.00634765625 0.005859375
11 0.76416015625 0.72509765625 0.00634765625 0.005859375
11 0.78466796875 0.662109375 0.00634765625 0.005859375
11 0.78466796875 0.72998046875 0.00634765625 0.005859375
11 0.69775390625 0.6572265625 0.00634765625 0.005859375
11 0.69775390625 0.732421875 0.00634765625 0.005859375
11 0.7158203125 0.6572265625 0.00634765625 0.005859375
11 0.7158203125 0.662109375 0.00634765625 0.005859375
11 0.7158203125 0.72998046875 0.00634765625 0.005859375
11 0.67919921875 0.65966796875 0.00634765625 0.005859375
11 0.67919921875 0.73486328125 0.00634765625 0.005859375
11 0.75537109375 0.65234375 0.00634765625 0.005859375
11 0.75537109375 0.66455078125 0.00634765625 0.005859375
8 0.71533203125 0.669921875 0.0048828125 0.0146484375
11 0.73388671875 0.65966796875 0.00634765625 0.005859375
11 0.740234375 0.662109375 0.00634765625 0.005859375
11 0.73388671875 0.7275390625 0.00634765625 0.005859375
9 0.7392578125 0.64990234375 0.00537109375 0.01416015625
11 0.30224609375 0.70849609375 0.00634765625 0.005859375
11 0.30224609375 0.65234375 0.00634765625 0.005859375
11 0.30224609375 0.6572265625 0.00634765625 0.005859375
11 0.2880859375 0.65478515625 0.00634765625 0.005859375
11 0.2880859375 0.65966796875 0.00634765625 0.005859375
11 0.5078125 0.72998046875 0.00634765625 0.005859375
11 0.34521484375 0.6455078125 0.00634765625 0.005859375
11 0.31640625 0.64990234375 0.00634765625 0.005859375
11 0.33056640625 0.6474609375 0.00634765625 0.005859375
11 0.33056640625 0.65478515625 0.00634765625 0.005859375
11 0.33056640625 0.7177734375 0.00634765625 0.005859375
11 0.33056640625 0.72265625 0.00634765625 0.005859375
11 0.21142578125 0.65234375 0.00634765625 0.005859375
11 0.21142578125 0.662109375 0.00634765625 0.005859375
11 0.21142578125 0.712890625 0.00634765625 0.005859375
12 0.21142578125 0.72509765625 0.0068359375 0.005859375
0 0.17578125 0.69482421875 0.005859375 0.09521484375
10 0.19091796875 0.65625 0.013671875 0.03662109375
1 0.1904296875 0.73095703125 0.01416015625 0.01708984375
11 0.263671875 0.712890625 0.00634765625 0.005859375
11 0.25390625 0.65478515625 0.00634765625 0.005859375
11 0.25390625 0.7109375 0.00634765625 0.005859375
11 0.27392578125 0.6572265625 0.00634765625 0.005859375
11 0.27392578125 0.662109375 0.00634765625 0.005859375
11 0.27392578125 0.71533203125 0.00634765625 0.005859375
11 0.2255859375 0.64990234375 0.00634765625 0.005859375
11 0.2392578125 0.65234375 0.00634765625 0.005859375
11 0.44970703125 0.6572265625 0.00634765625 0.005859375
11 0.44970703125 0.662109375 0.00634765625 0.005859375
11 0.44970703125 0.71533203125 0.00634765625 0.005859375
11 0.44970703125 0.7275390625 0.00634765625 0.005859375
11 0.43017578125 0.65478515625 0.00634765625 0.005859375
11 0.43017578125 0.712890625 0.00634765625 0.005859375
11 0.46533203125 0.72265625 0.00634765625 0.005859375
11 0.4794921875 0.72509765625 0.00634765625 0.005859375
11 0.49365234375 0.7275390625 0.00634765625 0.005859375
11 0.5078125 0.65478515625 0.00634765625 0.005859375
11 0.5078125 0.712890625 0.00634765625 0.005859375
11 0.3876953125 0.72021484375 0.00634765625 0.005859375
11 0.3876953125 0.7109375 0.00634765625 0.005859375
11 0.35888671875 0.64306640625 0.00634765625 0.005859375
11 0.35888671875 0.7109375 0.00634765625 0.005859375
11 0.373046875 0.6455078125 0.00634765625 0.005859375
11 0.3876953125 0.6474609375 0.00634765625 0.005859375
11 0.3876953125 0.65234375 0.00634765625 0.005859375
11 0.41552734375 0.7177734375 0.00634765625 0.005859375
11 0.41552734375 0.65234375 0.00634765625 0.005859375
11 0.41552734375 0.662109375 0.00634765625 0.005859375
11 0.41552734375 0.7109375 0.00634765625 0.005859375
11 0.40185546875 0.64990234375 0.00634765625 0.005859375
11 0.40185546875 0.70849609375 0.00634765625 0.005859375
11 0.56396484375 0.86181640625 0.00634765625 0.005859375
11 0.57421875 0.859375 0.00634765625 0.005859375
11 0.53515625 0.921875 0.00634765625 0.005859375
11 0.58740234375 0.85693359375 0.00634765625 0.005859375
14 0.5498046875 0.85009765625 0.0068359375 0.01416015625
11 0.54931640625 0.86865234375 0.00634765625 0.005859375
12 0.5498046875 0.91943359375 0.00732421875 0.005859375
11 0.6298828125 0.849609375 0.00634765625 0.005859375
11 0.64404296875 0.84716796875 0.00634765625 0.005859375
11 0.6015625 0.8544921875 0.00634765625 0.005859375
11 0.61572265625 0.85205078125 0.00634765625 0.005859375
11 0.61572265625 0.86865234375 0.00634765625 0.005859375
11 0.46533203125 0.859375 0.00634765625 0.005859375
11 0.46533203125 0.9267578125 0.00634765625 0.005859375
11 0.4794921875 0.86181640625 0.00634765625 0.005859375
11 0.4794921875 0.92431640625 0.00634765625 0.005859375
11 0.451171875 0.92919921875 0.00634765625 0.005859375
11 0.451171875 0.85693359375 0.00634765625 0.005859375
11 0.52197265625 0.8642578125 0.00634765625 0.005859375
11 0.5078125 0.91943359375 0.00634765625 0.005859375
11 0.52197265625 0.9169921875 0.00634765625 0.005859375
11 0.49365234375 0.8642578125 0.00634765625 0.005859375
11 0.49365234375 0.921875 0.00634765625 0.005859375
11 0.53515625 0.8662109375 0.00634765625 0.005859375
11 0.5078125 0.86181640625 0.00634765625 0.005859375
12 0.79052734375 0.83740234375 0.0068359375 0.005859375
12 0.79052734375 0.849609375 0.0068359375 0.005859375
12 0.79052734375 0.8447265625 0.0068359375 0.005859375
11 0.75439453125 0.84716796875 0.00634765625 0.005859375
11 0.76708984375 0.85205078125 0.00634765625 0.005859375
11 0.7763671875 0.83984375 0.00634765625 0.005859375
11 0.65283203125 0.86181640625 0.00634765625 0.005859375
11 0.67236328125 0.84716796875 0.00634765625 0.005859375
11 0.67236328125 0.859375 0.00634765625 0.005859375
13 0.673828125 0.9169921875 0.0087890625 0.005859375
13 0.673828125 0.93408203125 0.0087890625 0.005859375
11 0.7119140625 0.84716796875 0.00634765625 0.005859375
11 0.7255859375 0.8447265625 0.00634765625 0.005859375
11 0.73974609375 0.84228515625 0.00634765625 0.005859375
14 0.740234375 0.86962890625 0.0068359375 0.013671875
11 0.69140625 0.85205078125 0.00634765625 0.005859375
11 0.68115234375 0.8544921875 0.00634765625 0.005859375
11 0.70166015625 0.849609375 0.00634765625 0.005859375
11 0.27587890625 0.921875 0.00634765625 0.005859375
11 0.2900390625 0.85205078125 0.00634765625 0.005859375
11 0.2900390625 0.92431640625 0.00634765625 0.005859375
11 0.30419921875 0.9267578125 0.00634765625 0.005859375
11 0.26220703125 0.84716796875 0.00634765625 0.005859375
11 0.26220703125 0.859375 0.00634765625 0.005859375
11 0.26220703125 0.92431640625 0.00634765625 0.005859375
11 0.3330078125 0.84228515625 0.00634765625 0.005859375
11 0.3330078125 0.931640625 0.00634765625 0.005859375
11 0.34716796875 0.8447265625 0.00634765625 0.005859375
11 0.34716796875 0.8544921875 0.00634765625 0.005859375
11 0.34716796875 0.92919921875 0.00634765625 0.005859375
11 0.318359375 0.84716796875 0.00634765625 0.005859375
11 0.318359375 0.86181640625 0.00634765625 0.005859375
11 0.318359375 0.92919921875 0.00634765625 0.005859375
11 0.21142578125 0.85205078125 0.00634765625 0.005859375
11 0.21142578125 0.85693359375 0.00634765625 0.005859375
11 0.21142578125 0.931640625 0.00634765625 0.005859375
13 0.21826171875 0.93408203125 0.0087890625 0.005859375
0 0.17578125 0.89404296875 0.005859375 0.09521484375
10 0.19091796875 0.85546875 0.013671875 0.03662109375
1 0.1904296875 0.93017578125 0.01416015625 0.01708984375
11 0.23876953125 0.8544921875 0.00634765625 0.005859375
11 0.251953125 0.85693359375 0.00634765625 0.005859375
11 0.22998046875 0.849609375 0.00634765625 0.005859375
11 0.22998046875 0.92431640625 0.00634765625 0.005859375
11 0.41748046875 0.85205078125 0.00634765625 0.005859375
11 0.41748046875 0.85693359375 0.00634765625 0.005859375
11 0.41748046875 0.92431640625 0.00634765625 0.005859375
11 0.40380859375 0.849609375 0.00634765625 0.005859375
11 0.40380859375 0.8544921875 0.00634765625 0.005859375
11 0.43701171875 0.859375 0.00634765625 0.005859375
12 0.43701171875 0.8544921875 0.0068359375 0.005859375
11 0.40380859375 0.91943359375 0.00634765625 0.005859375
11 0.43701171875 0.921875 0.00634765625 0.005859375
13 0.43798828125 0.93408203125 0.0087890625 0.005859375
11 0.37548828125 0.849609375 0.00634765625 0.005859375
11 0.37548828125 0.8544921875 0.00634765625 0.005859375
11 0.37548828125 0.92431640625 0.00634765625 0.005859375
11 0.361328125 0.84716796875 0.00634765625 0.005859375
11 0.361328125 0.9267578125 0.00634765625 0.005859375
11 0.3896484375 0.921875 0.00634765625 0.005859375
11 0.3896484375 0.85205078125 0.00634765625 0.005859375
11 0.3896484375 0.84716796875 0.00634765625 0.005859375