12 0.6572265625 0.064453125 0.0087890625 0.0068359375
11 0.671875 0.10009765625 0.00830078125 0.0068359375
11 0.6923828125 0.04345703125 0.00830078125 0.0068359375
11 0.6923828125 0.10009765625 0.00830078125 0.0068359375
12 0.69287109375 0.17529296875 0.0087890625 0.0068359375
12 0.69287109375 0.25048828125 0.0087890625 0.0068359375
12 0.59228515625 0.0673828125 0.0087890625 0.0068359375
11 0.56201171875 0.0673828125 0.00830078125 0.0068359375
12 0.5625 0.12451171875 0.0087890625 0.0068359375
12 0.5625 0.17529296875 0.0087890625 0.0068359375
12 0.5625 0.2412109375 0.0087890625 0.0068359375
11 0.62744140625 0.064453125 0.00830078125 0.0068359375
12 0.6279296875 0.12109375 0.0087890625 0.0068359375
12 0.6279296875 0.17529296875 0.0087890625 0.0068359375
12 0.6279296875 0.23828125 0.0087890625 0.0068359375
11 0.6064453125 0.12109375 0.00830078125 0.0068359375
11 0.74267578125 0.03759765625 0.00830078125 0.0068359375
11 0.74267578125 0.1123046875 0.00830078125 0.0068359375
11 0.74267578125 0.2294921875 0.00830078125 0.0068359375
11 0.7216796875 0.09423828125 0.00830078125 0.00732421875
11 0.7919921875 0.04931640625 0.00830078125 0.0068359375
11 0.7919921875 0.109375 0.00830078125 0.00732421875
12 0.76318359375 0.2412109375 0.0087890625 0.0068359375
11 0.7626953125 0.05517578125 0.00830078125 0.0068359375
11 0.7626953125 0.1064453125 0.00830078125 0.0068359375
12 0.76318359375 0.17529296875 0.0087890625 0.0068359375
11 0.7216796875 0.04345703125 0.00830078125 0.0068359375
11 0.33740234375 0.12109375 0.00830078125 0.0068359375
21 0.33642578125 0.1650390625 0.00634765625 0.01806640625
12 0.38720703125 0.064453125 0.0087890625 0.0068359375
11 0.35693359375 0.064453125 0.00830078125 0.0068359375
12 0.357421875 0.12109375 0.0087890625 0.0068359375
12 0.357421875 0.17529296875 0.0087890625 0.0068359375
12 0.357421875 0.23828125 0.0087890625 0.0068359375
1 0.193359375 0.21875 0.017578125 0.02099609375
10 0.19384765625 0.05712890625 0.0166015625 0.0458984375
1 0.193359375 0.16455078125 0.017578125 0.02099609375
11 0.26318359375 0.0673828125 0.00830078125 0.0068359375
12 0.29296875 0.0673828125 0.0087890625 0.0068359375
21 0.2919921875 0.1650390625 0.00634765625 0.01806640625
12 0.263671875 0.12451171875 0.0087890625 0.0068359375
11 0.26318359375 0.17529296875 0.00830078125 0.0068359375
12 0.263671875 0.2412109375 0.0087890625 0.0068359375
11 0.4921875 0.06103515625 0.00830078125 0.00732421875
11 0.4921875 0.109375 0.00830078125 0.00732421875
12 0.49267578125 0.17529296875 0.0087890625 0.0068359375
12 0.49267578125 0.2353515625 0.0087890625 0.0068359375
11 0.4716796875 0.05517578125 0.00830078125 0.0068359375
11 0.4716796875 0.1181640625 0.00830078125 0.0068359375
11 0.54296875 0.04638671875 0.00830078125 0.0068359375
11 0.54296875 0.12451171875 0.00830078125 0.0068359375
11 0.52294921875 0.05224609375 0.00830078125 0.0068359375
11 0.52294921875 0.103515625 0.00830078125 0.0068359375
12 0.4228515625 0.17529296875 0.0087890625 0.0068359375
12 0.4228515625 0.232421875 0.0087890625 0.0068359375
11 0.42236328125 0.1064453125 0.00830078125 0.0068359375
11 0.40185546875 0.1064453125 0.00830078125 0.0068359375
11 0.42236328125 0.04931640625 0.00830078125 0.0068359375
11 0.4521484375 0.04931640625 0.00830078125 0.0068359375
11 0.4521484375 0.1123046875 0.00830078125 0.0068359375
21 0.26318359375 0.45751953125 0.00634765625 0.0185546875
10 0.19384765625 0.29541015625 0.0166015625 0.0458984375
11 0.26416015625 0.341796875 0.00830078125 0.0068359375
11 0.26416015625 0.29052734375 0.00830078125 0.00732421875
11 0.26416015625 0.41357421875 0.00830078125 0.00732421875
1 0.193359375 0.45703125 0.017578125 0.02099609375
1 0.193359375 0.40283203125 0.017578125 0.02099609375
12 0.67431640625 0.70751953125 0.0087890625 0.0068359375
12 0.67431640625 0.64306640625 0.0087890625 0.0068359375
12 0.67431640625 0.60400390625 0.0087890625 0.0068359375
11 0.673828125 0.546875 0.00830078125 0.00732421875
11 0.6630859375 0.60400390625 0.00830078125 0.0068359375
12 0.6572265625 0.5439453125 0.0087890625 0.0068359375
11 0.6962890625 0.60107421875 0.00830078125 0.0068359375
11 0.70556640625 0.5439453125 0.00830078125 0.0068359375
12 0.7060546875 0.60107421875 0.0087890625 0.0068359375
12 0.7060546875 0.64306640625 0.0087890625 0.0068359375
12 0.7060546875 0.70458984375 0.0087890625 0.0068359375
12 0.693359375 0.546875 0.0087890625 0.00732421875
11 0.5947265625 0.59814453125 0.00830078125 0.0068359375
11 0.60400390625 0.541015625 0.00830078125 0.00732421875
12 0.60400390625 0.59814453125 0.0087890625 0.0068359375
12 0.60400390625 0.64306640625 0.0087890625 0.0068359375
12 0.60400390625 0.70751953125 0.0087890625 0.0068359375
12 0.5751953125 0.5859375 0.0087890625 0.0068359375
12 0.5751953125 0.64306640625 0.0087890625 0.0068359375
12 0.5751953125 0.70458984375 0.0087890625 0.0068359375
12 0.5947265625 0.52880859375 0.0087890625 0.0068359375
11 0.62646484375 0.60107421875 0.00830078125 0.0068359375
11 0.6357421875 0.5439453125 0.00830078125 0.0068359375
12 0.63623046875 0.60107421875 0.0087890625 0.0068359375
12 0.63623046875 0.64306640625 0.0087890625 0.0068359375
12 0.63623046875 0.71044921875 0.0087890625 0.0068359375
12 0.6240234375 0.541015625 0.0087890625 0.0068359375
11 0.80322265625 0.70751953125 0.00830078125 0.0068359375
11 0.80322265625 0.60986328125 0.00830078125 0.0068359375
11 0.80322265625 0.541015625 0.00830078125 0.00732421875
11 0.791015625 0.59814453125 0.00830078125 0.0068359375
11 0.791015625 0.5439453125 0.00830078125 0.0068359375
11 0.8154296875 0.71923828125 0.00830078125 0.0068359375
11 0.8154296875 0.60693359375 0.00830078125 0.0068359375
11 0.8154296875 0.552734375 0.00830078125 0.0068359375
12 0.73779296875 0.59814453125 0.0087890625 0.0068359375
12 0.73779296875 0.70751953125 0.0087890625 0.0068359375
12 0.73779296875 0.64306640625 0.0087890625 0.0068359375
11 0.7373046875 0.541015625 0.00830078125 0.00732421875
11 0.72802734375 0.59814453125 0.00830078125 0.0068359375
12 0.7255859375 0.5439453125 0.0087890625 0.0068359375
11 0.759765625 0.60107421875 0.00830078125 0.0068359375
11 0.76953125 0.5439453125 0.00830078125 0.0068359375
11 0.76953125 0.60107421875 0.00830078125 0.0068359375
12 0.76953125 0.64306640625 0.0087890625 0.0068359375
12 0.76953125 0.728515625 0.0087890625 0.0068359375
12 0.75732421875 0.541015625 0.0087890625 0.0068359375
12 0.376953125 0.5263671875 0.0087890625 0.0068359375
12 0.35693359375 0.70166015625 0.0087890625 0.00732421875
12 0.35693359375 0.63427734375 0.0087890625 0.00732421875
12 0.35693359375 0.5830078125 0.0087890625 0.0068359375
11 0.3564453125 0.52587890625 0.00830078125 0.00732421875
11 0.34716796875 0.5830078125 0.00830078125 0.0068359375
12 0.40576171875 0.5380859375 0.0087890625 0.0068359375
11 0.41748046875 0.52880859375 0.00830078125 0.0068359375
11 0.408203125 0.5859375 0.00830078125 0.0068359375
11 0.57470703125 0.52880859375 0.00830078125 0.0068359375
11 0.37646484375 0.59521484375 0.00830078125 0.00732421875
12 0.38623046875 0.70458984375 0.0087890625 0.0068359375
12 0.38623046875 0.63427734375 0.0087890625 0.00732421875
12 0.38623046875 0.59521484375 0.0087890625 0.0068359375
11 0.3857421875 0.5380859375 0.00830078125 0.0068359375
12 0.34423828125 0.53515625 0.0087890625 0.0068359375
12 0.265625 0.69873046875 0.0087890625 0.0068359375
12 0.265625 0.65185546875 0.0087890625 0.0068359375
12 0.265625 0.580078125 0.0087890625 0.00732421875
11 0.265625 0.52294921875 0.00830078125 0.0068359375
12 0.28515625 0.52294921875 0.0087890625 0.0068359375
22 0.80419921875 0.638671875 0.00830078125 0.00390625
1 0.193359375 0.64111328125 0.017578125 0.02099609375
1 0.193359375 0.69677734375 0.017578125 0.02099609375
10 0.19384765625 0.53369140625 0.0166015625 0.0458984375
12 0.32470703125 0.69873046875 0.0087890625 0.0068359375
12 0.32470703125 0.63134765625 0.0087890625 0.0068359375
12 0.32470703125 0.591796875 0.0087890625 0.0068359375
11 0.32421875 0.53515625 0.00830078125 0.0068359375
11 0.31494140625 0.591796875 0.00830078125 0.0068359375
21 0.31396484375 0.6416015625 0.00634765625 0.0185546875
11 0.50146484375 0.5439453125 0.0078125 0.0068359375
11 0.50146484375 0.5888671875 0.0078125 0.0068359375
11 0.50146484375 0.71337890625 0.0078125 0.0068359375
11 0.482421875 0.60107421875 0.00830078125 0.0068359375
11 0.47314453125 0.60107421875 0.0078125 0.0068359375
11 0.482421875 0.5439453125 0.00830078125 0.0068359375
12 0.482421875 0.64306640625 0.0087890625 0.0068359375
11 0.482421875 0.71923828125 0.00830078125 0.0068359375
11 0.53662109375 0.53173828125 0.00830078125 0.0068359375
11 0.53662109375 0.5888671875 0.00830078125 0.0068359375
12 0.537109375 0.64306640625 0.0087890625 0.0068359375
12 0.537109375 0.71044921875 0.0087890625 0.0068359375
11 0.55615234375 0.591796875 0.00830078125 0.0068359375
11 0.55615234375 0.53173828125 0.00830078125 0.0068359375
11 0.51953125 0.53173828125 0.00830078125 0.0068359375
11 0.51953125 0.5888671875 0.00830078125 0.0068359375
11 0.51953125 0.70751953125 0.00830078125 0.0068359375
11 0.5654296875 0.5859375 0.00830078125 0.0068359375
11 0.5654296875 0.53515625 0.00830078125 0.0068359375
12 0.44140625 0.52880859375 0.0087890625 0.0068359375
11 0.44091796875 0.59814453125 0.0078125 0.0068359375
12 0.41796875 0.5859375 0.0087890625 0.0068359375
12 0.41796875 0.63720703125 0.0087890625 0.0068359375
12 0.41796875 0.70458984375 0.0087890625 0.0068359375
12 0.47021484375 0.541015625 0.0087890625 0.0068359375
11 0.4501953125 0.541015625 0.00830078125 0.00732421875
12 0.45068359375 0.59814453125 0.0087890625 0.0068359375
12 0.45068359375 0.64306640625 0.0087890625 0.0068359375
12 0.45068359375 0.70751953125 0.0087890625 0.0068359375
19 0.59814453125 0.88134765625 0.00830078125 0.00390625
1 0.193359375 0.880859375 0.017578125 0.02099609375
10 0.19384765625 0.7734375 0.0166015625 0.0458984375
1 0.193359375 0.93505859375 0.017578125 0.02099609375
21 0.4248046875 0.7734375 0.00634765625 0.0185546875
21 0.25146484375 0.935546875 0.00634765625 0.0185546875
11 0.25244140625 0.78955078125 0.00830078125 0.0068359375
21 0.25146484375 0.8271484375 0.00634765625 0.0185546875