9 0.66259765625 0.1201171875 0.0068359375 0.01806640625
8 0.6552734375 0.06298828125 0.00634765625 0.01806640625
11 0.65625 0.17724609375 0.00830078125 0.00732421875
11 0.65625 0.13232421875 0.00830078125 0.00732421875
11 0.65625 0.05078125 0.00830078125 0.00732421875
11 0.6962890625 0.04736328125 0.00830078125 0.00732421875
11 0.7080078125 0.05078125 0.00830078125 0.00732421875
11 0.7080078125 0.17724609375 0.00830078125 0.00732421875
8 0.6552734375 0.189453125 0.00634765625 0.01806640625
11 0.6728515625 0.04443359375 0.00830078125 0.00732421875
11 0.6728515625 0.13232421875 0.00830078125 0.00732421875
11 0.6728515625 0.1806640625 0.00830078125 0.00732421875
11 0.625 0.05078125 0.00830078125 0.00732421875
11 0.625 0.13232421875 0.00830078125 0.00732421875
11 0.625 0.17724609375 0.00830078125 0.00732421875
15 0.5712890625 0.126953125 0.0078125 0.01171875
11 0.5712890625 0.06591796875 0.00830078125 0.00732421875
15 0.5712890625 0.1962890625 0.0078125 0.01171875
9 0.578125 0.05322265625 0.0068359375 0.01806640625
11 0.64013671875 0.05078125 0.00830078125 0.00732421875
11 0.64013671875 0.13232421875 0.00830078125 0.00732421875
11 0.64013671875 0.17724609375 0.00830078125 0.00732421875
11 0.75830078125 0.06298828125 0.00830078125 0.00732421875
11 0.75830078125 0.12939453125 0.00830078125 0.00732421875
11 0.75830078125 0.16796875 0.00830078125 0.00732421875
8 0.70703125 0.189453125 0.0068359375 0.01806640625
11 0.748046875 0.05078125 0.005859375 0.0048828125
9 0.751953125 0.04052734375 0.00927734375 0.01611328125
11 0.78662109375 0.12939453125 0.00830078125 0.00732421875
11 0.78662109375 0.17138671875 0.00830078125 0.00732421875
11 0.78662109375 0.056640625 0.00830078125 0.00732421875
11 0.3583984375 0.17431640625 0.00830078125 0.00732421875
8 0.30029296875 0.1357421875 0.00634765625 0.01806640625
11 0.3583984375 0.04736328125 0.00830078125 0.00732421875
11 0.3583984375 0.123046875 0.00830078125 0.00732421875
11 0.30126953125 0.056640625 0.00830078125 0.00732421875
11 0.30126953125 0.123046875 0.00830078125 0.00732421875
8 0.30029296875 0.06884765625 0.00634765625 0.01806640625
11 0.3740234375 0.04736328125 0.00830078125 0.00732421875
11 0.38916015625 0.05078125 0.00830078125 0.00732421875
11 0.38916015625 0.17724609375 0.00830078125 0.00732421875
8 0.388671875 0.06298828125 0.00634765625 0.01806640625
10 0.1943359375 0.125 0.0166015625 0.046875
1 0.19384765625 0.19384765625 0.01806640625 0.021484375
11 0.23291015625 0.04443359375 0.00830078125 0.00732421875
11 0.23291015625 0.12646484375 0.00830078125 0.00732421875
10 0.1943359375 0.05859375 0.0166015625 0.046875
11 0.2490234375 0.04443359375 0.00830078125 0.00732421875
11 0.2626953125 0.0537109375 0.00830078125 0.00732421875
8 0.26220703125 0.06591796875 0.00634765625 0.0185546875
11 0.2783203125 0.05078125 0.00830078125 0.00732421875
11 0.2783203125 0.123046875 0.00830078125 0.00732421875
11 0.2783203125 0.17724609375 0.00830078125 0.00732421875
11 0.23291015625 0.1865234375 0.00830078125 0.00732421875
11 0.50927734375 0.04736328125 0.00830078125 0.00732421875
8 0.53857421875 0.1376953125 0.00634765625 0.0185546875
9 0.5458984375 0.1865234375 0.0068359375 0.01806640625
15 0.55615234375 0.060546875 0.0078125 0.01220703125
15 0.55615234375 0.126953125 0.0078125 0.01171875
15 0.55615234375 0.1962890625 0.0078125 0.01171875
11 0.525390625 0.04443359375 0.00830078125 0.00732421875
11 0.5390625 0.0537109375 0.00830078125 0.00732421875
11 0.5390625 0.12646484375 0.00830078125 0.00732421875
11 0.5390625 0.19873046875 0.00830078125 0.00732421875
11 0.4228515625 0.056640625 0.00830078125 0.00732421875
8 0.4072265625 0.1357421875 0.00634765625 0.01806640625
11 0.4228515625 0.123046875 0.00830078125 0.00732421875
11 0.40771484375 0.1806640625 0.00830078125 0.00732421875
8 0.388671875 0.189453125 0.00634765625 0.01806640625
11 0.40771484375 0.04150390625 0.00830078125 0.00732421875
11 0.40771484375 0.123046875 0.00830078125 0.00732421875
11 0.4912109375 0.17724609375 0.00830078125 0.00732421875
11 0.4912109375 0.123046875 0.00830078125 0.00732421875
11 0.4912109375 0.05078125 0.00830078125 0.00732421875
8 0.4375 0.1923828125 0.0068359375 0.01806640625
11 0.43798828125 0.0537109375 0.00830078125 0.00732421875
11 0.43798828125 0.1806640625 0.00830078125 0.00732421875
11 0.69677734375 0.41357421875 0.00830078125 0.00732421875
11 0.685546875 0.486328125 0.00830078125 0.00732421875
8 0.67138671875 0.41357421875 0.0068359375 0.01806640625
9 0.6787109375 0.470703125 0.0068359375 0.01806640625
11 0.685546875 0.404296875 0.00830078125 0.00732421875
11 0.6591796875 0.3984375 0.00830078125 0.00732421875
11 0.6591796875 0.47998046875 0.00830078125 0.00732421875
11 0.671875 0.4013671875 0.00830078125 0.00732421875
11 0.671875 0.4833984375 0.00830078125 0.00732421875
11 0.5556640625 0.38623046875 0.00830078125 0.00732421875
11 0.5556640625 0.486328125 0.00830078125 0.00732421875
11 0.5556640625 0.53564453125 0.00830078125 0.00732421875
11 0.5419921875 0.4072265625 0.005859375 0.00537109375
9 0.5458984375 0.39599609375 0.00927734375 0.01611328125
11 0.5986328125 0.404296875 0.00830078125 0.00732421875
8 0.59814453125 0.41650390625 0.0068359375 0.0185546875
11 0.642578125 0.4013671875 0.00830078125 0.00732421875
11 0.642578125 0.4833984375 0.00830078125 0.00732421875
12 0.64306640625 0.53857421875 0.0087890625 0.00732421875
11 0.5810546875 0.53564453125 0.00830078125 0.00732421875
11 0.5810546875 0.4072265625 0.00830078125 0.00732421875
11 0.5810546875 0.486328125 0.00830078125 0.00732421875
11 0.73486328125 0.4892578125 0.00830078125 0.00732421875
11 0.73486328125 0.529296875 0.00830078125 0.00732421875
11 0.70947265625 0.41064453125 0.00830078125 0.00732421875
11 0.70947265625 0.486328125 0.00830078125 0.00732421875
9 0.71630859375 0.47412109375 0.0068359375 0.01806640625
11 0.73486328125 0.4072265625 0.00830078125 0.00732421875
21 0.75439453125 0.5458984375 0.0068359375 0.01904296875
15 0.77099609375 0.4111328125 0.0078125 0.01171875
15 0.77099609375 0.4775390625 0.0078125 0.01171875
15 0.77099609375 0.54833984375 0.0078125 0.01171875
21 0.75439453125 0.4091796875 0.0068359375 0.0185546875
21 0.75439453125 0.4755859375 0.0068359375 0.01904296875
8 0.30078125 0.53857421875 0.0068359375 0.01806640625
11 0.3447265625 0.4072265625 0.0078125 0.00732421875
11 0.3447265625 0.4833984375 0.0078125 0.00732421875
11 0.3447265625 0.5234375 0.0078125 0.00732421875
11 0.30126953125 0.5205078125 0.00830078125 0.00732421875
11 0.30126953125 0.41650390625 0.00830078125 0.00732421875
11 0.30126953125 0.4833984375 0.00830078125 0.00732421875
9 0.3076171875 0.404296875 0.0068359375 0.01806640625
9 0.3076171875 0.470703125 0.0068359375 0.01806640625
11 0.37109375 0.4013671875 0.00830078125 0.00732421875
11 0.37109375 0.486328125 0.00830078125 0.00732421875
11 0.37109375 0.529296875 0.00830078125 0.00732421875
8 0.37060546875 0.41357421875 0.00634765625 0.01806640625
8 0.5205078125 0.54150390625 0.0068359375 0.0185546875
8 0.37060546875 0.54150390625 0.00634765625 0.0185546875
11 0.36083984375 0.404296875 0.00830078125 0.00732421875
11 0.23291015625 0.404296875 0.00830078125 0.00732421875
1 0.19384765625 0.5458984375 0.01806640625 0.021484375
11 0.23291015625 0.47998046875 0.00830078125 0.00732421875
11 0.23291015625 0.5205078125 0.00830078125 0.00732421875
10 0.1943359375 0.4091796875 0.0166015625 0.046875
10 0.1943359375 0.4755859375 0.0166015625 0.046875
8 0.26220703125 0.53857421875 0.00634765625 0.01806640625
11 0.2724609375 0.3984375 0.005859375 0.00537109375
9 0.2763671875 0.38818359375 0.00927734375 0.01611328125
11 0.28271484375 0.41064453125 0.00830078125 0.00732421875
11 0.28271484375 0.4921875 0.00830078125 0.00732421875
11 0.28271484375 0.53857421875 0.00830078125 0.00732421875
11 0.24609375 0.4013671875 0.00830078125 0.00732421875
9 0.3779296875 0.47412109375 0.0068359375 0.01806640625
11 0.26220703125 0.3984375 0.00830078125 0.00732421875
11 0.26220703125 0.5263671875 0.00830078125 0.00732421875
11 0.47265625 0.4013671875 0.00830078125 0.00732421875
11 0.47265625 0.4833984375 0.00830078125 0.00732421875
11 0.47265625 0.529296875 0.00830078125 0.00732421875
8 0.4716796875 0.41357421875 0.00634765625 0.01806640625
9 0.47900390625 0.470703125 0.0068359375 0.01806640625
11 0.45947265625 0.4013671875 0.00830078125 0.00732421875
11 0.45947265625 0.4833984375 0.00830078125 0.00732421875
11 0.45947265625 0.529296875 0.00830078125 0.00732421875
11 0.5107421875 0.3984375 0.00830078125 0.00732421875
11 0.52099609375 0.4013671875 0.00830078125 0.00732421875
11 0.52099609375 0.529296875 0.00830078125 0.00732421875
8 0.4716796875 0.54150390625 0.00634765625 0.0185546875
11 0.48779296875 0.3955078125 0.00830078125 0.00732421875
11 0.48779296875 0.4833984375 0.00830078125 0.00732421875
11 0.48779296875 0.53271484375 0.00830078125 0.00732421875
11 0.447265625 0.4013671875 0.00830078125 0.00732421875
11 0.447265625 0.4833984375 0.00830078125 0.00732421875
11 0.447265625 0.529296875 0.00830078125 0.00732421875
11 0.4033203125 0.4833984375 0.00830078125 0.00732421875
11 0.4033203125 0.41650390625 0.00830078125 0.00732421875
15 0.40283203125 0.54833984375 0.0078125 0.01171875
9 0.41015625 0.404296875 0.0068359375 0.01806640625
9 0.41015625 0.470703125 0.0068359375 0.01806640625
11 0.38623046875 0.4833984375 0.00830078125 0.00732421875
11 0.38623046875 0.53271484375 0.00830078125 0.00732421875
11 0.38623046875 0.404296875 0.00830078125 0.00732421875
15 0.73388671875 0.82958984375 0.0078125 0.01220703125
11 0.73388671875 0.89404296875 0.00830078125 0.00732421875
11 0.73388671875 0.75048828125 0.00830078125 0.00732421875
11 0.6083984375 0.74755859375 0.0078125 0.00732421875
11 0.5859375 0.8291015625 0.00830078125 0.00732421875
11 0.5859375 0.7412109375 0.00830078125 0.00732421875
11 0.57373046875 0.8876953125 0.00830078125 0.00732421875
11 0.57373046875 0.8349609375 0.00830078125 0.00732421875
11 0.57373046875 0.73828125 0.00830078125 0.00732421875
11 0.59716796875 0.8818359375 0.0078125 0.00732421875
11 0.59716796875 0.8349609375 0.0078125 0.00732421875
11 0.59716796875 0.744140625 0.0078125 0.00732421875
11 0.791015625 0.73486328125 0.00830078125 0.00732421875
11 0.75634765625 0.884765625 0.00830078125 0.00732421875
11 0.75634765625 0.83837890625 0.00830078125 0.00732421875
11 0.75634765625 0.744140625 0.00830078125 0.00732421875
11 0.7451171875 0.74755859375 0.00830078125 0.00732421875
11 0.779296875 0.8818359375 0.00830078125 0.00732421875
11 0.779296875 0.83837890625 0.00830078125 0.00732421875
11 0.779296875 0.73828125 0.00830078125 0.00732421875
11 0.767578125 0.84130859375 0.00830078125 0.00732421875
11 0.767578125 0.7412109375 0.00830078125 0.00732421875
11 0.36669921875 0.89404296875 0.00830078125 0.00732421875
11 0.3896484375 0.8876953125 0.00830078125 0.00732421875
11 0.3896484375 0.8349609375 0.00830078125 0.00732421875
11 0.3896484375 0.73193359375 0.00830078125 0.00732421875
15 0.3662109375 0.82958984375 0.0078125 0.01220703125
11 0.3779296875 0.72900390625 0.00830078125 0.00732421875
1 0.19384765625 0.9013671875 0.01806640625 0.021484375
10 0.1943359375 0.82763671875 0.0166015625 0.046875
10 0.1943359375 0.7607421875 0.0166015625 0.046875
8 0.244140625 0.75341796875 0.00634765625 0.01806640625
11 0.36669921875 0.72607421875 0.00830078125 0.00732421875
15 0.24462890625 0.90380859375 0.0078125 0.01220703125
15 0.24462890625 0.82958984375 0.0078125 0.01220703125
11 0.24462890625 0.73486328125 0.00830078125 0.00732421875
15 0.55029296875 0.82958984375 0.0078125 0.01220703125
11 0.55078125 0.89404296875 0.00830078125 0.00732421875
11 0.55078125 0.73193359375 0.00830078125 0.00732421875
11 0.4248046875 0.7412109375 0.00830078125 0.00732421875
11 0.5625 0.73486328125 0.00830078125 0.00732421875
11 0.40185546875 0.8291015625 0.0078125 0.00732421875
11 0.4130859375 0.8349609375 0.00830078125 0.00732421875
11 0.4130859375 0.73828125 0.00830078125 0.00732421875
11 0.40185546875 0.73486328125 0.0078125 0.00732421875
11 0.4130859375 0.8818359375 0.00830078125 0.00732421875