11 0.5498046875 0.5205078125 0.00830078125 0.00732421875
11 0.57275390625 0.5263671875 0.00830078125 0.00732421875
11 0.57275390625 0.5205078125 0.00830078125 0.00732421875
11 0.57275390625 0.5146484375 0.00830078125 0.0068359375
11 0.57275390625 0.50244140625 0.00830078125 0.0068359375
11 0.56103515625 0.5 0.00830078125 0.0068359375
11 0.5498046875 0.49658203125 0.00830078125 0.0068359375
11 0.5498046875 0.5146484375 0.00830078125 0.0068359375
11 0.62060546875 0.5146484375 0.00830078125 0.0068359375
11 0.458984375 0.47265625 0.00830078125 0.0068359375
11 0.6640625 0.349609375 0.00830078125 0.0068359375
11 0.6640625 0.35546875 0.00830078125 0.0068359375
11 0.6640625 0.361328125 0.00830078125 0.00732421875
11 0.62060546875 0.5205078125 0.00830078125 0.00732421875
11 0.62060546875 0.5263671875 0.00830078125 0.00732421875
12 0.583984375 0.5146484375 0.0087890625 0.0068359375
12 0.583984375 0.5205078125 0.0087890625 0.0068359375
12 0.583984375 0.5263671875 0.0087890625 0.00732421875
11 0.48193359375 0.5205078125 0.00830078125 0.00732421875
11 0.50439453125 0.5263671875 0.00830078125 0.00732421875
11 0.4931640625 0.48193359375 0.00830078125 0.0068359375
11 0.48193359375 0.47900390625 0.00830078125 0.0068359375
11 0.48193359375 0.5146484375 0.00830078125 0.0068359375
11 0.50439453125 0.5205078125 0.00830078125 0.00732421875
11 0.48193359375 0.5263671875 0.00830078125 0.00732421875
11 0.470703125 0.4755859375 0.00830078125 0.0068359375
11 0.52734375 0.5263671875 0.00830078125 0.00732421875
11 0.53857421875 0.49365234375 0.00830078125 0.0068359375
11 0.52734375 0.49072265625 0.00830078125 0.00732421875
11 0.52734375 0.5146484375 0.00830078125 0.0068359375
11 0.52734375 0.5205078125 0.00830078125 0.00732421875
11 0.5498046875 0.5263671875 0.00830078125 0.00732421875
11 0.515625 0.48779296875 0.00830078125 0.0068359375
11 0.50439453125 0.48486328125 0.00830078125 0.00732421875
11 0.50439453125 0.5146484375 0.00830078125 0.0068359375
13 0.77294921875 0.3466796875 0.01123046875 0.00732421875
13 0.77294921875 0.3525390625 0.01123046875 0.00732421875
13 0.77294921875 0.3583984375 0.01123046875 0.0068359375
22 0.6943359375 0.0546875 0.00830078125 0.00390625
22 0.6943359375 0.1162109375 0.00830078125 0.00390625
22 0.6943359375 0.1923828125 0.00830078125 0.00390625
22 0.6943359375 0.259765625 0.00830078125 0.00390625
22 0.6943359375 0.40283203125 0.00830078125 0.00390625
13 0.68994140625 0.349609375 0.01123046875 0.0068359375
13 0.68994140625 0.35546875 0.01123046875 0.00732421875
13 0.68994140625 0.361328125 0.01123046875 0.00732421875
11 0.74755859375 0.3466796875 0.00830078125 0.00732421875
11 0.74755859375 0.3525390625 0.00830078125 0.0068359375
11 0.74755859375 0.3583984375 0.00830078125 0.0068359375
11 0.24462890625 0.416015625 0.00830078125 0.0068359375
11 0.2666015625 0.42236328125 0.00830078125 0.0068359375
11 0.255859375 0.4189453125 0.00830078125 0.00732421875
11 0.23388671875 0.4130859375 0.00830078125 0.0068359375
11 0.22265625 0.41015625 0.00830078125 0.0068359375
11 0.30029296875 0.5263671875 0.00830078125 0.00732421875
11 0.3115234375 0.43408203125 0.00830078125 0.00732421875
11 0.30029296875 0.43115234375 0.00830078125 0.0068359375
11 0.30029296875 0.5146484375 0.00830078125 0.0068359375
11 0.30029296875 0.5205078125 0.00830078125 0.00732421875
11 0.2890625 0.42822265625 0.00830078125 0.0068359375
11 0.27734375 0.4248046875 0.00830078125 0.0068359375
22 0.77734375 0.40283203125 0.00830078125 0.00390625
22 0.77734375 0.259765625 0.00830078125 0.00390625
22 0.77734375 0.1923828125 0.00830078125 0.00390625
22 0.77734375 0.1162109375 0.00830078125 0.00390625
22 0.77734375 0.0546875 0.00830078125 0.00390625
22 0.4326171875 0.3271484375 0.00830078125 0.00390625
22 0.4326171875 0.259765625 0.00830078125 0.00390625
22 0.4326171875 0.1923828125 0.00830078125 0.00390625
22 0.4326171875 0.1162109375 0.00830078125 0.00390625
22 0.4326171875 0.0546875 0.00830078125 0.00390625
0 0.17529296875 0.08984375 0.005859375 0.08544921875
10 0.19384765625 0.40576171875 0.0166015625 0.0458984375
10 0.19384765625 0.330078125 0.0166015625 0.0458984375
10 0.19384765625 0.2626953125 0.0166015625 0.0458984375
11 0.458984375 0.5205078125 0.00830078125 0.00732421875
10 0.19384765625 0.1953125 0.0166015625 0.0458984375
1 0.193359375 0.11865234375 0.017578125 0.02099609375
10 0.19384765625 0.0576171875 0.0166015625 0.0458984375
11 0.41357421875 0.4609375 0.00830078125 0.0068359375
11 0.41357421875 0.5146484375 0.00830078125 0.0068359375
11 0.41357421875 0.5205078125 0.00830078125 0.00732421875
11 0.41357421875 0.5263671875 0.00830078125 0.00732421875
11 0.40234375 0.4580078125 0.00830078125 0.0068359375
11 0.39111328125 0.455078125 0.00830078125 0.00732421875
11 0.39111328125 0.5146484375 0.00830078125 0.0068359375
11 0.39111328125 0.5205078125 0.00830078125 0.00732421875
11 0.39111328125 0.5263671875 0.00830078125 0.00732421875
11 0.37939453125 0.4521484375 0.00830078125 0.0068359375
11 0.43603515625 0.466796875 0.00830078125 0.0068359375
11 0.458984375 0.5146484375 0.00830078125 0.0068359375
11 0.458984375 0.5263671875 0.00830078125 0.00732421875
11 0.44775390625 0.4697265625 0.00830078125 0.00732421875
11 0.43603515625 0.5146484375 0.00830078125 0.0068359375
11 0.43603515625 0.5205078125 0.00830078125 0.00732421875
11 0.43603515625 0.5263671875 0.00830078125 0.00732421875
11 0.4248046875 0.4638671875 0.00830078125 0.0068359375
11 0.33447265625 0.43994140625 0.00830078125 0.0068359375
11 0.35693359375 0.44580078125 0.00830078125 0.0068359375
11 0.32275390625 0.5263671875 0.00830078125 0.00732421875
11 0.345703125 0.44287109375 0.00830078125 0.0068359375
11 0.345703125 0.5146484375 0.00830078125 0.0068359375
11 0.345703125 0.5205078125 0.00830078125 0.00732421875
11 0.345703125 0.5263671875 0.00830078125 0.00732421875
11 0.32275390625 0.43701171875 0.00830078125 0.0068359375
11 0.3681640625 0.5205078125 0.00830078125 0.00732421875
11 0.3681640625 0.5263671875 0.00830078125 0.00732421875
11 0.3681640625 0.5146484375 0.00830078125 0.0068359375
11 0.32275390625 0.5146484375 0.00830078125 0.0068359375
11 0.3681640625 0.44921875 0.00830078125 0.0068359375
11 0.32275390625 0.5205078125 0.00830078125 0.00732421875
22 0.30126953125 0.57861328125 0.00830078125 0.00390625
11 0.720703125 0.92578125 0.00830078125 0.0068359375
11 0.5947265625 0.94091796875 0.00830078125 0.0068359375
11 0.5947265625 0.9345703125 0.00830078125 0.0068359375
11 0.708984375 0.9287109375 0.00830078125 0.00732421875
12 0.70947265625 0.63232421875 0.0087890625 0.0068359375
11 0.5947265625 0.9287109375 0.00830078125 0.00732421875
13 0.56005859375 0.9375 0.01123046875 0.00732421875
13 0.56005859375 0.94384765625 0.01123046875 0.00732421875
13 0.56005859375 0.931640625 0.01123046875 0.0068359375
13 0.65771484375 0.9287109375 0.01123046875 0.00732421875
13 0.61181640625 0.9287109375 0.01123046875 0.00732421875
21 0.68505859375 0.92138671875 0.00634765625 0.0185546875
22 0.5595703125 0.6396484375 0.00830078125 0.00390625
22 0.611328125 0.6396484375 0.00830078125 0.00390625
22 0.611328125 0.57861328125 0.00830078125 0.00390625
22 0.5595703125 0.85107421875 0.00830078125 0.00390625
22 0.5595703125 0.78369140625 0.00830078125 0.00390625
22 0.5595703125 0.71630859375 0.00830078125 0.00390625
22 0.5595703125 0.57861328125 0.00830078125 0.00390625
22 0.5078125 0.85107421875 0.00830078125 0.00390625
22 0.5078125 0.78369140625 0.00830078125 0.00390625
22 0.5078125 0.71630859375 0.00830078125 0.00390625
22 0.671875 0.85107421875 0.00830078125 0.00390625
22 0.671875 0.78369140625 0.00830078125 0.00390625
22 0.671875 0.71630859375 0.00830078125 0.00390625
22 0.5078125 0.6396484375 0.00830078125 0.00390625
22 0.671875 0.6396484375 0.00830078125 0.00390625
22 0.671875 0.57861328125 0.00830078125 0.00390625
22 0.611328125 0.85107421875 0.00830078125 0.00390625
22 0.611328125 0.78369140625 0.00830078125 0.00390625
22 0.611328125 0.71630859375 0.00830078125 0.00390625
22 0.35302734375 0.57861328125 0.00830078125 0.00390625
22 0.40478515625 0.57861328125 0.00830078125 0.00390625
22 0.35302734375 0.91845703125 0.00830078125 0.00390625
22 0.35302734375 0.85107421875 0.00830078125 0.00390625
22 0.35302734375 0.78369140625 0.00830078125 0.00390625
22 0.35302734375 0.6396484375 0.00830078125 0.00390625
22 0.30126953125 0.91845703125 0.00830078125 0.00390625
22 0.30126953125 0.85107421875 0.00830078125 0.00390625
22 0.30126953125 0.78369140625 0.00830078125 0.00390625
22 0.30126953125 0.6396484375 0.00830078125 0.00390625
22 0.5078125 0.57861328125 0.00830078125 0.00390625
22 0.4560546875 0.85107421875 0.00830078125 0.00390625
22 0.4560546875 0.78369140625 0.00830078125 0.00390625
22 0.4560546875 0.71630859375 0.00830078125 0.00390625
22 0.4560546875 0.6396484375 0.00830078125 0.00390625
22 0.4560546875 0.57861328125 0.00830078125 0.00390625
22 0.40478515625 0.85107421875 0.00830078125 0.00390625
22 0.40478515625 0.78369140625 0.00830078125 0.00390625
22 0.40478515625 0.71630859375 0.00830078125 0.00390625
22 0.40478515625 0.6396484375 0.00830078125 0.00390625
11 0.77587890625 0.9287109375 0.0078125 0.00732421875
11 0.76416015625 0.931640625 0.00830078125 0.0068359375
11 0.787109375 0.9287109375 0.00830078125 0.00732421875
11 0.73193359375 0.92578125 0.00830078125 0.0068359375
11 0.7431640625 0.92578125 0.00830078125 0.0068359375
12 0.7548828125 0.6259765625 0.0087890625 0.0068359375
11 0.75439453125 0.92578125 0.00830078125 0.0068359375
11 0.79833984375 0.62353515625 0.00830078125 0.0068359375
11 0.79833984375 0.9287109375 0.00830078125 0.00732421875
11 0.8095703125 0.9287109375 0.00830078125 0.00732421875
13 0.3017578125 0.7294921875 0.01123046875 0.00732421875
13 0.3017578125 0.7412109375 0.01123046875 0.0068359375
13 0.3017578125 0.7353515625 0.01123046875 0.00732421875
11 0.33642578125 0.73828125 0.00830078125 0.0068359375
11 0.33642578125 0.732421875 0.00830078125 0.0068359375
11 0.33642578125 0.7265625 0.00830078125 0.0068359375
13 0.353515625 0.73828125 0.01123046875 0.00732421875
13 0.353515625 0.732421875 0.01123046875 0.0068359375
13 0.353515625 0.7265625 0.01123046875 0.0068359375
11 0.3876953125 0.95263671875 0.00830078125 0.0068359375
11 0.3876953125 0.94677734375 0.00830078125 0.0068359375
11 0.3876953125 0.94091796875 0.00830078125 0.0068359375
22 0.2490234375 0.6396484375 0.00830078125 0.00390625
22 0.2490234375 0.78369140625 0.00830078125 0.00390625
22 0.2490234375 0.85107421875 0.00830078125 0.00390625
22 0.2490234375 0.91845703125 0.00830078125 0.00390625
22 0.7578125 0.57861328125 0.00830078125 0.00390625
22 0.7578125 0.71630859375 0.00830078125 0.00390625
22 0.7578125 0.78369140625 0.00830078125 0.00390625
22 0.7578125 0.85107421875 0.00830078125 0.00390625
22 0.2490234375 0.57861328125 0.00830078125 0.00390625
10 0.19384765625 0.58154296875 0.0166015625 0.0458984375
1 0.193359375 0.64208984375 0.017578125 0.02099609375
0 0.17529296875 0.61328125 0.005859375 0.08544921875
13 0.2431640625 0.74462890625 0.01123046875 0.00732421875
11 0.22265625 0.74462890625 0.00830078125 0.00732421875
11 0.22265625 0.73828125 0.00830078125 0.0068359375
11 0.22265625 0.732421875 0.00830078125 0.0068359375
13 0.2431640625 0.73828125 0.01123046875 0.00732421875
13 0.2431640625 0.732421875 0.01123046875 0.0068359375
11 0.28466796875 0.7412109375 0.00830078125 0.0068359375
11 0.28466796875 0.7353515625 0.00830078125 0.0068359375
11 0.28466796875 0.7294921875 0.00830078125 0.00732421875
10 0.19384765625 0.71923828125 0.0166015625 0.0458984375
10 0.19384765625 0.78662109375 0.0166015625 0.0458984375
10 0.19384765625 0.85400390625 0.0166015625 0.0458984375
10 0.19384765625 0.92138671875 0.0166015625 0.0458984375
13 0.45654296875 0.94384765625 0.01123046875 0.00732421875
13 0.45654296875 0.9375 0.01123046875 0.00732421875
11 0.4912109375 0.94677734375 0.00830078125 0.0068359375
11 0.4912109375 0.94091796875 0.00830078125 0.0068359375
11 0.4912109375 0.9345703125 0.00830078125 0.0068359375
13 0.50830078125 0.94677734375 0.01123046875 0.0068359375
13 0.50830078125 0.94091796875 0.01123046875 0.0068359375
13 0.50830078125 0.93505859375 0.01123046875 0.00732421875
13 0.45654296875 0.94970703125 0.01123046875 0.00732421875
11 0.54296875 0.94384765625 0.00830078125 0.0068359375
11 0.54296875 0.93798828125 0.00830078125 0.0068359375
11 0.54296875 0.931640625 0.00830078125 0.0068359375
13 0.40478515625 0.94091796875 0.01123046875 0.0068359375
13 0.40478515625 0.95263671875 0.01123046875 0.0068359375
13 0.40478515625 0.94677734375 0.01123046875 0.0068359375
11 0.439453125 0.94970703125 0.00830078125 0.00732421875
11 0.439453125 0.94384765625 0.00830078125 0.0068359375
11 0.439453125 0.93798828125 0.00830078125 0.0068359375