11 0.595703125 0.28466796875 0.00830078125 0.00732421875
11 0.62939453125 0.07861328125 0.00830078125 0.0068359375
11 0.62939453125 0.19580078125 0.00830078125 0.0068359375
11 0.62939453125 0.42626953125 0.00830078125 0.0068359375
11 0.595703125 0.2109375 0.00830078125 0.0068359375
15 0.595703125 0.4208984375 0.0078125 0.01171875
11 0.66162109375 0.419921875 0.00830078125 0.0068359375
12 0.52880859375 0.13134765625 0.0087890625 0.0068359375
11 0.66162109375 0.09375 0.00830078125 0.0068359375
9 0.6357421875 0.4140625 0.0068359375 0.017578125
12 0.662109375 0.15185546875 0.0087890625 0.0068359375
12 0.662109375 0.14599609375 0.0087890625 0.0068359375
12 0.662109375 0.14013671875 0.0087890625 0.0068359375
11 0.66162109375 0.2021484375 0.00830078125 0.0068359375
11 0.66162109375 0.29052734375 0.00830078125 0.00732421875
11 0.5283203125 0.2109375 0.00830078125 0.0068359375
11 0.5283203125 0.2998046875 0.00830078125 0.0068359375
13 0.52978515625 0.34326171875 0.01123046875 0.00732421875
11 0.5283203125 0.43212890625 0.00830078125 0.0068359375
11 0.56201171875 0.07861328125 0.0078125 0.0068359375
11 0.56201171875 0.2021484375 0.0078125 0.0068359375
11 0.595703125 0.07275390625 0.00830078125 0.0068359375
8 0.7890625 0.42333984375 0.00634765625 0.01806640625
11 0.7255859375 0.2080078125 0.00830078125 0.0068359375
11 0.7255859375 0.07861328125 0.00830078125 0.0068359375
11 0.74658203125 0.07275390625 0.00830078125 0.0068359375
11 0.74658203125 0.2109375 0.00830078125 0.0068359375
11 0.74658203125 0.26953125 0.00830078125 0.00732421875
15 0.74658203125 0.4208984375 0.0078125 0.01171875
11 0.68408203125 0.08740234375 0.00830078125 0.0068359375
11 0.70458984375 0.08447265625 0.00830078125 0.0068359375
11 0.70458984375 0.205078125 0.00830078125 0.00732421875
11 0.78955078125 0.06396484375 0.00830078125 0.0068359375
11 0.78955078125 0.22265625 0.00830078125 0.0068359375
11 0.78955078125 0.4111328125 0.00830078125 0.0068359375
11 0.7685546875 0.06689453125 0.00830078125 0.00732421875
11 0.2724609375 0.2080078125 0.00830078125 0.0068359375
11 0.2724609375 0.28173828125 0.00830078125 0.0068359375
11 0.251953125 0.06396484375 0.00830078125 0.0068359375
11 0.29443359375 0.06982421875 0.00830078125 0.0068359375
11 0.251953125 0.205078125 0.00830078125 0.00732421875
11 0.251953125 0.27880859375 0.00830078125 0.0068359375
11 0.32763671875 0.07568359375 0.00830078125 0.0068359375
11 0.32763671875 0.205078125 0.00830078125 0.00732421875
11 0.32763671875 0.27880859375 0.00830078125 0.0068359375
11 0.32763671875 0.43212890625 0.00830078125 0.0068359375
12 0.52880859375 0.14013671875 0.0087890625 0.0068359375
11 0.29443359375 0.2021484375 0.00830078125 0.0068359375
11 0.29443359375 0.275390625 0.00830078125 0.0068359375
15 0.29443359375 0.4208984375 0.0078125 0.01171875
10 0.19384765625 0.0771484375 0.0166015625 0.0458984375
1 0.193359375 0.13818359375 0.017578125 0.02099609375
10 0.19384765625 0.21533203125 0.0166015625 0.0458984375
10 0.19384765625 0.283203125 0.0166015625 0.0458984375
1 0.193359375 0.3505859375 0.017578125 0.02099609375
0 0.17529296875 0.109375 0.005859375 0.08544921875
11 0.21875 0.42333984375 0.00830078125 0.0068359375
13 0.22021484375 0.33447265625 0.01123046875 0.00732421875
1 0.193359375 0.41845703125 0.017578125 0.02099609375
11 0.21875 0.0546875 0.00830078125 0.0068359375
12 0.21923828125 0.15185546875 0.0087890625 0.0068359375
12 0.21923828125 0.14306640625 0.0087890625 0.0068359375
12 0.21923828125 0.13720703125 0.0087890625 0.0068359375
11 0.21875 0.2021484375 0.00830078125 0.0068359375
11 0.21875 0.275390625 0.00830078125 0.0068359375
11 0.453125 0.07568359375 0.00830078125 0.0068359375
11 0.453125 0.2080078125 0.00830078125 0.0068359375
11 0.453125 0.28173828125 0.00830078125 0.0068359375
15 0.45263671875 0.4208984375 0.0078125 0.01171875
11 0.41162109375 0.2021484375 0.00830078125 0.0068359375
11 0.41162109375 0.275390625 0.00830078125 0.0068359375
11 0.43212890625 0.205078125 0.00830078125 0.00732421875
11 0.43212890625 0.27880859375 0.00830078125 0.0068359375
9 0.4921875 0.419921875 0.0068359375 0.017578125
11 0.5283203125 0.07275390625 0.00830078125 0.0068359375
12 0.52880859375 0.14599609375 0.0087890625 0.0068359375
11 0.4853515625 0.08447265625 0.00830078125 0.0068359375
11 0.4853515625 0.2138671875 0.00830078125 0.0068359375
11 0.4853515625 0.28759765625 0.00830078125 0.0068359375
11 0.4853515625 0.43212890625 0.00830078125 0.0068359375
11 0.37060546875 0.06396484375 0.0078125 0.0068359375
12 0.37109375 0.14306640625 0.0087890625 0.0068359375
12 0.37109375 0.13720703125 0.0087890625 0.0068359375
12 0.37109375 0.13134765625 0.0087890625 0.0068359375
11 0.37060546875 0.2021484375 0.0078125 0.0068359375
11 0.37060546875 0.275390625 0.0078125 0.0068359375
11 0.37060546875 0.42333984375 0.0078125 0.0068359375
9 0.33447265625 0.419921875 0.0068359375 0.017578125
11 0.3486328125 0.2080078125 0.00830078125 0.0068359375
11 0.3486328125 0.28173828125 0.00830078125 0.0068359375
11 0.3896484375 0.2080078125 0.00830078125 0.0068359375
11 0.3896484375 0.28173828125 0.00830078125 0.0068359375
11 0.41162109375 0.06982421875 0.00830078125 0.0068359375
11 0.63671875 0.708984375 0.00830078125 0.0068359375
11 0.5966796875 0.7060546875 0.00830078125 0.00732421875
11 0.5966796875 0.58251953125 0.00830078125 0.00732421875
15 0.67578125 0.927734375 0.0078125 0.01171875
11 0.67626953125 0.8681640625 0.00830078125 0.0068359375
11 0.67626953125 0.78857421875 0.00830078125 0.0068359375
11 0.67626953125 0.71484375 0.00830078125 0.0068359375
11 0.67626953125 0.57666015625 0.00830078125 0.00732421875
11 0.521484375 0.93017578125 0.00830078125 0.00732421875
12 0.52197265625 0.65625 0.0087890625 0.00732421875
11 0.521484375 0.8623046875 0.00830078125 0.0068359375
12 0.52197265625 0.650390625 0.0087890625 0.0068359375
11 0.521484375 0.8037109375 0.00830078125 0.0068359375
12 0.52197265625 0.64404296875 0.0087890625 0.0068359375
11 0.521484375 0.7265625 0.00830078125 0.0068359375
11 0.521484375 0.58837890625 0.00830078125 0.0068359375
11 0.74951171875 0.93603515625 0.00830078125 0.0068359375
11 0.74951171875 0.56787109375 0.00830078125 0.0068359375
9 0.75634765625 0.923828125 0.0068359375 0.017578125
11 0.21875 0.7265625 0.00830078125 0.0068359375
12 0.21923828125 0.64404296875 0.0087890625 0.0068359375
12 0.21923828125 0.650390625 0.0087890625 0.0068359375
12 0.21923828125 0.65625 0.0087890625 0.00732421875
11 0.21875 0.58837890625 0.00830078125 0.0068359375
11 0.21875 0.8037109375 0.00830078125 0.0068359375
1 0.193359375 0.92529296875 0.017578125 0.02099609375
9 0.45556640625 0.923828125 0.0068359375 0.017578125
11 0.21875 0.93017578125 0.00830078125 0.00732421875
11 0.21875 0.84765625 0.00830078125 0.0068359375
0 0.17529296875 0.61669921875 0.005859375 0.08544921875
1 0.193359375 0.857421875 0.017578125 0.02099609375
10 0.19384765625 0.7900390625 0.0166015625 0.0458984375
10 0.19384765625 0.72265625 0.0166015625 0.04541015625
1 0.193359375 0.64501953125 0.017578125 0.02099609375
10 0.19384765625 0.583984375 0.0166015625 0.0458984375
15 0.375 0.927734375 0.0078125 0.01171875
11 0.37548828125 0.8564453125 0.0078125 0.0068359375
11 0.37548828125 0.78857421875 0.0078125 0.0068359375
11 0.44921875 0.93603515625 0.00830078125 0.0068359375
11 0.37548828125 0.71484375 0.0078125 0.0068359375
11 0.44921875 0.56787109375 0.00830078125 0.0068359375
11 0.37548828125 0.57666015625 0.0078125 0.00732421875
11 0.29296875 0.72412109375 0.00830078125 0.0068359375
11 0.29296875 0.58251953125 0.00830078125 0.00732421875
11 0.33349609375 0.720703125 0.00830078125 0.00732421875