11 0.6689453125 0.130859375 0.0078125 0.0068359375
11 0.6513671875 0.1220703125 0.0078125 0.0068359375
11 0.6513671875 0.1279296875 0.0078125 0.0068359375
11 0.6513671875 0.14208984375 0.0078125 0.0068359375
12 0.65185546875 0.09619140625 0.0087890625 0.0068359375
11 0.62841796875 0.1337890625 0.0078125 0.0068359375
11 0.62841796875 0.1396484375 0.0078125 0.0068359375
11 0.62841796875 0.15087890625 0.0078125 0.0068359375
11 0.6689453125 0.14208984375 0.0078125 0.0068359375
11 0.57568359375 0.1279296875 0.0078125 0.0068359375
11 0.57568359375 0.1396484375 0.0078125 0.0068359375
11 0.57568359375 0.1455078125 0.0078125 0.0068359375
12 0.57568359375 0.09619140625 0.00830078125 0.0068359375
11 0.5498046875 0.14794921875 0.0078125 0.0068359375
11 0.59326171875 0.1337890625 0.0078125 0.0068359375
11 0.61083984375 0.125 0.0078125 0.0068359375
11 0.61083984375 0.14208984375 0.0078125 0.0068359375
12 0.61083984375 0.09326171875 0.00830078125 0.0068359375
11 0.59326171875 0.14208984375 0.0078125 0.0068359375
11 0.59326171875 0.15087890625 0.0078125 0.0068359375
11 0.79345703125 0.1279296875 0.0078125 0.0068359375
11 0.78076171875 0.130859375 0.0078125 0.0068359375
12 0.78125 0.09326171875 0.0087890625 0.0068359375
11 0.76318359375 0.1337890625 0.0078125 0.0068359375
11 0.8056640625 0.125 0.0078125 0.0068359375
11 0.71484375 0.13671875 0.0078125 0.0068359375
11 0.7275390625 0.1455078125 0.0078125 0.0068359375
11 0.697265625 0.130859375 0.0078125 0.0068359375
11 0.697265625 0.1396484375 0.0078125 0.0068359375
12 0.697265625 0.0908203125 0.0087890625 0.0068359375
11 0.6845703125 0.1337890625 0.0078125 0.0068359375
11 0.67822265625 0.1337890625 0.0078125 0.0068359375
11 0.74560546875 0.1337890625 0.0078125 0.0068359375
12 0.74560546875 0.087890625 0.0087890625 0.0068359375
11 0.7275390625 0.1396484375 0.0078125 0.0068359375
11 0.373046875 0.125 0.0078125 0.0068359375
12 0.373046875 0.0849609375 0.00830078125 0.0068359375
11 0.353515625 0.13671875 0.0078125 0.0068359375
11 0.40869140625 0.1396484375 0.0078125 0.0068359375
11 0.396484375 0.13671875 0.0078125 0.0068359375
11 0.3837890625 0.1337890625 0.0078125 0.0068359375
1 0.2431640625 0.140625 0.01708984375 0.0205078125
12 0.28466796875 0.1337890625 0.0087890625 0.0068359375
10 0.24365234375 0.08935546875 0.01611328125 0.0439453125
12 0.28466796875 0.08203125 0.0087890625 0.0068359375
0 0.22607421875 0.1162109375 0.00537109375 0.076171875
11 0.33740234375 0.1279296875 0.0078125 0.0068359375
12 0.337890625 0.087890625 0.00830078125 0.0068359375
12 0.306640625 0.1455078125 0.00830078125 0.0068359375
12 0.306640625 0.09619140625 0.00830078125 0.0068359375
11 0.48974609375 0.14208984375 0.0078125 0.0068359375
11 0.46630859375 0.1396484375 0.0078125 0.0068359375
11 0.51953125 0.14794921875 0.0078125 0.0068359375
11 0.53173828125 0.15087890625 0.0078125 0.0068359375
12 0.5322265625 0.09912109375 0.0087890625 0.0068359375
12 0.48974609375 0.087890625 0.00830078125 0.0068359375
11 0.5068359375 0.1455078125 0.0078125 0.0068359375
12 0.42724609375 0.087890625 0.00830078125 0.0068359375
11 0.4501953125 0.1337890625 0.0078125 0.0068359375
12 0.45068359375 0.087890625 0.00830078125 0.0068359375
12 0.42724609375 0.130859375 0.00830078125 0.0068359375
11 0.62353515625 0.25439453125 0.0078125 0.0068359375
11 0.62353515625 0.2744140625 0.0078125 0.0068359375
12 0.62353515625 0.20849609375 0.00830078125 0.0068359375
11 0.5986328125 0.25732421875 0.0078125 0.0068359375
11 0.5986328125 0.26904296875 0.0078125 0.0068359375
11 0.63671875 0.25732421875 0.0078125 0.0068359375
11 0.66796875 0.26318359375 0.0078125 0.0068359375
11 0.66796875 0.2744140625 0.0078125 0.0068359375
12 0.66845703125 0.21142578125 0.00830078125 0.0068359375
11 0.6513671875 0.25439453125 0.0078125 0.0068359375
11 0.6513671875 0.265625 0.0078125 0.0068359375
11 0.63671875 0.265625 0.0078125 0.0068359375
11 0.544921875 0.265625 0.0078125 0.0068359375
11 0.53173828125 0.25439453125 0.0078125 0.0068359375
11 0.53173828125 0.26025390625 0.0078125 0.0068359375
11 0.544921875 0.25439453125 0.0078125 0.0068359375
11 0.57177734375 0.265625 0.0078125 0.0068359375
11 0.5849609375 0.24853515625 0.0078125 0.0068359375
11 0.5849609375 0.26318359375 0.0078125 0.0068359375
11 0.57177734375 0.25146484375 0.0078125 0.0068359375
12 0.57177734375 0.20556640625 0.00830078125 0.0068359375
11 0.55859375 0.25439453125 0.0078125 0.0068359375
11 0.55859375 0.271484375 0.0078125 0.0068359375
11 0.78076171875 0.25146484375 0.0078125 0.0068359375
11 0.78076171875 0.25732421875 0.0078125 0.0068359375
11 0.78076171875 0.265625 0.0078125 0.0068359375
11 0.79443359375 0.26025390625 0.0078125 0.0068359375
11 0.767578125 0.25732421875 0.0078125 0.0068359375
11 0.767578125 0.26318359375 0.0078125 0.0068359375
12 0.76806640625 0.216796875 0.00830078125 0.0068359375
11 0.7529296875 0.26318359375 0.0078125 0.0068359375
11 0.7529296875 0.26904296875 0.0078125 0.0068359375
11 0.810546875 0.24560546875 0.0078125 0.0068359375
11 0.810546875 0.25732421875 0.0078125 0.0068359375
11 0.8037109375 0.26025390625 0.0078125 0.0068359375
11 0.79443359375 0.24853515625 0.0078125 0.0068359375
11 0.79443359375 0.25439453125 0.0078125 0.0068359375
11 0.70068359375 0.26318359375 0.0078125 0.0068359375
11 0.72216796875 0.25146484375 0.0078125 0.0068359375
11 0.72216796875 0.26025390625 0.0078125 0.0068359375
11 0.72216796875 0.265625 0.0078125 0.0068359375
12 0.72216796875 0.21435546875 0.00830078125 0.0068359375
11 0.70068359375 0.25439453125 0.0078125 0.0068359375
11 0.6875 0.25732421875 0.0078125 0.0068359375
11 0.6875 0.271484375 0.0078125 0.0068359375
11 0.73974609375 0.25439453125 0.0078125 0.0068359375
11 0.73974609375 0.265625 0.0078125 0.0068359375
11 0.298828125 0.26904296875 0.0078125 0.0068359375
12 0.32861328125 0.24560546875 0.0087890625 0.0068359375
12 0.32861328125 0.25439453125 0.0087890625 0.0068359375
12 0.32080078125 0.25732421875 0.00830078125 0.0068359375
12 0.32861328125 0.265625 0.0087890625 0.0068359375
12 0.32861328125 0.20849609375 0.0087890625 0.0068359375
11 0.298828125 0.24560546875 0.0078125 0.0068359375
11 0.298828125 0.25732421875 0.0078125 0.0068359375
11 0.2919921875 0.271484375 0.0078125 0.0068359375
11 0.2822265625 0.26025390625 0.0078125 0.0068359375
11 0.2822265625 0.265625 0.0078125 0.0068359375
11 0.3544921875 0.2431640625 0.0078125 0.0068359375
11 0.3544921875 0.25732421875 0.0078125 0.0068359375
12 0.35498046875 0.20263671875 0.0087890625 0.0068359375
11 0.21728515625 0.26025390625 0.00732421875 0.0068359375
12 0.2177734375 0.20849609375 0.00830078125 0.0068359375
1 0.19287109375 0.26123046875 0.01708984375 0.02001953125
10 0.193359375 0.2099609375 0.01611328125 0.0439453125
0 0.17578125 0.2373046875 0.005859375 0.076171875
11 0.2705078125 0.25439453125 0.0078125 0.0068359375
12 0.27099609375 0.20556640625 0.00830078125 0.0068359375
11 0.2587890625 0.24853515625 0.0078125 0.0068359375
11 0.244140625 0.26318359375 0.0078125 0.0068359375
11 0.23193359375 0.25146484375 0.0078125 0.0068359375
11 0.4541015625 0.25146484375 0.0078125 0.0068359375
11 0.4541015625 0.26904296875 0.0078125 0.0068359375
11 0.4404296875 0.25439453125 0.0078125 0.0068359375
11 0.4404296875 0.265625 0.0078125 0.0068359375
12 0.46630859375 0.21435546875 0.0087890625 0.0068359375
11 0.42724609375 0.26318359375 0.0078125 0.0068359375
11 0.5185546875 0.25439453125 0.0078125 0.0068359375
12 0.51904296875 0.20263671875 0.00830078125 0.0068359375
11 0.4931640625 0.26025390625 0.00732421875 0.0068359375
11 0.42724609375 0.25146484375 0.0078125 0.0068359375
11 0.47900390625 0.265625 0.0078125 0.0068359375
11 0.4658203125 0.25146484375 0.0078125 0.0068359375
11 0.4658203125 0.26318359375 0.0078125 0.0068359375
11 0.38134765625 0.26318359375 0.0078125 0.0068359375
11 0.38134765625 0.24853515625 0.0078125 0.0068359375
11 0.4140625 0.24853515625 0.0078125 0.0068359375
11 0.4140625 0.26025390625 0.0078125 0.0068359375
12 0.4140625 0.19677734375 0.0087890625 0.0068359375
11 0.39453125 0.25439453125 0.0078125 0.0068359375
11 0.39453125 0.265625 0.0078125 0.0068359375
11 0.3681640625 0.26025390625 0.0078125 0.0068359375
11 0.3681640625 0.24560546875 0.0078125 0.0068359375
11 0.6044921875 0.3291015625 0.0078125 0.0068359375
11 0.59228515625 0.33203125 0.0078125 0.0068359375
12 0.59228515625 0.380859375 0.00830078125 0.0068359375
12 0.64208984375 0.392578125 0.00830078125 0.0068359375
11 0.6416015625 0.33203125 0.00732421875 0.0068359375
11 0.61865234375 0.3232421875 0.0078125 0.0068359375
12 0.54931640625 0.3837890625 0.00830078125 0.0068359375
11 0.548828125 0.337890625 0.0078125 0.0068359375
11 0.52294921875 0.34375 0.0078125 0.0068359375
11 0.5107421875 0.34619140625 0.0078125 0.0068359375
12 0.49853515625 0.38671875 0.0087890625 0.0068359375
11 0.498046875 0.34912109375 0.0078125 0.0068359375
11 0.5791015625 0.3349609375 0.0078125 0.0068359375
11 0.56689453125 0.337890625 0.0078125 0.0068359375
12 0.77734375 0.3955078125 0.00830078125 0.0068359375
11 0.78955078125 0.35791015625 0.0078125 0.0068359375
11 0.77685546875 0.35498046875 0.0078125 0.0068359375
11 0.765625 0.34619140625 0.0078125 0.0068359375
11 0.75341796875 0.34912109375 0.0078125 0.0068359375
11 0.8037109375 0.35205078125 0.0078125 0.0068359375
11 0.72802734375 0.34375 0.00732421875 0.0068359375
11 0.70751953125 0.3408203125 0.0078125 0.0068359375
11 0.69482421875 0.337890625 0.0078125 0.0068359375
12 0.728515625 0.3779296875 0.00830078125 0.0068359375
12 0.67724609375 0.38671875 0.00830078125 0.0068359375
11 0.6767578125 0.3349609375 0.00732421875 0.0068359375
11 0.65966796875 0.3291015625 0.0078125 0.0068359375
11 0.74169921875 0.337890625 0.0078125 0.0068359375
11 0.30078125 0.3779296875 0.0078125 0.0068359375
11 0.30078125 0.38671875 0.0078125 0.0068359375
12 0.30126953125 0.3408203125 0.00830078125 0.0068359375
11 0.2822265625 0.3837890625 0.0078125 0.0068359375
11 0.27099609375 0.375 0.0078125 0.0068359375
12 0.3369140625 0.3349609375 0.00830078125 0.0068359375
11 0.34912109375 0.36669921875 0.0078125 0.0068359375
11 0.33642578125 0.369140625 0.0078125 0.0068359375
11 0.33642578125 0.375 0.0078125 0.0068359375
11 0.31884765625 0.375 0.0078125 0.0068359375
11 0.31884765625 0.38671875 0.0078125 0.0068359375
11 0.21728515625 0.3837890625 0.00732421875 0.0068359375
12 0.2177734375 0.326171875 0.00830078125 0.0068359375
1 0.19287109375 0.3818359375 0.01708984375 0.0205078125
11 0.21728515625 0.3779296875 0.00732421875 0.0068359375
10 0.193359375 0.33056640625 0.01611328125 0.0439453125
0 0.17578125 0.35791015625 0.005859375 0.076171875
11 0.25341796875 0.3720703125 0.0078125 0.0068359375
11 0.25341796875 0.3779296875 0.0078125 0.0068359375
11 0.25341796875 0.3837890625 0.0078125 0.0068359375
12 0.25341796875 0.3291015625 0.00830078125 0.0068359375
11 0.2353515625 0.369140625 0.0078125 0.0068359375
11 0.2353515625 0.3837890625 0.0078125 0.0068359375
11 0.2353515625 0.3896484375 0.0078125 0.0068359375
11 0.228515625 0.392578125 0.0078125 0.0068359375
11 0.21728515625 0.36376953125 0.00732421875 0.0068359375
12 0.43603515625 0.36669921875 0.00830078125 0.0068359375
12 0.43603515625 0.380859375 0.00830078125 0.0068359375
12 0.43603515625 0.38671875 0.00830078125 0.0068359375
12 0.43603515625 0.3291015625 0.00830078125 0.0068359375
11 0.41748046875 0.369140625 0.0078125 0.0068359375
11 0.41748046875 0.3896484375 0.0078125 0.0068359375
11 0.4052734375 0.36669921875 0.0078125 0.0068359375
11 0.4052734375 0.375 0.0078125 0.0068359375
11 0.4814453125 0.337890625 0.0078125 0.0068359375
12 0.46533203125 0.375 0.0087890625 0.0068359375
11 0.46484375 0.326171875 0.0078125 0.0068359375
11 0.392578125 0.3837890625 0.0078125 0.0068359375
11 0.37451171875 0.36083984375 0.0078125 0.0068359375
11 0.392578125 0.36376953125 0.0078125 0.0068359375
11 0.36181640625 0.3779296875 0.0078125 0.0068359375
12 0.39306640625 0.33203125 0.0087890625 0.0068359375
11 0.36181640625 0.36376953125 0.0078125 0.0068359375
12 0.5205078125 0.5009765625 0.00830078125 0.0068359375
11 0.6318359375 0.498046875 0.0078125 0.0068359375
11 0.61962890625 0.4951171875 0.0078125 0.0068359375
12 0.61962890625 0.45556640625 0.00830078125 0.0068359375
11 0.60546875 0.509765625 0.0078125 0.0068359375
11 0.673828125 0.4921875 0.0078125 0.0068359375
11 0.673828125 0.498046875 0.0078125 0.0068359375
11 0.673828125 0.45849609375 0.0078125 0.0068359375
11 0.65576171875 0.50634765625 0.0078125 0.0068359375
11 0.64306640625 0.50390625 0.0078125 0.0068359375
11 0.56982421875 0.498046875 0.0078125 0.0068359375
12 0.56982421875 0.45849609375 0.00830078125 0.0068359375
12 0.56982421875 0.47021484375 0.00830078125 0.0068359375
11 0.55078125 0.45849609375 0.0078125 0.0068359375
11 0.54345703125 0.46142578125 0.0078125 0.0068359375
11 0.54345703125 0.466796875 0.0078125 0.0068359375
11 0.53125 0.45556640625 0.0078125 0.0068359375
11 0.53125 0.46435546875 0.0078125 0.0068359375
11 0.59326171875 0.50634765625 0.0078125 0.0068359375
11 0.58203125 0.5009765625 0.0078125 0.0068359375
12 0.80029296875 0.48095703125 0.0087890625 0.0068359375
12 0.80029296875 0.44677734375 0.0087890625 0.0068359375
12 0.80029296875 0.45263671875 0.0087890625 0.0068359375
11 0.78076171875 0.4921875 0.0078125 0.0068359375
11 0.7158203125 0.498046875 0.0078125 0.0068359375
11 0.7158203125 0.45556640625 0.0078125 0.0068359375
11 0.70166015625 0.509765625 0.0078125 0.0068359375
11 0.7158203125 0.4892578125 0.0078125 0.0068359375
11 0.69091796875 0.50390625 0.0078125 0.0068359375
11 0.69091796875 0.45849609375 0.0078125 0.0068359375
11 0.69091796875 0.47021484375 0.0078125 0.0068359375
11 0.76318359375 0.4892578125 0.0078125 0.0068359375
12 0.763671875 0.44970703125 0.0087890625 0.0068359375
12 0.763671875 0.46142578125 0.0087890625 0.0068359375
11 0.74560546875 0.498046875 0.0078125 0.0068359375
11 0.7333984375 0.4951171875 0.0078125 0.0068359375
11 0.7333984375 0.45849609375 0.0078125 0.0068359375
11 0.7333984375 0.47021484375 0.0078125 0.0068359375
12 0.3037109375 0.50634765625 0.00830078125 0.0068359375
11 0.30322265625 0.44970703125 0.0078125 0.0068359375
11 0.30322265625 0.45556640625 0.0078125 0.0068359375
11 0.283203125 0.46142578125 0.0078125 0.0068359375
11 0.36474609375 0.4384765625 0.0078125 0.0068359375
11 0.36474609375 0.45263671875 0.0078125 0.0068359375
11 0.52001953125 0.44970703125 0.0078125 0.0068359375
11 0.34912109375 0.46142578125 0.0078125 0.0068359375
12 0.33544921875 0.5009765625 0.00830078125 0.0068359375
11 0.33544921875 0.47265625 0.0078125 0.0068359375
11 0.3193359375 0.45849609375 0.0078125 0.0068359375
11 0.3193359375 0.46435546875 0.0078125 0.0068359375
12 0.2177734375 0.50390625 0.00830078125 0.0068359375
11 0.21728515625 0.44970703125 0.00732421875 0.0068359375
11 0.21728515625 0.45849609375 0.00732421875 0.0068359375
11 0.21728515625 0.47021484375 0.00732421875 0.0068359375
1 0.19287109375 0.5078125 0.01708984375 0.02001953125
10 0.193359375 0.45166015625 0.01611328125 0.0439453125
0 0.17578125 0.48095703125 0.005859375 0.0810546875
11 0.2529296875 0.466796875 0.0078125 0.0068359375
11 0.2705078125 0.45849609375 0.0078125 0.0068359375
11 0.2705078125 0.46435546875 0.0078125 0.0068359375
12 0.25341796875 0.509765625 0.00830078125 0.0068359375
11 0.2529296875 0.45556640625 0.0078125 0.0068359375
11 0.23779296875 0.44677734375 0.0078125 0.0068359375
11 0.23779296875 0.45263671875 0.0078125 0.0068359375
11 0.23779296875 0.45849609375 0.0078125 0.0068359375
11 0.44873046875 0.4443359375 0.0078125 0.0068359375
11 0.482421875 0.45849609375 0.0078125 0.0068359375
11 0.482421875 0.45263671875 0.0078125 0.0068359375
11 0.4716796875 0.44677734375 0.0078125 0.0068359375
11 0.435546875 0.44970703125 0.0078125 0.0068359375
11 0.4951171875 0.45556640625 0.0078125 0.0068359375
12 0.47216796875 0.498046875 0.00830078125 0.0068359375
11 0.50732421875 0.44677734375 0.0078125 0.0068359375
11 0.50732421875 0.46435546875 0.0078125 0.0068359375
11 0.50732421875 0.45263671875 0.0078125 0.0068359375
12 0.421875 0.509765625 0.00830078125 0.0068359375
11 0.421875 0.46142578125 0.0078125 0.0068359375
11 0.38623046875 0.46435546875 0.0078125 0.0068359375
11 0.38623046875 0.45849609375 0.0078125 0.0068359375
11 0.40234375 0.47021484375 0.0078125 0.0068359375
12 0.38671875 0.51220703125 0.00830078125 0.0068359375
11 0.63134765625 0.58154296875 0.0078125 0.0068359375
11 0.59912109375 0.58984375 0.0078125 0.0068359375
11 0.615234375 0.56982421875 0.0078125 0.0068359375
11 0.615234375 0.5869140625 0.0078125 0.0068359375
11 0.59912109375 0.56689453125 0.0078125 0.0068359375
11 0.66259765625 0.57861328125 0.0078125 0.0068359375
11 0.66259765625 0.58984375 0.0078125 0.0068359375
11 0.63134765625 0.57275390625 0.0078125 0.0068359375
12 0.646484375 0.63037109375 0.00830078125 0.0068359375
11 0.64599609375 0.57568359375 0.0078125 0.0068359375
11 0.64599609375 0.5869140625 0.0078125 0.0068359375
11 0.58251953125 0.56396484375 0.0078125 0.0068359375
11 0.58251953125 0.5927734375 0.0078125 0.0068359375
11 0.55029296875 0.56103515625 0.0078125 0.0068359375
11 0.55029296875 0.57275390625 0.0078125 0.0068359375
11 0.55029296875 0.58154296875 0.0078125 0.0068359375
12 0.5830078125 0.61865234375 0.0087890625 0.0068359375
12 0.525390625 0.62451171875 0.00830078125 0.0068359375
11 0.525390625 0.5556640625 0.0078125 0.0068359375
11 0.525390625 0.56396484375 0.0078125 0.0068359375
11 0.525390625 0.58447265625 0.0078125 0.0068359375
12 0.77783203125 0.62158203125 0.00830078125 0.0068359375
12 0.77783203125 0.63330078125 0.00830078125 0.0068359375
12 0.77783203125 0.57568359375 0.00830078125 0.0068359375
12 0.77783203125 0.58447265625 0.00830078125 0.0068359375
12 0.77783203125 0.595703125 0.00830078125 0.0068359375
11 0.75244140625 0.63037109375 0.0078125 0.0068359375
11 0.75244140625 0.57861328125 0.0078125 0.0068359375
11 0.75244140625 0.58447265625 0.0078125 0.0068359375
11 0.7197265625 0.6357421875 0.0078125 0.0068359375
11 0.7197265625 0.58447265625 0.0078125 0.0068359375
11 0.7197265625 0.595703125 0.0078125 0.0068359375
11 0.69482421875 0.58984375 0.0078125 0.0068359375
11 0.69482421875 0.5986328125 0.0078125 0.0068359375
11 0.6787109375 0.58154296875 0.0078125 0.0068359375
11 0.6787109375 0.5927734375 0.0078125 0.0068359375
11 0.73583984375 0.58154296875 0.0078125 0.0068359375
11 0.73583984375 0.58984375 0.0078125 0.0068359375
12 0.33544921875 0.62744140625 0.00830078125 0.0068359375
11 0.33544921875 0.57568359375 0.0078125 0.0068359375
11 0.33544921875 0.58984375 0.0078125 0.0068359375
11 0.30322265625 0.56396484375 0.0078125 0.0068359375
11 0.28564453125 0.57275390625 0.0078125 0.0068359375
12 0.26806640625 0.63037109375 0.0087890625 0.0068359375
1 0.19287109375 0.62841796875 0.01708984375 0.0205078125
10 0.193359375 0.5771484375 0.01611328125 0.0439453125
0 0.17578125 0.6044921875 0.005859375 0.076171875
11 0.26806640625 0.57861328125 0.0078125 0.0068359375
11 0.24267578125 0.57275390625 0.0078125 0.0068359375
11 0.24267578125 0.57861328125 0.0078125 0.0068359375
12 0.2177734375 0.63330078125 0.00830078125 0.0068359375
11 0.21728515625 0.56689453125 0.00732421875 0.0068359375
11 0.21728515625 0.58154296875 0.00732421875 0.0068359375
11 0.21728515625 0.5869140625 0.00732421875 0.0068359375
12 0.4599609375 0.62744140625 0.00830078125 0.0068359375
11 0.4599609375 0.56103515625 0.0078125 0.0068359375
11 0.3515625 0.58447265625 0.0078125 0.0068359375
11 0.474609375 0.56982421875 0.0078125 0.0068359375
11 0.427734375 0.56689453125 0.0078125 0.0068359375
11 0.427734375 0.57275390625 0.0078125 0.0068359375
11 0.427734375 0.5869140625 0.0078125 0.0068359375
11 0.38427734375 0.58447265625 0.0078125 0.0068359375
11 0.3681640625 0.5869140625 0.00732421875 0.0068359375
11 0.5087890625 0.56689453125 0.0078125 0.0068359375
11 0.4912109375 0.57275390625 0.00732421875 0.0068359375
12 0.40234375 0.63037109375 0.00830078125 0.0068359375
11 0.40234375 0.56982421875 0.0078125 0.0068359375
11 0.40234375 0.58154296875 0.0078125 0.0068359375