12 0.66455078125 0.30712890625 0.0087890625 0.0068359375
12 0.66455078125 0.10595703125 0.0087890625 0.0068359375
12 0.72802734375 0.10302734375 0.0087890625 0.00732421875
12 0.72802734375 0.16015625 0.0087890625 0.0068359375
12 0.72802734375 0.2978515625 0.0087890625 0.0068359375
12 0.6171875 0.31005859375 0.0087890625 0.0068359375
12 0.6171875 0.10888671875 0.0087890625 0.0068359375
22 0.65673828125 0.16796875 0.00830078125 0.00390625
22 0.447265625 0.16796875 0.00830078125 0.00390625
22 0.447265625 0.23046875 0.00830078125 0.00390625
22 0.55224609375 0.16796875 0.00830078125 0.00390625
22 0.55224609375 0.23046875 0.00830078125 0.00390625
22 0.65673828125 0.23046875 0.00830078125 0.00390625
12 0.775390625 0.30712890625 0.0087890625 0.0068359375
12 0.775390625 0.1630859375 0.0087890625 0.0068359375
12 0.775390625 0.10595703125 0.0087890625 0.0068359375
12 0.35107421875 0.30712890625 0.0087890625 0.0068359375
12 0.35107421875 0.10009765625 0.0087890625 0.0068359375
12 0.40771484375 0.3037109375 0.0087890625 0.0068359375
12 0.40771484375 0.10302734375 0.0087890625 0.00732421875
10 0.244140625 0.107421875 0.0166015625 0.0458984375
12 0.3037109375 0.09716796875 0.0087890625 0.0068359375
22 0.76416015625 0.23046875 0.00830078125 0.00390625
22 0.34130859375 0.23046875 0.00830078125 0.00390625
22 0.34130859375 0.16796875 0.00830078125 0.00390625
1 0.24365234375 0.2958984375 0.017578125 0.02099609375
12 0.3037109375 0.2978515625 0.0087890625 0.0068359375
10 0.244140625 0.2333984375 0.0166015625 0.0458984375
10 0.244140625 0.17041015625 0.0166015625 0.0458984375
12 0.51220703125 0.31005859375 0.0087890625 0.0068359375
12 0.55908203125 0.31884765625 0.0087890625 0.00732421875
12 0.55908203125 0.1123046875 0.0087890625 0.0068359375
12 0.51220703125 0.10888671875 0.0087890625 0.0068359375
12 0.4482421875 0.10595703125 0.0087890625 0.0068359375
12 0.45556640625 0.10595703125 0.0087890625 0.0068359375
12 0.45556640625 0.31298828125 0.0087890625 0.0068359375
12 0.61328125 0.62939453125 0.0087890625 0.0068359375
12 0.61328125 0.548828125 0.0087890625 0.0068359375
12 0.61328125 0.49169921875 0.0087890625 0.0068359375
11 0.61328125 0.4345703125 0.00830078125 0.00732421875
11 0.5791015625 0.4404296875 0.00830078125 0.0068359375
11 0.64599609375 0.4375 0.00830078125 0.0068359375
12 0.68994140625 0.62646484375 0.0087890625 0.0068359375
12 0.68994140625 0.55126953125 0.0087890625 0.0068359375
12 0.68994140625 0.49462890625 0.0087890625 0.0068359375
11 0.689453125 0.4404296875 0.00830078125 0.0068359375
22 0.37353515625 0.55322265625 0.00830078125 0.00390625
12 0.544921875 0.62060546875 0.0087890625 0.0068359375
12 0.544921875 0.5458984375 0.0087890625 0.0068359375
12 0.544921875 0.48828125 0.0087890625 0.0068359375
22 0.47509765625 0.55322265625 0.00830078125 0.00390625
12 0.75537109375 0.63525390625 0.0087890625 0.0068359375
12 0.75537109375 0.5546875 0.0087890625 0.0068359375
12 0.748046875 0.5546875 0.0087890625 0.0068359375
12 0.75537109375 0.49755859375 0.0087890625 0.0068359375
11 0.7880859375 0.443359375 0.00830078125 0.0068359375
11 0.75537109375 0.4404296875 0.00830078125 0.0068359375
11 0.72119140625 0.4462890625 0.00830078125 0.0068359375
12 0.27978515625 0.63525390625 0.0087890625 0.0068359375
12 0.27978515625 0.49169921875 0.0087890625 0.0068359375
12 0.2724609375 0.49169921875 0.0087890625 0.0068359375
12 0.27978515625 0.4345703125 0.0087890625 0.00732421875
12 0.33544921875 0.63232421875 0.0087890625 0.0068359375
12 0.33544921875 0.49462890625 0.0087890625 0.0068359375
12 0.33544921875 0.4375 0.0087890625 0.0068359375
10 0.19384765625 0.4931640625 0.0166015625 0.0458984375
10 0.19384765625 0.43017578125 0.0166015625 0.0458984375
22 0.27099609375 0.55322265625 0.00830078125 0.00390625
12 0.2333984375 0.62646484375 0.0087890625 0.0068359375
12 0.2333984375 0.48828125 0.0087890625 0.0068359375
12 0.2333984375 0.431640625 0.0087890625 0.0068359375
1 0.193359375 0.61865234375 0.017578125 0.02099609375
10 0.19384765625 0.55615234375 0.0166015625 0.0458984375
11 0.54443359375 0.4462890625 0.00830078125 0.0068359375
12 0.48291015625 0.62939453125 0.0087890625 0.0068359375
12 0.48291015625 0.49169921875 0.0087890625 0.0068359375
12 0.48291015625 0.443359375 0.0087890625 0.0068359375
12 0.380859375 0.64111328125 0.0087890625 0.0068359375
12 0.380859375 0.49755859375 0.0087890625 0.0068359375
12 0.380859375 0.4404296875 0.0087890625 0.0068359375
12 0.43701171875 0.63232421875 0.0087890625 0.0068359375
12 0.43701171875 0.49462890625 0.0087890625 0.0068359375
12 0.43701171875 0.4375 0.0087890625 0.0068359375
11 0.6328125 0.76904296875 0.00830078125 0.0068359375
12 0.63330078125 0.88623046875 0.0087890625 0.0068359375
11 0.6328125 0.8232421875 0.00830078125 0.0068359375
12 0.63330078125 0.955078125 0.0087890625 0.0068359375
11 0.669921875 0.748046875 0.00830078125 0.0068359375
11 0.65234375 0.8173828125 0.00830078125 0.0068359375
11 0.669921875 0.81982421875 0.00830078125 0.0068359375
12 0.67041015625 0.89208984375 0.0087890625 0.0068359375
12 0.67041015625 0.9521484375 0.0087890625 0.0068359375
11 0.53076171875 0.8291015625 0.00830078125 0.00732421875
11 0.65234375 0.748046875 0.00830078125 0.0068359375
11 0.5556640625 0.83203125 0.00830078125 0.0068359375
11 0.5556640625 0.75439453125 0.00830078125 0.0068359375
12 0.55615234375 0.88623046875 0.0087890625 0.0068359375
12 0.55615234375 0.955078125 0.0087890625 0.0068359375
12 0.59130859375 0.9638671875 0.0087890625 0.0068359375
11 0.6083984375 0.76318359375 0.00830078125 0.0068359375
11 0.6083984375 0.81982421875 0.00830078125 0.0068359375
11 0.572265625 0.76025390625 0.00830078125 0.0068359375
11 0.572265625 0.837890625 0.00830078125 0.0068359375
11 0.5908203125 0.7568359375 0.00830078125 0.0068359375
11 0.5908203125 0.83203125 0.00830078125 0.0068359375
12 0.59130859375 0.88916015625 0.0087890625 0.0068359375
11 0.78466796875 0.7568359375 0.00830078125 0.0068359375
11 0.7958984375 0.76611328125 0.00830078125 0.00732421875
11 0.7958984375 0.81396484375 0.00830078125 0.00732421875
11 0.7958984375 0.88623046875 0.00830078125 0.0068359375
11 0.75830078125 0.76904296875 0.0078125 0.0068359375
11 0.7705078125 0.77197265625 0.00830078125 0.0068359375
11 0.7705078125 0.8291015625 0.00830078125 0.00732421875
11 0.7705078125 0.8828125 0.00830078125 0.0068359375
12 0.77099609375 0.9521484375 0.0087890625 0.0068359375
11 0.80859375 0.76318359375 0.00830078125 0.0068359375
11 0.72216796875 0.748046875 0.00830078125 0.0068359375
11 0.72216796875 0.826171875 0.00830078125 0.0068359375
11 0.72216796875 0.89501953125 0.00830078125 0.0068359375
12 0.72216796875 0.94287109375 0.0087890625 0.0068359375
11 0.6875 0.8232421875 0.00830078125 0.0068359375
11 0.6962890625 0.7509765625 0.00830078125 0.0068359375
8 0.6953125 0.76318359375 0.00634765625 0.01806640625
11 0.7470703125 0.88916015625 0.00830078125 0.0068359375
11 0.734375 0.7509765625 0.00830078125 0.0068359375
11 0.7470703125 0.748046875 0.00830078125 0.0068359375
11 0.7470703125 0.83203125 0.00830078125 0.0068359375
11 0.3125 0.76025390625 0.00830078125 0.0068359375
12 0.31298828125 0.8232421875 0.0087890625 0.0068359375
12 0.31298828125 0.8798828125 0.0087890625 0.0068359375
12 0.31298828125 0.955078125 0.0087890625 0.0068359375
11 0.53076171875 0.7568359375 0.00830078125 0.0068359375
11 0.36572265625 0.76025390625 0.0078125 0.0068359375
11 0.39111328125 0.76318359375 0.00830078125 0.0068359375
11 0.39111328125 0.83203125 0.00830078125 0.0068359375
12 0.3916015625 0.8740234375 0.0087890625 0.0068359375
12 0.3916015625 0.94287109375 0.0087890625 0.0068359375
12 0.3486328125 0.9521484375 0.0087890625 0.0068359375
11 0.33056640625 0.75439453125 0.00830078125 0.0068359375
11 0.34814453125 0.7568359375 0.00830078125 0.0068359375
12 0.3486328125 0.8291015625 0.0087890625 0.0068359375
12 0.3486328125 0.87744140625 0.0087890625 0.0068359375
11 0.28759765625 0.7568359375 0.00830078125 0.0068359375
10 0.19384765625 0.87890625 0.0166015625 0.0458984375
1 0.193359375 0.94140625 0.017578125 0.02099609375
11 0.2333984375 0.76904296875 0.00830078125 0.0068359375
12 0.2333984375 0.8232421875 0.0087890625 0.0068359375
12 0.2333984375 0.8798828125 0.0087890625 0.0068359375
12 0.2333984375 0.955078125 0.0087890625 0.0068359375
10 0.19384765625 0.75244140625 0.0166015625 0.0458984375
10 0.19384765625 0.81591796875 0.0166015625 0.04541015625
12 0.2685546875 0.8828125 0.0087890625 0.0068359375
12 0.2685546875 0.9638671875 0.0087890625 0.0068359375
12 0.2685546875 0.826171875 0.0087890625 0.0068359375
11 0.24951171875 0.77490234375 0.00830078125 0.0068359375
11 0.2685546875 0.76904296875 0.00830078125 0.0068359375
11 0.4775390625 0.748046875 0.00830078125 0.0068359375
11 0.44677734375 0.7509765625 0.00830078125 0.0068359375
11 0.44677734375 0.8232421875 0.00830078125 0.0068359375
11 0.4775390625 0.826171875 0.00830078125 0.0068359375
12 0.47802734375 0.8798828125 0.0087890625 0.0068359375
12 0.47802734375 0.94921875 0.0087890625 0.0068359375
12 0.5146484375 0.8828125 0.0087890625 0.0068359375
12 0.5146484375 0.9580078125 0.0087890625 0.0068359375
11 0.5146484375 0.826171875 0.0078125 0.0068359375
11 0.4951171875 0.83203125 0.00830078125 0.0068359375
11 0.4951171875 0.7421875 0.00830078125 0.0068359375
11 0.5146484375 0.736328125 0.0078125 0.0068359375
11 0.40966796875 0.76904296875 0.00830078125 0.0068359375
11 0.40966796875 0.826171875 0.00830078125 0.0068359375
11 0.42822265625 0.81982421875 0.00830078125 0.0068359375
11 0.42822265625 0.76611328125 0.00830078125 0.00732421875
12 0.4287109375 0.87744140625 0.0087890625 0.0068359375
12 0.4287109375 0.9521484375 0.0087890625 0.0068359375