11 0.51806640625 0.2470703125 0.00537109375 0.00439453125
11 0.63037109375 0.140625 0.00537109375 0.00439453125
15 0.6298828125 0.09619140625 0.0048828125 0.0078125
11 0.63037109375 0.03369140625 0.00537109375 0.00439453125
8 0.619140625 0.10302734375 0.00390625 0.01171875
11 0.61962890625 0.14404296875 0.00537109375 0.0048828125
15 0.517578125 0.09619140625 0.0048828125 0.0078125
11 0.51806640625 0.13623046875 0.00537109375 0.00439453125
11 0.63037109375 0.19677734375 0.00537109375 0.00439453125
11 0.63037109375 0.2392578125 0.00537109375 0.00439453125
11 0.51806640625 0.18896484375 0.00537109375 0.00439453125
11 0.609375 0.140625 0.00537109375 0.00439453125
11 0.609375 0.2470703125 0.00537109375 0.00439453125
11 0.609375 0.19677734375 0.00537109375 0.00439453125
15 0.609375 0.09619140625 0.0048828125 0.0078125
11 0.609375 0.04736328125 0.00537109375 0.00439453125
11 0.61962890625 0.095703125 0.00537109375 0.00439453125
11 0.61962890625 0.03955078125 0.00537109375 0.00439453125
11 0.64306640625 0.19482421875 0.00537109375 0.00439453125
8 0.64306640625 0.10302734375 0.00390625 0.01171875
12 0.51806640625 0.04541015625 0.005859375 0.00439453125
11 0.64306640625 0.2470703125 0.00537109375 0.00439453125
11 0.64306640625 0.13818359375 0.00537109375 0.00439453125
11 0.64306640625 0.095703125 0.00537109375 0.00439453125
11 0.65869140625 0.2470703125 0.00537109375 0.00439453125
11 0.65869140625 0.19287109375 0.00537109375 0.0048828125
11 0.65869140625 0.13623046875 0.00537109375 0.00439453125
15 0.65869140625 0.09619140625 0.0048828125 0.0078125
11 0.65869140625 0.03564453125 0.00537109375 0.00439453125
11 0.56640625 0.19677734375 0.00537109375 0.00439453125
11 0.56640625 0.14404296875 0.00537109375 0.0048828125
15 0.56640625 0.09619140625 0.0048828125 0.0078125
11 0.56640625 0.04345703125 0.00537109375 0.00439453125
11 0.56640625 0.2470703125 0.00537109375 0.00439453125
9 0.5546875 0.08984375 0.00439453125 0.01171875
11 0.54052734375 0.2392578125 0.00537109375 0.00439453125
11 0.54052734375 0.18896484375 0.00537109375 0.00439453125
11 0.54052734375 0.140625 0.00537109375 0.00439453125
11 0.53076171875 0.13818359375 0.00537109375 0.00439453125
11 0.53076171875 0.09765625 0.00537109375 0.00439453125
11 0.55029296875 0.2470703125 0.00537109375 0.00439453125
11 0.55029296875 0.14208984375 0.00537109375 0.00439453125
11 0.55029296875 0.09765625 0.00537109375 0.00439453125
11 0.5986328125 0.14208984375 0.00537109375 0.00439453125
11 0.5986328125 0.095703125 0.00537109375 0.00439453125
11 0.5986328125 0.04736328125 0.00537109375 0.00439453125
11 0.5986328125 0.19677734375 0.00537109375 0.00439453125
11 0.58935546875 0.2392578125 0.00537109375 0.00439453125
11 0.58935546875 0.03955078125 0.00537109375 0.00439453125
9 0.6025390625 0.18896484375 0.00439453125 0.01171875
8 0.5986328125 0.14990234375 0.00390625 0.01171875
8 0.5986328125 0.10302734375 0.00390625 0.01171875
11 0.5986328125 0.2470703125 0.00537109375 0.00439453125
11 0.57958984375 0.095703125 0.00537109375 0.00439453125
11 0.57958984375 0.04150390625 0.00537109375 0.0048828125
11 0.78564453125 0.2470703125 0.0048828125 0.00439453125
11 0.78564453125 0.18896484375 0.0048828125 0.00439453125
11 0.78564453125 0.13818359375 0.0048828125 0.00439453125
11 0.78564453125 0.099609375 0.0048828125 0.0048828125
11 0.78564453125 0.04736328125 0.0048828125 0.00439453125
11 0.80126953125 0.09765625 0.00537109375 0.00439453125
11 0.80126953125 0.2392578125 0.00537109375 0.00439453125
11 0.80126953125 0.18896484375 0.00537109375 0.00439453125
11 0.80126953125 0.13623046875 0.00537109375 0.00439453125
11 0.80126953125 0.04541015625 0.00537109375 0.00439453125
11 0.7666015625 0.2392578125 0.00537109375 0.00439453125
11 0.7666015625 0.03369140625 0.00537109375 0.00439453125
11 0.75634765625 0.095703125 0.00537109375 0.00439453125
11 0.75634765625 0.03564453125 0.00537109375 0.00439453125
8 0.775390625 0.19873046875 0.00439453125 0.01171875
8 0.775390625 0.10302734375 0.00439453125 0.01171875
11 0.775390625 0.2470703125 0.00537109375 0.00439453125
11 0.775390625 0.19091796875 0.00537109375 0.00439453125
11 0.775390625 0.095703125 0.00537109375 0.00439453125
11 0.775390625 0.04736328125 0.00537109375 0.00439453125
11 0.810546875 0.2470703125 0.00537109375 0.00439453125
15 0.6962890625 0.09619140625 0.0048828125 0.0078125
11 0.6962890625 0.2470703125 0.00537109375 0.00439453125
11 0.6962890625 0.19287109375 0.00537109375 0.0048828125
11 0.6962890625 0.140625 0.00537109375 0.00439453125
8 0.68505859375 0.2001953125 0.00390625 0.01171875
11 0.71728515625 0.2392578125 0.00537109375 0.00439453125
11 0.71728515625 0.19287109375 0.00537109375 0.0048828125
11 0.71728515625 0.13818359375 0.00537109375 0.00439453125
15 0.716796875 0.09619140625 0.0048828125 0.0078125
9 0.71044921875 0.08984375 0.00439453125 0.01171875
11 0.7060546875 0.09765625 0.00537109375 0.00439453125
11 0.67626953125 0.2392578125 0.00537109375 0.00439453125
12 0.6767578125 0.03955078125 0.005859375 0.00439453125
11 0.66845703125 0.09765625 0.00537109375 0.00439453125
8 0.68505859375 0.14599609375 0.00390625 0.01171875
9 0.689453125 0.08984375 0.00439453125 0.01171875
11 0.685546875 0.2470703125 0.00537109375 0.00439453125
11 0.685546875 0.19287109375 0.00537109375 0.0048828125
11 0.685546875 0.13818359375 0.00537109375 0.00439453125
11 0.685546875 0.09765625 0.00537109375 0.00439453125
9 0.73095703125 0.08984375 0.00439453125 0.01171875
11 0.7265625 0.2470703125 0.00537109375 0.00439453125
11 0.7265625 0.13623046875 0.00537109375 0.00439453125
11 0.7265625 0.09765625 0.00537109375 0.00439453125
11 0.74609375 0.2470703125 0.00537109375 0.00439453125
11 0.74609375 0.19091796875 0.00537109375 0.00439453125
12 0.74658203125 0.13427734375 0.005859375 0.0048828125
15 0.74609375 0.09619140625 0.0048828125 0.0078125
11 0.74609375 0.03759765625 0.00537109375 0.0048828125
15 0.3056640625 0.09619140625 0.0048828125 0.0078125
11 0.3056640625 0.2470703125 0.00537109375 0.00439453125
11 0.3056640625 0.19287109375 0.00537109375 0.0048828125
11 0.3056640625 0.13623046875 0.00537109375 0.00439453125
11 0.3056640625 0.03564453125 0.00537109375 0.00439453125
11 0.27734375 0.2392578125 0.0048828125 0.00439453125
11 0.27734375 0.19677734375 0.0048828125 0.00439453125
11 0.27734375 0.140625 0.0048828125 0.00439453125
8 0.2900390625 0.10302734375 0.00390625 0.01171875
11 0.2900390625 0.2470703125 0.00537109375 0.00439453125
11 0.2900390625 0.19482421875 0.00537109375 0.00439453125
11 0.2900390625 0.13818359375 0.00537109375 0.00439453125
11 0.2900390625 0.095703125 0.00537109375 0.00439453125
11 0.34326171875 0.140625 0.00537109375 0.00439453125
15 0.34326171875 0.09619140625 0.0048828125 0.0078125
8 0.33251953125 0.2001953125 0.00390625 0.01171875
11 0.34326171875 0.19287109375 0.00537109375 0.0048828125
8 0.33251953125 0.14599609375 0.00390625 0.01171875
9 0.357421875 0.08984375 0.00439453125 0.01171875
11 0.35302734375 0.09765625 0.00537109375 0.00439453125
9 0.3369140625 0.08984375 0.00439453125 0.01171875
11 0.34326171875 0.2470703125 0.00537109375 0.00439453125
11 0.31591796875 0.09765625 0.00537109375 0.00439453125
11 0.33251953125 0.2470703125 0.00537109375 0.00439453125
11 0.33251953125 0.19287109375 0.00537109375 0.0048828125
11 0.33251953125 0.13818359375 0.00537109375 0.00439453125
11 0.33251953125 0.09765625 0.00537109375 0.00439453125
15 0.27734375 0.09619140625 0.0048828125 0.0078125
11 0.3232421875 0.2392578125 0.00537109375 0.00439453125
12 0.32373046875 0.03955078125 0.005859375 0.00439453125
11 0.2138671875 0.2470703125 0.00537109375 0.00439453125
11 0.2138671875 0.19677734375 0.00537109375 0.00439453125
11 0.2138671875 0.14404296875 0.00537109375 0.0048828125
15 0.21337890625 0.09619140625 0.0048828125 0.0078125
11 0.236328125 0.03955078125 0.00537109375 0.00439453125
11 0.2138671875 0.04345703125 0.00537109375 0.00439453125
11 0.2265625 0.095703125 0.00537109375 0.00439453125
11 0.2265625 0.04150390625 0.00537109375 0.0048828125
10 0.189453125 0.04638671875 0.0107421875 0.0302734375
10 0.189453125 0.0947265625 0.0107421875 0.0302734375
1 0.18896484375 0.23974609375 0.01171875 0.013671875
11 0.236328125 0.2392578125 0.00537109375 0.00439453125
1 0.18896484375 0.19140625 0.01171875 0.013671875
10 0.189453125 0.1435546875 0.0107421875 0.0302734375
11 0.25634765625 0.2470703125 0.00537109375 0.00439453125
11 0.25634765625 0.19677734375 0.00537109375 0.00439453125
11 0.27734375 0.03369140625 0.0048828125 0.00439453125
8 0.2666015625 0.10302734375 0.00439453125 0.01171875
11 0.25634765625 0.140625 0.00537109375 0.00439453125
11 0.2666015625 0.14404296875 0.00537109375 0.0048828125
11 0.2666015625 0.095703125 0.00537109375 0.00439453125
11 0.2666015625 0.03955078125 0.00537109375 0.00439453125
11 0.24560546875 0.04736328125 0.00537109375 0.00439453125
11 0.24560546875 0.2470703125 0.00537109375 0.00439453125
11 0.24560546875 0.19677734375 0.00537109375 0.00439453125
11 0.24560546875 0.14208984375 0.00537109375 0.00439453125
11 0.24560546875 0.095703125 0.00537109375 0.00439453125
15 0.25634765625 0.09619140625 0.0048828125 0.0078125
11 0.25634765625 0.04736328125 0.00537109375 0.00439453125
9 0.25 0.18896484375 0.00439453125 0.01171875
8 0.24560546875 0.14990234375 0.00439453125 0.01171875
8 0.24560546875 0.10302734375 0.00439453125 0.01171875
11 0.455078125 0.2392578125 0.00537109375 0.00439453125
11 0.455078125 0.19091796875 0.00537109375 0.00439453125
11 0.48095703125 0.2470703125 0.00537109375 0.00439453125
11 0.48095703125 0.18896484375 0.00537109375 0.00439453125
11 0.48095703125 0.13623046875 0.00537109375 0.00439453125
15 0.48095703125 0.09619140625 0.0048828125 0.0078125
11 0.48095703125 0.04345703125 0.00537109375 0.00439453125
11 0.455078125 0.13427734375 0.00537109375 0.0048828125
8 0.46484375 0.10302734375 0.00390625 0.01171875
11 0.46484375 0.2470703125 0.00537109375 0.00439453125
11 0.46484375 0.095703125 0.00537109375 0.00439453125
11 0.43505859375 0.19091796875 0.00537109375 0.00439453125
11 0.43505859375 0.2470703125 0.00537109375 0.00439453125
11 0.43505859375 0.13818359375 0.00537109375 0.00439453125
15 0.43505859375 0.09619140625 0.0048828125 0.0078125
11 0.43505859375 0.04736328125 0.00537109375 0.00439453125
15 0.455078125 0.09619140625 0.0048828125 0.0078125
11 0.455078125 0.04345703125 0.00537109375 0.00439453125
8 0.44482421875 0.10302734375 0.00390625 0.01171875
11 0.4453125 0.095703125 0.00537109375 0.00439453125
11 0.5078125 0.2470703125 0.00537109375 0.00439453125
11 0.5078125 0.18896484375 0.00537109375 0.00439453125
11 0.5078125 0.13427734375 0.00537109375 0.0048828125
11 0.5078125 0.095703125 0.00537109375 0.00439453125
11 0.5078125 0.04150390625 0.00537109375 0.0048828125
8 0.5078125 0.04931640625 0.00390625 0.01171875
11 0.49853515625 0.2392578125 0.00537109375 0.00439453125
11 0.49072265625 0.095703125 0.00537109375 0.00439453125
8 0.5078125 0.19677734375 0.00390625 0.01171875
8 0.5078125 0.14208984375 0.00390625 0.01171875
8 0.5078125 0.10302734375 0.00390625 0.01171875
11 0.39306640625 0.2470703125 0.00537109375 0.00439453125
11 0.39306640625 0.19091796875 0.00537109375 0.00439453125
11 0.39306640625 0.13427734375 0.00537109375 0.0048828125
15 0.39306640625 0.09619140625 0.0048828125 0.0078125
11 0.39306640625 0.03759765625 0.00537109375 0.0048828125
8 0.42236328125 0.19873046875 0.00390625 0.01171875
11 0.3642578125 0.2392578125 0.00537109375 0.00439453125
11 0.3642578125 0.19287109375 0.00537109375 0.0048828125
11 0.3642578125 0.13818359375 0.00537109375 0.00439453125
15 0.36376953125 0.09619140625 0.0048828125 0.0078125
9 0.3779296875 0.08984375 0.00439453125 0.01171875
11 0.3740234375 0.2470703125 0.00537109375 0.00439453125
11 0.3740234375 0.13623046875 0.00537109375 0.00439453125
11 0.3740234375 0.09765625 0.00537109375 0.00439453125
11 0.42236328125 0.13623046875 0.00537109375 0.00439453125
11 0.42236328125 0.095703125 0.00537109375 0.00439453125
11 0.42236328125 0.04736328125 0.00537109375 0.00439453125
11 0.42236328125 0.19091796875 0.00537109375 0.00439453125
11 0.41357421875 0.2392578125 0.00537109375 0.00439453125
11 0.41357421875 0.03369140625 0.00537109375 0.00439453125
8 0.42236328125 0.10302734375 0.00390625 0.01171875
8 0.42236328125 0.14404296875 0.00390625 0.01171875
11 0.42236328125 0.2470703125 0.00537109375 0.00439453125
11 0.4033203125 0.095703125 0.00537109375 0.00439453125
11 0.4033203125 0.03564453125 0.00537109375 0.00439453125
11 0.609375 0.56640625 0.00537109375 0.00439453125
11 0.609375 0.4638671875 0.00537109375 0.00439453125
11 0.62451171875 0.4638671875 0.00537109375 0.00439453125
9 0.62841796875 0.42138671875 0.00439453125 0.01171875
11 0.62451171875 0.57470703125 0.00537109375 0.00439453125
11 0.62451171875 0.51025390625 0.00537109375 0.00439453125
11 0.62451171875 0.42919921875 0.00537109375 0.00439453125
11 0.61669921875 0.4619140625 0.00537109375 0.00439453125
11 0.6015625 0.4658203125 0.00537109375 0.00439453125
11 0.58935546875 0.4677734375 0.00537109375 0.00439453125
11 0.58935546875 0.42919921875 0.00537109375 0.00439453125
11 0.650390625 0.56298828125 0.00537109375 0.0048828125
11 0.64599609375 0.56494140625 0.00537109375 0.00439453125
11 0.650390625 0.51025390625 0.00537109375 0.00439453125
11 0.650390625 0.4677734375 0.00537109375 0.00439453125
11 0.650390625 0.42333984375 0.00537109375 0.00439453125
11 0.650390625 0.37109375 0.00537109375 0.00439453125
11 0.63232421875 0.4658203125 0.00537109375 0.00439453125
11 0.6396484375 0.375 0.00537109375 0.00439453125
8 0.62451171875 0.51806640625 0.00439453125 0.01171875
11 0.6396484375 0.57470703125 0.00537109375 0.00439453125
11 0.6396484375 0.51025390625 0.00537109375 0.00439453125
11 0.6396484375 0.4677734375 0.00537109375 0.00439453125
11 0.6396484375 0.42919921875 0.00537109375 0.00439453125
8 0.5263671875 0.4306640625 0.00390625 0.01171875
11 0.5263671875 0.57470703125 0.00537109375 0.00439453125
11 0.5263671875 0.51806640625 0.00537109375 0.0048828125
11 0.5263671875 0.42333984375 0.00537109375 0.00439453125
11 0.5263671875 0.375 0.00537109375 0.00439453125
11 0.53662109375 0.57470703125 0.00537109375 0.00439453125
11 0.53662109375 0.51611328125 0.00537109375 0.00439453125
11 0.53662109375 0.4658203125 0.00537109375 0.00439453125
11 0.53662109375 0.42724609375 0.00537109375 0.00439453125
11 0.53662109375 0.375 0.00537109375 0.00439453125
8 0.5263671875 0.52587890625 0.00390625 0.01171875
11 0.51708984375 0.56640625 0.00537109375 0.00439453125
11 0.51708984375 0.361328125 0.00537109375 0.00439453125
11 0.5068359375 0.42333984375 0.00537109375 0.00439453125
11 0.5068359375 0.36328125 0.00537109375 0.00439453125
11 0.5791015625 0.57470703125 0.00537109375 0.00439453125
11 0.5791015625 0.51025390625 0.00537109375 0.00439453125
11 0.5791015625 0.4677734375 0.00537109375 0.00439453125
15 0.57861328125 0.423828125 0.0048828125 0.0078125
12 0.5791015625 0.375 0.005859375 0.00439453125
11 0.56201171875 0.57470703125 0.00537109375 0.00439453125
11 0.552734375 0.373046875 0.00537109375 0.00439453125
11 0.552734375 0.42529296875 0.00537109375 0.0048828125
11 0.552734375 0.56640625 0.00537109375 0.00439453125
11 0.552734375 0.51611328125 0.00537109375 0.00439453125
11 0.552734375 0.4638671875 0.00537109375 0.00439453125
21 0.77587890625 0.56787109375 0.00439453125 0.01220703125
11 0.73681640625 0.51806640625 0.00537109375 0.0048828125
11 0.73681640625 0.4619140625 0.00537109375 0.00439453125
11 0.73681640625 0.41748046875 0.00537109375 0.00439453125
11 0.73681640625 0.361328125 0.00537109375 0.00439453125
11 0.7607421875 0.57470703125 0.00537109375 0.00439453125
12 0.7607421875 0.51611328125 0.005859375 0.00439453125
12 0.7607421875 0.4619140625 0.005859375 0.00439453125
12 0.7607421875 0.41748046875 0.005859375 0.00439453125
12 0.7607421875 0.361328125 0.005859375 0.00439453125
11 0.791015625 0.57470703125 0.00537109375 0.00439453125
12 0.791015625 0.51611328125 0.005859375 0.00439453125
12 0.791015625 0.4638671875 0.005859375 0.00439453125
12 0.791015625 0.42138671875 0.005859375 0.00439453125
12 0.791015625 0.36328125 0.005859375 0.00439453125
21 0.80615234375 0.56787109375 0.00439453125 0.01220703125
11 0.67578125 0.56298828125 0.00537109375 0.0048828125
11 0.6708984375 0.56494140625 0.00537109375 0.00439453125
11 0.67578125 0.50634765625 0.00537109375 0.00439453125
12 0.69091796875 0.42333984375 0.005859375 0.00439453125
11 0.6904296875 0.57470703125 0.00537109375 0.00439453125
12 0.69091796875 0.50439453125 0.005859375 0.00439453125
12 0.69091796875 0.4619140625 0.005859375 0.00439453125
11 0.67578125 0.4638671875 0.00537109375 0.00439453125
12 0.69091796875 0.365234375 0.005859375 0.00439453125
11 0.66357421875 0.56298828125 0.00537109375 0.0048828125
11 0.6591796875 0.56494140625 0.00537109375 0.00439453125
11 0.66357421875 0.50830078125 0.00537109375 0.00439453125
11 0.66357421875 0.4658203125 0.00537109375 0.00439453125
11 0.66357421875 0.42333984375 0.00537109375 0.00439453125
11 0.66357421875 0.369140625 0.00537109375 0.00439453125
11 0.67578125 0.42333984375 0.00537109375 0.00439453125
11 0.67578125 0.3671875 0.00537109375 0.0048828125
19 0.72119140625 0.5673828125 0.00537109375 0.00244140625
11 0.72119140625 0.51806640625 0.00537109375 0.0048828125
11 0.72119140625 0.4619140625 0.00537109375 0.00439453125
11 0.72119140625 0.41748046875 0.00537109375 0.00439453125
11 0.72119140625 0.36328125 0.00537109375 0.00439453125
21 0.70556640625 0.56787109375 0.00439453125 0.01220703125
11 0.3125 0.42333984375 0.00537109375 0.00439453125
11 0.3125 0.36328125 0.00537109375 0.00439453125
15 0.30224609375 0.423828125 0.0048828125 0.0078125
11 0.30224609375 0.365234375 0.00537109375 0.00439453125
12 0.302734375 0.4619140625 0.005859375 0.00439453125
15 0.28125 0.5693359375 0.0048828125 0.00732421875
11 0.28173828125 0.5146484375 0.00537109375 0.00439453125
11 0.30224609375 0.57470703125 0.00537109375 0.00439453125
11 0.30224609375 0.51806640625 0.00537109375 0.0048828125
11 0.3427734375 0.57470703125 0.00537109375 0.00439453125
11 0.3427734375 0.51611328125 0.00537109375 0.00439453125
11 0.3427734375 0.4658203125 0.00537109375 0.00439453125
11 0.3427734375 0.42724609375 0.00537109375 0.00439453125
11 0.35888671875 0.56640625 0.00537109375 0.00439453125
11 0.35888671875 0.51611328125 0.00537109375 0.00439453125
11 0.35888671875 0.42529296875 0.00537109375 0.0048828125
11 0.35888671875 0.373046875 0.00537109375 0.00439453125
11 0.33251953125 0.57470703125 0.00537109375 0.00439453125
11 0.33251953125 0.51806640625 0.00537109375 0.0048828125
11 0.33251953125 0.42333984375 0.00537109375 0.00439453125
11 0.33251953125 0.375 0.00537109375 0.00439453125
11 0.3232421875 0.56640625 0.00537109375 0.00439453125
11 0.3232421875 0.361328125 0.00537109375 0.00439453125
11 0.3427734375 0.375 0.00537109375 0.00439453125
8 0.33203125 0.52587890625 0.00439453125 0.01171875
8 0.33203125 0.4306640625 0.00439453125 0.01171875
11 0.2138671875 0.57470703125 0.00537109375 0.00439453125
11 0.2138671875 0.51025390625 0.00537109375 0.00439453125
12 0.2138671875 0.4677734375 0.005859375 0.00439453125
12 0.2138671875 0.42919921875 0.005859375 0.00439453125
12 0.2138671875 0.375 0.005859375 0.00439453125
8 0.23974609375 0.51806640625 0.00390625 0.01171875
11 0.23974609375 0.57470703125 0.00537109375 0.00439453125
11 0.23974609375 0.51025390625 0.00537109375 0.00439453125
11 0.23046875 0.56640625 0.00537109375 0.00439453125
10 0.189453125 0.3740234375 0.0107421875 0.0302734375
1 0.18896484375 0.5673828125 0.01171875 0.013671875
1 0.18896484375 0.51904296875 0.01171875 0.013671875
10 0.189453125 0.47119140625 0.0107421875 0.0302734375
10 0.189453125 0.42236328125 0.0107421875 0.0302734375
15 0.26123046875 0.5693359375 0.0048828125 0.00732421875
15 0.27099609375 0.5693359375 0.0048828125 0.00732421875
11 0.271484375 0.51220703125 0.0048828125 0.00439453125
21 0.2705078125 0.470703125 0.00439453125 0.01220703125
21 0.2705078125 0.42236328125 0.00439453125 0.01220703125
21 0.2705078125 0.3740234375 0.00439453125 0.01220703125
11 0.25 0.57470703125 0.00537109375 0.00439453125
9 0.25439453125 0.42138671875 0.00439453125 0.01171875
8 0.25 0.38232421875 0.00390625 0.01171875
11 0.25 0.51025390625 0.00537109375 0.00439453125
11 0.25 0.4677734375 0.00537109375 0.00439453125
11 0.25 0.42919921875 0.00537109375 0.00439453125
11 0.25 0.375 0.00537109375 0.00439453125
11 0.26123046875 0.51025390625 0.00537109375 0.00439453125
15 0.26123046875 0.47216796875 0.0048828125 0.00732421875
15 0.26123046875 0.423828125 0.0048828125 0.0078125
15 0.26123046875 0.37548828125 0.0048828125 0.0078125
9 0.25439453125 0.56689453125 0.00439453125 0.01171875
11 0.35888671875 0.4638671875 0.00537109375 0.00439453125
8 0.25 0.4755859375 0.00390625 0.01171875
11 0.46923828125 0.56298828125 0.00537109375 0.0048828125
11 0.46484375 0.56494140625 0.00537109375 0.00439453125
11 0.46923828125 0.50830078125 0.00537109375 0.00439453125
11 0.46923828125 0.4658203125 0.00537109375 0.00439453125
11 0.46923828125 0.42333984375 0.00537109375 0.00439453125
11 0.46923828125 0.369140625 0.00537109375 0.00439453125
11 0.4453125 0.57470703125 0.00537109375 0.00439453125
11 0.4453125 0.51025390625 0.00537109375 0.00439453125
11 0.4453125 0.4677734375 0.00537109375 0.00439453125
11 0.4453125 0.42919921875 0.00537109375 0.00439453125
11 0.4453125 0.375 0.00537109375 0.00439453125
11 0.45654296875 0.56298828125 0.00537109375 0.0048828125
11 0.4521484375 0.56494140625 0.0048828125 0.00439453125
11 0.45654296875 0.51025390625 0.00537109375 0.00439453125
11 0.45654296875 0.4677734375 0.00537109375 0.00439453125
11 0.45654296875 0.42333984375 0.00537109375 0.00439453125
11 0.45654296875 0.37109375 0.00537109375 0.00439453125
11 0.49658203125 0.50439453125 0.00537109375 0.0048828125
11 0.49658203125 0.57470703125 0.00537109375 0.00439453125
12 0.49658203125 0.4619140625 0.005859375 0.00439453125
15 0.49658203125 0.423828125 0.0048828125 0.0078125
11 0.49658203125 0.365234375 0.00537109375 0.00439453125
11 0.4814453125 0.50634765625 0.00537109375 0.00439453125
11 0.4814453125 0.4638671875 0.00537109375 0.00439453125
11 0.4814453125 0.42333984375 0.00537109375 0.00439453125
11 0.4814453125 0.3671875 0.00537109375 0.0048828125
11 0.47705078125 0.56494140625 0.00537109375 0.00439453125
11 0.4814453125 0.56298828125 0.00537109375 0.0048828125
11 0.39501953125 0.4677734375 0.00537109375 0.00439453125
11 0.39501953125 0.42919921875 0.00537109375 0.00439453125
11 0.384765625 0.51025390625 0.00537109375 0.00439453125
15 0.384765625 0.423828125 0.0048828125 0.0078125
11 0.384765625 0.4677734375 0.00537109375 0.00439453125
11 0.40771484375 0.4658203125 0.00537109375 0.00439453125
11 0.384765625 0.57470703125 0.00537109375 0.00439453125
12 0.384765625 0.375 0.005859375 0.00439453125
9 0.4345703125 0.42138671875 0.00439453125 0.01171875
11 0.43017578125 0.57470703125 0.00537109375 0.00439453125
11 0.43017578125 0.4638671875 0.00537109375 0.00439453125
11 0.43798828125 0.4658203125 0.00537109375 0.00439453125
11 0.43017578125 0.51025390625 0.00537109375 0.00439453125
8 0.43017578125 0.51806640625 0.00390625 0.01171875
11 0.4228515625 0.4619140625 0.00537109375 0.00439453125
11 0.43017578125 0.42919921875 0.00537109375 0.00439453125
11 0.4150390625 0.56640625 0.00537109375 0.00439453125
11 0.4150390625 0.4638671875 0.00537109375 0.00439453125
11 0.3681640625 0.57470703125 0.00537109375 0.00439453125
8 0.67724609375 0.75830078125 0.00439453125 0.01171875
11 0.67724609375 0.79931640625 0.00537109375 0.00439453125
8 0.67724609375 0.7099609375 0.00439453125 0.01171875
11 0.67724609375 0.89404296875 0.00537109375 0.00439453125
11 0.67724609375 0.90234375 0.00537109375 0.0048828125
11 0.67724609375 0.837890625 0.00537109375 0.00439453125
11 0.67724609375 0.7509765625 0.00537109375 0.0048828125
11 0.67724609375 0.70263671875 0.00537109375 0.0048828125
11 0.6044921875 0.89404296875 0.00537109375 0.00439453125
11 0.6044921875 0.90234375 0.00537109375 0.0048828125
11 0.6044921875 0.837890625 0.00537109375 0.00439453125
11 0.6044921875 0.79931640625 0.00537109375 0.00439453125
11 0.6044921875 0.7509765625 0.00537109375 0.0048828125
11 0.6044921875 0.70263671875 0.00537109375 0.0048828125
11 0.64111328125 0.90234375 0.00537109375 0.0048828125
11 0.64111328125 0.837890625 0.00537109375 0.00439453125
11 0.64111328125 0.79931640625 0.00537109375 0.00439453125
11 0.64111328125 0.7509765625 0.00537109375 0.0048828125
11 0.64111328125 0.70263671875 0.00537109375 0.0048828125
11 0.64111328125 0.89404296875 0.00537109375 0.00439453125
15 0.7138671875 0.896484375 0.0048828125 0.0078125
15 0.7138671875 0.84814453125 0.0048828125 0.0078125
15 0.7138671875 0.7998046875 0.0048828125 0.0078125
15 0.7138671875 0.75146484375 0.0048828125 0.0078125
15 0.7138671875 0.703125 0.0048828125 0.0078125
9 0.681640625 0.88720703125 0.00439453125 0.01171875
8 0.67724609375 0.845703125 0.00439453125 0.01171875
8 0.67724609375 0.806640625 0.00439453125 0.01171875
21 0.74951171875 0.8955078125 0.00439453125 0.01220703125
21 0.74951171875 0.8466796875 0.00439453125 0.01220703125
21 0.74951171875 0.79833984375 0.00439453125 0.01220703125
21 0.74951171875 0.75 0.00439453125 0.01220703125
21 0.74951171875 0.70166015625 0.00439453125 0.01220703125
11 0.251953125 0.89013671875 0.00537109375 0.00439453125
11 0.2470703125 0.89208984375 0.00537109375 0.00439453125
11 0.40380859375 0.89013671875 0.00537109375 0.00439453125
11 0.3994140625 0.89208984375 0.00537109375 0.00439453125
11 0.36572265625 0.89013671875 0.00537109375 0.00439453125
11 0.361328125 0.89208984375 0.00537109375 0.00439453125
11 0.32763671875 0.89013671875 0.00537109375 0.00439453125
11 0.3232421875 0.89208984375 0.00537109375 0.00439453125
11 0.2900390625 0.89013671875 0.00537109375 0.00439453125
11 0.28515625 0.89208984375 0.00537109375 0.00439453125
10 0.189453125 0.75 0.0107421875 0.0302734375
10 0.189453125 0.70166015625 0.0107421875 0.0302734375
11 0.2138671875 0.89013671875 0.00537109375 0.00439453125
11 0.20947265625 0.89208984375 0.00537109375 0.00439453125
13 0.21484375 0.837890625 0.00732421875 0.00439453125
13 0.21484375 0.79150390625 0.00732421875 0.0048828125
13 0.21484375 0.7470703125 0.00732421875 0.0048828125
13 0.21484375 0.68896484375 0.00732421875 0.0048828125
1 0.18896484375 0.89501953125 0.01171875 0.013671875
1 0.18896484375 0.8466796875 0.01171875 0.013671875
10 0.189453125 0.79833984375 0.0107421875 0.0302734375
8 0.5322265625 0.89990234375 0.00439453125 0.01171875
8 0.5322265625 0.845703125 0.00439453125 0.01171875
8 0.5322265625 0.79931640625 0.00439453125 0.01171875
15 0.568359375 0.896484375 0.0048828125 0.0078125
15 0.568359375 0.84814453125 0.0048828125 0.0078125
15 0.568359375 0.7998046875 0.0048828125 0.0078125
15 0.568359375 0.75146484375 0.0048828125 0.0078125
15 0.568359375 0.703125 0.0048828125 0.0078125
11 0.47509765625 0.89208984375 0.00537109375 0.00439453125
11 0.52783203125 0.89208984375 0.00537109375 0.00439453125
11 0.53271484375 0.837890625 0.00537109375 0.00439453125
11 0.53271484375 0.79150390625 0.00537109375 0.00439453125
11 0.53271484375 0.7470703125 0.00537109375 0.00439453125
11 0.47998046875 0.89013671875 0.00537109375 0.00439453125
11 0.53271484375 0.68896484375 0.00537109375 0.00439453125
11 0.44189453125 0.89013671875 0.00537109375 0.00439453125
11 0.43701171875 0.89208984375 0.00537109375 0.00439453125
8 0.5322265625 0.7548828125 0.00439453125 0.01171875
11 0.53271484375 0.89013671875 0.00537109375 0.00439453125
8 0.5322265625 0.69677734375 0.00439453125 0.01171875