12 0.56103515625 0.0810546875 0.0087890625 0.0068359375
12 0.6435546875 0.072265625 0.0087890625 0.0068359375
12 0.6435546875 0.0810546875 0.0087890625 0.0068359375
12 0.6435546875 0.0927734375 0.0087890625 0.0068359375
12 0.6943359375 0.078125 0.0087890625 0.0068359375
12 0.66259765625 0.0751953125 0.0087890625 0.00732421875
13 0.60791015625 0.0869140625 0.01123046875 0.0068359375
12 0.57861328125 0.0869140625 0.0087890625 0.0068359375
12 0.80224609375 0.0927734375 0.0087890625 0.0068359375
12 0.78271484375 0.0927734375 0.0087890625 0.0068359375
12 0.71337890625 0.0751953125 0.0087890625 0.00732421875
12 0.71337890625 0.0869140625 0.0087890625 0.0068359375
12 0.71337890625 0.0927734375 0.0087890625 0.0068359375
12 0.7373046875 0.10791015625 0.0087890625 0.0068359375
12 0.75634765625 0.10498046875 0.0087890625 0.0068359375
12 0.3896484375 0.0693359375 0.0087890625 0.0068359375
12 0.365234375 0.06591796875 0.0087890625 0.0068359375
11 0.439453125 0.072265625 0.00830078125 0.0068359375
12 0.4150390625 0.072265625 0.0087890625 0.0068359375
10 0.2431640625 0.08837890625 0.0166015625 0.0458984375
12 0.30126953125 0.0693359375 0.0087890625 0.0068359375
12 0.34423828125 0.078125 0.0087890625 0.0068359375
12 0.3193359375 0.0751953125 0.0087890625 0.00732421875
11 0.50048828125 0.078125 0.00830078125 0.0068359375
11 0.48046875 0.083984375 0.00830078125 0.0068359375
11 0.541015625 0.0810546875 0.00830078125 0.0068359375
11 0.52685546875 0.083984375 0.00830078125 0.0068359375
11 0.5126953125 0.0869140625 0.00830078125 0.0068359375
11 0.4521484375 0.0810546875 0.00830078125 0.0068359375
11 0.4677734375 0.0751953125 0.00830078125 0.00732421875
11 0.60498046875 0.12353515625 0.00830078125 0.0068359375
11 0.61865234375 0.12939453125 0.00830078125 0.0068359375
11 0.52197265625 0.14453125 0.00830078125 0.0068359375
11 0.65283203125 0.138671875 0.0078125 0.0068359375
11 0.63232421875 0.1357421875 0.00830078125 0.0068359375
11 0.53857421875 0.1357421875 0.00830078125 0.0068359375
11 0.58984375 0.12353515625 0.00830078125 0.0068359375
11 0.56884765625 0.13232421875 0.00830078125 0.0068359375
11 0.55517578125 0.12646484375 0.00830078125 0.00732421875
11 0.79296875 0.16552734375 0.00830078125 0.0068359375
11 0.7783203125 0.1591796875 0.00830078125 0.0068359375
11 0.80810546875 0.16259765625 0.00830078125 0.00732421875
12 0.7001953125 0.1591796875 0.0087890625 0.0068359375
12 0.7001953125 0.16552734375 0.0087890625 0.0068359375
12 0.7001953125 0.17431640625 0.0087890625 0.0068359375
11 0.7646484375 0.150390625 0.00830078125 0.0068359375
11 0.7373046875 0.1474609375 0.00830078125 0.00732421875
12 0.6669921875 0.1533203125 0.0087890625 0.0068359375
11 0.7236328125 0.138671875 0.00830078125 0.0068359375
21 0.32666015625 0.1611328125 0.00634765625 0.0185546875
11 0.3544921875 0.14453125 0.00830078125 0.0068359375
11 0.390625 0.1533203125 0.00830078125 0.0068359375
11 0.36962890625 0.1416015625 0.00830078125 0.00732421875
11 0.3408203125 0.138671875 0.00830078125 0.0068359375
12 0.23779296875 0.16552734375 0.0087890625 0.0068359375
12 0.23779296875 0.17431640625 0.0087890625 0.0068359375
12 0.23779296875 0.1591796875 0.0087890625 0.0068359375
13 0.29443359375 0.1591796875 0.01123046875 0.0068359375
13 0.29443359375 0.16552734375 0.01123046875 0.0068359375
13 0.29443359375 0.17431640625 0.01123046875 0.0068359375
12 0.2587890625 0.16552734375 0.0087890625 0.0068359375
12 0.2587890625 0.18310546875 0.0087890625 0.00732421875
21 0.470703125 0.1611328125 0.00634765625 0.0185546875
11 0.4189453125 0.16552734375 0.00830078125 0.0068359375
11 0.43408203125 0.17431640625 0.00830078125 0.0068359375
11 0.43408203125 0.16552734375 0.00830078125 0.0068359375
11 0.45654296875 0.16552734375 0.00830078125 0.0068359375
11 0.501953125 0.150390625 0.00830078125 0.0068359375
11 0.48486328125 0.1591796875 0.00830078125 0.0068359375
11 0.404296875 0.1591796875 0.0078125 0.0068359375
11 0.65283203125 0.20068359375 0.00830078125 0.00732421875
11 0.64111328125 0.19775390625 0.00830078125 0.0068359375
11 0.6640625 0.2099609375 0.00830078125 0.0068359375
11 0.6826171875 0.21875 0.00830078125 0.0068359375
11 0.587890625 0.2333984375 0.0078125 0.0068359375
11 0.57470703125 0.23974609375 0.0078125 0.0068359375
11 0.6279296875 0.212890625 0.00830078125 0.0068359375
11 0.6142578125 0.21875 0.00830078125 0.0068359375
11 0.60107421875 0.2275390625 0.00830078125 0.0068359375
13 0.79150390625 0.21875 0.01123046875 0.0068359375
13 0.79150390625 0.2275390625 0.01123046875 0.00732421875
11 0.72607421875 0.24853515625 0.00830078125 0.0068359375
11 0.71533203125 0.23974609375 0.00830078125 0.0068359375
11 0.70361328125 0.236328125 0.00830078125 0.00732421875
11 0.693359375 0.2275390625 0.00830078125 0.0068359375
11 0.7529296875 0.2333984375 0.00830078125 0.0068359375
11 0.76611328125 0.21875 0.00830078125 0.0068359375
11 0.73974609375 0.23974609375 0.00830078125 0.0068359375
11 0.31689453125 0.212890625 0.00830078125 0.0068359375
11 0.29443359375 0.212890625 0.00830078125 0.0068359375
11 0.3818359375 0.20068359375 0.00830078125 0.00732421875
11 0.35888671875 0.20068359375 0.00830078125 0.00732421875
12 0.33544921875 0.19775390625 0.0087890625 0.0068359375
11 0.2373046875 0.2333984375 0.00830078125 0.0068359375
11 0.26953125 0.2333984375 0.00830078125 0.0068359375
11 0.28125 0.23046875 0.00830078125 0.0068359375
8 0.25732421875 0.24560546875 0.00634765625 0.01806640625
11 0.25732421875 0.2333984375 0.00830078125 0.0068359375
13 0.4931640625 0.2216796875 0.01123046875 0.00732421875
13 0.4931640625 0.23046875 0.01123046875 0.00732421875
13 0.4931640625 0.23974609375 0.01123046875 0.0068359375
13 0.537109375 0.21875 0.01123046875 0.0068359375
12 0.39697265625 0.2216796875 0.0087890625 0.00732421875
21 0.41943359375 0.2353515625 0.00634765625 0.0185546875
13 0.44873046875 0.21875 0.01123046875 0.0068359375
13 0.44873046875 0.2275390625 0.01123046875 0.00732421875
11 0.646484375 0.31494140625 0.00830078125 0.00732421875
11 0.6298828125 0.32373046875 0.00830078125 0.0068359375
11 0.6162109375 0.31494140625 0.00830078125 0.00732421875
11 0.67578125 0.31494140625 0.00830078125 0.00732421875
11 0.5361328125 0.2998046875 0.00830078125 0.00732421875
11 0.69970703125 0.32373046875 0.00830078125 0.0068359375
11 0.66259765625 0.30908203125 0.00830078125 0.0068359375
11 0.5751953125 0.2939453125 0.00830078125 0.0068359375
11 0.55224609375 0.291015625 0.00830078125 0.0068359375
11 0.60302734375 0.30908203125 0.00830078125 0.0068359375
11 0.58935546875 0.296875 0.00830078125 0.0068359375
11 0.80859375 0.28515625 0.00830078125 0.00732421875
11 0.79541015625 0.2763671875 0.00830078125 0.0068359375
11 0.77880859375 0.2880859375 0.00830078125 0.0068359375
11 0.7158203125 0.31494140625 0.00830078125 0.00732421875
11 0.76416015625 0.28515625 0.00830078125 0.00732421875
11 0.74853515625 0.2939453125 0.00830078125 0.0068359375
11 0.73193359375 0.30322265625 0.00830078125 0.0068359375
12 0.34375 0.30908203125 0.0087890625 0.0068359375
12 0.33642578125 0.30908203125 0.0087890625 0.0068359375
12 0.34375 0.31494140625 0.0087890625 0.0068359375
12 0.29541015625 0.32080078125 0.0087890625 0.0068359375
11 0.404296875 0.32666015625 0.00830078125 0.0068359375
11 0.390625 0.32080078125 0.00830078125 0.0068359375
11 0.3759765625 0.32373046875 0.00830078125 0.0068359375
11 0.2373046875 0.32373046875 0.00830078125 0.0068359375
11 0.27978515625 0.32373046875 0.00830078125 0.0068359375
11 0.265625 0.32666015625 0.00830078125 0.0068359375
11 0.251953125 0.32080078125 0.00830078125 0.0068359375
11 0.50341796875 0.32373046875 0.00830078125 0.0068359375
11 0.46044921875 0.30615234375 0.0078125 0.0068359375
11 0.4755859375 0.30908203125 0.00830078125 0.0068359375
11 0.48876953125 0.31494140625 0.00830078125 0.00732421875
11 0.42041015625 0.32080078125 0.00830078125 0.0068359375
11 0.52001953125 0.31201171875 0.00830078125 0.0068359375
11 0.4443359375 0.31787109375 0.00830078125 0.0068359375
11 0.6005859375 0.37451171875 0.0078125 0.0068359375
11 0.65966796875 0.359375 0.00830078125 0.0068359375
11 0.6357421875 0.3564453125 0.00830078125 0.0068359375
11 0.61962890625 0.35009765625 0.00830078125 0.0068359375
11 0.521484375 0.37109375 0.0078125 0.0068359375
8 0.5087890625 0.38623046875 0.00634765625 0.017578125
11 0.58447265625 0.3623046875 0.00830078125 0.0068359375
11 0.56103515625 0.3681640625 0.00830078125 0.0068359375
11 0.50927734375 0.37451171875 0.00830078125 0.0068359375
11 0.54443359375 0.3564453125 0.00830078125 0.0068359375
13 0.7890625 0.3681640625 0.01123046875 0.0068359375
13 0.7890625 0.38037109375 0.01123046875 0.00732421875
11 0.71240234375 0.38037109375 0.00830078125 0.00732421875
11 0.6962890625 0.35009765625 0.00830078125 0.0068359375
11 0.6787109375 0.353515625 0.00830078125 0.0068359375
13 0.7421875 0.38623046875 0.01123046875 0.00732421875
13 0.7421875 0.39208984375 0.01123046875 0.0068359375
13 0.7421875 0.4013671875 0.01123046875 0.00732421875
11 0.3203125 0.39208984375 0.00830078125 0.0068359375
11 0.3203125 0.4013671875 0.00830078125 0.00732421875
11 0.30810546875 0.38916015625 0.00830078125 0.0068359375
11 0.3203125 0.38623046875 0.00830078125 0.0068359375
11 0.29736328125 0.38330078125 0.00830078125 0.0068359375
11 0.28515625 0.38623046875 0.00830078125 0.0068359375
11 0.3388671875 0.38623046875 0.00830078125 0.0068359375
11 0.3388671875 0.39208984375 0.00830078125 0.0068359375
11 0.3388671875 0.4013671875 0.00830078125 0.00732421875
11 0.2373046875 0.37109375 0.00830078125 0.0068359375
11 0.27099609375 0.4013671875 0.00830078125 0.00732421875
11 0.2587890625 0.4013671875 0.00830078125 0.00732421875
11 0.248046875 0.38037109375 0.00830078125 0.00732421875
12 0.43701171875 0.38037109375 0.0087890625 0.0068359375
11 0.41259765625 0.38330078125 0.00830078125 0.0068359375
11 0.40185546875 0.37109375 0.00830078125 0.0068359375
11 0.4814453125 0.37744140625 0.00830078125 0.0068359375
8 0.46142578125 0.38916015625 0.00634765625 0.01806640625
11 0.4619140625 0.37744140625 0.00830078125 0.0068359375
11 0.37744140625 0.37451171875 0.00830078125 0.0068359375
11 0.36376953125 0.38916015625 0.00830078125 0.0068359375
11 0.35302734375 0.37744140625 0.00830078125 0.0068359375
11 0.38818359375 0.38623046875 0.00830078125 0.0068359375
11 0.66845703125 0.4638671875 0.00830078125 0.0068359375
11 0.65380859375 0.47265625 0.00830078125 0.0068359375
11 0.69775390625 0.44873046875 0.00830078125 0.0068359375
11 0.71923828125 0.44580078125 0.0078125 0.0068359375
12 0.56640625 0.4638671875 0.0087890625 0.0068359375
11 0.68310546875 0.45751953125 0.00830078125 0.0068359375
12 0.56640625 0.45751953125 0.0087890625 0.0068359375
12 0.62841796875 0.44287109375 0.0087890625 0.0068359375
11 0.6025390625 0.44287109375 0.00830078125 0.0068359375
11 0.80908203125 0.45458984375 0.00830078125 0.0068359375
11 0.7958984375 0.45751953125 0.00830078125 0.0068359375
11 0.78125 0.4638671875 0.00830078125 0.0068359375
11 0.73046875 0.45458984375 0.00830078125 0.0068359375
11 0.7666015625 0.47265625 0.00830078125 0.0068359375
11 0.75537109375 0.45751953125 0.00830078125 0.0068359375
11 0.7421875 0.4609375 0.00830078125 0.0068359375
11 0.3349609375 0.466796875 0.00830078125 0.00732421875
11 0.3955078125 0.43701171875 0.0078125 0.0068359375
12 0.56640625 0.47265625 0.0087890625 0.0068359375
11 0.375 0.45166015625 0.00830078125 0.00732421875
11 0.35693359375 0.44580078125 0.00830078125 0.0068359375
13 0.23876953125 0.45166015625 0.01123046875 0.00732421875
13 0.29052734375 0.4638671875 0.01123046875 0.0068359375
13 0.29052734375 0.4580078125 0.01123046875 0.00732421875
13 0.29052734375 0.47265625 0.01123046875 0.00732421875
13 0.23876953125 0.44287109375 0.01123046875 0.00732421875
11 0.50634765625 0.45751953125 0.00830078125 0.0068359375
11 0.478515625 0.4638671875 0.00830078125 0.0068359375
11 0.45751953125 0.47265625 0.00830078125 0.0068359375
12 0.52734375 0.44287109375 0.0087890625 0.0068359375
11 0.42236328125 0.44873046875 0.00830078125 0.0068359375
11 0.439453125 0.4638671875 0.00830078125 0.0068359375
11 0.63720703125 0.51416015625 0.00830078125 0.0068359375
11 0.6162109375 0.5205078125 0.00830078125 0.0068359375
11 0.68408203125 0.5234375 0.00830078125 0.00732421875
11 0.66796875 0.5263671875 0.00830078125 0.0068359375
11 0.65380859375 0.51171875 0.00830078125 0.0068359375
11 0.55712890625 0.529296875 0.00830078125 0.0068359375
11 0.55712890625 0.53515625 0.00830078125 0.0068359375
11 0.55712890625 0.5439453125 0.00830078125 0.0068359375
11 0.60009765625 0.5234375 0.00830078125 0.00732421875
11 0.58544921875 0.51171875 0.00830078125 0.0068359375
12 0.80078125 0.5322265625 0.0087890625 0.0068359375
12 0.77978515625 0.5263671875 0.0087890625 0.0068359375
11 0.73193359375 0.5205078125 0.00830078125 0.0068359375
12 0.7060546875 0.5205078125 0.0087890625 0.0068359375
11 0.76220703125 0.5234375 0.00830078125 0.00732421875
11 0.751953125 0.5205078125 0.00830078125 0.0068359375
11 0.7421875 0.517578125 0.00830078125 0.00732421875
11 0.3251953125 0.54736328125 0.00830078125 0.0068359375
12 0.29541015625 0.529296875 0.0087890625 0.0068359375
12 0.29541015625 0.53515625 0.0087890625 0.0068359375
12 0.29541015625 0.5439453125 0.0087890625 0.0068359375
11 0.37255859375 0.55029296875 0.00830078125 0.0068359375
11 0.359375 0.529296875 0.00830078125 0.0068359375
11 0.279296875 0.529296875 0.00830078125 0.0068359375
11 0.3427734375 0.53515625 0.00830078125 0.0068359375
11 0.2373046875 0.5234375 0.00830078125 0.00732421875
11 0.26904296875 0.5234375 0.00830078125 0.00732421875
11 0.2587890625 0.5205078125 0.00830078125 0.0068359375
11 0.2490234375 0.5234375 0.0078125 0.00732421875
11 0.46728515625 0.529296875 0.00830078125 0.0068359375
11 0.443359375 0.53515625 0.00830078125 0.0068359375
13 0.521484375 0.529296875 0.01123046875 0.00732421875
13 0.521484375 0.53515625 0.01123046875 0.0068359375
13 0.521484375 0.54443359375 0.01123046875 0.00732421875
12 0.48193359375 0.529296875 0.0087890625 0.0068359375
12 0.48193359375 0.53515625 0.0087890625 0.0068359375
12 0.48193359375 0.5439453125 0.0087890625 0.0068359375
11 0.41259765625 0.529296875 0.00830078125 0.0068359375
11 0.42578125 0.55322265625 0.00830078125 0.00732421875
11 0.39599609375 0.53515625 0.00830078125 0.0068359375
11 0.640625 0.60107421875 0.00830078125 0.0068359375
11 0.662109375 0.59814453125 0.00830078125 0.0068359375
11 0.68359375 0.5947265625 0.00830078125 0.0068359375
11 0.5498046875 0.5947265625 0.00830078125 0.0068359375
11 0.57275390625 0.5888671875 0.00830078125 0.00732421875
11 0.59228515625 0.59814453125 0.00830078125 0.0068359375
11 0.62109375 0.591796875 0.00830078125 0.0068359375
13 0.7177734375 0.60693359375 0.01123046875 0.0068359375
13 0.77490234375 0.61572265625 0.01123046875 0.00732421875
13 0.77490234375 0.60693359375 0.01123046875 0.0068359375
13 0.77490234375 0.60107421875 0.01123046875 0.0068359375
12 0.33935546875 0.580078125 0.0087890625 0.0068359375
12 0.37841796875 0.5830078125 0.0087890625 0.0068359375
10 0.19287109375 0.6025390625 0.0166015625 0.0458984375
12 0.23779296875 0.5830078125 0.0087890625 0.0068359375
12 0.267578125 0.5888671875 0.0087890625 0.0068359375
12 0.306640625 0.591796875 0.0087890625 0.0068359375
12 0.49169921875 0.5859375 0.0087890625 0.0068359375
11 0.5302734375 0.5859375 0.0078125 0.0068359375
12 0.40869140625 0.5888671875 0.0087890625 0.0068359375
12 0.447265625 0.591796875 0.0087890625 0.0068359375