11 0.63330078125 0.3232421875 0.0068359375 0.005859375
11 0.63330078125 0.2568359375 0.0068359375 0.005859375
11 0.63330078125 0.2060546875 0.0068359375 0.005859375
12 0.607421875 0.03662109375 0.00732421875 0.005859375
11 0.61572265625 0.14990234375 0.0068359375 0.00634765625
11 0.61572265625 0.2060546875 0.0068359375 0.005859375
11 0.61572265625 0.2568359375 0.0068359375 0.005859375
11 0.61572265625 0.3232421875 0.0068359375 0.005859375
11 0.63330078125 0.14990234375 0.0068359375 0.00634765625
11 0.63330078125 0.08740234375 0.0068359375 0.00634765625
11 0.67041015625 0.328125 0.0068359375 0.00634765625
11 0.67041015625 0.26220703125 0.0068359375 0.00634765625
11 0.67041015625 0.20361328125 0.0068359375 0.005859375
11 0.67041015625 0.1474609375 0.0068359375 0.005859375
12 0.67041015625 0.08740234375 0.00732421875 0.00634765625
9 0.65625 0.31298828125 0.005859375 0.01513671875
11 0.65087890625 0.2568359375 0.0068359375 0.005859375
11 0.65087890625 0.2060546875 0.0068359375 0.005859375
11 0.65087890625 0.14990234375 0.0068359375 0.00634765625
11 0.65087890625 0.3232421875 0.0068359375 0.005859375
11 0.64208984375 0.03955078125 0.0068359375 0.00634765625
8 0.650390625 0.26708984375 0.00537109375 0.01513671875
8 0.650390625 0.2158203125 0.00537109375 0.01513671875
8 0.650390625 0.16015625 0.00537109375 0.01513671875
11 0.5615234375 0.14990234375 0.0068359375 0.00634765625
11 0.5615234375 0.20849609375 0.0068359375 0.00634765625
11 0.5439453125 0.3232421875 0.0068359375 0.005859375
11 0.5615234375 0.3232421875 0.0068359375 0.005859375
11 0.5615234375 0.2568359375 0.0068359375 0.005859375
11 0.5439453125 0.2568359375 0.0068359375 0.005859375
11 0.5439453125 0.20849609375 0.0068359375 0.00634765625
11 0.5439453125 0.14990234375 0.0068359375 0.00634765625
12 0.53564453125 0.0341796875 0.00732421875 0.005859375
8 0.57861328125 0.26708984375 0.00537109375 0.01513671875
8 0.57861328125 0.21875 0.00537109375 0.01513671875
8 0.57861328125 0.16015625 0.00537109375 0.01513671875
11 0.5791015625 0.3232421875 0.0068359375 0.005859375
11 0.5791015625 0.2568359375 0.0068359375 0.005859375
11 0.5791015625 0.20849609375 0.0068359375 0.00634765625
11 0.5791015625 0.14990234375 0.0068359375 0.00634765625
11 0.5986328125 0.14990234375 0.0068359375 0.00634765625
11 0.5986328125 0.3232421875 0.0068359375 0.005859375
11 0.5986328125 0.2568359375 0.0068359375 0.005859375
11 0.5986328125 0.2060546875 0.0068359375 0.005859375
12 0.5986328125 0.0849609375 0.00732421875 0.005859375
9 0.58447265625 0.31298828125 0.005859375 0.01513671875
11 0.787109375 0.328125 0.0068359375 0.00634765625
11 0.787109375 0.26220703125 0.0068359375 0.00634765625
11 0.787109375 0.20361328125 0.0068359375 0.005859375
11 0.787109375 0.1474609375 0.0068359375 0.005859375
11 0.76953125 0.328125 0.0068359375 0.00634765625
11 0.76953125 0.26220703125 0.0068359375 0.00634765625
11 0.76953125 0.20361328125 0.0068359375 0.005859375
11 0.76953125 0.1474609375 0.0068359375 0.005859375
12 0.76123046875 0.04443359375 0.00732421875 0.00634765625
22 0.4736328125 0.05126953125 0.0068359375 0.00341796875
22 0.4736328125 0.10400390625 0.0068359375 0.00341796875
22 0.4736328125 0.15869140625 0.0068359375 0.00341796875
22 0.55322265625 0.05126953125 0.0068359375 0.00341796875
11 0.81103515625 0.20361328125 0.0068359375 0.005859375
11 0.81103515625 0.1474609375 0.0068359375 0.005859375
15 0.81103515625 0.1083984375 0.0068359375 0.009765625
11 0.798828125 0.2060546875 0.0068359375 0.005859375
11 0.798828125 0.14990234375 0.0068359375 0.00634765625
11 0.70556640625 0.1474609375 0.0068359375 0.005859375
11 0.70556640625 0.328125 0.0068359375 0.00634765625
11 0.70556640625 0.26220703125 0.0068359375 0.00634765625
11 0.70556640625 0.20361328125 0.0068359375 0.005859375
11 0.71728515625 0.2060546875 0.0068359375 0.005859375
11 0.71728515625 0.14990234375 0.0068359375 0.00634765625
12 0.67919921875 0.03955078125 0.00732421875 0.005859375
11 0.6875 0.26220703125 0.0068359375 0.00634765625
11 0.6875 0.328125 0.0068359375 0.00634765625
11 0.6875 0.20361328125 0.0068359375 0.005859375
11 0.6875 0.1474609375 0.0068359375 0.005859375
8 0.74853515625 0.0546875 0.00537109375 0.01513671875
11 0.74853515625 0.328125 0.0068359375 0.00634765625
11 0.74853515625 0.26220703125 0.0068359375 0.00634765625
11 0.74853515625 0.20361328125 0.0068359375 0.005859375
11 0.74853515625 0.1474609375 0.0068359375 0.005859375
12 0.7490234375 0.09228515625 0.00732421875 0.005859375
11 0.74853515625 0.04443359375 0.0068359375 0.00634765625
11 0.7294921875 0.26220703125 0.0068359375 0.00634765625
8 0.72900390625 0.1025390625 0.00537109375 0.01513671875
11 0.7294921875 0.328125 0.0068359375 0.00634765625
11 0.7294921875 0.20361328125 0.0068359375 0.005859375
11 0.7294921875 0.1474609375 0.0068359375 0.005859375
11 0.7294921875 0.09228515625 0.0068359375 0.005859375
9 0.73486328125 0.3154296875 0.005859375 0.0146484375
9 0.73486328125 0.251953125 0.005859375 0.01513671875
9 0.28271484375 0.30517578125 0.005859375 0.01513671875
9 0.28271484375 0.2568359375 0.005859375 0.01513671875
12 0.29638671875 0.0419921875 0.00732421875 0.005859375
9 0.28271484375 0.203125 0.005859375 0.01513671875
11 0.31396484375 0.0849609375 0.0068359375 0.005859375
11 0.29638671875 0.31298828125 0.0068359375 0.005859375
11 0.29638671875 0.2646484375 0.0068359375 0.005859375
11 0.29638671875 0.20849609375 0.0068359375 0.00634765625
11 0.29638671875 0.15966796875 0.0068359375 0.005859375
11 0.29638671875 0.0849609375 0.0068359375 0.005859375
11 0.34228515625 0.2646484375 0.0068359375 0.005859375
11 0.34228515625 0.31298828125 0.0068359375 0.005859375
11 0.34228515625 0.2109375 0.0068359375 0.005859375
11 0.34228515625 0.0849609375 0.0068359375 0.005859375
11 0.34228515625 0.046875 0.0068359375 0.005859375
11 0.31396484375 0.31298828125 0.0068359375 0.005859375
11 0.31396484375 0.2646484375 0.0068359375 0.005859375
11 0.31396484375 0.20849609375 0.0068359375 0.00634765625
11 0.31396484375 0.15966796875 0.0068359375 0.005859375
11 0.326171875 0.31298828125 0.0068359375 0.005859375
11 0.326171875 0.2646484375 0.0068359375 0.005859375
11 0.326171875 0.20849609375 0.0068359375 0.00634765625
11 0.326171875 0.15966796875 0.0068359375 0.005859375
11 0.326171875 0.0849609375 0.0068359375 0.005859375
8 0.27685546875 0.169921875 0.00537109375 0.01513671875
11 0.22412109375 0.3154296875 0.0068359375 0.00634765625
11 0.22412109375 0.26708984375 0.0068359375 0.005859375
11 0.22412109375 0.21337890625 0.0068359375 0.005859375
11 0.22412109375 0.15966796875 0.0068359375 0.005859375
11 0.22412109375 0.07958984375 0.0068359375 0.005859375
12 0.224609375 0.046875 0.00732421875 0.005859375
1 0.19140625 0.30615234375 0.0146484375 0.01806640625
1 0.19140625 0.1611328125 0.0146484375 0.017578125
1 0.19140625 0.2578125 0.0146484375 0.01806640625
1 0.19140625 0.20947265625 0.0146484375 0.017578125
1 0.19140625 0.10595703125 0.0146484375 0.017578125
11 0.27685546875 0.26708984375 0.0068359375 0.005859375
8 0.27685546875 0.10009765625 0.00537109375 0.01513671875
11 0.27685546875 0.3154296875 0.0068359375 0.00634765625
11 0.27685546875 0.21337890625 0.0068359375 0.005859375
11 0.27685546875 0.15966796875 0.0068359375 0.005859375
11 0.27685546875 0.08740234375 0.0068359375 0.00634765625
11 0.24169921875 0.3154296875 0.0068359375 0.00634765625
11 0.24169921875 0.26708984375 0.0068359375 0.005859375
11 0.24169921875 0.21337890625 0.0068359375 0.005859375
11 0.24169921875 0.15966796875 0.0068359375 0.005859375
11 0.24169921875 0.0849609375 0.0068359375 0.005859375
11 0.25927734375 0.3154296875 0.0068359375 0.00634765625
11 0.25927734375 0.26708984375 0.0068359375 0.005859375
11 0.25927734375 0.21337890625 0.0068359375 0.005859375
11 0.25927734375 0.15966796875 0.0068359375 0.005859375
11 0.25927734375 0.0849609375 0.0068359375 0.005859375
11 0.25927734375 0.03955078125 0.0068359375 0.00634765625
11 0.34228515625 0.16259765625 0.0068359375 0.005859375
19 0.4375 0.306640625 0.0068359375 0.00341796875
19 0.4375 0.25830078125 0.0068359375 0.00341796875
19 0.4375 0.20947265625 0.0068359375 0.0029296875
15 0.4375 0.05517578125 0.00634765625 0.009765625
19 0.40869140625 0.05322265625 0.0068359375 0.00341796875
19 0.40869140625 0.10595703125 0.0068359375 0.00341796875
19 0.40869140625 0.306640625 0.0068359375 0.00341796875
19 0.40869140625 0.25830078125 0.0068359375 0.00341796875
19 0.40869140625 0.20947265625 0.0068359375 0.0029296875
19 0.40869140625 0.1611328125 0.0068359375 0.00341796875
11 0.5263671875 0.20849609375 0.0068359375 0.00634765625
11 0.5263671875 0.3232421875 0.0068359375 0.005859375
11 0.5263671875 0.2568359375 0.0068359375 0.005859375
11 0.5263671875 0.14990234375 0.0068359375 0.00634765625
12 0.52685546875 0.08251953125 0.00732421875 0.005859375
15 0.50830078125 0.30859375 0.0068359375 0.009765625
15 0.50830078125 0.26025390625 0.0068359375 0.009765625
15 0.50830078125 0.21142578125 0.0068359375 0.009765625
9 0.365234375 0.302734375 0.005859375 0.0146484375
9 0.365234375 0.25439453125 0.005859375 0.0146484375
8 0.359375 0.22021484375 0.00537109375 0.01513671875
8 0.359375 0.171875 0.00537109375 0.01513671875
11 0.37939453125 0.30517578125 0.0068359375 0.005859375
11 0.37939453125 0.2568359375 0.0068359375 0.005859375
11 0.37939453125 0.20849609375 0.0068359375 0.00634765625
11 0.37939453125 0.15966796875 0.0068359375 0.005859375
11 0.37939453125 0.08740234375 0.0068359375 0.00634765625
11 0.37939453125 0.04443359375 0.0068359375 0.00634765625
11 0.35986328125 0.16259765625 0.0068359375 0.005859375
8 0.359375 0.10009765625 0.00537109375 0.01513671875
11 0.35986328125 0.31298828125 0.0068359375 0.005859375
11 0.35986328125 0.2646484375 0.0068359375 0.005859375
11 0.35986328125 0.2109375 0.0068359375 0.005859375
11 0.35986328125 0.0849609375 0.0068359375 0.005859375
15 0.39697265625 0.26025390625 0.0068359375 0.009765625
15 0.39697265625 0.30859375 0.0068359375 0.009765625
15 0.39697265625 0.21142578125 0.0068359375 0.009765625
15 0.39697265625 0.1630859375 0.0068359375 0.009765625
15 0.39697265625 0.1083984375 0.0068359375 0.009765625
15 0.39697265625 0.05517578125 0.0068359375 0.009765625
8 0.63427734375 0.48193359375 0.00537109375 0.01513671875
11 0.634765625 0.64501953125 0.0068359375 0.005859375
11 0.634765625 0.4716796875 0.0068359375 0.005859375
11 0.634765625 0.5302734375 0.0068359375 0.005859375
11 0.634765625 0.57861328125 0.0068359375 0.005859375
11 0.6142578125 0.4716796875 0.0068359375 0.005859375
11 0.6142578125 0.5302734375 0.0068359375 0.005859375
11 0.6142578125 0.57861328125 0.0068359375 0.005859375
11 0.6142578125 0.64501953125 0.0068359375 0.005859375
12 0.65673828125 0.4130859375 0.00732421875 0.005859375
8 0.63427734375 0.54052734375 0.00537109375 0.01513671875
8 0.63427734375 0.5888671875 0.00537109375 0.01513671875
9 0.64013671875 0.634765625 0.005859375 0.01513671875
11 0.65625 0.4716796875 0.0068359375 0.005859375
11 0.65625 0.52783203125 0.0068359375 0.005859375
11 0.65625 0.57861328125 0.0068359375 0.005859375
11 0.65625 0.64501953125 0.0068359375 0.005859375
11 0.54833984375 0.52783203125 0.0068359375 0.005859375
11 0.54833984375 0.58642578125 0.0068359375 0.00634765625
11 0.54833984375 0.63525390625 0.0068359375 0.005859375
11 0.54833984375 0.4716796875 0.0068359375 0.005859375
9 0.5537109375 0.576171875 0.005859375 0.01513671875
9 0.5537109375 0.62451171875 0.005859375 0.01513671875
15 0.56982421875 0.38818359375 0.00634765625 0.009765625
12 0.5703125 0.41064453125 0.00732421875 0.005859375
11 0.56982421875 0.4716796875 0.0068359375 0.005859375
11 0.56982421875 0.5302734375 0.0068359375 0.005859375
11 0.56982421875 0.57861328125 0.0068359375 0.005859375
11 0.53515625 0.47412109375 0.0068359375 0.00634765625
11 0.53515625 0.5302734375 0.0068359375 0.005859375
15 0.54833984375 0.4365234375 0.0068359375 0.009765625
12 0.58349609375 0.3671875 0.00732421875 0.005859375
11 0.59326171875 0.4716796875 0.0068359375 0.005859375
11 0.59326171875 0.5302734375 0.0068359375 0.005859375
11 0.59326171875 0.57861328125 0.0068359375 0.005859375
11 0.59326171875 0.64501953125 0.0068359375 0.005859375
11 0.56982421875 0.64501953125 0.0068359375 0.005859375
11 0.78076171875 0.64990234375 0.0068359375 0.005859375
11 0.78076171875 0.583984375 0.0068359375 0.005859375
11 0.78076171875 0.525390625 0.0068359375 0.005859375
11 0.78076171875 0.46923828125 0.0068359375 0.005859375
11 0.7939453125 0.4716796875 0.0068359375 0.005859375
11 0.7939453125 0.52783203125 0.0068359375 0.005859375
12 0.75 0.3720703125 0.00732421875 0.005859375
11 0.759765625 0.46923828125 0.0068359375 0.005859375
11 0.759765625 0.525390625 0.0068359375 0.005859375
11 0.759765625 0.583984375 0.0068359375 0.005859375
11 0.759765625 0.64990234375 0.0068359375 0.005859375
9 0.81298828125 0.63720703125 0.005859375 0.01513671875
11 0.8076171875 0.4208984375 0.0068359375 0.00634765625
11 0.8076171875 0.46923828125 0.0068359375 0.005859375
11 0.8076171875 0.525390625 0.0068359375 0.005859375
11 0.8076171875 0.583984375 0.0068359375 0.005859375
11 0.8076171875 0.64990234375 0.0068359375 0.005859375
8 0.80712890625 0.43115234375 0.00537109375 0.01513671875
9 0.81298828125 0.57373046875 0.005859375 0.0146484375
11 0.697265625 0.64501953125 0.0068359375 0.005859375
11 0.697265625 0.57861328125 0.0068359375 0.005859375
11 0.70751953125 0.3720703125 0.0068359375 0.005859375
11 0.7177734375 0.4716796875 0.0068359375 0.005859375
11 0.7177734375 0.52783203125 0.0068359375 0.005859375
12 0.6669921875 0.36962890625 0.00732421875 0.005859375
11 0.6767578125 0.4716796875 0.0068359375 0.005859375
11 0.6767578125 0.52783203125 0.0068359375 0.005859375
11 0.6767578125 0.57861328125 0.0068359375 0.005859375
11 0.6767578125 0.64501953125 0.0068359375 0.005859375
11 0.7177734375 0.57861328125 0.0068359375 0.005859375
11 0.697265625 0.416015625 0.0068359375 0.005859375
11 0.697265625 0.4716796875 0.0068359375 0.005859375
11 0.697265625 0.52783203125 0.0068359375 0.005859375
11 0.7177734375 0.64501953125 0.0068359375 0.005859375
8 0.71728515625 0.48193359375 0.00537109375 0.01513671875
8 0.71728515625 0.5380859375 0.00537109375 0.01513671875
8 0.71728515625 0.5888671875 0.00537109375 0.01513671875
9 0.72314453125 0.634765625 0.005859375 0.01513671875
12 0.73974609375 0.416015625 0.00732421875 0.005859375
11 0.73974609375 0.46923828125 0.0068359375 0.005859375
11 0.73974609375 0.525390625 0.0068359375 0.005859375
11 0.73974609375 0.583984375 0.0068359375 0.005859375
11 0.73974609375 0.64990234375 0.0068359375 0.005859375
11 0.2890625 0.64013671875 0.0068359375 0.00634765625
8 0.28857421875 0.484375 0.00537109375 0.01513671875
8 0.28857421875 0.53564453125 0.00537109375 0.01513671875
9 0.294921875 0.576171875 0.005859375 0.01513671875
9 0.294921875 0.6298828125 0.005859375 0.01513671875
12 0.31103515625 0.42333984375 0.00732421875 0.005859375
11 0.31103515625 0.4716796875 0.0068359375 0.005859375
11 0.31103515625 0.525390625 0.0068359375 0.005859375
11 0.31103515625 0.58642578125 0.0068359375 0.00634765625
11 0.31103515625 0.64013671875 0.0068359375 0.00634765625
11 0.35205078125 0.4716796875 0.0068359375 0.005859375
11 0.35205078125 0.525390625 0.0068359375 0.005859375
11 0.35205078125 0.58642578125 0.0068359375 0.00634765625
11 0.35205078125 0.64013671875 0.0068359375 0.00634765625
11 0.35205078125 0.41845703125 0.0068359375 0.005859375
11 0.521484375 0.63525390625 0.0068359375 0.005859375
11 0.36181640625 0.3671875 0.0068359375 0.00634765625
12 0.3212890625 0.3720703125 0.00732421875 0.005859375
11 0.3310546875 0.4716796875 0.0068359375 0.005859375
11 0.3310546875 0.525390625 0.0068359375 0.005859375
11 0.3310546875 0.58642578125 0.0068359375 0.00634765625
11 0.3310546875 0.64013671875 0.0068359375 0.00634765625
11 0.2890625 0.58642578125 0.0068359375 0.00634765625
12 0.224609375 0.41845703125 0.00732421875 0.005859375
1 0.19140625 0.57958984375 0.0146484375 0.01806640625
1 0.19140625 0.62841796875 0.0146484375 0.017578125
15 0.22412109375 0.38818359375 0.00634765625 0.009765625
11 0.22412109375 0.466796875 0.0068359375 0.005859375
11 0.22412109375 0.52001953125 0.0068359375 0.005859375
11 0.22412109375 0.58642578125 0.0068359375 0.00634765625
11 0.22412109375 0.64013671875 0.0068359375 0.00634765625
1 0.19140625 0.4345703125 0.0146484375 0.01806640625
1 0.19140625 0.48291015625 0.0146484375 0.01806640625
1 0.19140625 0.53125 0.0146484375 0.01806640625
11 0.2685546875 0.4716796875 0.0068359375 0.005859375
11 0.2685546875 0.525390625 0.0068359375 0.005859375
11 0.2685546875 0.58642578125 0.0068359375 0.00634765625
11 0.2685546875 0.64013671875 0.0068359375 0.00634765625
11 0.2890625 0.47412109375 0.0068359375 0.00634765625
11 0.2890625 0.525390625 0.0068359375 0.005859375
12 0.23779296875 0.3798828125 0.00732421875 0.005859375
11 0.24755859375 0.4716796875 0.0068359375 0.005859375
11 0.24755859375 0.525390625 0.0068359375 0.005859375
11 0.24755859375 0.58642578125 0.0068359375 0.00634765625
11 0.24755859375 0.64013671875 0.0068359375 0.00634765625
11 0.48046875 0.52783203125 0.0068359375 0.005859375
8 0.45849609375 0.54052734375 0.00537109375 0.01513671875
9 0.46435546875 0.576171875 0.005859375 0.01513671875
9 0.46435546875 0.62451171875 0.005859375 0.01513671875
12 0.48046875 0.4130859375 0.00732421875 0.005859375
11 0.48046875 0.4716796875 0.0068359375 0.005859375
11 0.48046875 0.58642578125 0.0068359375 0.00634765625
11 0.48046875 0.63525390625 0.0068359375 0.005859375
11 0.43798828125 0.4716796875 0.0068359375 0.005859375
11 0.43798828125 0.52783203125 0.0068359375 0.005859375
11 0.43798828125 0.58642578125 0.0068359375 0.00634765625
11 0.43798828125 0.63525390625 0.0068359375 0.005859375
11 0.458984375 0.47412109375 0.0068359375 0.00634765625
11 0.458984375 0.5302734375 0.0068359375 0.005859375
11 0.458984375 0.58642578125 0.0068359375 0.00634765625
11 0.458984375 0.63525390625 0.0068359375 0.005859375
8 0.45849609375 0.484375 0.00537109375 0.01513671875
12 0.49072265625 0.36962890625 0.00732421875 0.005859375
11 0.5009765625 0.4716796875 0.0068359375 0.005859375
11 0.5009765625 0.52783203125 0.0068359375 0.005859375
11 0.5009765625 0.58642578125 0.0068359375 0.00634765625
11 0.5009765625 0.63525390625 0.0068359375 0.005859375
11 0.521484375 0.4716796875 0.0068359375 0.005859375
11 0.521484375 0.52783203125 0.0068359375 0.005859375
11 0.521484375 0.58642578125 0.0068359375 0.00634765625
8 0.3935546875 0.3798828125 0.00537109375 0.01513671875
11 0.3720703125 0.47412109375 0.0068359375 0.00634765625
11 0.3720703125 0.52294921875 0.0068359375 0.005859375
11 0.3720703125 0.58642578125 0.0068359375 0.00634765625
11 0.3720703125 0.64013671875 0.0068359375 0.00634765625
8 0.3720703125 0.484375 0.00537109375 0.01513671875
8 0.3720703125 0.533203125 0.00537109375 0.01513671875
9 0.3779296875 0.576171875 0.005859375 0.01513671875
9 0.3779296875 0.6298828125 0.005859375 0.01513671875
11 0.3935546875 0.36962890625 0.0068359375 0.005859375
12 0.39404296875 0.416015625 0.00732421875 0.005859375
11 0.3935546875 0.4716796875 0.0068359375 0.005859375
11 0.3935546875 0.52783203125 0.0068359375 0.005859375
11 0.3935546875 0.58642578125 0.0068359375 0.00634765625
11 0.3935546875 0.63525390625 0.0068359375 0.005859375
11 0.41748046875 0.58642578125 0.0068359375 0.00634765625
12 0.40771484375 0.3671875 0.00732421875 0.005859375
11 0.41748046875 0.4716796875 0.0068359375 0.005859375
11 0.41748046875 0.52783203125 0.0068359375 0.005859375
11 0.41748046875 0.63525390625 0.0068359375 0.005859375
11 0.61474609375 0.96728515625 0.0068359375 0.005859375
11 0.61474609375 0.90087890625 0.0068359375 0.005859375
11 0.61474609375 0.849609375 0.0068359375 0.005859375
11 0.61474609375 0.80126953125 0.0068359375 0.005859375
11 0.61474609375 0.7451171875 0.0068359375 0.00634765625
11 0.63427734375 0.80126953125 0.0068359375 0.005859375
11 0.59521484375 0.7451171875 0.0068359375 0.00634765625
11 0.59521484375 0.80126953125 0.0068359375 0.005859375
11 0.59521484375 0.849609375 0.0068359375 0.005859375
11 0.59521484375 0.90087890625 0.0068359375 0.005859375
11 0.59521484375 0.96728515625 0.0068359375 0.005859375
11 0.6552734375 0.96728515625 0.0068359375 0.005859375
11 0.6552734375 0.90087890625 0.0068359375 0.005859375
11 0.6552734375 0.84716796875 0.0068359375 0.005859375
11 0.6552734375 0.798828125 0.0068359375 0.00634765625
11 0.6552734375 0.74267578125 0.0068359375 0.005859375
11 0.63427734375 0.7451171875 0.0068359375 0.00634765625
11 0.63427734375 0.849609375 0.0068359375 0.005859375
11 0.63427734375 0.90087890625 0.0068359375 0.005859375
11 0.63427734375 0.96728515625 0.0068359375 0.005859375
8 0.63427734375 0.75537109375 0.00537109375 0.01513671875
8 0.63427734375 0.8115234375 0.00537109375 0.01513671875
8 0.63427734375 0.85986328125 0.00537109375 0.01513671875
8 0.63427734375 0.9111328125 0.00537109375 0.01513671875
9 0.64013671875 0.95703125 0.005859375 0.0146484375
11 0.51611328125 0.8525390625 0.0068359375 0.005859375
11 0.55517578125 0.96728515625 0.0068359375 0.005859375
8 0.55517578125 0.81396484375 0.00537109375 0.01513671875
8 0.55517578125 0.7578125 0.00537109375 0.01513671875
11 0.55517578125 0.90087890625 0.0068359375 0.005859375
11 0.55517578125 0.8525390625 0.0068359375 0.005859375
11 0.55517578125 0.8037109375 0.0068359375 0.00634765625
11 0.55517578125 0.748046875 0.0068359375 0.005859375
11 0.51611328125 0.8037109375 0.0068359375 0.00634765625
11 0.51611328125 0.96728515625 0.0068359375 0.005859375
11 0.53564453125 0.8525390625 0.0068359375 0.005859375
11 0.53564453125 0.96728515625 0.0068359375 0.005859375
11 0.53564453125 0.90087890625 0.0068359375 0.005859375
11 0.51611328125 0.90087890625 0.0068359375 0.005859375
11 0.53564453125 0.8037109375 0.0068359375 0.00634765625
11 0.53564453125 0.748046875 0.0068359375 0.005859375
19 0.5361328125 0.7080078125 0.00732421875 0.00341796875
9 0.56103515625 0.95703125 0.005859375 0.0146484375
8 0.55517578125 0.9111328125 0.00537109375 0.01513671875
11 0.57568359375 0.7451171875 0.0068359375 0.00634765625
8 0.55517578125 0.86279296875 0.00537109375 0.01513671875
11 0.57568359375 0.80126953125 0.0068359375 0.005859375
11 0.57568359375 0.849609375 0.0068359375 0.005859375
11 0.57568359375 0.90087890625 0.0068359375 0.005859375
11 0.57568359375 0.96728515625 0.0068359375 0.005859375
11 0.51611328125 0.748046875 0.0068359375 0.005859375
11 0.77294921875 0.94921875 0.0068359375 0.005859375
11 0.77294921875 0.90087890625 0.0068359375 0.005859375
11 0.77294921875 0.84228515625 0.0068359375 0.005859375
11 0.77294921875 0.7939453125 0.0068359375 0.005859375
11 0.77294921875 0.73779296875 0.0068359375 0.005859375
11 0.7919921875 0.75048828125 0.0068359375 0.00634765625
21 0.7431640625 0.70849609375 0.00537109375 0.015625
11 0.7919921875 0.7939453125 0.0068359375 0.005859375
11 0.75341796875 0.94921875 0.0068359375 0.005859375
11 0.75341796875 0.90087890625 0.0068359375 0.005859375
11 0.75341796875 0.8447265625 0.0068359375 0.005859375
11 0.75341796875 0.79638671875 0.0068359375 0.005859375
11 0.75341796875 0.740234375 0.0068359375 0.005859375
22 0.6064453125 0.7060546875 0.0068359375 0.00341796875
22 0.685546875 0.7060546875 0.0068359375 0.00341796875
8 0.79150390625 0.857421875 0.00537109375 0.01513671875
8 0.79150390625 0.8037109375 0.00537109375 0.01513671875
8 0.79150390625 0.7607421875 0.00537109375 0.01513671875
11 0.7919921875 0.94921875 0.0068359375 0.005859375
11 0.7919921875 0.90087890625 0.0068359375 0.005859375
11 0.7919921875 0.84716796875 0.0068359375 0.005859375
8 0.79150390625 0.95947265625 0.00537109375 0.01513671875
8 0.79150390625 0.9111328125 0.00537109375 0.01513671875
11 0.69384765625 0.96728515625 0.0068359375 0.005859375
11 0.69384765625 0.90087890625 0.0068359375 0.005859375
11 0.69384765625 0.84716796875 0.0068359375 0.005859375
11 0.69384765625 0.798828125 0.0068359375 0.00634765625
11 0.69384765625 0.74267578125 0.0068359375 0.005859375
11 0.67431640625 0.90087890625 0.0068359375 0.005859375
11 0.67431640625 0.96728515625 0.0068359375 0.005859375
11 0.67431640625 0.84716796875 0.0068359375 0.005859375
11 0.67431640625 0.798828125 0.0068359375 0.00634765625
11 0.67431640625 0.74267578125 0.0068359375 0.005859375
11 0.734375 0.94921875 0.0068359375 0.005859375
11 0.734375 0.90087890625 0.0068359375 0.005859375
11 0.734375 0.8447265625 0.0068359375 0.005859375
8 0.71337890625 0.80908203125 0.00537109375 0.01513671875
8 0.71337890625 0.7529296875 0.00537109375 0.01513671875
11 0.71337890625 0.96728515625 0.0068359375 0.005859375
11 0.71337890625 0.90087890625 0.0068359375 0.005859375
11 0.71337890625 0.84716796875 0.0068359375 0.005859375
11 0.71337890625 0.798828125 0.0068359375 0.00634765625
11 0.71337890625 0.74267578125 0.0068359375 0.005859375
11 0.734375 0.79638671875 0.0068359375 0.005859375
11 0.734375 0.740234375 0.0068359375 0.005859375
9 0.71875 0.95703125 0.005859375 0.0146484375
8 0.71337890625 0.9111328125 0.00537109375 0.01513671875
8 0.71337890625 0.857421875 0.00537109375 0.01513671875
11 0.2919921875 0.84716796875 0.0068359375 0.005859375
11 0.2919921875 0.791015625 0.0068359375 0.005859375
15 0.2919921875 0.7587890625 0.0068359375 0.009765625
11 0.31103515625 0.8447265625 0.0068359375 0.005859375
11 0.31103515625 0.95947265625 0.0068359375 0.005859375
11 0.31103515625 0.90625 0.0068359375 0.005859375
11 0.31103515625 0.791015625 0.0068359375 0.005859375
12 0.3115234375 0.74267578125 0.00732421875 0.005859375
15 0.31103515625 0.7099609375 0.0068359375 0.009765625
11 0.35302734375 0.95947265625 0.0068359375 0.005859375
11 0.3720703125 0.95947265625 0.0068359375 0.005859375
11 0.3720703125 0.90625 0.0068359375 0.005859375
11 0.3720703125 0.8525390625 0.0068359375 0.005859375
11 0.3720703125 0.791015625 0.0068359375 0.005859375
11 0.35302734375 0.90625 0.0068359375 0.005859375
11 0.33349609375 0.95947265625 0.0068359375 0.005859375
11 0.33349609375 0.90625 0.0068359375 0.005859375
11 0.33349609375 0.849609375 0.0068359375 0.005859375
11 0.33349609375 0.791015625 0.0068359375 0.005859375
12 0.32373046875 0.70166015625 0.00732421875 0.005859375
11 0.35302734375 0.849609375 0.0068359375 0.005859375
11 0.35302734375 0.791015625 0.0068359375 0.005859375
11 0.35302734375 0.73779296875 0.0068359375 0.005859375
11 0.22412109375 0.90625 0.0068359375 0.005859375
11 0.22412109375 0.84716796875 0.0068359375 0.005859375
11 0.22412109375 0.791015625 0.0068359375 0.005859375
12 0.224609375 0.74267578125 0.00732421875 0.005859375
11 0.22412109375 0.69921875 0.0068359375 0.005859375
11 0.22412109375 0.97216796875 0.0068359375 0.005859375
1 0.19140625 0.9501953125 0.0146484375 0.01806640625
1 0.19140625 0.90185546875 0.0146484375 0.01806640625
8 0.22412109375 0.70947265625 0.00537109375 0.01513671875
22 0.763671875 0.7060546875 0.00732421875 0.00341796875
1 0.19140625 0.853515625 0.0146484375 0.01806640625
1 0.19140625 0.8046875 0.0146484375 0.017578125
1 0.19140625 0.75634765625 0.0146484375 0.01806640625
11 0.2666015625 0.97216796875 0.0068359375 0.005859375
11 0.2666015625 0.90625 0.0068359375 0.005859375
11 0.2666015625 0.84716796875 0.0068359375 0.005859375
11 0.2666015625 0.791015625 0.0068359375 0.005859375
11 0.279296875 0.849609375 0.0068359375 0.005859375
11 0.279296875 0.7939453125 0.0068359375 0.005859375
12 0.2373046875 0.69921875 0.00732421875 0.005859375
11 0.2470703125 0.791015625 0.0068359375 0.005859375
11 0.3623046875 0.6943359375 0.0068359375 0.005859375
11 0.2470703125 0.97216796875 0.0068359375 0.005859375
11 0.2470703125 0.90625 0.0068359375 0.005859375
11 0.2470703125 0.84716796875 0.0068359375 0.005859375
11 0.45703125 0.849609375 0.0068359375 0.005859375
8 0.45654296875 0.806640625 0.00537109375 0.01513671875
11 0.45703125 0.95703125 0.0068359375 0.005859375
11 0.45703125 0.90869140625 0.0068359375 0.005859375
11 0.45703125 0.79638671875 0.0068359375 0.005859375
11 0.47802734375 0.8525390625 0.0068359375 0.005859375
11 0.47802734375 0.7939453125 0.0068359375 0.005859375
11 0.47802734375 0.73779296875 0.0068359375 0.005859375
9 0.462890625 0.94677734375 0.005859375 0.0146484375
9 0.462890625 0.8984375 0.005859375 0.0146484375
8 0.45654296875 0.85986328125 0.00537109375 0.01513671875
11 0.43798828125 0.95703125 0.0068359375 0.005859375
11 0.43798828125 0.90869140625 0.0068359375 0.005859375
11 0.43798828125 0.849609375 0.0068359375 0.005859375
11 0.43798828125 0.7939453125 0.0068359375 0.005859375
11 0.43798828125 0.740234375 0.0068359375 0.005859375
11 0.447265625 0.70166015625 0.0068359375 0.005859375
11 0.47802734375 0.90087890625 0.0068359375 0.005859375
21 0.5029296875 0.70849609375 0.00537109375 0.015625
15 0.50341796875 0.7587890625 0.0068359375 0.009765625
9 0.4833984375 0.95703125 0.005859375 0.0146484375
15 0.50341796875 0.95263671875 0.0068359375 0.009765625
15 0.50341796875 0.90380859375 0.0068359375 0.009765625
15 0.50341796875 0.85546875 0.0068359375 0.009765625
15 0.50341796875 0.80712890625 0.0068359375 0.009765625
8 0.4775390625 0.8037109375 0.00537109375 0.01513671875
8 0.4775390625 0.75048828125 0.00537109375 0.01513671875
11 0.47802734375 0.96728515625 0.0068359375 0.005859375
8 0.4775390625 0.9111328125 0.00537109375 0.01513671875
8 0.4775390625 0.86279296875 0.00537109375 0.01513671875
9 0.37744140625 0.8955078125 0.005859375 0.01513671875
9 0.37744140625 0.94921875 0.005859375 0.01513671875
8 0.37158203125 0.86279296875 0.00537109375 0.01513671875
8 0.37158203125 0.80126953125 0.00537109375 0.01513671875
11 0.392578125 0.95703125 0.0068359375 0.005859375
11 0.392578125 0.90869140625 0.0068359375 0.005859375
11 0.392578125 0.849609375 0.0068359375 0.005859375
11 0.392578125 0.7939453125 0.0068359375 0.005859375
12 0.39306640625 0.73779296875 0.00732421875 0.005859375
11 0.4248046875 0.849609375 0.0068359375 0.005859375
11 0.4248046875 0.7939453125 0.0068359375 0.005859375
11 0.4248046875 0.90869140625 0.0068359375 0.005859375
11 0.4248046875 0.95703125 0.0068359375 0.005859375
11 0.412109375 0.849609375 0.0068359375 0.005859375
11 0.412109375 0.95703125 0.0068359375 0.005859375
11 0.412109375 0.90869140625 0.0068359375 0.005859375
11 0.412109375 0.7939453125 0.0068359375 0.005859375
12 0.40283203125 0.69677734375 0.00732421875 0.005859375