11 0.64892578125 0.08935546875 0.0068359375 0.005859375
11 0.677734375 0.064453125 0.0068359375 0.005859375
11 0.62939453125 0.0791015625 0.0068359375 0.005859375
11 0.61767578125 0.06689453125 0.0068359375 0.005859375
11 0.6630859375 0.07666015625 0.0068359375 0.005859375
11 0.5693359375 0.07666015625 0.0068359375 0.005859375
11 0.5576171875 0.064453125 0.0068359375 0.005859375
11 0.54296875 0.07666015625 0.0068359375 0.005859375
11 0.60302734375 0.0791015625 0.0068359375 0.005859375
11 0.58837890625 0.08935546875 0.0068359375 0.005859375
11 0.7978515625 0.0595703125 0.0068359375 0.005859375
11 0.783203125 0.07177734375 0.0068359375 0.005859375
11 0.8095703125 0.07177734375 0.0068359375 0.005859375
11 0.708984375 0.08935546875 0.0068359375 0.005859375
11 0.689453125 0.07666015625 0.0068359375 0.005859375
11 0.76904296875 0.08154296875 0.0068359375 0.005859375
11 0.74951171875 0.0791015625 0.00634765625 0.005859375
11 0.73779296875 0.06689453125 0.0068359375 0.005859375
11 0.72314453125 0.0791015625 0.00634765625 0.005859375
11 0.38232421875 0.0595703125 0.0068359375 0.005859375
11 0.3681640625 0.07177734375 0.0068359375 0.005859375
11 0.412109375 0.08154296875 0.0068359375 0.005859375
11 0.39453125 0.07177734375 0.0068359375 0.005859375
1 0.24169921875 0.07275390625 0.0146484375 0.017578125
11 0.29541015625 0.08154296875 0.0068359375 0.005859375
11 0.353515625 0.08154296875 0.00634765625 0.005859375
11 0.3359375 0.07177734375 0.0068359375 0.005859375
11 0.32421875 0.0595703125 0.0068359375 0.005859375
11 0.3095703125 0.07177734375 0.0068359375 0.005859375
11 0.484375 0.07177734375 0.0068359375 0.005859375
11 0.47021484375 0.08154296875 0.0068359375 0.005859375
11 0.52880859375 0.08154296875 0.00634765625 0.005859375
11 0.51123046875 0.07177734375 0.0068359375 0.005859375
11 0.4990234375 0.0595703125 0.0068359375 0.005859375
11 0.44091796875 0.0595703125 0.0068359375 0.005859375
11 0.45263671875 0.07177734375 0.0068359375 0.005859375
11 0.42626953125 0.07177734375 0.0068359375 0.005859375
11 0.64453125 0.138671875 0.0068359375 0.005859375
11 0.63330078125 0.1435546875 0.0068359375 0.005859375
11 0.6220703125 0.1484375 0.0068359375 0.005859375
11 0.5498046875 0.138671875 0.0068359375 0.005859375
11 0.68896484375 0.11376953125 0.0068359375 0.005859375
11 0.677734375 0.12109375 0.0068359375 0.005859375
11 0.66650390625 0.12646484375 0.0068359375 0.005859375
11 0.6552734375 0.13134765625 0.0068359375 0.005859375
11 0.57861328125 0.138671875 0.0068359375 0.005859375
11 0.56591796875 0.12646484375 0.0068359375 0.005859375
11 0.61328125 0.12646484375 0.0068359375 0.005859375
11 0.5947265625 0.12353515625 0.00634765625 0.005859375
11 0.79443359375 0.12353515625 0.0068359375 0.005859375
12 0.7744140625 0.12109375 0.00732421875 0.005859375
11 0.80908203125 0.12109375 0.0068359375 0.005859375
11 0.72412109375 0.111328125 0.00634765625 0.005859375
12 0.7041015625 0.111328125 0.00732421875 0.005859375
11 0.75927734375 0.11865234375 0.0068359375 0.005859375
11 0.74658203125 0.1162109375 0.0068359375 0.005859375
11 0.73681640625 0.11376953125 0.0068359375 0.005859375
11 0.35986328125 0.14111328125 0.0068359375 0.005859375
11 0.3408203125 0.12841796875 0.0068359375 0.005859375
11 0.32763671875 0.11865234375 0.0068359375 0.005859375
11 0.3125 0.12841796875 0.0068359375 0.005859375
11 0.39111328125 0.11865234375 0.0068359375 0.005859375
11 0.37548828125 0.12841796875 0.0068359375 0.005859375
11 0.2490234375 0.13134765625 0.00634765625 0.005859375
11 0.23388671875 0.14111328125 0.0068359375 0.005859375
1 0.19140625 0.13232421875 0.0146484375 0.017578125
11 0.296875 0.14111328125 0.0068359375 0.005859375
11 0.27783203125 0.13134765625 0.0068359375 0.005859375
11 0.2646484375 0.11865234375 0.0068359375 0.005859375
11 0.486328125 0.1435546875 0.0068359375 0.005859375
11 0.4658203125 0.14111328125 0.0068359375 0.005859375
11 0.45361328125 0.12353515625 0.0068359375 0.005859375
11 0.53125 0.12841796875 0.0068359375 0.005859375
11 0.51513671875 0.14111328125 0.0068359375 0.005859375
11 0.50244140625 0.13134765625 0.0068359375 0.005859375
11 0.4228515625 0.138671875 0.0068359375 0.005859375
11 0.40380859375 0.12841796875 0.0068359375 0.005859375
11 0.43798828125 0.12841796875 0.0068359375 0.005859375
11 0.62060546875 0.173828125 0.0068359375 0.005859375
11 0.611328125 0.1787109375 0.0068359375 0.005859375
11 0.66650390625 0.18115234375 0.0068359375 0.005859375
11 0.6337890625 0.17626953125 0.0068359375 0.005859375
12 0.6484375 0.1689453125 0.00732421875 0.005859375
21 0.55224609375 0.19482421875 0.00537109375 0.01513671875
11 0.53955078125 0.18359375 0.0068359375 0.005859375
11 0.5908203125 0.17626953125 0.0068359375 0.005859375
12 0.57177734375 0.17626953125 0.00732421875 0.005859375
11 0.79541015625 0.18359375 0.0068359375 0.005859375
12 0.77587890625 0.18359375 0.00732421875 0.005859375
11 0.76123046875 0.18115234375 0.0068359375 0.005859375
11 0.80908203125 0.18115234375 0.0068359375 0.005859375
11 0.71826171875 0.18115234375 0.0068359375 0.005859375
12 0.69873046875 0.18115234375 0.00732421875 0.005859375
21 0.67919921875 0.19482421875 0.00537109375 0.01513671875
11 0.748046875 0.1787109375 0.0068359375 0.005859375
11 0.73876953125 0.18359375 0.0068359375 0.005859375
12 0.337890625 0.1787109375 0.00732421875 0.005859375
21 0.318359375 0.19482421875 0.00537109375 0.01513671875
11 0.3056640625 0.1787109375 0.0068359375 0.005859375
11 0.37939453125 0.18115234375 0.0068359375 0.005859375
11 0.3701171875 0.1787109375 0.0068359375 0.005859375
11 0.357421875 0.1787109375 0.0068359375 0.005859375
11 0.25341796875 0.18359375 0.0068359375 0.005859375
12 0.23388671875 0.18115234375 0.00732421875 0.005859375
1 0.19140625 0.1943359375 0.0146484375 0.01708984375
12 0.2861328125 0.17626953125 0.00732421875 0.005859375
12 0.52001953125 0.18115234375 0.00732421875 0.005859375
11 0.26708984375 0.18115234375 0.0068359375 0.005859375
11 0.45947265625 0.18115234375 0.0068359375 0.005859375
11 0.44091796875 0.18359375 0.0068359375 0.005859375
11 0.4267578125 0.18603515625 0.0068359375 0.005859375
11 0.48681640625 0.1787109375 0.0068359375 0.005859375
11 0.5009765625 0.18115234375 0.0068359375 0.005859375
11 0.4716796875 0.18603515625 0.0068359375 0.005859375
12 0.4072265625 0.18359375 0.00732421875 0.005859375
11 0.392578125 0.18359375 0.0068359375 0.005859375
11 0.6376953125 0.25537109375 0.00634765625 0.005859375
11 0.62109375 0.2529296875 0.0068359375 0.005859375
11 0.65673828125 0.2578125 0.0068359375 0.005859375
11 0.51806640625 0.25048828125 0.00634765625 0.005859375
11 0.6669921875 0.25537109375 0.0068359375 0.005859375
11 0.646484375 0.26025390625 0.0068359375 0.005859375
11 0.5439453125 0.24560546875 0.0068359375 0.005859375
11 0.5283203125 0.248046875 0.0068359375 0.005859375
11 0.6064453125 0.2529296875 0.0068359375 0.005859375
21 0.5859375 0.25390625 0.00537109375 0.01513671875
11 0.572265625 0.26025390625 0.0068359375 0.005859375
21 0.55810546875 0.25390625 0.00537109375 0.01513671875
11 0.7900390625 0.267578125 0.0068359375 0.005859375
21 0.77587890625 0.25390625 0.00537109375 0.01513671875
11 0.76220703125 0.2529296875 0.0068359375 0.005859375
11 0.80615234375 0.2626953125 0.0068359375 0.005859375
11 0.71533203125 0.25537109375 0.0068359375 0.005859375
11 0.69921875 0.2529296875 0.00634765625 0.005859375
11 0.73486328125 0.2578125 0.0068359375 0.005859375
11 0.7451171875 0.25537109375 0.0068359375 0.005859375
11 0.68408203125 0.2529296875 0.0068359375 0.005859375
11 0.724609375 0.26025390625 0.0068359375 0.005859375
11 0.33984375 0.240234375 0.0068359375 0.005859375
11 0.3193359375 0.240234375 0.0068359375 0.005859375
12 0.2998046875 0.23583984375 0.00732421875 0.005859375
11 0.39501953125 0.24560546875 0.00634765625 0.005859375
11 0.37451171875 0.2431640625 0.0068359375 0.005859375
12 0.3544921875 0.23779296875 0.00732421875 0.005859375
12 0.23388671875 0.23779296875 0.00732421875 0.005859375
1 0.19140625 0.25390625 0.0146484375 0.01708984375
11 0.28466796875 0.23291015625 0.0068359375 0.005859375
11 0.26904296875 0.23291015625 0.00634765625 0.005859375
11 0.2587890625 0.2353515625 0.0068359375 0.005859375
11 0.4697265625 0.24560546875 0.0068359375 0.005859375
11 0.4541015625 0.248046875 0.0068359375 0.005859375
11 0.443359375 0.25048828125 0.0068359375 0.005859375
11 0.5078125 0.2529296875 0.0068359375 0.005859375
11 0.4990234375 0.248046875 0.0068359375 0.005859375
11 0.484375 0.24560546875 0.0068359375 0.005859375
11 0.40966796875 0.24560546875 0.0068359375 0.005859375
11 0.42431640625 0.248046875 0.0068359375 0.005859375
11 0.43359375 0.2529296875 0.0068359375 0.005859375
19 0.61328125 0.31298828125 0.0068359375 0.0029296875
21 0.60009765625 0.3134765625 0.00537109375 0.01513671875
11 0.65380859375 0.3193359375 0.0068359375 0.005859375
11 0.50244140625 0.29248046875 0.0068359375 0.005859375
11 0.638671875 0.3291015625 0.0068359375 0.005859375
11 0.52685546875 0.29736328125 0.0068359375 0.005859375
11 0.53955078125 0.30224609375 0.0068359375 0.005859375
11 0.5869140625 0.3193359375 0.0068359375 0.005859375
11 0.56787109375 0.314453125 0.0068359375 0.005859375
11 0.55224609375 0.3095703125 0.0068359375 0.005859375
11 0.779296875 0.3193359375 0.0068359375 0.005859375
11 0.79541015625 0.3046875 0.0068359375 0.005859375
11 0.76416015625 0.3291015625 0.0068359375 0.005859375
21 0.80859375 0.3134765625 0.00537109375 0.01513671875
11 0.70166015625 0.3291015625 0.0068359375 0.005859375
21 0.6826171875 0.3134765625 0.00537109375 0.01513671875
11 0.66943359375 0.30712890625 0.0068359375 0.005859375
21 0.74560546875 0.3134765625 0.00537109375 0.01513671875
11 0.732421875 0.30712890625 0.0068359375 0.005859375
11 0.716796875 0.3193359375 0.0068359375 0.005859375
11 0.33154296875 0.294921875 0.0068359375 0.005859375
12 0.30810546875 0.29248046875 0.00732421875 0.005859375
8 0.2919921875 0.31201171875 0.00537109375 0.0146484375
11 0.36865234375 0.30224609375 0.0068359375 0.005859375
11 0.35595703125 0.29736328125 0.0068359375 0.005859375
11 0.23388671875 0.3193359375 0.0068359375 0.005859375
11 0.25 0.30224609375 0.0068359375 0.005859375
1 0.19140625 0.31298828125 0.0146484375 0.01708984375
11 0.2919921875 0.30224609375 0.0068359375 0.005859375
11 0.27587890625 0.29736328125 0.0068359375 0.005859375
11 0.259765625 0.2998046875 0.0068359375 0.005859375
11 0.443359375 0.294921875 0.0068359375 0.005859375
11 0.46826171875 0.29736328125 0.0068359375 0.005859375
12 0.48388671875 0.287109375 0.00732421875 0.005859375
11 0.38818359375 0.29736328125 0.0068359375 0.005859375
12 0.42041015625 0.29248046875 0.00732421875 0.005859375
11 0.37841796875 0.2998046875 0.0068359375 0.005859375
11 0.404296875 0.30224609375 0.0068359375 0.005859375
8 0.404296875 0.31201171875 0.00537109375 0.0146484375
11 0.61962890625 0.3662109375 0.0068359375 0.005859375
11 0.60546875 0.37890625 0.0068359375 0.005859375
11 0.64794921875 0.388671875 0.00634765625 0.005859375
21 0.63134765625 0.37255859375 0.00537109375 0.01513671875
11 0.53515625 0.388671875 0.0068359375 0.005859375
21 0.51806640625 0.37255859375 0.00537109375 0.01513671875
11 0.50634765625 0.3662109375 0.0068359375 0.005859375
11 0.591796875 0.388671875 0.0068359375 0.005859375
21 0.57470703125 0.37255859375 0.00537109375 0.01513671875
11 0.56298828125 0.3662109375 0.0068359375 0.005859375
11 0.548828125 0.37890625 0.0068359375 0.005859375
11 0.7861328125 0.37109375 0.0068359375 0.005859375
11 0.77197265625 0.38134765625 0.0068359375 0.005859375
21 0.81005859375 0.37255859375 0.00537109375 0.01513671875
11 0.79833984375 0.36865234375 0.0068359375 0.005859375
21 0.68798828125 0.37255859375 0.00537109375 0.01513671875
11 0.71142578125 0.38134765625 0.0068359375 0.005859375
11 0.67626953125 0.36376953125 0.0068359375 0.005859375
11 0.662109375 0.37890625 0.0068359375 0.005859375
21 0.7490234375 0.37255859375 0.00537109375 0.01513671875
11 0.7373046875 0.36865234375 0.0068359375 0.005859375
11 0.724609375 0.37109375 0.0068359375 0.005859375
21 0.333984375 0.37255859375 0.00537109375 0.01513671875
11 0.322265625 0.37890625 0.0068359375 0.005859375
11 0.31005859375 0.37890625 0.0068359375 0.005859375
11 0.37109375 0.37890625 0.0068359375 0.005859375
11 0.35693359375 0.39111328125 0.0068359375 0.005859375
11 0.23388671875 0.39111328125 0.0068359375 0.005859375
1 0.19140625 0.3720703125 0.0146484375 0.01708984375
11 0.2958984375 0.39111328125 0.0068359375 0.005859375
21 0.27294921875 0.37255859375 0.00537109375 0.01513671875
11 0.26123046875 0.36865234375 0.0068359375 0.005859375
11 0.24755859375 0.37890625 0.0068359375 0.005859375
21 0.4619140625 0.37255859375 0.00537109375 0.01513671875
11 0.4501953125 0.3740234375 0.0068359375 0.005859375
11 0.4921875 0.37890625 0.0068359375 0.005859375
11 0.4345703125 0.37890625 0.0068359375 0.005859375
11 0.478515625 0.388671875 0.0068359375 0.005859375
21 0.39794921875 0.37255859375 0.00537109375 0.01513671875
11 0.38623046875 0.3740234375 0.0068359375 0.005859375
11 0.4208984375 0.39111328125 0.0068359375 0.005859375
11 0.609375 0.43798828125 0.0068359375 0.005859375
11 0.5048828125 0.4306640625 0.0068359375 0.005859375
11 0.65380859375 0.44775390625 0.0068359375 0.005859375
11 0.623046875 0.4306640625 0.0068359375 0.005859375
11 0.634765625 0.43798828125 0.0068359375 0.005859375
11 0.548828125 0.43798828125 0.0068359375 0.005859375
11 0.5166015625 0.43798828125 0.0068359375 0.005859375
11 0.53564453125 0.4404296875 0.0068359375 0.005859375
11 0.59521484375 0.44287109375 0.0068359375 0.005859375
11 0.576171875 0.43798828125 0.0068359375 0.005859375
11 0.56396484375 0.43310546875 0.0068359375 0.005859375
11 0.783203125 0.43798828125 0.0068359375 0.005859375
11 0.76904296875 0.44775390625 0.0068359375 0.005859375
21 0.751953125 0.431640625 0.00537109375 0.01513671875
21 0.8095703125 0.431640625 0.00537109375 0.01513671875
11 0.7978515625 0.42333984375 0.0068359375 0.005859375
11 0.71142578125 0.44775390625 0.0068359375 0.005859375
21 0.6943359375 0.431640625 0.00537109375 0.01513671875
11 0.68212890625 0.42578125 0.0068359375 0.005859375
11 0.66796875 0.43798828125 0.0068359375 0.005859375
11 0.73974609375 0.42578125 0.0068359375 0.005859375
11 0.7255859375 0.43798828125 0.0068359375 0.005859375
11 0.32470703125 0.42822265625 0.00634765625 0.005859375
11 0.31201171875 0.4306640625 0.0068359375 0.005859375
11 0.36083984375 0.43310546875 0.0068359375 0.005859375
11 0.337890625 0.4306640625 0.0068359375 0.005859375
11 0.23583984375 0.4404296875 0.0068359375 0.005859375
1 0.19140625 0.431640625 0.0146484375 0.01708984375
11 0.2978515625 0.4404296875 0.0068359375 0.005859375
21 0.27490234375 0.431640625 0.00537109375 0.01513671875
11 0.2626953125 0.42822265625 0.0068359375 0.005859375
11 0.25 0.4306640625 0.0068359375 0.005859375
11 0.4580078125 0.43798828125 0.0068359375 0.005859375
11 0.44580078125 0.43310546875 0.0068359375 0.005859375
11 0.4306640625 0.43798828125 0.0068359375 0.005859375
11 0.4912109375 0.43798828125 0.0068359375 0.005859375
11 0.47705078125 0.44287109375 0.0068359375 0.005859375
11 0.41796875 0.4404296875 0.0068359375 0.005859375
11 0.39892578125 0.43798828125 0.0068359375 0.005859375
11 0.38623046875 0.43310546875 0.0068359375 0.005859375
11 0.375 0.42822265625 0.0068359375 0.005859375
11 0.65625 0.46484375 0.0068359375 0.005859375
11 0.6396484375 0.47021484375 0.0068359375 0.005859375
11 0.6884765625 0.47216796875 0.0068359375 0.005859375
11 0.67724609375 0.47021484375 0.0068359375 0.005859375
11 0.6669921875 0.4677734375 0.0068359375 0.005859375
11 0.57958984375 0.47216796875 0.0068359375 0.005859375
11 0.5654296875 0.4677734375 0.0068359375 0.005859375
11 0.60107421875 0.4677734375 0.0068359375 0.005859375
11 0.6181640625 0.47216796875 0.0068359375 0.005859375
11 0.59033203125 0.47021484375 0.0068359375 0.005859375
11 0.8017578125 0.48486328125 0.0068359375 0.005859375
11 0.791015625 0.482421875 0.0068359375 0.005859375
11 0.78076171875 0.47998046875 0.0068359375 0.005859375
11 0.77001953125 0.4775390625 0.0068359375 0.005859375
11 0.8125 0.4873046875 0.0068359375 0.005859375
11 0.73193359375 0.47998046875 0.0068359375 0.005859375
11 0.71533203125 0.4775390625 0.0068359375 0.005859375
11 0.75927734375 0.47509765625 0.00634765625 0.005859375
11 0.705078125 0.47509765625 0.0068359375 0.005859375
11 0.74267578125 0.4775390625 0.0068359375 0.005859375
21 0.35107421875 0.4912109375 0.00537109375 0.01513671875
11 0.33642578125 0.482421875 0.0068359375 0.005859375
11 0.31982421875 0.48974609375 0.0068359375 0.005859375
11 0.4052734375 0.48486328125 0.0068359375 0.005859375
11 0.38818359375 0.48974609375 0.0068359375 0.005859375
11 0.5439453125 0.47021484375 0.0068359375 0.005859375
11 0.3720703125 0.4970703125 0.0068359375 0.005859375
11 0.23388671875 0.49951171875 0.0068359375 0.005859375
11 0.25048828125 0.48974609375 0.0068359375 0.005859375
1 0.19140625 0.49072265625 0.0146484375 0.01708984375
11 0.302734375 0.49951171875 0.0068359375 0.005859375
21 0.2822265625 0.4912109375 0.00537109375 0.01513671875
11 0.267578125 0.482421875 0.00634765625 0.005859375
11 0.46826171875 0.4873046875 0.0068359375 0.005859375
11 0.46826171875 0.4970703125 0.0068359375 0.005859375
11 0.50634765625 0.47216796875 0.0068359375 0.005859375
11 0.4892578125 0.48974609375 0.0068359375 0.005859375
21 0.419921875 0.4912109375 0.00537109375 0.01513671875
12 0.44189453125 0.482421875 0.00732421875 0.005859375
12 0.44189453125 0.4970703125 0.00732421875 0.005859375
11 0.52734375 0.4677734375 0.0068359375 0.005859375
11 0.5166015625 0.47021484375 0.0068359375 0.005859375
11 0.6376953125 0.5439453125 0.0068359375 0.005859375
11 0.6162109375 0.5390625 0.0068359375 0.005859375
11 0.6005859375 0.54150390625 0.0068359375 0.005859375
21 0.583984375 0.55029296875 0.00537109375 0.01513671875
21 0.65234375 0.55029296875 0.00537109375 0.01513671875
11 0.5322265625 0.5439453125 0.0068359375 0.005859375
21 0.517578125 0.55029296875 0.00537109375 0.01513671875
11 0.6689453125 0.5390625 0.0068359375 0.005859375
11 0.5693359375 0.54638671875 0.0068359375 0.005859375
11 0.54833984375 0.54150390625 0.0068359375 0.005859375
11 0.78173828125 0.53173828125 0.0068359375 0.005859375
11 0.7607421875 0.5341796875 0.0068359375 0.005859375
11 0.7431640625 0.53662109375 0.0068359375 0.005859375
12 0.79638671875 0.548828125 0.00732421875 0.005859375
11 0.7060546875 0.54150390625 0.0068359375 0.005859375
11 0.6845703125 0.53662109375 0.0068359375 0.005859375
11 0.732421875 0.5390625 0.0068359375 0.005859375
11 0.7216796875 0.54150390625 0.0068359375 0.005859375
11 0.32470703125 0.5439453125 0.0068359375 0.005859375
11 0.310546875 0.5390625 0.0068359375 0.005859375
11 0.3603515625 0.5439453125 0.0068359375 0.005859375
11 0.34619140625 0.5390625 0.0068359375 0.005859375
11 0.33544921875 0.54150390625 0.0068359375 0.005859375
11 0.23388671875 0.548828125 0.0068359375 0.005859375
1 0.19140625 0.5498046875 0.0146484375 0.017578125
11 0.28955078125 0.54150390625 0.0068359375 0.005859375
11 0.27197265625 0.5390625 0.0068359375 0.005859375
11 0.26123046875 0.54150390625 0.0068359375 0.005859375
11 0.25048828125 0.5439453125 0.0068359375 0.005859375
11 0.4482421875 0.556640625 0.0068359375 0.005859375
11 0.4326171875 0.556640625 0.0068359375 0.005859375
11 0.5029296875 0.548828125 0.0068359375 0.005859375
11 0.48095703125 0.5517578125 0.0068359375 0.005859375
11 0.4638671875 0.5537109375 0.0068359375 0.005859375
12 0.3994140625 0.556640625 0.00732421875 0.005859375
12 0.3994140625 0.5517578125 0.00732421875 0.005859375
11 0.3818359375 0.54150390625 0.0068359375 0.005859375
11 0.6015625 0.59814453125 0.0068359375 0.005859375
11 0.58251953125 0.60302734375 0.00634765625 0.005859375
11 0.568359375 0.60302734375 0.0068359375 0.005859375
11 0.6435546875 0.60595703125 0.0068359375 0.005859375
11 0.62939453125 0.60302734375 0.0068359375 0.005859375
11 0.615234375 0.60107421875 0.0068359375 0.005859375
21 0.5029296875 0.609375 0.00537109375 0.01513671875
11 0.5166015625 0.595703125 0.0068359375 0.005859375
12 0.5498046875 0.5986328125 0.00732421875 0.005859375
8 0.533203125 0.6083984375 0.00537109375 0.0146484375
11 0.53369140625 0.59814453125 0.0068359375 0.005859375
11 0.77197265625 0.62548828125 0.0068359375 0.005859375
12 0.74609375 0.6279296875 0.00732421875 0.005859375
21 0.732421875 0.609375 0.00537109375 0.01513671875
12 0.80126953125 0.6181640625 0.00732421875 0.005859375
11 0.787109375 0.62060546875 0.0068359375 0.005859375
11 0.68115234375 0.60302734375 0.0068359375 0.005859375
11 0.6669921875 0.60595703125 0.0068359375 0.005859375
11 0.71923828125 0.6181640625 0.0068359375 0.005859375
12 0.69287109375 0.62060546875 0.00732421875 0.005859375
11 0.29931640625 0.60595703125 0.0068359375 0.005859375
11 0.30908203125 0.6083984375 0.0068359375 0.005859375
11 0.32373046875 0.61328125 0.0068359375 0.005859375
11 0.28955078125 0.60302734375 0.0068359375 0.005859375
11 0.353515625 0.60107421875 0.0068359375 0.005859375
11 0.33837890625 0.60595703125 0.0068359375 0.005859375
11 0.23388671875 0.5908203125 0.0068359375 0.005859375
1 0.19140625 0.60888671875 0.0146484375 0.017578125
11 0.279296875 0.60107421875 0.0068359375 0.005859375
11 0.26953125 0.59814453125 0.0068359375 0.005859375
11 0.259765625 0.595703125 0.0068359375 0.005859375
11 0.25 0.59326171875 0.0068359375 0.005859375
11 0.4267578125 0.60302734375 0.0068359375 0.005859375
11 0.4267578125 0.5908203125 0.0068359375 0.005859375
11 0.4736328125 0.59326171875 0.0068359375 0.005859375
11 0.453125 0.5908203125 0.0068359375 0.005859375
21 0.43994140625 0.609375 0.00537109375 0.01513671875
11 0.36865234375 0.595703125 0.0068359375 0.005859375
11 0.490234375 0.60107421875 0.0068359375 0.005859375
13 0.39404296875 0.60595703125 0.00927734375 0.005859375
13 0.39404296875 0.59326171875 0.00927734375 0.005859375
8 0.4736328125 0.603515625 0.00537109375 0.0146484375
11 0.60791015625 0.6845703125 0.0068359375 0.005859375
11 0.59228515625 0.6845703125 0.0068359375 0.005859375
11 0.65185546875 0.66015625 0.0068359375 0.005859375
12 0.62646484375 0.65771484375 0.00732421875 0.005859375
11 0.54736328125 0.6845703125 0.0068359375 0.005859375
11 0.5302734375 0.6845703125 0.0068359375 0.005859375
11 0.578125 0.68212890625 0.0068359375 0.005859375
11 0.56787109375 0.68701171875 0.0068359375 0.005859375
13 0.779296875 0.6748046875 0.00927734375 0.005859375
13 0.779296875 0.6845703125 0.00927734375 0.005859375
12 0.68994140625 0.6748046875 0.00732421875 0.005859375
12 0.68994140625 0.6845703125 0.00732421875 0.005859375
11 0.6748046875 0.66259765625 0.0068359375 0.005859375
13 0.7333984375 0.6748046875 0.00927734375 0.005859375
13 0.7333984375 0.6845703125 0.00927734375 0.005859375
12 0.3369140625 0.68701171875 0.00732421875 0.005859375
12 0.3115234375 0.6748046875 0.00732421875 0.005859375
12 0.369140625 0.6845703125 0.00732421875 0.005859375
1 0.19140625 0.66845703125 0.0146484375 0.017578125
11 0.23388671875 0.6748046875 0.0068359375 0.005859375
11 0.287109375 0.67236328125 0.0068359375 0.005859375
11 0.26953125 0.6748046875 0.0068359375 0.005859375
11 0.25244140625 0.67724609375 0.0068359375 0.005859375
11 0.43212890625 0.6845703125 0.0068359375 0.005859375
12 0.46728515625 0.66259765625 0.00732421875 0.005859375
11 0.4482421875 0.6845703125 0.0068359375 0.005859375
11 0.515625 0.66748046875 0.0068359375 0.005859375
11 0.39404296875 0.6845703125 0.0068359375 0.005859375
11 0.408203125 0.68701171875 0.0068359375 0.005859375
11 0.4921875 0.6650390625 0.0068359375 0.005859375
11 0.41845703125 0.68212890625 0.0068359375 0.005859375