11 0.6474609375 0.1171875 0.00830078125 0.0068359375
11 0.63134765625 0.17919921875 0.00830078125 0.0068359375
11 0.63134765625 0.1142578125 0.00830078125 0.0068359375
14 0.69287109375 0.1298828125 0.0087890625 0.01708984375
11 0.69287109375 0.17041015625 0.00830078125 0.0068359375
11 0.6767578125 0.13232421875 0.0078125 0.0068359375
11 0.662109375 0.12353515625 0.00830078125 0.0068359375
11 0.57958984375 0.13232421875 0.00830078125 0.0068359375
11 0.61474609375 0.1171875 0.00830078125 0.0068359375
11 0.59765625 0.12353515625 0.00830078125 0.0068359375
11 0.806640625 0.13232421875 0.00830078125 0.0068359375
11 0.7919921875 0.12353515625 0.00830078125 0.0068359375
11 0.7451171875 0.1171875 0.00830078125 0.0068359375
11 0.72705078125 0.12353515625 0.00830078125 0.0068359375
11 0.70947265625 0.13232421875 0.00830078125 0.0068359375
11 0.77734375 0.1171875 0.00830078125 0.0068359375
21 0.759765625 0.18701171875 0.00634765625 0.0185546875
11 0.76123046875 0.1142578125 0.00830078125 0.0068359375
11 0.36376953125 0.17919921875 0.00830078125 0.0068359375
11 0.36376953125 0.1171875 0.00830078125 0.0068359375
11 0.34765625 0.1201171875 0.00830078125 0.00732421875
11 0.4091796875 0.13232421875 0.00830078125 0.0068359375
11 0.39453125 0.12646484375 0.00830078125 0.00732421875
11 0.330078125 0.12646484375 0.00830078125 0.00732421875
11 0.3798828125 0.1201171875 0.00830078125 0.00732421875
1 0.24365234375 0.18603515625 0.017578125 0.02099609375
11 0.2958984375 0.17333984375 0.00830078125 0.0068359375
10 0.244140625 0.125 0.0166015625 0.0458984375
14 0.2958984375 0.1298828125 0.0087890625 0.01708984375
0 0.22607421875 0.1572265625 0.005859375 0.0859375
11 0.3125 0.13232421875 0.00830078125 0.0068359375
11 0.509765625 0.1201171875 0.00830078125 0.00732421875
11 0.49365234375 0.17919921875 0.00830078125 0.0068359375
11 0.49365234375 0.1171875 0.00830078125 0.0068359375
11 0.4775390625 0.1201171875 0.00830078125 0.00732421875
11 0.56298828125 0.17041015625 0.00830078125 0.0068359375
14 0.56298828125 0.1298828125 0.0087890625 0.01708984375
11 0.5390625 0.13232421875 0.00830078125 0.0068359375
11 0.5244140625 0.12646484375 0.00830078125 0.00732421875
11 0.4423828125 0.13232421875 0.00830078125 0.0068359375
11 0.42529296875 0.17333984375 0.00830078125 0.0068359375
14 0.42578125 0.1298828125 0.0087890625 0.01708984375
11 0.4599609375 0.12646484375 0.00830078125 0.00732421875
11 0.58935546875 0.34326171875 0.00830078125 0.0068359375
11 0.607421875 0.4345703125 0.00830078125 0.0068359375
11 0.607421875 0.34033203125 0.00830078125 0.00732421875
11 0.67724609375 0.419921875 0.00830078125 0.0068359375
14 0.677734375 0.36181640625 0.0087890625 0.01708984375
11 0.6591796875 0.3583984375 0.00830078125 0.0068359375
11 0.6259765625 0.34326171875 0.00830078125 0.0068359375
11 0.642578125 0.35205078125 0.0078125 0.0068359375
11 0.56982421875 0.35205078125 0.00830078125 0.0068359375
11 0.55029296875 0.3583984375 0.00830078125 0.0068359375
11 0.80517578125 0.3583984375 0.00830078125 0.0068359375
11 0.78857421875 0.35205078125 0.00830078125 0.0068359375
11 0.7158203125 0.35205078125 0.00830078125 0.0068359375
11 0.7353515625 0.34326171875 0.00830078125 0.0068359375
11 0.69580078125 0.3583984375 0.0078125 0.0068359375
11 0.771484375 0.34326171875 0.00830078125 0.0068359375
21 0.75244140625 0.42724609375 0.00634765625 0.0185546875
11 0.75341796875 0.34033203125 0.00830078125 0.00732421875
11 0.306640625 0.4287109375 0.00830078125 0.0068359375
11 0.306640625 0.34326171875 0.00830078125 0.0068359375
11 0.28857421875 0.34619140625 0.00830078125 0.00732421875
11 0.2685546875 0.35205078125 0.00830078125 0.0068359375
11 0.359375 0.35546875 0.00830078125 0.0068359375
11 0.34130859375 0.35205078125 0.00830078125 0.0068359375
11 0.32470703125 0.34619140625 0.00830078125 0.00732421875
1 0.193359375 0.4267578125 0.017578125 0.02099609375
10 0.19384765625 0.35693359375 0.0166015625 0.0458984375
0 0.17529296875 0.3935546875 0.00634765625 0.095703125
11 0.25048828125 0.35546875 0.00830078125 0.0068359375
11 0.23193359375 0.41650390625 0.00830078125 0.0068359375
14 0.23193359375 0.36181640625 0.0087890625 0.01708984375
11 0.45263671875 0.4287109375 0.00830078125 0.0068359375
11 0.470703125 0.34619140625 0.00830078125 0.00732421875
11 0.45263671875 0.34326171875 0.00830078125 0.0068359375
11 0.43408203125 0.34619140625 0.00830078125 0.00732421875
11 0.53125 0.419921875 0.00830078125 0.0068359375
14 0.53173828125 0.36181640625 0.0087890625 0.01708984375
11 0.50537109375 0.35546875 0.00830078125 0.0068359375
11 0.4873046875 0.35205078125 0.00830078125 0.0068359375
11 0.3779296875 0.41650390625 0.00830078125 0.0068359375
11 0.396484375 0.35546875 0.00830078125 0.0068359375
11 0.41455078125 0.35205078125 0.00830078125 0.0068359375
14 0.3779296875 0.36181640625 0.0087890625 0.01708984375
11 0.611328125 0.67626953125 0.00830078125 0.00732421875
11 0.611328125 0.58056640625 0.00830078125 0.0068359375
11 0.59326171875 0.583984375 0.00830078125 0.0068359375
11 0.66162109375 0.5986328125 0.00830078125 0.0068359375
11 0.6455078125 0.58984375 0.00830078125 0.0068359375
11 0.62890625 0.583984375 0.00830078125 0.0068359375
11 0.5322265625 0.69140625 0.00830078125 0.0068359375
14 0.5322265625 0.6025390625 0.0087890625 0.017578125
11 0.57373046875 0.58984375 0.00830078125 0.0068359375
11 0.5546875 0.5986328125 0.00830078125 0.0068359375
11 0.80517578125 0.6015625 0.00830078125 0.0068359375
11 0.7890625 0.5927734375 0.00830078125 0.0068359375
11 0.6982421875 0.6015625 0.00830078125 0.0068359375
11 0.71728515625 0.5927734375 0.00830078125 0.0068359375
11 0.6796875 0.6884765625 0.00830078125 0.0068359375
11 0.7724609375 0.5869140625 0.00830078125 0.0068359375
14 0.68017578125 0.6025390625 0.0087890625 0.017578125
11 0.7548828125 0.67626953125 0.00830078125 0.00732421875
11 0.7548828125 0.583984375 0.00830078125 0.0068359375
11 0.73681640625 0.5869140625 0.00830078125 0.0068359375
11 0.2890625 0.583984375 0.00830078125 0.0068359375
11 0.306640625 0.58056640625 0.00830078125 0.0068359375
11 0.26953125 0.58984375 0.00830078125 0.0068359375
11 0.25048828125 0.5986328125 0.00830078125 0.0068359375
11 0.3408203125 0.58984375 0.00830078125 0.0068359375
11 0.32421875 0.583984375 0.00830078125 0.0068359375
11 0.306640625 0.6943359375 0.00830078125 0.0068359375
1 0.193359375 0.6865234375 0.017578125 0.02099609375
10 0.19384765625 0.59716796875 0.0166015625 0.0458984375
0 0.1748046875 0.6435546875 0.0068359375 0.11474609375
11 0.23193359375 0.685546875 0.00830078125 0.0068359375
14 0.23193359375 0.6025390625 0.0087890625 0.017578125
11 0.4501953125 0.685546875 0.00830078125 0.0068359375
11 0.4501953125 0.58056640625 0.00830078125 0.0068359375
11 0.43212890625 0.583984375 0.00830078125 0.0068359375
11 0.4130859375 0.58984375 0.00830078125 0.0068359375
11 0.5009765625 0.5986328125 0.00830078125 0.0068359375
11 0.484375 0.58984375 0.00830078125 0.0068359375
11 0.4677734375 0.583984375 0.00830078125 0.0068359375
11 0.375 0.6796875 0.00830078125 0.0068359375
14 0.37548828125 0.6025390625 0.0087890625 0.017578125
11 0.357421875 0.5986328125 0.00830078125 0.0068359375
11 0.3935546875 0.5986328125 0.00830078125 0.0068359375
11 0.6240234375 0.85546875 0.00830078125 0.0068359375
11 0.60595703125 0.93408203125 0.00830078125 0.0068359375
11 0.60595703125 0.8525390625 0.00830078125 0.0068359375
11 0.67626953125 0.9248046875 0.00830078125 0.00732421875
14 0.67626953125 0.8623046875 0.0087890625 0.01708984375
11 0.658203125 0.8642578125 0.00830078125 0.0068359375
11 0.640625 0.861328125 0.0078125 0.00732421875
11 0.52880859375 0.9130859375 0.00830078125 0.0068359375
14 0.529296875 0.8623046875 0.0087890625 0.01708984375
11 0.58837890625 0.85546875 0.00830078125 0.0068359375
11 0.5654296875 0.861328125 0.00830078125 0.00732421875
11 0.54736328125 0.8642578125 0.00830078125 0.0068359375
11 0.80322265625 0.8671875 0.00830078125 0.0068359375
11 0.78662109375 0.861328125 0.00830078125 0.00732421875
11 0.734375 0.85546875 0.00830078125 0.0068359375
11 0.7138671875 0.861328125 0.00830078125 0.00732421875
11 0.69482421875 0.8671875 0.00830078125 0.0068359375
11 0.7705078125 0.85546875 0.00830078125 0.0068359375
21 0.75146484375 0.92333984375 0.00634765625 0.0185546875
11 0.75244140625 0.8525390625 0.0078125 0.0068359375
11 0.306640625 0.916015625 0.00830078125 0.0068359375
11 0.306640625 0.8466796875 0.00830078125 0.00732421875
11 0.2890625 0.849609375 0.00830078125 0.0068359375
11 0.26953125 0.8583984375 0.00830078125 0.0068359375
11 0.3408203125 0.8583984375 0.0078125 0.0068359375
11 0.32470703125 0.849609375 0.00830078125 0.0068359375
1 0.193359375 0.9228515625 0.017578125 0.02099609375
10 0.19384765625 0.85693359375 0.0166015625 0.0458984375
0 0.17529296875 0.8916015625 0.00634765625 0.09130859375
11 0.25048828125 0.8642578125 0.00830078125 0.0068359375
11 0.23193359375 0.921875 0.00830078125 0.0068359375
14 0.23193359375 0.8623046875 0.0087890625 0.01708984375
11 0.4501953125 0.93408203125 0.00830078125 0.0068359375
11 0.4501953125 0.849609375 0.00830078125 0.0068359375
11 0.43212890625 0.8525390625 0.00830078125 0.0068359375
11 0.484375 0.861328125 0.00830078125 0.00732421875
11 0.5009765625 0.8671875 0.00830078125 0.0068359375
11 0.357421875 0.8642578125 0.00830078125 0.0068359375
11 0.46826171875 0.8525390625 0.00830078125 0.0068359375
11 0.37548828125 0.9130859375 0.00830078125 0.0068359375
14 0.37548828125 0.8623046875 0.0087890625 0.01708984375
11 0.3935546875 0.8671875 0.00830078125 0.0068359375
11 0.4130859375 0.861328125 0.00830078125 0.00732421875