11 0.63330078125 0.14990234375 0.00830078125 0.0068359375
11 0.63330078125 0.04443359375 0.00830078125 0.0068359375
11 0.6162109375 0.04736328125 0.00830078125 0.0068359375
11 0.65869140625 0.1201171875 0.00830078125 0.0068359375
11 0.67041015625 0.1171875 0.00830078125 0.0068359375
11 0.67041015625 0.06201171875 0.00830078125 0.0068359375
11 0.65869140625 0.05908203125 0.00830078125 0.0068359375
11 0.64697265625 0.1171875 0.00830078125 0.0068359375
11 0.52587890625 0.14111328125 0.0078125 0.0068359375
11 0.52587890625 0.06201171875 0.0078125 0.0068359375
11 0.53955078125 0.04443359375 0.00830078125 0.0068359375
11 0.515625 0.05615234375 0.00830078125 0.0068359375
11 0.58154296875 0.13818359375 0.00830078125 0.0068359375
11 0.59375 0.04443359375 0.00830078125 0.0068359375
11 0.60400390625 0.05029296875 0.00830078125 0.00732421875
11 0.58154296875 0.04736328125 0.00830078125 0.0068359375
11 0.56982421875 0.05029296875 0.00830078125 0.00732421875
11 0.55810546875 0.04736328125 0.00830078125 0.0068359375
11 0.78662109375 0.1259765625 0.00830078125 0.00732421875
11 0.79736328125 0.1318359375 0.00830078125 0.00732421875
11 0.80908203125 0.12890625 0.00830078125 0.0068359375
11 0.77490234375 0.12890625 0.00830078125 0.0068359375
11 0.77490234375 0.05029296875 0.00830078125 0.00732421875
11 0.693359375 0.1201171875 0.00830078125 0.0068359375
11 0.7041015625 0.05615234375 0.00830078125 0.0068359375
11 0.7041015625 0.1259765625 0.00830078125 0.00732421875
11 0.681640625 0.123046875 0.00830078125 0.0068359375
11 0.681640625 0.05908203125 0.00830078125 0.0068359375
11 0.74072265625 0.123046875 0.00830078125 0.0068359375
11 0.75244140625 0.1259765625 0.00830078125 0.00732421875
11 0.7646484375 0.123046875 0.00830078125 0.0068359375
11 0.72705078125 0.12890625 0.00830078125 0.0068359375
11 0.72705078125 0.05322265625 0.00830078125 0.0068359375
11 0.7158203125 0.123046875 0.00830078125 0.0068359375
11 0.30517578125 0.05615234375 0.00830078125 0.0068359375
11 0.30517578125 0.14111328125 0.00830078125 0.0068359375
11 0.3173828125 0.05322265625 0.00830078125 0.0068359375
11 0.294921875 0.05029296875 0.00830078125 0.00732421875
11 0.283203125 0.14404296875 0.00830078125 0.0068359375
11 0.35302734375 0.04443359375 0.00830078125 0.0068359375
11 0.37158203125 0.04736328125 0.00830078125 0.0068359375
11 0.283203125 0.05322265625 0.00830078125 0.0068359375
11 0.34130859375 0.04150390625 0.00830078125 0.0068359375
11 0.32763671875 0.13818359375 0.00830078125 0.0068359375
11 0.32763671875 0.05908203125 0.00830078125 0.0068359375
11 0.22998046875 0.03857421875 0.00830078125 0.0068359375
15 0.2294921875 0.1240234375 0.0078125 0.01171875
10 0.19287109375 0.12158203125 0.0166015625 0.0458984375
10 0.19287109375 0.0576171875 0.0166015625 0.0458984375
11 0.27099609375 0.05615234375 0.00830078125 0.0068359375
11 0.27099609375 0.14697265625 0.00830078125 0.00732421875
11 0.25927734375 0.14404296875 0.00830078125 0.0068359375
11 0.25927734375 0.05322265625 0.00830078125 0.0068359375
11 0.24755859375 0.05029296875 0.00830078125 0.00732421875
11 0.45751953125 0.05615234375 0.00830078125 0.0068359375
11 0.45751953125 0.14697265625 0.00830078125 0.00732421875
11 0.46923828125 0.05908203125 0.00830078125 0.0068359375
11 0.4453125 0.05322265625 0.00830078125 0.0068359375
11 0.50341796875 0.14404296875 0.00830078125 0.0068359375
11 0.50341796875 0.05908203125 0.00830078125 0.0068359375
11 0.4931640625 0.05322265625 0.00830078125 0.0068359375
11 0.48095703125 0.14697265625 0.00830078125 0.00732421875
11 0.48095703125 0.05615234375 0.00830078125 0.0068359375
11 0.46923828125 0.14990234375 0.00830078125 0.0068359375
11 0.41796875 0.04443359375 0.00830078125 0.0068359375
11 0.40576171875 0.04736328125 0.00830078125 0.0068359375
11 0.3955078125 0.04150390625 0.00830078125 0.0068359375
11 0.38330078125 0.04443359375 0.00830078125 0.0068359375
11 0.38330078125 0.13525390625 0.00830078125 0.0068359375
15 0.43505859375 0.1240234375 0.0078125 0.01171875
11 0.43505859375 0.04150390625 0.0078125 0.0068359375
15 0.63232421875 0.3271484375 0.0078125 0.01171875
11 0.63232421875 0.2626953125 0.0078125 0.0068359375
11 0.615234375 0.25634765625 0.00830078125 0.0068359375
11 0.60302734375 0.259765625 0.00830078125 0.00732421875
11 0.658203125 0.33251953125 0.00830078125 0.0068359375
11 0.669921875 0.25634765625 0.00830078125 0.0068359375
11 0.669921875 0.33544921875 0.00830078125 0.0068359375
11 0.50244140625 0.33251953125 0.00830078125 0.0068359375
11 0.658203125 0.259765625 0.00830078125 0.00732421875
11 0.64599609375 0.25634765625 0.00830078125 0.0068359375
11 0.53173828125 0.25390625 0.00830078125 0.0068359375
11 0.53173828125 0.32958984375 0.00830078125 0.0068359375
11 0.54541015625 0.23876953125 0.0078125 0.0068359375
11 0.51416015625 0.24755859375 0.00830078125 0.0068359375
11 0.59228515625 0.25390625 0.00830078125 0.0068359375
11 0.58056640625 0.32666015625 0.00830078125 0.00732421875
11 0.58056640625 0.25634765625 0.00830078125 0.0068359375
11 0.56982421875 0.23876953125 0.00830078125 0.0068359375
11 0.5576171875 0.24169921875 0.00830078125 0.0068359375
11 0.7890625 0.25048828125 0.00830078125 0.0068359375
11 0.7998046875 0.25634765625 0.00830078125 0.0068359375
11 0.8115234375 0.25390625 0.00830078125 0.0068359375
11 0.77685546875 0.3232421875 0.00830078125 0.0068359375
11 0.77685546875 0.25390625 0.00830078125 0.0068359375
11 0.7646484375 0.25634765625 0.00830078125 0.0068359375
11 0.7041015625 0.32958984375 0.00830078125 0.0068359375
11 0.693359375 0.259765625 0.00830078125 0.00732421875
11 0.7041015625 0.265625 0.00830078125 0.0068359375
11 0.681640625 0.33251953125 0.00830078125 0.0068359375
11 0.681640625 0.2626953125 0.00830078125 0.0068359375
11 0.75244140625 0.25390625 0.00830078125 0.0068359375
11 0.74072265625 0.25048828125 0.00830078125 0.0068359375
11 0.72705078125 0.32666015625 0.00830078125 0.00732421875
11 0.72705078125 0.2685546875 0.00830078125 0.0068359375
11 0.71630859375 0.2626953125 0.00830078125 0.0068359375
11 0.30322265625 0.25634765625 0.00830078125 0.0068359375
11 0.30322265625 0.34130859375 0.00830078125 0.00732421875
11 0.3154296875 0.33837890625 0.0078125 0.0068359375
11 0.29248046875 0.33544921875 0.00830078125 0.0068359375
11 0.28076171875 0.33837890625 0.00830078125 0.0068359375
11 0.35205078125 0.32958984375 0.00830078125 0.0068359375
11 0.33935546875 0.32666015625 0.00830078125 0.00732421875
11 0.50244140625 0.25048828125 0.00830078125 0.0068359375
11 0.36376953125 0.33251953125 0.00830078125 0.0068359375
11 0.28076171875 0.259765625 0.00830078125 0.00732421875
11 0.326171875 0.34423828125 0.00830078125 0.0068359375
11 0.326171875 0.25390625 0.00830078125 0.0068359375
15 0.2314453125 0.26318359375 0.0078125 0.01171875
11 0.2314453125 0.33837890625 0.00830078125 0.0068359375
10 0.19287109375 0.3251953125 0.0166015625 0.0458984375
10 0.19287109375 0.26123046875 0.0166015625 0.0458984375
11 0.26953125 0.2626953125 0.00830078125 0.0068359375
11 0.26953125 0.33251953125 0.00830078125 0.0068359375
11 0.2568359375 0.33544921875 0.00830078125 0.0068359375
11 0.2568359375 0.259765625 0.00830078125 0.00732421875
11 0.2451171875 0.33251953125 0.00830078125 0.0068359375
11 0.4794921875 0.24755859375 0.00830078125 0.0068359375
11 0.4794921875 0.33544921875 0.00830078125 0.0068359375
11 0.4560546875 0.33544921875 0.00830078125 0.0068359375
11 0.46826171875 0.24169921875 0.0078125 0.0068359375
11 0.46826171875 0.33837890625 0.0078125 0.0068359375
11 0.4560546875 0.24462890625 0.00830078125 0.00732421875
11 0.44384765625 0.24169921875 0.00830078125 0.0068359375
11 0.38818359375 0.32666015625 0.00830078125 0.00732421875
11 0.49169921875 0.24462890625 0.00830078125 0.00732421875
11 0.4306640625 0.32666015625 0.00830078125 0.00732421875
11 0.3759765625 0.32958984375 0.00830078125 0.0068359375
11 0.3759765625 0.25048828125 0.00830078125 0.0068359375
11 0.4306640625 0.25634765625 0.00830078125 0.0068359375
11 0.4111328125 0.32958984375 0.00830078125 0.0068359375
11 0.3984375 0.33251953125 0.00830078125 0.0068359375
11 0.642578125 0.517578125 0.00830078125 0.0068359375
11 0.65478515625 0.4599609375 0.00830078125 0.0068359375
11 0.67919921875 0.462890625 0.00830078125 0.0068359375
11 0.67919921875 0.52099609375 0.00830078125 0.00732421875
11 0.69189453125 0.517578125 0.00830078125 0.0068359375
11 0.65478515625 0.52099609375 0.00830078125 0.00732421875
11 0.6669921875 0.52392578125 0.00830078125 0.0068359375
11 0.53955078125 0.517578125 0.00830078125 0.0068359375
11 0.5517578125 0.52099609375 0.00830078125 0.00732421875
11 0.56396484375 0.52392578125 0.00830078125 0.0068359375
11 0.525390625 0.4658203125 0.00830078125 0.0068359375
11 0.525390625 0.53564453125 0.00830078125 0.00732421875
11 0.599609375 0.52392578125 0.00830078125 0.0068359375
11 0.61181640625 0.52099609375 0.00830078125 0.00732421875
11 0.62841796875 0.46875 0.00830078125 0.0068359375
11 0.62841796875 0.53857421875 0.00830078125 0.0068359375
11 0.576171875 0.462890625 0.00830078125 0.0068359375
11 0.576171875 0.52099609375 0.00830078125 0.00732421875
11 0.58837890625 0.517578125 0.00830078125 0.0068359375
11 0.798828125 0.4716796875 0.00830078125 0.0068359375
11 0.798828125 0.52978515625 0.00830078125 0.0068359375
11 0.81103515625 0.52685546875 0.00830078125 0.0068359375
11 0.775390625 0.52685546875 0.00830078125 0.0068359375
11 0.7880859375 0.52392578125 0.00830078125 0.0068359375
11 0.775390625 0.46875 0.00830078125 0.0068359375
11 0.7255859375 0.46875 0.00830078125 0.0068359375
11 0.7255859375 0.52685546875 0.00830078125 0.0068359375
11 0.73876953125 0.4658203125 0.00830078125 0.0068359375
11 0.73876953125 0.517578125 0.00830078125 0.0068359375
11 0.70263671875 0.4658203125 0.00830078125 0.0068359375
11 0.70263671875 0.52392578125 0.00830078125 0.0068359375
11 0.71484375 0.52099609375 0.00830078125 0.00732421875
11 0.76318359375 0.4658203125 0.00830078125 0.0068359375
11 0.76318359375 0.52392578125 0.00830078125 0.0068359375
11 0.7509765625 0.52099609375 0.00830078125 0.00732421875
11 0.7509765625 0.462890625 0.00830078125 0.0068359375
11 0.3408203125 0.517578125 0.00830078125 0.0068359375
11 0.35302734375 0.52099609375 0.00830078125 0.00732421875
11 0.3271484375 0.53857421875 0.00830078125 0.0068359375
11 0.3271484375 0.46875 0.00830078125 0.0068359375
11 0.31494140625 0.53271484375 0.00830078125 0.0068359375
11 0.388671875 0.52099609375 0.00830078125 0.00732421875
11 0.22998046875 0.4541015625 0.00830078125 0.00732421875
11 0.22998046875 0.53271484375 0.00830078125 0.0068359375
11 0.37646484375 0.52392578125 0.00830078125 0.0068359375
11 0.37646484375 0.4658203125 0.00830078125 0.0068359375
11 0.365234375 0.517578125 0.00830078125 0.0068359375
11 0.5146484375 0.52978515625 0.00830078125 0.0068359375
11 0.2666015625 0.47802734375 0.00830078125 0.0068359375
11 0.279296875 0.474609375 0.00830078125 0.00732421875
11 0.2666015625 0.53564453125 0.00830078125 0.00732421875
11 0.279296875 0.53271484375 0.00830078125 0.0068359375
11 0.25439453125 0.53271484375 0.00830078125 0.0068359375
11 0.25439453125 0.474609375 0.00830078125 0.00732421875
11 0.30224609375 0.53564453125 0.00830078125 0.00732421875
11 0.30224609375 0.4716796875 0.00830078125 0.0068359375
11 0.29150390625 0.52978515625 0.00830078125 0.0068359375
11 0.2421875 0.52978515625 0.00830078125 0.0068359375
11 0.47900390625 0.52978515625 0.00830078125 0.0068359375
11 0.47900390625 0.4716796875 0.00830078125 0.0068359375
11 0.4677734375 0.52392578125 0.00830078125 0.0068359375
11 0.4677734375 0.474609375 0.00830078125 0.00732421875
10 0.19287109375 0.46435546875 0.0166015625 0.0458984375
11 0.50244140625 0.53271484375 0.00830078125 0.0068359375
11 0.50244140625 0.46875 0.00830078125 0.0068359375
11 0.49169921875 0.52685546875 0.00830078125 0.0068359375
11 0.42919921875 0.52978515625 0.00830078125 0.0068359375
15 0.42919921875 0.466796875 0.0078125 0.01171875
11 0.41162109375 0.52392578125 0.00830078125 0.0068359375
11 0.3994140625 0.52685546875 0.00830078125 0.0068359375
11 0.44287109375 0.52392578125 0.00830078125 0.0068359375
11 0.455078125 0.52685546875 0.00830078125 0.0068359375
11 0.455078125 0.4716796875 0.00830078125 0.0068359375
10 0.19287109375 0.5283203125 0.0166015625 0.0458984375
11 0.61376953125 0.6484375 0.00830078125 0.00732421875
11 0.61376953125 0.748046875 0.00830078125 0.0068359375
11 0.60009765625 0.7451171875 0.00830078125 0.00732421875
11 0.60009765625 0.6513671875 0.00830078125 0.0068359375
11 0.65283203125 0.748046875 0.00830078125 0.0068359375
11 0.65283203125 0.6484375 0.00830078125 0.00732421875
11 0.64111328125 0.74169921875 0.00830078125 0.0068359375
11 0.62744140625 0.7451171875 0.00830078125 0.00732421875
11 0.62744140625 0.64501953125 0.00830078125 0.0068359375
11 0.50537109375 0.7451171875 0.00830078125 0.00732421875
11 0.54443359375 0.7509765625 0.00830078125 0.0068359375
11 0.54443359375 0.6484375 0.00830078125 0.00732421875
11 0.5322265625 0.7451171875 0.00830078125 0.00732421875
11 0.5185546875 0.748046875 0.00830078125 0.0068359375
11 0.5185546875 0.6572265625 0.00830078125 0.0068359375
11 0.5703125 0.759765625 0.00830078125 0.0068359375
11 0.583984375 0.74169921875 0.00830078125 0.0068359375
11 0.583984375 0.654296875 0.00830078125 0.0068359375
11 0.5703125 0.6484375 0.00830078125 0.00732421875
11 0.55810546875 0.748046875 0.00830078125 0.0068359375
12 0.78515625 0.7626953125 0.0087890625 0.0068359375
12 0.78515625 0.6572265625 0.0087890625 0.0068359375
11 0.7666015625 0.7509765625 0.00830078125 0.0068359375
11 0.7470703125 0.75390625 0.00830078125 0.0068359375
11 0.7470703125 0.654296875 0.00830078125 0.0068359375
8 0.6884765625 0.6630859375 0.00634765625 0.017578125
11 0.68896484375 0.74169921875 0.00830078125 0.0068359375
11 0.68896484375 0.6513671875 0.00830078125 0.0068359375
11 0.6669921875 0.7451171875 0.0078125 0.00732421875
11 0.73681640625 0.6513671875 0.00830078125 0.0068359375
11 0.7265625 0.654296875 0.00830078125 0.0068359375
11 0.71630859375 0.6572265625 0.00830078125 0.0068359375
11 0.70703125 0.7568359375 0.00830078125 0.0068359375
11 0.3251953125 0.73583984375 0.00830078125 0.0068359375
11 0.3115234375 0.7392578125 0.00830078125 0.0068359375
11 0.3115234375 0.66015625 0.00830078125 0.0068359375
11 0.29931640625 0.73291015625 0.00830078125 0.0068359375
11 0.36474609375 0.73583984375 0.00830078125 0.0068359375
11 0.36474609375 0.6572265625 0.00830078125 0.0068359375
11 0.3515625 0.73291015625 0.00830078125 0.0068359375
11 0.3515625 0.66015625 0.00830078125 0.0068359375
11 0.3369140625 0.74169921875 0.00830078125 0.0068359375
11 0.3369140625 0.6630859375 0.00830078125 0.0068359375
10 0.19287109375 0.7314453125 0.0166015625 0.04541015625
11 0.22998046875 0.73583984375 0.00830078125 0.0068359375
11 0.22998046875 0.67822265625 0.00830078125 0.0068359375
10 0.19287109375 0.66796875 0.0166015625 0.0458984375
11 0.28564453125 0.73583984375 0.00830078125 0.0068359375
11 0.28564453125 0.6572265625 0.00830078125 0.0068359375
11 0.27197265625 0.73291015625 0.00830078125 0.0068359375
11 0.2587890625 0.72998046875 0.00830078125 0.00732421875
11 0.2587890625 0.654296875 0.00830078125 0.0068359375
11 0.24462890625 0.72705078125 0.00830078125 0.0068359375
11 0.43701171875 0.74169921875 0.00830078125 0.0068359375
11 0.4736328125 0.7392578125 0.00830078125 0.0068359375
11 0.42333984375 0.7451171875 0.00830078125 0.00732421875
11 0.42333984375 0.666015625 0.00830078125 0.0068359375
11 0.45849609375 0.748046875 0.00830078125 0.0068359375
11 0.45849609375 0.6689453125 0.00830078125 0.00732421875
11 0.37841796875 0.7392578125 0.00830078125 0.0068359375
11 0.37841796875 0.66015625 0.00830078125 0.0068359375
11 0.40576171875 0.7392578125 0.00830078125 0.0068359375
11 0.4873046875 0.6630859375 0.00830078125 0.0068359375
11 0.4873046875 0.74169921875 0.00830078125 0.0068359375
11 0.39208984375 0.74169921875 0.00830078125 0.0068359375
11 0.39208984375 0.6630859375 0.00830078125 0.0068359375