11 0.6298828125 0.12890625 0.00830078125 0.0068359375
11 0.66259765625 0.1259765625 0.00830078125 0.0068359375
11 0.5224609375 0.12255859375 0.00830078125 0.0068359375
11 0.53955078125 0.1201171875 0.00830078125 0.0068359375
9 0.529296875 0.11083984375 0.0068359375 0.017578125
11 0.564453125 0.11376953125 0.00830078125 0.0068359375
12 0.59423828125 0.12255859375 0.0087890625 0.0068359375
11 0.79931640625 0.11376953125 0.00830078125 0.0068359375
11 0.69140625 0.12890625 0.00830078125 0.0068359375
9 0.69775390625 0.11669921875 0.0068359375 0.017578125
11 0.7080078125 0.1259765625 0.00830078125 0.0068359375
9 0.71484375 0.11376953125 0.0068359375 0.017578125
11 0.7255859375 0.11376953125 0.00830078125 0.0068359375
12 0.76025390625 0.12890625 0.0087890625 0.0068359375
11 0.32568359375 0.11376953125 0.00830078125 0.0068359375
11 0.35400390625 0.11669921875 0.00830078125 0.00732421875
8 0.35400390625 0.1279296875 0.00634765625 0.017578125
11 0.3701171875 0.11376953125 0.00830078125 0.0068359375
11 0.3955078125 0.10791015625 0.00830078125 0.0068359375
11 0.28564453125 0.1201171875 0.00830078125 0.0068359375
10 0.2431640625 0.11572265625 0.0166015625 0.0458984375
11 0.30126953125 0.11669921875 0.00830078125 0.00732421875
11 0.46142578125 0.12890625 0.00830078125 0.0068359375
11 0.49365234375 0.1201171875 0.00830078125 0.0068359375
12 0.42578125 0.11669921875 0.0087890625 0.00732421875
11 0.5205078125 0.19140625 0.00830078125 0.0068359375
11 0.65869140625 0.197265625 0.00830078125 0.0068359375
11 0.6318359375 0.2001953125 0.00830078125 0.0068359375
11 0.5439453125 0.1943359375 0.00830078125 0.0068359375
12 0.60400390625 0.1943359375 0.0087890625 0.0068359375
11 0.5791015625 0.185546875 0.00830078125 0.0068359375
11 0.55859375 0.19140625 0.00830078125 0.0068359375
9 0.55029296875 0.18212890625 0.0068359375 0.017578125
12 0.79736328125 0.185546875 0.0087890625 0.0068359375
11 0.78369140625 0.185546875 0.00830078125 0.0068359375
11 0.771484375 0.1796875 0.00830078125 0.0068359375
11 0.693359375 0.1884765625 0.00830078125 0.0068359375
11 0.70703125 0.1884765625 0.00830078125 0.0068359375
11 0.6796875 0.185546875 0.00830078125 0.0068359375
11 0.751953125 0.1826171875 0.00830078125 0.00732421875
11 0.7265625 0.185546875 0.00830078125 0.0068359375
12 0.3046875 0.1884765625 0.0087890625 0.0068359375
11 0.27880859375 0.1884765625 0.00830078125 0.0068359375
11 0.36181640625 0.1884765625 0.0078125 0.0068359375
11 0.34814453125 0.19140625 0.00830078125 0.0068359375
21 0.32958984375 0.18701171875 0.00634765625 0.0185546875
10 0.19287109375 0.18701171875 0.0166015625 0.0458984375
11 0.21826171875 0.1884765625 0.00830078125 0.0068359375
9 0.25 0.185546875 0.0068359375 0.017578125
11 0.25830078125 0.197265625 0.0078125 0.0068359375
11 0.2431640625 0.197265625 0.00830078125 0.0068359375
11 0.40576171875 0.1884765625 0.00830078125 0.0068359375
8 0.4052734375 0.19970703125 0.00634765625 0.017578125
11 0.41943359375 0.185546875 0.00830078125 0.0068359375
11 0.4404296875 0.1796875 0.00830078125 0.0068359375
12 0.4658203125 0.1884765625 0.0087890625 0.0068359375
11 0.3828125 0.185546875 0.00830078125 0.0068359375
11 0.49365234375 0.2001953125 0.00830078125 0.0068359375
8 0.61181640625 0.26318359375 0.00634765625 0.01806640625
13 0.63671875 0.2509765625 0.01123046875 0.0068359375
11 0.67138671875 0.26318359375 0.00830078125 0.0068359375
12 0.55859375 0.2568359375 0.0087890625 0.0068359375
11 0.5322265625 0.26611328125 0.00830078125 0.0068359375
11 0.5947265625 0.25390625 0.00830078125 0.00732421875
8 0.58154296875 0.26904296875 0.00634765625 0.017578125
11 0.6123046875 0.2509765625 0.00830078125 0.0068359375
11 0.58203125 0.2568359375 0.00830078125 0.0068359375
12 0.7978515625 0.26611328125 0.0087890625 0.0068359375
9 0.78955078125 0.25390625 0.0068359375 0.017578125
11 0.78271484375 0.26611328125 0.00830078125 0.0068359375
11 0.71435546875 0.26318359375 0.00830078125 0.0068359375
11 0.697265625 0.2568359375 0.0078125 0.0068359375
11 0.68408203125 0.259765625 0.00830078125 0.0068359375
11 0.76318359375 0.2568359375 0.00830078125 0.0068359375
11 0.740234375 0.25390625 0.00830078125 0.00732421875
11 0.72705078125 0.259765625 0.0078125 0.0068359375
12 0.30517578125 0.26318359375 0.0087890625 0.0068359375
11 0.27978515625 0.26611328125 0.0078125 0.0068359375
11 0.3564453125 0.25390625 0.00830078125 0.00732421875
21 0.3271484375 0.2587890625 0.00634765625 0.0185546875
10 0.19287109375 0.2587890625 0.0166015625 0.0458984375
11 0.21826171875 0.2568359375 0.00830078125 0.0068359375
11 0.26171875 0.259765625 0.00830078125 0.0068359375
11 0.24365234375 0.26318359375 0.00830078125 0.0068359375
11 0.34423828125 0.2568359375 0.00830078125 0.0068359375
11 0.23095703125 0.259765625 0.00830078125 0.0068359375
11 0.4638671875 0.2451171875 0.00830078125 0.0068359375
11 0.4462890625 0.248046875 0.00830078125 0.0068359375
11 0.42822265625 0.2509765625 0.00830078125 0.0068359375
8 0.41552734375 0.26611328125 0.00634765625 0.017578125
11 0.416015625 0.25390625 0.00830078125 0.00732421875
12 0.5078125 0.25390625 0.0087890625 0.00732421875
11 0.39501953125 0.2509765625 0.00830078125 0.0068359375
11 0.62646484375 0.33154296875 0.00830078125 0.0068359375
11 0.60302734375 0.32275390625 0.00830078125 0.0068359375
11 0.513671875 0.33447265625 0.00830078125 0.0068359375
11 0.66943359375 0.34375 0.00830078125 0.0068359375
12 0.64453125 0.34375 0.0087890625 0.0068359375
11 0.54736328125 0.32861328125 0.0078125 0.0068359375
11 0.52685546875 0.33154296875 0.00830078125 0.0068359375
8 0.56884765625 0.3427734375 0.00634765625 0.017578125
11 0.5693359375 0.33154296875 0.00830078125 0.0068359375
11 0.58251953125 0.32861328125 0.00830078125 0.0068359375
11 0.80224609375 0.34375 0.00830078125 0.0068359375
12 0.77587890625 0.33740234375 0.0087890625 0.0068359375
11 0.6953125 0.33447265625 0.00830078125 0.0068359375
11 0.75146484375 0.32861328125 0.00830078125 0.0068359375
11 0.732421875 0.33447265625 0.00830078125 0.0068359375
9 0.72412109375 0.32568359375 0.0068359375 0.017578125
11 0.71728515625 0.33740234375 0.00830078125 0.0068359375
11 0.31640625 0.33740234375 0.00830078125 0.0068359375
11 0.29931640625 0.32275390625 0.0078125 0.0068359375
12 0.38134765625 0.32275390625 0.0087890625 0.0068359375
11 0.3564453125 0.31982421875 0.00830078125 0.0068359375
11 0.337890625 0.31640625 0.0078125 0.0068359375
10 0.19287109375 0.330078125 0.0166015625 0.0458984375
11 0.21826171875 0.31982421875 0.00830078125 0.0068359375
11 0.255859375 0.32568359375 0.00830078125 0.00732421875
11 0.2744140625 0.32861328125 0.00830078125 0.0068359375
11 0.2373046875 0.32275390625 0.00830078125 0.0068359375
11 0.43798828125 0.33740234375 0.00830078125 0.0068359375
11 0.45068359375 0.33447265625 0.00830078125 0.0068359375
12 0.47216796875 0.33154296875 0.0087890625 0.0068359375
21 0.49560546875 0.330078125 0.00634765625 0.0185546875
11 0.41943359375 0.32568359375 0.00830078125 0.00732421875
11 0.40625 0.32275390625 0.0078125 0.0068359375
11 0.6396484375 0.38818359375 0.00830078125 0.0068359375
11 0.615234375 0.39111328125 0.00830078125 0.00732421875
11 0.5966796875 0.38818359375 0.00830078125 0.0068359375
11 0.66015625 0.400390625 0.00830078125 0.0068359375
11 0.55908203125 0.38525390625 0.00830078125 0.0068359375
13 0.521484375 0.38525390625 0.01123046875 0.00732421875
11 0.578125 0.38525390625 0.00830078125 0.0068359375
13 0.791015625 0.38525390625 0.01123046875 0.00732421875
11 0.7041015625 0.400390625 0.00830078125 0.0068359375
12 0.67333984375 0.400390625 0.0087890625 0.0068359375
8 0.65966796875 0.412109375 0.00634765625 0.017578125
11 0.76171875 0.38818359375 0.00830078125 0.0068359375
11 0.7431640625 0.39111328125 0.00830078125 0.00732421875
11 0.72265625 0.400390625 0.00830078125 0.0068359375
11 0.30810546875 0.3974609375 0.0078125 0.00732421875
11 0.283203125 0.400390625 0.00830078125 0.0068359375
11 0.33837890625 0.400390625 0.00830078125 0.0068359375
11 0.2646484375 0.4033203125 0.00830078125 0.0068359375
11 0.32666015625 0.39404296875 0.00830078125 0.0068359375
10 0.19287109375 0.40185546875 0.0166015625 0.0458984375
11 0.25146484375 0.4033203125 0.00830078125 0.0068359375
11 0.23828125 0.400390625 0.00830078125 0.0068359375
11 0.21826171875 0.412109375 0.00830078125 0.00732421875
11 0.408203125 0.40625 0.00830078125 0.0068359375
13 0.47802734375 0.40625 0.01123046875 0.00732421875
11 0.3955078125 0.4033203125 0.00830078125 0.0068359375
12 0.35205078125 0.400390625 0.0087890625 0.0068359375
11 0.42724609375 0.4033203125 0.00830078125 0.0068359375
11 0.44580078125 0.4091796875 0.00830078125 0.0068359375
11 0.38232421875 0.400390625 0.00830078125 0.0068359375
11 0.6279296875 0.4658203125 0.00830078125 0.0068359375
11 0.609375 0.474609375 0.00830078125 0.0068359375
12 0.66845703125 0.4716796875 0.0087890625 0.0068359375
11 0.64306640625 0.48681640625 0.00830078125 0.0068359375
13 0.55615234375 0.48681640625 0.01123046875 0.0068359375
11 0.52587890625 0.48388671875 0.00830078125 0.00732421875
11 0.59033203125 0.48681640625 0.00830078125 0.0068359375
11 0.8037109375 0.48681640625 0.00830078125 0.0068359375
11 0.78759765625 0.4775390625 0.00830078125 0.00732421875
9 0.779296875 0.474609375 0.0068359375 0.017578125
11 0.77294921875 0.48681640625 0.00830078125 0.0068359375
22 0.41796875 0.470703125 0.00830078125 0.00390625
11 0.7158203125 0.48046875 0.00830078125 0.0068359375
11 0.703125 0.4775390625 0.00830078125 0.00732421875
11 0.69091796875 0.474609375 0.00830078125 0.0068359375
11 0.75390625 0.48046875 0.00830078125 0.0068359375
11 0.734375 0.48388671875 0.00830078125 0.00732421875
11 0.31201171875 0.4716796875 0.00830078125 0.0068359375
11 0.29296875 0.4599609375 0.00830078125 0.0068359375
12 0.35302734375 0.4716796875 0.0087890625 0.0068359375
12 0.32470703125 0.4716796875 0.0087890625 0.0068359375
8 0.3115234375 0.48388671875 0.00634765625 0.017578125
10 0.19287109375 0.47314453125 0.0166015625 0.0458984375
11 0.2705078125 0.462890625 0.00830078125 0.00732421875
11 0.2529296875 0.4599609375 0.00830078125 0.0068359375
11 0.23583984375 0.45703125 0.00830078125 0.0068359375
11 0.21826171875 0.45703125 0.00830078125 0.0068359375
12 0.4501953125 0.47802734375 0.0087890625 0.0068359375
12 0.50048828125 0.48046875 0.0087890625 0.0068359375
11 0.4755859375 0.48046875 0.00830078125 0.0068359375
19 0.3759765625 0.47314453125 0.00830078125 0.00390625
11 0.62451171875 0.564453125 0.00830078125 0.0068359375
11 0.64892578125 0.55224609375 0.00830078125 0.0068359375
21 0.5859375 0.544921875 0.00634765625 0.0185546875
12 0.67138671875 0.56103515625 0.0087890625 0.0068359375
13 0.7451171875 0.56103515625 0.01123046875 0.0068359375
11 0.2666015625 0.56103515625 0.00830078125 0.0068359375
9 0.2734375 0.54931640625 0.0068359375 0.017578125
12 0.2919921875 0.56103515625 0.0087890625 0.0068359375
11 0.35791015625 0.55517578125 0.00830078125 0.0068359375
10 0.19287109375 0.544921875 0.0166015625 0.0458984375
11 0.21826171875 0.55810546875 0.00830078125 0.0068359375
11 0.40625 0.55810546875 0.00830078125 0.0068359375
9 0.4130859375 0.5458984375 0.0068359375 0.017578125
12 0.43115234375 0.55810546875 0.0087890625 0.0068359375
13 0.5048828125 0.55810546875 0.01123046875 0.0068359375