11 0.71337890625 0.0986328125 0.00830078125 0.0068359375
11 0.71337890625 0.14892578125 0.00830078125 0.0068359375
21 0.7119140625 0.1962890625 0.00634765625 0.0185546875
13 0.71435546875 0.23583984375 0.01123046875 0.0068359375
21 0.7119140625 0.3173828125 0.00634765625 0.01806640625
13 0.6142578125 0.33056640625 0.01123046875 0.00732421875
11 0.61279296875 0.24462890625 0.00830078125 0.0068359375
13 0.6142578125 0.2099609375 0.01123046875 0.0068359375
11 0.68505859375 0.24462890625 0.00830078125 0.0068359375
11 0.66455078125 0.23583984375 0.00830078125 0.0068359375
11 0.65185546875 0.22705078125 0.00830078125 0.0068359375
11 0.63623046875 0.23583984375 0.00830078125 0.0068359375
12 0.7890625 0.32470703125 0.0087890625 0.0068359375
12 0.7890625 0.20361328125 0.0087890625 0.0068359375
22 0.43310546875 0.08251953125 0.00830078125 0.00390625
22 0.43310546875 0.193359375 0.00830078125 0.00390625
22 0.43310546875 0.25830078125 0.00830078125 0.00390625
22 0.43310546875 0.314453125 0.00830078125 0.00390625
22 0.54833984375 0.25830078125 0.00830078125 0.00390625
22 0.65185546875 0.08251953125 0.00830078125 0.00390625
22 0.65185546875 0.138671875 0.00830078125 0.00390625
11 0.76025390625 0.20361328125 0.00830078125 0.0068359375
12 0.76025390625 0.13671875 0.0087890625 0.0068359375
12 0.76025390625 0.0869140625 0.0087890625 0.0068359375
11 0.74853515625 0.08984375 0.00830078125 0.0068359375
11 0.76025390625 0.32470703125 0.00830078125 0.0068359375
11 0.7373046875 0.14599609375 0.00830078125 0.0068359375
11 0.7373046875 0.0927734375 0.00830078125 0.00732421875
11 0.724609375 0.0986328125 0.00830078125 0.0068359375
11 0.7744140625 0.32177734375 0.00830078125 0.0068359375
11 0.7744140625 0.20068359375 0.00830078125 0.0068359375
9 0.388671875 0.13671875 0.0068359375 0.017578125
11 0.38232421875 0.14892578125 0.00830078125 0.0068359375
11 0.35205078125 0.14599609375 0.00830078125 0.0068359375
15 0.43212890625 0.1435546875 0.0078125 0.01171875
15 0.4638671875 0.1435546875 0.0078125 0.01171875
11 0.4462890625 0.15478515625 0.00830078125 0.0068359375
9 0.4208984375 0.1337890625 0.0068359375 0.017578125
11 0.4140625 0.14599609375 0.00830078125 0.0068359375
15 0.39990234375 0.1435546875 0.0078125 0.01171875
10 0.244140625 0.26123046875 0.0166015625 0.0458984375
1 0.24365234375 0.19580078125 0.017578125 0.02099609375
10 0.244140625 0.1416015625 0.0166015625 0.0458984375
11 0.28662109375 0.14892578125 0.00830078125 0.0068359375
10 0.244140625 0.08544921875 0.0166015625 0.0458984375
13 0.2880859375 0.0927734375 0.01123046875 0.00732421875
22 0.32080078125 0.314453125 0.00830078125 0.00390625
22 0.32080078125 0.25830078125 0.00830078125 0.00390625
0 0.22607421875 0.17041015625 0.005859375 0.080078125
22 0.32080078125 0.193359375 0.00830078125 0.00390625
11 0.330078125 0.14599609375 0.00830078125 0.0068359375
11 0.30810546875 0.14892578125 0.00830078125 0.0068359375
9 0.45263671875 0.142578125 0.0068359375 0.017578125
1 0.24365234375 0.31689453125 0.017578125 0.02099609375
11 0.54345703125 0.32470703125 0.00830078125 0.0068359375
11 0.54345703125 0.20361328125 0.00830078125 0.0068359375
12 0.5439453125 0.13671875 0.0087890625 0.0068359375
12 0.5439453125 0.0869140625 0.0087890625 0.0068359375
11 0.5322265625 0.08984375 0.00830078125 0.0068359375
11 0.5205078125 0.14599609375 0.00830078125 0.0068359375
11 0.5205078125 0.0927734375 0.00830078125 0.00732421875
11 0.55810546875 0.20068359375 0.00830078125 0.0068359375
12 0.57080078125 0.33056640625 0.0087890625 0.0068359375
12 0.57080078125 0.2099609375 0.0087890625 0.0068359375
11 0.55810546875 0.32177734375 0.00830078125 0.0068359375
21 0.47705078125 0.1416015625 0.00634765625 0.01806640625
21 0.5048828125 0.1962890625 0.00634765625 0.0185546875
21 0.5048828125 0.3173828125 0.00634765625 0.01806640625
11 0.505859375 0.14892578125 0.00830078125 0.0068359375
11 0.505859375 0.0986328125 0.00830078125 0.0068359375
13 0.62548828125 0.3994140625 0.01123046875 0.00732421875
13 0.458984375 0.390625 0.01123046875 0.00732421875
13 0.5419921875 0.396484375 0.01123046875 0.0068359375
22 0.56298828125 0.5771484375 0.00830078125 0.00390625
22 0.56298828125 0.6328125 0.00830078125 0.00390625
22 0.64599609375 0.45703125 0.00830078125 0.00390625
22 0.64599609375 0.51220703125 0.00830078125 0.00390625
22 0.64599609375 0.5771484375 0.00830078125 0.00390625
22 0.64599609375 0.6328125 0.00830078125 0.00390625
22 0.56298828125 0.51220703125 0.00830078125 0.00390625
22 0.3994140625 0.4013671875 0.00830078125 0.00390625
22 0.3994140625 0.45703125 0.00830078125 0.00390625
22 0.3994140625 0.51220703125 0.00830078125 0.00390625
22 0.3994140625 0.5771484375 0.00830078125 0.00390625
22 0.3994140625 0.6328125 0.00830078125 0.00390625
22 0.478515625 0.45703125 0.00830078125 0.00390625
22 0.478515625 0.51220703125 0.00830078125 0.00390625
22 0.478515625 0.5771484375 0.00830078125 0.00390625
22 0.478515625 0.6328125 0.00830078125 0.00390625
22 0.56298828125 0.45703125 0.00830078125 0.00390625
21 0.69970703125 0.404296875 0.00634765625 0.0185546875
11 0.79248046875 0.40234375 0.00830078125 0.0068359375
11 0.76123046875 0.4052734375 0.0078125 0.0068359375
11 0.72998046875 0.40869140625 0.00830078125 0.0068359375
11 0.24609375 0.55126953125 0.00830078125 0.0068359375
11 0.24609375 0.46728515625 0.00830078125 0.0068359375
15 0.24609375 0.40625 0.0078125 0.01171875
11 0.232421875 0.5546875 0.00830078125 0.0068359375
8 0.27294921875 0.4169921875 0.00634765625 0.017578125
11 0.27392578125 0.64306640625 0.00830078125 0.0068359375
11 0.27392578125 0.5576171875 0.00830078125 0.0068359375
11 0.27392578125 0.5224609375 0.00830078125 0.0068359375
11 0.27392578125 0.46435546875 0.00830078125 0.0068359375
11 0.27392578125 0.4052734375 0.00830078125 0.0068359375
11 0.259765625 0.5546875 0.00830078125 0.0068359375
10 0.19384765625 0.4599609375 0.0166015625 0.0458984375
10 0.19384765625 0.404296875 0.0166015625 0.0458984375
22 0.75341796875 0.6328125 0.00830078125 0.00390625
22 0.75341796875 0.5771484375 0.00830078125 0.00390625
22 0.75341796875 0.51220703125 0.00830078125 0.00390625
22 0.75341796875 0.45703125 0.00830078125 0.00390625
0 0.17529296875 0.48876953125 0.005859375 0.080078125
9 0.2255859375 0.396484375 0.0068359375 0.017578125
11 0.21875 0.63720703125 0.00830078125 0.00732421875
11 0.21875 0.5576171875 0.00830078125 0.0068359375
21 0.2177734375 0.51513671875 0.00634765625 0.01806640625
11 0.21875 0.46728515625 0.00830078125 0.0068359375
11 0.21875 0.40869140625 0.00830078125 0.0068359375
1 0.193359375 0.63525390625 0.017578125 0.02099609375
10 0.19384765625 0.580078125 0.0166015625 0.0458984375
1 0.193359375 0.5146484375 0.017578125 0.02099609375
12 0.31884765625 0.6494140625 0.0087890625 0.0068359375
12 0.31884765625 0.55126953125 0.0087890625 0.0068359375
12 0.31884765625 0.5283203125 0.0087890625 0.0068359375
12 0.31884765625 0.46142578125 0.0087890625 0.0068359375
12 0.31884765625 0.4052734375 0.0087890625 0.0068359375
11 0.30029296875 0.51953125 0.00830078125 0.0068359375
11 0.30029296875 0.46435546875 0.00830078125 0.0068359375
15 0.30029296875 0.40625 0.0078125 0.01171875
11 0.287109375 0.560546875 0.00830078125 0.00732421875
11 0.30029296875 0.64013671875 0.00830078125 0.0068359375
15 0.30029296875 0.58203125 0.0078125 0.01171875
22 0.43359375 0.77587890625 0.00830078125 0.00390625
22 0.33984375 0.8955078125 0.00830078125 0.00390625
22 0.33984375 0.95166015625 0.00830078125 0.00390625
11 0.59912109375 0.96484375 0.00830078125 0.00732421875
11 0.59912109375 0.72119140625 0.00830078125 0.00732421875
11 0.56396484375 0.9677734375 0.00830078125 0.0068359375
11 0.56396484375 0.72412109375 0.00830078125 0.0068359375
13 0.74658203125 0.77099609375 0.01123046875 0.0068359375
22 0.33984375 0.83056640625 0.00830078125 0.00390625
13 0.65283203125 0.76513671875 0.01123046875 0.0068359375
13 0.65283203125 0.7001953125 0.01123046875 0.00732421875
22 0.33984375 0.77587890625 0.00830078125 0.00390625
22 0.67822265625 0.83056640625 0.00830078125 0.00390625
22 0.67822265625 0.8955078125 0.00830078125 0.00390625
22 0.43359375 0.83056640625 0.00830078125 0.00390625
22 0.43359375 0.8955078125 0.00830078125 0.00390625
22 0.67822265625 0.95166015625 0.00830078125 0.00390625
22 0.55615234375 0.8955078125 0.00830078125 0.00390625
22 0.55615234375 0.83056640625 0.00830078125 0.00390625
13 0.74658203125 0.703125 0.01123046875 0.0068359375
22 0.55615234375 0.77587890625 0.00830078125 0.00390625
22 0.43359375 0.95166015625 0.00830078125 0.00390625
13 0.314453125 0.71533203125 0.01123046875 0.00732421875
13 0.22021484375 0.70947265625 0.01123046875 0.0068359375
1 0.193359375 0.9541015625 0.017578125 0.02099609375
22 0.24755859375 0.95166015625 0.00830078125 0.00390625
22 0.24755859375 0.8955078125 0.00830078125 0.00390625
22 0.24755859375 0.83056640625 0.00830078125 0.00390625
22 0.24755859375 0.77587890625 0.00830078125 0.00390625
22 0.77197265625 0.83056640625 0.00830078125 0.00390625
0 0.17529296875 0.8076171875 0.005859375 0.080078125
10 0.19384765625 0.77880859375 0.0166015625 0.0458984375
10 0.19384765625 0.8984375 0.0166015625 0.0458984375
1 0.193359375 0.8330078125 0.017578125 0.02099609375
10 0.19384765625 0.72265625 0.0166015625 0.0458984375
22 0.77197265625 0.95166015625 0.00830078125 0.00390625
22 0.77197265625 0.8955078125 0.00830078125 0.00390625
21 0.494140625 0.95458984375 0.00634765625 0.0185546875
11 0.5283203125 0.970703125 0.00830078125 0.0068359375
11 0.5283203125 0.72705078125 0.00830078125 0.0068359375
21 0.494140625 0.72265625 0.00634765625 0.01806640625
13 0.408203125 0.71826171875 0.01123046875 0.0068359375