15 0.638671875 0.220703125 0.0078125 0.01171875
15 0.638671875 0.3291015625 0.0078125 0.01171875
15 0.638671875 0.1123046875 0.0078125 0.01171875
15 0.638671875 0.38037109375 0.0078125 0.01171875
15 0.638671875 0.431640625 0.0078125 0.01171875
15 0.638671875 0.06103515625 0.0078125 0.01171875
6 0.69189453125 0.22119140625 0.00732421875 0.02734375
6 0.69189453125 0.32958984375 0.00732421875 0.02734375
6 0.69189453125 0.38720703125 0.00732421875 0.02734375
6 0.69189453125 0.43798828125 0.00732421875 0.02685546875
11 0.69189453125 0.37060546875 0.00830078125 0.0068359375
11 0.69189453125 0.04541015625 0.00830078125 0.0068359375
11 0.69189453125 0.12353515625 0.00830078125 0.00732421875
11 0.69189453125 0.205078125 0.00830078125 0.0068359375
11 0.69189453125 0.3134765625 0.00830078125 0.0068359375
11 0.69189453125 0.421875 0.00830078125 0.0068359375
6 0.69189453125 0.06201171875 0.00732421875 0.02734375
7 0.69873046875 0.109375 0.0068359375 0.03125
6 0.50927734375 0.43212890625 0.00732421875 0.02734375
6 0.50927734375 0.0556640625 0.00732421875 0.02734375
7 0.51611328125 0.103515625 0.0068359375 0.03125
6 0.50927734375 0.21533203125 0.00732421875 0.02734375
6 0.50927734375 0.32373046875 0.00732421875 0.02734375
6 0.50927734375 0.380859375 0.00732421875 0.02734375
8 0.55224609375 0.33740234375 0.00634765625 0.017578125
9 0.55908203125 0.1025390625 0.0068359375 0.017578125
8 0.55224609375 0.22900390625 0.00634765625 0.017578125
8 0.55224609375 0.39306640625 0.00634765625 0.017578125
8 0.55224609375 0.4443359375 0.00634765625 0.017578125
11 0.552734375 0.216796875 0.00830078125 0.00732421875
11 0.552734375 0.05712890625 0.00830078125 0.00732421875
11 0.552734375 0.03662109375 0.00830078125 0.00732421875
11 0.552734375 0.13525390625 0.00830078125 0.0068359375
11 0.552734375 0.1142578125 0.00830078125 0.0068359375
11 0.552734375 0.1962890625 0.00830078125 0.00732421875
11 0.552734375 0.32568359375 0.00830078125 0.0068359375
11 0.552734375 0.3046875 0.00830078125 0.0068359375
11 0.552734375 0.3828125 0.00830078125 0.00732421875
11 0.552734375 0.36181640625 0.00830078125 0.00732421875
11 0.552734375 0.43359375 0.00830078125 0.0068359375
11 0.552734375 0.4130859375 0.00830078125 0.00732421875
8 0.55224609375 0.0693359375 0.00634765625 0.017578125
7 0.78564453125 0.103515625 0.00732421875 0.03125
6 0.77880859375 0.21533203125 0.0078125 0.02734375
6 0.77880859375 0.32373046875 0.0078125 0.02734375
6 0.77880859375 0.380859375 0.0078125 0.02734375
6 0.77880859375 0.43212890625 0.0078125 0.02734375
11 0.7353515625 0.2021484375 0.0078125 0.0068359375
11 0.7353515625 0.310546875 0.0078125 0.0068359375
11 0.7353515625 0.36767578125 0.0078125 0.00732421875
11 0.7353515625 0.4189453125 0.0078125 0.0068359375
6 0.7353515625 0.05859375 0.00732421875 0.02734375
7 0.7421875 0.1064453125 0.00732421875 0.03125
11 0.7353515625 0.12060546875 0.0078125 0.0068359375
6 0.7353515625 0.21826171875 0.00732421875 0.02734375
6 0.7353515625 0.32666015625 0.00732421875 0.02685546875
11 0.7353515625 0.04248046875 0.0078125 0.0068359375
11 0.77880859375 0.03955078125 0.00830078125 0.0068359375
11 0.77880859375 0.11767578125 0.00830078125 0.00732421875
11 0.77880859375 0.19921875 0.00830078125 0.0068359375
11 0.77880859375 0.3076171875 0.00830078125 0.0068359375
11 0.77880859375 0.36474609375 0.00830078125 0.0068359375
11 0.77880859375 0.416015625 0.00830078125 0.0068359375
6 0.77880859375 0.0556640625 0.0078125 0.02734375
6 0.7353515625 0.3837890625 0.00732421875 0.02734375
6 0.7353515625 0.43505859375 0.00732421875 0.02734375
11 0.28076171875 0.47900390625 0.00830078125 0.00732421875
8 0.22705078125 0.43994140625 0.00634765625 0.017578125
8 0.22705078125 0.33154296875 0.00634765625 0.017578125
8 0.22705078125 0.388671875 0.00634765625 0.017578125
11 0.28076171875 0.15966796875 0.00830078125 0.0068359375
11 0.28076171875 0.2890625 0.00830078125 0.0068359375
11 0.33447265625 0.15966796875 0.00830078125 0.0068359375
11 0.33447265625 0.47900390625 0.00830078125 0.00732421875
15 0.3134765625 0.06103515625 0.0078125 0.01171875
15 0.3134765625 0.1123046875 0.0078125 0.01171875
15 0.3134765625 0.220703125 0.0078125 0.01171875
15 0.3134765625 0.3291015625 0.0078125 0.01171875
15 0.3134765625 0.38037109375 0.0078125 0.01171875
15 0.3134765625 0.431640625 0.0078125 0.01171875
1 0.193359375 0.109375 0.017578125 0.02099609375
10 0.19384765625 0.1611328125 0.0166015625 0.0458984375
10 0.19384765625 0.21826171875 0.0166015625 0.0458984375
10 0.19384765625 0.26953125 0.0166015625 0.0458984375
10 0.19384765625 0.3271484375 0.0166015625 0.0458984375
1 0.193359375 0.3779296875 0.017578125 0.02099609375
10 0.19384765625 0.05859375 0.0166015625 0.0458984375
11 0.22705078125 0.47900390625 0.00830078125 0.00732421875
8 0.22705078125 0.0634765625 0.00634765625 0.017578125
9 0.23388671875 0.1025390625 0.0068359375 0.017578125
11 0.22705078125 0.4130859375 0.00830078125 0.00732421875
8 0.22705078125 0.22314453125 0.00634765625 0.017578125
11 0.22705078125 0.05126953125 0.00830078125 0.0068359375
1 0.193359375 0.42919921875 0.017578125 0.02099609375
10 0.19384765625 0.48046875 0.0166015625 0.0458984375
11 0.33447265625 0.2890625 0.00830078125 0.0068359375
11 0.22705078125 0.03662109375 0.00830078125 0.00732421875
11 0.22705078125 0.12939453125 0.00830078125 0.0068359375
11 0.22705078125 0.1142578125 0.00830078125 0.0068359375
11 0.22705078125 0.15966796875 0.00830078125 0.0068359375
11 0.22705078125 0.2109375 0.00830078125 0.00732421875
11 0.22705078125 0.1962890625 0.00830078125 0.00732421875
11 0.22705078125 0.2890625 0.00830078125 0.0068359375
11 0.22705078125 0.3193359375 0.00830078125 0.0068359375
11 0.22705078125 0.3046875 0.00830078125 0.0068359375
11 0.22705078125 0.376953125 0.00830078125 0.0068359375
11 0.22705078125 0.36181640625 0.00830078125 0.00732421875
11 0.22705078125 0.427734375 0.00830078125 0.00732421875
11 0.4658203125 0.04248046875 0.00830078125 0.0068359375
11 0.4658203125 0.12060546875 0.00830078125 0.0068359375
11 0.4658203125 0.2021484375 0.00830078125 0.0068359375
11 0.4658203125 0.310546875 0.00830078125 0.0068359375
11 0.4658203125 0.36767578125 0.00830078125 0.00732421875
11 0.4658203125 0.4189453125 0.00830078125 0.0068359375
6 0.4658203125 0.05859375 0.0078125 0.02734375
7 0.47265625 0.1064453125 0.00732421875 0.03125
6 0.4658203125 0.21826171875 0.0078125 0.02734375
11 0.50927734375 0.03955078125 0.00830078125 0.0068359375
11 0.50927734375 0.11767578125 0.00830078125 0.00732421875
11 0.50927734375 0.19921875 0.00830078125 0.0068359375
11 0.50927734375 0.3076171875 0.00830078125 0.0068359375
11 0.50927734375 0.36474609375 0.00830078125 0.0068359375
11 0.50927734375 0.416015625 0.00830078125 0.0068359375
6 0.4658203125 0.43505859375 0.0078125 0.02734375
6 0.4658203125 0.32666015625 0.0078125 0.02685546875
6 0.4658203125 0.3837890625 0.0078125 0.02734375
19 0.4091796875 0.1611328125 0.00830078125 0.00390625
19 0.4091796875 0.26953125 0.00830078125 0.00390625
19 0.4091796875 0.48046875 0.00830078125 0.00390625
7 0.42919921875 0.109375 0.00732421875 0.03125
6 0.42236328125 0.22119140625 0.00732421875 0.02734375
6 0.42236328125 0.32958984375 0.00732421875 0.02734375
6 0.42236328125 0.38720703125 0.00732421875 0.02734375
6 0.42236328125 0.43798828125 0.00732421875 0.02685546875
11 0.42236328125 0.37060546875 0.00830078125 0.0068359375
11 0.42236328125 0.04541015625 0.00830078125 0.0068359375
11 0.42236328125 0.12353515625 0.00830078125 0.00732421875
11 0.42236328125 0.205078125 0.00830078125 0.0068359375
11 0.42236328125 0.3134765625 0.00830078125 0.0068359375
11 0.42236328125 0.421875 0.00830078125 0.0068359375
6 0.42236328125 0.06201171875 0.00732421875 0.02734375
11 0.681640625 0.78466796875 0.00830078125 0.0068359375
11 0.681640625 0.52880859375 0.00830078125 0.00732421875
11 0.681640625 0.6064453125 0.00830078125 0.0068359375
11 0.681640625 0.68212890625 0.00830078125 0.0068359375
15 0.62158203125 0.5439453125 0.0078125 0.01171875
15 0.62158203125 0.59521484375 0.0078125 0.01171875
15 0.62158203125 0.69775390625 0.0078125 0.01171875
15 0.62158203125 0.80029296875 0.0078125 0.01171875
15 0.62158203125 0.85107421875 0.0078125 0.01171875
15 0.62158203125 0.90234375 0.0078125 0.01171875
6 0.681640625 0.85791015625 0.00732421875 0.02734375
6 0.681640625 0.9091796875 0.00732421875 0.02734375
11 0.681640625 0.892578125 0.00830078125 0.00732421875
6 0.681640625 0.544921875 0.00732421875 0.02734375
7 0.6884765625 0.59228515625 0.0068359375 0.03125
11 0.681640625 0.841796875 0.00830078125 0.0068359375
6 0.681640625 0.6982421875 0.00732421875 0.02734375
6 0.681640625 0.80078125 0.00732421875 0.02734375
11 0.52490234375 0.6943359375 0.00830078125 0.0068359375
11 0.52490234375 0.54052734375 0.00830078125 0.0068359375
11 0.52490234375 0.51953125 0.00830078125 0.0068359375
11 0.52490234375 0.61865234375 0.00830078125 0.0068359375
11 0.52490234375 0.59765625 0.00830078125 0.0068359375
11 0.52490234375 0.67333984375 0.00830078125 0.0068359375
11 0.52490234375 0.79638671875 0.00830078125 0.00732421875
11 0.52490234375 0.775390625 0.00830078125 0.0068359375
11 0.52490234375 0.853515625 0.00830078125 0.0068359375
11 0.52490234375 0.83251953125 0.00830078125 0.0068359375
11 0.52490234375 0.90478515625 0.00830078125 0.0068359375
11 0.52490234375 0.8837890625 0.00830078125 0.0068359375
8 0.5244140625 0.552734375 0.00634765625 0.01806640625
8 0.5244140625 0.9150390625 0.00634765625 0.017578125
9 0.53125 0.58544921875 0.0068359375 0.017578125
8 0.5244140625 0.7060546875 0.00634765625 0.017578125
8 0.5244140625 0.80859375 0.00634765625 0.017578125
8 0.5244140625 0.8642578125 0.00634765625 0.017578125
6 0.775390625 0.9033203125 0.00732421875 0.02685546875
7 0.7822265625 0.58642578125 0.00732421875 0.03125
6 0.775390625 0.6923828125 0.00732421875 0.02734375
6 0.775390625 0.794921875 0.00732421875 0.02734375
6 0.775390625 0.85205078125 0.00732421875 0.02734375
6 0.775390625 0.53857421875 0.00732421875 0.02734375
6 0.728515625 0.6953125 0.00732421875 0.02685546875
6 0.728515625 0.5419921875 0.00732421875 0.02734375
7 0.7353515625 0.58935546875 0.0068359375 0.03125
6 0.728515625 0.7978515625 0.00732421875 0.02734375
6 0.728515625 0.85498046875 0.00732421875 0.02734375
11 0.728515625 0.525390625 0.00830078125 0.0068359375
11 0.728515625 0.603515625 0.00830078125 0.0068359375
11 0.728515625 0.67919921875 0.00830078125 0.0068359375
11 0.728515625 0.78173828125 0.00830078125 0.00732421875
11 0.728515625 0.83837890625 0.00830078125 0.0068359375
11 0.728515625 0.8896484375 0.00830078125 0.0068359375
11 0.775390625 0.52294921875 0.00830078125 0.0068359375
11 0.775390625 0.6005859375 0.00830078125 0.0068359375
11 0.775390625 0.67626953125 0.00830078125 0.0068359375
11 0.775390625 0.7783203125 0.00830078125 0.0068359375
11 0.775390625 0.8359375 0.00830078125 0.0068359375
11 0.775390625 0.88671875 0.00830078125 0.0068359375
6 0.728515625 0.90625 0.00732421875 0.02734375
8 0.22705078125 0.7060546875 0.00634765625 0.017578125
8 0.22705078125 0.80859375 0.00634765625 0.017578125
8 0.22705078125 0.8642578125 0.00634765625 0.017578125
8 0.22705078125 0.9150390625 0.00634765625 0.017578125
19 0.369140625 0.64404296875 0.00830078125 0.00390625
19 0.369140625 0.951171875 0.00830078125 0.00390625
15 0.32421875 0.59521484375 0.0078125 0.01171875
15 0.32421875 0.5439453125 0.0078125 0.01171875
15 0.32421875 0.69775390625 0.0078125 0.01171875
15 0.32421875 0.80029296875 0.0078125 0.01171875
15 0.32421875 0.85107421875 0.0078125 0.01171875
15 0.32421875 0.90234375 0.0078125 0.01171875
10 0.19384765625 0.5419921875 0.0166015625 0.0458984375
1 0.193359375 0.5927734375 0.017578125 0.02099609375
10 0.19384765625 0.64453125 0.0166015625 0.0458984375
10 0.19384765625 0.69580078125 0.0166015625 0.0458984375
10 0.19384765625 0.7470703125 0.0166015625 0.0458984375
10 0.19384765625 0.7978515625 0.0166015625 0.0458984375
8 0.22705078125 0.552734375 0.00634765625 0.01806640625
11 0.2275390625 0.67333984375 0.00830078125 0.0068359375
21 0.2265625 0.7470703125 0.00634765625 0.0185546875
11 0.2275390625 0.79638671875 0.00830078125 0.00732421875
11 0.2275390625 0.775390625 0.00830078125 0.0068359375
11 0.2275390625 0.853515625 0.00830078125 0.0068359375
11 0.2275390625 0.83251953125 0.00830078125 0.0068359375
11 0.2275390625 0.90478515625 0.00830078125 0.0068359375
11 0.2275390625 0.8837890625 0.00830078125 0.0068359375
21 0.2265625 0.95166015625 0.00634765625 0.0185546875
11 0.2275390625 0.6943359375 0.00830078125 0.0068359375
9 0.234375 0.58544921875 0.0068359375 0.017578125
1 0.193359375 0.8486328125 0.017578125 0.02099609375
1 0.193359375 0.89990234375 0.017578125 0.02099609375
10 0.19384765625 0.95166015625 0.0166015625 0.0458984375
19 0.369140625 0.74658203125 0.00830078125 0.00390625
11 0.2275390625 0.54052734375 0.00830078125 0.0068359375
11 0.2275390625 0.51953125 0.00830078125 0.0068359375
11 0.2275390625 0.61865234375 0.00830078125 0.0068359375
11 0.2275390625 0.59765625 0.00830078125 0.0068359375
21 0.2265625 0.64453125 0.00634765625 0.0185546875
6 0.43115234375 0.90625 0.00732421875 0.02734375
6 0.43115234375 0.5419921875 0.00732421875 0.02734375
7 0.43798828125 0.58935546875 0.0068359375 0.03125
6 0.43115234375 0.6953125 0.00732421875 0.02685546875
6 0.43115234375 0.7978515625 0.00732421875 0.02734375
6 0.43115234375 0.85498046875 0.00732421875 0.02734375
6 0.47802734375 0.794921875 0.0078125 0.02734375
7 0.48486328125 0.58642578125 0.00732421875 0.03125
6 0.47802734375 0.6923828125 0.0078125 0.02734375
6 0.47802734375 0.85205078125 0.0078125 0.02734375
6 0.47802734375 0.9033203125 0.0078125 0.02685546875
11 0.47802734375 0.52294921875 0.00830078125 0.0068359375
11 0.47802734375 0.6005859375 0.00830078125 0.0068359375
11 0.47802734375 0.67626953125 0.00830078125 0.0068359375
11 0.47802734375 0.7783203125 0.00830078125 0.0068359375
11 0.47802734375 0.8359375 0.00830078125 0.0068359375
11 0.47802734375 0.88671875 0.00830078125 0.0068359375
6 0.47802734375 0.53857421875 0.0078125 0.02734375
6 0.38427734375 0.6982421875 0.0078125 0.02734375
6 0.38427734375 0.80078125 0.0078125 0.02734375
6 0.38427734375 0.85791015625 0.0078125 0.02734375
6 0.38427734375 0.9091796875 0.0078125 0.02734375
11 0.38427734375 0.78466796875 0.00830078125 0.0068359375
11 0.38427734375 0.52880859375 0.00830078125 0.00732421875
11 0.38427734375 0.6064453125 0.00830078125 0.0068359375
11 0.38427734375 0.68212890625 0.00830078125 0.0068359375
11 0.38427734375 0.841796875 0.00830078125 0.0068359375
11 0.38427734375 0.892578125 0.00830078125 0.00732421875
6 0.38427734375 0.544921875 0.0078125 0.02734375
7 0.39111328125 0.59228515625 0.00732421875 0.03125
11 0.43115234375 0.603515625 0.00830078125 0.0068359375
11 0.43115234375 0.525390625 0.00830078125 0.0068359375
11 0.43115234375 0.83837890625 0.00830078125 0.0068359375
11 0.43115234375 0.8896484375 0.00830078125 0.0068359375
11 0.43115234375 0.78173828125 0.00830078125 0.00732421875
11 0.43115234375 0.67919921875 0.00830078125 0.0068359375