11 0.68115234375 0.1162109375 0.00732421875 0.00634765625
11 0.6943359375 0.12646484375 0.00732421875 0.00634765625
12 0.65625 0.18896484375 0.0078125 0.00634765625
9 0.6708984375 0.10986328125 0.00830078125 0.01416015625
11 0.66748046875 0.11865234375 0.0048828125 0.00439453125
21 0.65478515625 0.1279296875 0.005859375 0.0166015625
12 0.72265625 0.18896484375 0.0078125 0.00634765625
12 0.72265625 0.19970703125 0.0078125 0.00634765625
21 0.72119140625 0.1279296875 0.005859375 0.0166015625
11 0.7109375 0.19970703125 0.00537109375 0.00439453125
9 0.7138671875 0.18115234375 0.00830078125 0.01416015625
11 0.7109375 0.19189453125 0.00537109375 0.00439453125
12 0.59912109375 0.18896484375 0.0078125 0.00634765625
12 0.59912109375 0.19970703125 0.0078125 0.00634765625
21 0.59765625 0.1279296875 0.005859375 0.0166015625
9 0.5908203125 0.18115234375 0.00830078125 0.01416015625
9 0.6474609375 0.18115234375 0.00830078125 0.01416015625
11 0.64453125 0.19189453125 0.0048828125 0.00439453125
11 0.64453125 0.19970703125 0.0048828125 0.00439453125
11 0.640625 0.12646484375 0.00732421875 0.00634765625
12 0.65625 0.19970703125 0.0078125 0.00634765625
11 0.626953125 0.1162109375 0.00732421875 0.00634765625
9 0.61669921875 0.10986328125 0.00830078125 0.01416015625
11 0.61328125 0.11865234375 0.0048828125 0.00439453125
5 0.814453125 0.18017578125 0.00634765625 0.01806640625
11 0.763671875 0.12646484375 0.00732421875 0.00634765625
11 0.76806640625 0.19970703125 0.0048828125 0.00439453125
11 0.76806640625 0.19189453125 0.0048828125 0.00439453125
11 0.75 0.1162109375 0.00732421875 0.00634765625
9 0.740234375 0.10986328125 0.00830078125 0.01416015625
11 0.73681640625 0.11865234375 0.0048828125 0.00439453125
4 0.80859375 0.12646484375 0.0068359375 0.01611328125
11 0.80859375 0.18896484375 0.00732421875 0.00634765625
11 0.80859375 0.1162109375 0.00732421875 0.00634765625
15 0.7939453125 0.1298828125 0.0068359375 0.01025390625
11 0.779296875 0.18896484375 0.00732421875 0.00634765625
11 0.779296875 0.19970703125 0.00732421875 0.00634765625
21 0.7783203125 0.1279296875 0.005859375 0.0166015625
9 0.77099609375 0.18115234375 0.00830078125 0.01416015625
11 0.3935546875 0.12646484375 0.00732421875 0.00634765625
11 0.3798828125 0.1162109375 0.00732421875 0.00634765625
11 0.3974609375 0.19970703125 0.0048828125 0.00439453125
11 0.3974609375 0.19189453125 0.0048828125 0.00439453125
11 0.36669921875 0.11865234375 0.0048828125 0.00439453125
9 0.36962890625 0.10986328125 0.00830078125 0.01416015625
11 0.4208984375 0.11865234375 0.0048828125 0.00439453125
9 0.423828125 0.10986328125 0.00830078125 0.01416015625
11 0.44775390625 0.12646484375 0.00732421875 0.00634765625
12 0.4091796875 0.18896484375 0.0078125 0.00634765625
12 0.4091796875 0.19970703125 0.0078125 0.00634765625
21 0.408203125 0.1279296875 0.005859375 0.0166015625
9 0.40087890625 0.18115234375 0.00830078125 0.01416015625
11 0.2880859375 0.20751953125 0.00732421875 0.00634765625
11 0.2880859375 0.18896484375 0.00732421875 0.00634765625
1 0.2421875 0.18212890625 0.015625 0.0185546875
1 0.2421875 0.12744140625 0.015625 0.0185546875
11 0.2880859375 0.1162109375 0.00732421875 0.00634765625
0 0.2265625 0.15673828125 0.00537109375 0.076171875
9 0.34375 0.18115234375 0.00830078125 0.01416015625
21 0.35107421875 0.1279296875 0.005859375 0.0166015625
12 0.3525390625 0.19970703125 0.0078125 0.00634765625
12 0.3525390625 0.18896484375 0.0078125 0.00634765625
11 0.43408203125 0.1162109375 0.00732421875 0.00634765625
11 0.34033203125 0.19189453125 0.00537109375 0.00439453125
11 0.34033203125 0.19970703125 0.00537109375 0.00439453125
11 0.52099609375 0.19970703125 0.0048828125 0.00439453125
11 0.52099609375 0.19189453125 0.0048828125 0.00439453125
9 0.52392578125 0.18115234375 0.00830078125 0.01416015625
21 0.53173828125 0.1279296875 0.005859375 0.0166015625
12 0.53271484375 0.19970703125 0.0078125 0.00634765625
12 0.53271484375 0.18896484375 0.0078125 0.00634765625
11 0.51708984375 0.12646484375 0.00732421875 0.00634765625
11 0.50341796875 0.1162109375 0.00732421875 0.00634765625
9 0.4931640625 0.10986328125 0.00830078125 0.01416015625
11 0.58740234375 0.19189453125 0.00537109375 0.00439453125
11 0.58740234375 0.19970703125 0.00537109375 0.00439453125
11 0.57080078125 0.12646484375 0.00732421875 0.00634765625
11 0.5576171875 0.1162109375 0.00732421875 0.00634765625
9 0.54736328125 0.10986328125 0.00830078125 0.01416015625
11 0.54443359375 0.11865234375 0.0048828125 0.00439453125
11 0.4638671875 0.19189453125 0.00537109375 0.00439453125
12 0.4755859375 0.18896484375 0.0078125 0.00634765625
12 0.4755859375 0.19970703125 0.0078125 0.00634765625
21 0.474609375 0.1279296875 0.005859375 0.0166015625
9 0.46728515625 0.18115234375 0.00830078125 0.01416015625
11 0.4638671875 0.19970703125 0.00537109375 0.00439453125
11 0.490234375 0.11865234375 0.0048828125 0.00439453125
11 0.65771484375 0.35107421875 0.00732421875 0.00634765625
11 0.6865234375 0.3017578125 0.00732421875 0.00634765625
11 0.6865234375 0.2939453125 0.00732421875 0.00634765625
11 0.6865234375 0.28857421875 0.00732421875 0.00634765625
11 0.6865234375 0.283203125 0.00732421875 0.00634765625
11 0.6455078125 0.3427734375 0.0048828125 0.00439453125
11 0.65771484375 0.34033203125 0.00732421875 0.00634765625
9 0.64892578125 0.33203125 0.00830078125 0.01416015625
11 0.65771484375 0.2568359375 0.00732421875 0.00634765625
11 0.63818359375 0.2568359375 0.00732421875 0.00634765625
15 0.70361328125 0.3408203125 0.0068359375 0.01025390625
15 0.70361328125 0.27880859375 0.0068359375 0.01025390625
9 0.6923828125 0.32666015625 0.005859375 0.015625
9 0.6923828125 0.2724609375 0.005859375 0.015625
11 0.6865234375 0.33740234375 0.00732421875 0.00634765625
11 0.6865234375 0.35595703125 0.00732421875 0.00634765625
11 0.54833984375 0.2568359375 0.00732421875 0.00634765625
11 0.56005859375 0.2568359375 0.0068359375 0.00634765625
11 0.5673828125 0.3427734375 0.0048828125 0.00439453125
9 0.57080078125 0.33203125 0.00830078125 0.01416015625
11 0.53125 0.27001953125 0.00732421875 0.00634765625
11 0.53125 0.2568359375 0.00732421875 0.00634765625
11 0.53125 0.345703125 0.00732421875 0.00634765625
11 0.53125 0.3349609375 0.00732421875 0.00634765625
11 0.609375 0.27001953125 0.00732421875 0.00634765625
11 0.609375 0.2568359375 0.00732421875 0.00634765625
11 0.609375 0.345703125 0.00732421875 0.00634765625
11 0.609375 0.3349609375 0.00732421875 0.00634765625
11 0.62646484375 0.2568359375 0.00732421875 0.00634765625
11 0.57958984375 0.2568359375 0.00732421875 0.00634765625
11 0.57958984375 0.35107421875 0.00732421875 0.00634765625
11 0.57958984375 0.34033203125 0.00732421875 0.00634765625
11 0.59716796875 0.33740234375 0.0048828125 0.00439453125
9 0.60009765625 0.32666015625 0.00830078125 0.01416015625
11 0.80859375 0.29638671875 0.00732421875 0.00634765625
11 0.80859375 0.3349609375 0.00732421875 0.00634765625
15 0.7373046875 0.27880859375 0.0068359375 0.01025390625
15 0.7373046875 0.3408203125 0.0068359375 0.01025390625
9 0.72607421875 0.32421875 0.005859375 0.015625
11 0.75439453125 0.3017578125 0.00732421875 0.00634765625
11 0.75439453125 0.29638671875 0.00732421875 0.00634765625
11 0.75439453125 0.28857421875 0.00732421875 0.00634765625
11 0.75439453125 0.3642578125 0.00732421875 0.00634765625
11 0.75439453125 0.345703125 0.00732421875 0.00634765625
11 0.72021484375 0.29931640625 0.00732421875 0.00634765625
11 0.72021484375 0.291015625 0.00732421875 0.00634765625
11 0.72021484375 0.28564453125 0.00732421875 0.00634765625
11 0.72021484375 0.353515625 0.00732421875 0.00634765625
11 0.72021484375 0.3349609375 0.00732421875 0.00634765625
9 0.72607421875 0.275390625 0.005859375 0.015625
11 0.78857421875 0.3017578125 0.00732421875 0.00634765625
11 0.78857421875 0.291015625 0.00732421875 0.00634765625
11 0.78857421875 0.34033203125 0.00732421875 0.00634765625
11 0.78857421875 0.32958984375 0.00732421875 0.00634765625
9 0.76025390625 0.27783203125 0.005859375 0.015625
9 0.76025390625 0.3349609375 0.005859375 0.015625
15 0.771484375 0.27880859375 0.0068359375 0.01025390625
15 0.771484375 0.3408203125 0.0068359375 0.01025390625
11 0.29248046875 0.2724609375 0.00732421875 0.00634765625
11 0.29248046875 0.3427734375 0.00732421875 0.00634765625
11 0.30419921875 0.275390625 0.00732421875 0.00634765625
11 0.30419921875 0.345703125 0.00732421875 0.00634765625
11 0.2802734375 0.34033203125 0.00732421875 0.00634765625
11 0.2802734375 0.27001953125 0.00732421875 0.00634765625
11 0.35107421875 0.33740234375 0.0048828125 0.00439453125
9 0.3544921875 0.32666015625 0.00830078125 0.01416015625
15 0.32958984375 0.27880859375 0.0068359375 0.01025390625
15 0.32958984375 0.3408203125 0.0068359375 0.01025390625
11 0.2255859375 0.2568359375 0.00732421875 0.00634765625
1 0.19140625 0.328125 0.015625 0.0185546875
11 0.2255859375 0.3271484375 0.00732421875 0.00634765625
0 0.17578125 0.3037109375 0.00537109375 0.07373046875
1 0.19140625 0.2763671875 0.015625 0.0185546875
11 0.2568359375 0.2646484375 0.00732421875 0.00634765625
11 0.2568359375 0.3349609375 0.00732421875 0.00634765625
11 0.2685546875 0.267578125 0.00732421875 0.00634765625
11 0.2685546875 0.33740234375 0.00732421875 0.00634765625
11 0.24462890625 0.2646484375 0.00732421875 0.00634765625
11 0.24462890625 0.3349609375 0.00732421875 0.00634765625
11 0.45849609375 0.2646484375 0.00732421875 0.00634765625
11 0.470703125 0.2646484375 0.00732421875 0.00634765625
11 0.47802734375 0.33251953125 0.0048828125 0.00439453125
11 0.44140625 0.3349609375 0.00732421875 0.00634765625
11 0.44140625 0.345703125 0.00732421875 0.00634765625
11 0.44140625 0.2568359375 0.00732421875 0.00634765625
11 0.44140625 0.27001953125 0.00732421875 0.00634765625
9 0.4326171875 0.32666015625 0.00830078125 0.01416015625
11 0.42919921875 0.33740234375 0.0048828125 0.00439453125
11 0.51171875 0.33740234375 0.0048828125 0.00439453125
9 0.51513671875 0.32666015625 0.00830078125 0.01416015625
11 0.490234375 0.32958984375 0.00732421875 0.00634765625
11 0.490234375 0.34033203125 0.00732421875 0.00634765625
11 0.490234375 0.2646484375 0.00732421875 0.00634765625
9 0.48095703125 0.32177734375 0.00830078125 0.01416015625
11 0.38037109375 0.2646484375 0.00732421875 0.00634765625
11 0.392578125 0.2646484375 0.00732421875 0.00634765625
11 0.39990234375 0.33251953125 0.0048828125 0.00439453125
11 0.36328125 0.3349609375 0.00732421875 0.00634765625
11 0.36328125 0.345703125 0.00732421875 0.00634765625
11 0.36328125 0.2568359375 0.00732421875 0.00634765625
11 0.36328125 0.27001953125 0.00732421875 0.00634765625
11 0.412109375 0.34033203125 0.00732421875 0.00634765625
11 0.412109375 0.2646484375 0.00732421875 0.00634765625
11 0.412109375 0.32958984375 0.00732421875 0.00634765625
9 0.40283203125 0.32177734375 0.00830078125 0.01416015625
9 0.63427734375 0.4794921875 0.00830078125 0.01416015625
11 0.630859375 0.490234375 0.0048828125 0.00439453125
11 0.66845703125 0.4208984375 0.00732421875 0.00634765625
11 0.630859375 0.4130859375 0.0048828125 0.00439453125
9 0.63427734375 0.404296875 0.00830078125 0.01416015625
12 0.64453125 0.49853515625 0.0078125 0.00634765625
12 0.64453125 0.48779296875 0.0078125 0.00634765625
11 0.64453125 0.41064453125 0.00732421875 0.00634765625
9 0.5302734375 0.396484375 0.00830078125 0.01416015625
12 0.541015625 0.48779296875 0.0078125 0.00634765625
12 0.541015625 0.49853515625 0.0078125 0.00634765625
11 0.541015625 0.40234375 0.00732421875 0.00634765625
9 0.5302734375 0.4794921875 0.00830078125 0.01416015625
11 0.52734375 0.490234375 0.0048828125 0.00439453125
11 0.52734375 0.4052734375 0.0048828125 0.00439453125
11 0.5009765625 0.4208984375 0.00732421875 0.00634765625
11 0.59619140625 0.41064453125 0.00732421875 0.00634765625
11 0.58056640625 0.41064453125 0.00732421875 0.00634765625
11 0.564453125 0.41064453125 0.00732421875 0.00634765625
11 0.79541015625 0.41064453125 0.00732421875 0.00634765625
9 0.7294921875 0.396484375 0.00830078125 0.01416015625
11 0.7265625 0.490234375 0.0048828125 0.00439453125
11 0.7265625 0.4052734375 0.0048828125 0.00439453125
11 0.69970703125 0.4208984375 0.00732421875 0.00634765625
11 0.68408203125 0.4208984375 0.00732421875 0.00634765625
11 0.77978515625 0.41064453125 0.00732421875 0.00634765625
11 0.763671875 0.41064453125 0.00732421875 0.00634765625
12 0.740234375 0.48779296875 0.0078125 0.00634765625
12 0.740234375 0.49853515625 0.0078125 0.00634765625
11 0.740234375 0.40234375 0.00732421875 0.00634765625
9 0.7294921875 0.4794921875 0.00830078125 0.01416015625
11 0.30322265625 0.47705078125 0.00732421875 0.00634765625
11 0.30322265625 0.49560546875 0.00732421875 0.00634765625
11 0.271484375 0.482421875 0.00732421875 0.00634765625
11 0.271484375 0.5009765625 0.00732421875 0.00634765625
15 0.345703125 0.49365234375 0.0068359375 0.01025390625
15 0.345703125 0.46142578125 0.0068359375 0.01025390625
9 0.326171875 0.4638671875 0.005859375 0.015625
8 0.3203125 0.498046875 0.005859375 0.015625
11 0.32080078125 0.4716796875 0.00732421875 0.00634765625
11 0.32080078125 0.490234375 0.00732421875 0.00634765625
10 0.1923828125 0.42236328125 0.0146484375 0.04052734375
1 0.19140625 0.48095703125 0.015625 0.0185546875
11 0.2255859375 0.44482421875 0.00732421875 0.00634765625
0 0.17578125 0.453125 0.00537109375 0.0810546875
11 0.24169921875 0.5009765625 0.00732421875 0.00634765625
11 0.24169921875 0.474609375 0.00732421875 0.00634765625
11 0.2255859375 0.490234375 0.00732421875 0.00634765625
9 0.4345703125 0.4794921875 0.00830078125 0.01416015625
9 0.4345703125 0.404296875 0.00830078125 0.01416015625
11 0.48486328125 0.4208984375 0.00732421875 0.00634765625
11 0.46923828125 0.4208984375 0.00732421875 0.00634765625
12 0.4453125 0.48779296875 0.0078125 0.00634765625
12 0.4453125 0.49853515625 0.0078125 0.00634765625
11 0.4453125 0.41064453125 0.00732421875 0.00634765625
15 0.3955078125 0.42431640625 0.0068359375 0.01025390625
8 0.3701171875 0.51416015625 0.00537109375 0.015625
11 0.431640625 0.490234375 0.0048828125 0.00439453125
9 0.37646484375 0.4208984375 0.005859375 0.015625
11 0.37060546875 0.48779296875 0.00732421875 0.00634765625
11 0.37060546875 0.50634765625 0.00732421875 0.00634765625
11 0.37060546875 0.431640625 0.00732421875 0.00634765625
11 0.37060546875 0.43701171875 0.00732421875 0.00634765625
11 0.37060546875 0.4423828125 0.00732421875 0.00634765625
15 0.3955078125 0.49365234375 0.0068359375 0.01025390625
11 0.431640625 0.4130859375 0.0048828125 0.00439453125
11 0.64599609375 0.642578125 0.00732421875 0.00634765625
11 0.64599609375 0.57373046875 0.00732421875 0.00634765625
11 0.68994140625 0.568359375 0.00732421875 0.00634765625
11 0.68994140625 0.63720703125 0.00732421875 0.00634765625
11 0.6669921875 0.56591796875 0.00732421875 0.00634765625
11 0.6669921875 0.634765625 0.00732421875 0.00634765625
11 0.67822265625 0.56591796875 0.00732421875 0.00634765625
11 0.67822265625 0.634765625 0.00732421875 0.00634765625
11 0.58154296875 0.6318359375 0.00732421875 0.00634765625
11 0.5927734375 0.56298828125 0.00732421875 0.00634765625
11 0.5927734375 0.6318359375 0.00732421875 0.00634765625
11 0.56005859375 0.57373046875 0.00732421875 0.00634765625
11 0.56005859375 0.642578125 0.00732421875 0.00634765625
11 0.58154296875 0.56298828125 0.00732421875 0.00634765625
11 0.6279296875 0.5712890625 0.00732421875 0.00634765625
11 0.6279296875 0.6396484375 0.00732421875 0.00634765625
11 0.6044921875 0.56591796875 0.00732421875 0.00634765625
11 0.6044921875 0.634765625 0.00732421875 0.00634765625
11 0.6162109375 0.568359375 0.00732421875 0.00634765625
11 0.6162109375 0.63720703125 0.00732421875 0.00634765625
11 0.79541015625 0.64501953125 0.00732421875 0.00634765625
11 0.78369140625 0.57373046875 0.00732421875 0.00634765625
11 0.78369140625 0.642578125 0.00732421875 0.00634765625
11 0.79541015625 0.576171875 0.00732421875 0.00634765625
11 0.72509765625 0.576171875 0.0068359375 0.00634765625
11 0.72509765625 0.64501953125 0.0068359375 0.00634765625
11 0.70166015625 0.6396484375 0.00732421875 0.00634765625
11 0.71337890625 0.57373046875 0.00732421875 0.00634765625
11 0.71337890625 0.642578125 0.00732421875 0.00634765625
11 0.77197265625 0.6396484375 0.0068359375 0.00634765625
11 0.77197265625 0.5712890625 0.0068359375 0.00634765625
11 0.74609375 0.568359375 0.00732421875 0.00634765625
11 0.74609375 0.63720703125 0.00732421875 0.00634765625
11 0.70166015625 0.5712890625 0.00732421875 0.00634765625
11 0.7578125 0.568359375 0.00732421875 0.00634765625
11 0.7578125 0.63720703125 0.00732421875 0.00634765625
11 0.341796875 0.568359375 0.00732421875 0.00634765625
11 0.341796875 0.56298828125 0.00732421875 0.00634765625
11 0.341796875 0.55517578125 0.00732421875 0.00634765625
11 0.341796875 0.65576171875 0.00732421875 0.00634765625
11 0.341796875 0.63720703125 0.00732421875 0.00634765625
15 0.3251953125 0.5771484375 0.0068359375 0.01025390625
8 0.34130859375 0.5791015625 0.005859375 0.015625
9 0.2998046875 0.62353515625 0.00830078125 0.01416015625
11 0.30859375 0.568359375 0.00732421875 0.00634765625
11 0.30859375 0.56298828125 0.00732421875 0.00634765625
11 0.30859375 0.55517578125 0.00732421875 0.00634765625
11 0.30859375 0.642578125 0.00732421875 0.00634765625
11 0.30859375 0.6318359375 0.00732421875 0.00634765625
15 0.3583984375 0.5771484375 0.0068359375 0.01025390625
8 0.30810546875 0.5791015625 0.005859375 0.015625
11 0.40185546875 0.56298828125 0.00732421875 0.00634765625
11 0.40185546875 0.650390625 0.00732421875 0.00634765625
11 0.40185546875 0.6318359375 0.00732421875 0.00634765625
11 0.380859375 0.55517578125 0.00732421875 0.00634765625
11 0.380859375 0.642578125 0.00732421875 0.00634765625
11 0.380859375 0.6240234375 0.00732421875 0.00634765625
11 0.22412109375 0.634765625 0.0048828125 0.00439453125
9 0.22705078125 0.62353515625 0.00830078125 0.01416015625
11 0.23583984375 0.568359375 0.00732421875 0.00634765625
11 0.23583984375 0.56298828125 0.00732421875 0.00634765625
11 0.23583984375 0.55517578125 0.00732421875 0.00634765625
0 0.17578125 0.6015625 0.00537109375 0.07275390625
11 0.23583984375 0.642578125 0.00732421875 0.00634765625
1 0.19140625 0.57470703125 0.015625 0.0185546875
1 0.19140625 0.625 0.015625 0.0185546875
11 0.26904296875 0.65576171875 0.00732421875 0.00634765625
11 0.26904296875 0.63720703125 0.00732421875 0.00634765625
8 0.2685546875 0.5791015625 0.00537109375 0.015625
11 0.26904296875 0.55517578125 0.00732421875 0.00634765625
15 0.28564453125 0.5771484375 0.0068359375 0.01025390625
11 0.296875 0.634765625 0.0048828125 0.00439453125
11 0.23583984375 0.6318359375 0.00732421875 0.00634765625
8 0.2353515625 0.5791015625 0.00537109375 0.015625
15 0.25244140625 0.5771484375 0.0068359375 0.01025390625
11 0.26904296875 0.568359375 0.00732421875 0.00634765625
11 0.26904296875 0.56298828125 0.00732421875 0.00634765625
11 0.513671875 0.6318359375 0.00732421875 0.00634765625
11 0.513671875 0.56298828125 0.00732421875 0.00634765625
11 0.501953125 0.56298828125 0.00732421875 0.00634765625
11 0.501953125 0.6318359375 0.00732421875 0.00634765625
11 0.548828125 0.6396484375 0.00732421875 0.00634765625
11 0.548828125 0.5712890625 0.00732421875 0.00634765625
11 0.525390625 0.56591796875 0.00732421875 0.00634765625
11 0.525390625 0.634765625 0.00732421875 0.00634765625
11 0.537109375 0.568359375 0.00732421875 0.00634765625
11 0.537109375 0.63720703125 0.00732421875 0.00634765625
5 0.47021484375 0.62255859375 0.00634765625 0.0185546875
4 0.4638671875 0.57373046875 0.00634765625 0.01611328125
11 0.4638671875 0.6318359375 0.00732421875 0.00634765625
11 0.4638671875 0.56298828125 0.00732421875 0.00634765625
15 0.44482421875 0.5771484375 0.0068359375 0.01025390625
15 0.44482421875 0.6376953125 0.0068359375 0.01025390625
11 0.4228515625 0.57373046875 0.00732421875 0.00634765625
11 0.4228515625 0.6611328125 0.00732421875 0.00634765625
11 0.4833984375 0.55517578125 0.00732421875 0.00634765625
11 0.4833984375 0.6240234375 0.00732421875 0.00634765625
11 0.4228515625 0.642578125 0.00732421875 0.00634765625
11 0.63623046875 0.77880859375 0.00732421875 0.00634765625
11 0.63623046875 0.79736328125 0.00732421875 0.00634765625
11 0.63623046875 0.69970703125 0.00732421875 0.00634765625
11 0.63623046875 0.70458984375 0.00732421875 0.00634765625
11 0.63623046875 0.7099609375 0.00732421875 0.00634765625
11 0.63623046875 0.71826171875 0.00732421875 0.00634765625
11 0.6640625 0.712890625 0.00732421875 0.00634765625
11 0.6083984375 0.77587890625 0.00732421875 0.00634765625
11 0.6083984375 0.79443359375 0.00732421875 0.00634765625
11 0.51708984375 0.7919921875 0.00732421875 0.00634765625
11 0.69921875 0.7841796875 0.00732421875 0.00634765625
11 0.69921875 0.80517578125 0.00732421875 0.00634765625
11 0.69921875 0.70458984375 0.00732421875 0.00634765625
11 0.69921875 0.7099609375 0.00732421875 0.00634765625
11 0.51708984375 0.78125 0.00732421875 0.00634765625
11 0.6640625 0.78662109375 0.00732421875 0.00634765625
11 0.6640625 0.80517578125 0.00732421875 0.00634765625
11 0.6640625 0.6943359375 0.00732421875 0.00634765625
11 0.6640625 0.70458984375 0.00732421875 0.00634765625
11 0.6083984375 0.7021484375 0.00732421875 0.00634765625
11 0.58056640625 0.7734375 0.00732421875 0.00634765625
11 0.58056640625 0.7919921875 0.00732421875 0.00634765625
11 0.58056640625 0.70458984375 0.00732421875 0.00634765625
11 0.58056640625 0.712890625 0.00732421875 0.00634765625
11 0.58056640625 0.71826171875 0.00732421875 0.00634765625
11 0.544921875 0.78125 0.00732421875 0.00634765625
11 0.544921875 0.7919921875 0.00732421875 0.00634765625
11 0.544921875 0.720703125 0.00732421875 0.00634765625
11 0.6083984375 0.712890625 0.00732421875 0.00634765625
11 0.544921875 0.71533203125 0.00732421875 0.00634765625
11 0.796875 0.7734375 0.00732421875 0.00634765625
11 0.796875 0.7919921875 0.00732421875 0.00634765625
11 0.796875 0.712890625 0.00732421875 0.00634765625
11 0.796875 0.71826171875 0.00732421875 0.00634765625
11 0.72705078125 0.78125 0.00732421875 0.00634765625
11 0.72705078125 0.7998046875 0.00732421875 0.00634765625
11 0.72705078125 0.70458984375 0.00732421875 0.00634765625
11 0.72705078125 0.712890625 0.00732421875 0.00634765625
11 0.72705078125 0.71826171875 0.00732421875 0.00634765625
11 0.783203125 0.78125 0.00732421875 0.00634765625
11 0.783203125 0.70751953125 0.00732421875 0.00634765625
11 0.783203125 0.71533203125 0.00732421875 0.00634765625
11 0.7548828125 0.78125 0.00732421875 0.00634765625
11 0.7548828125 0.70751953125 0.00732421875 0.00634765625
11 0.7548828125 0.71533203125 0.00732421875 0.00634765625
11 0.2978515625 0.78125 0.00732421875 0.00634765625
11 0.2978515625 0.7919921875 0.00732421875 0.00634765625
11 0.2978515625 0.71826171875 0.00732421875 0.00634765625
11 0.2978515625 0.72314453125 0.00732421875 0.00634765625
11 0.27001953125 0.78125 0.00732421875 0.00634765625
11 0.27001953125 0.7919921875 0.00732421875 0.00634765625
11 0.27001953125 0.712890625 0.00732421875 0.00634765625
11 0.27001953125 0.71826171875 0.00732421875 0.00634765625
11 0.34228515625 0.78125 0.00732421875 0.00634765625
11 0.34228515625 0.7919921875 0.00732421875 0.00634765625
11 0.34228515625 0.71826171875 0.00732421875 0.00634765625
11 0.34228515625 0.72314453125 0.00732421875 0.00634765625
1 0.19140625 0.76904296875 0.015625 0.0185546875
1 0.19140625 0.71875 0.015625 0.0185546875
0 0.17578125 0.74560546875 0.00537109375 0.072265625
11 0.24169921875 0.78125 0.00732421875 0.00634765625
11 0.24169921875 0.7919921875 0.00732421875 0.00634765625
11 0.24169921875 0.712890625 0.00732421875 0.00634765625
11 0.24169921875 0.71826171875 0.00732421875 0.00634765625
11 0.2138671875 0.78125 0.00732421875 0.00634765625
11 0.2138671875 0.7919921875 0.00732421875 0.00634765625
11 0.2138671875 0.71826171875 0.00732421875 0.00634765625
11 0.2138671875 0.72314453125 0.00732421875 0.00634765625
11 0.4609375 0.78125 0.00732421875 0.00634765625
11 0.4609375 0.7919921875 0.00732421875 0.00634765625
11 0.4609375 0.71533203125 0.00732421875 0.00634765625
11 0.4609375 0.720703125 0.00732421875 0.00634765625
11 0.51708984375 0.7099609375 0.00732421875 0.00634765625
11 0.51708984375 0.71533203125 0.00732421875 0.00634765625
11 0.4892578125 0.78125 0.00732421875 0.00634765625
11 0.4892578125 0.7919921875 0.00732421875 0.00634765625
11 0.4892578125 0.7099609375 0.00732421875 0.00634765625
11 0.4892578125 0.71533203125 0.00732421875 0.00634765625
11 0.39794921875 0.78125 0.00732421875 0.00634765625
11 0.39794921875 0.7919921875 0.00732421875 0.00634765625
11 0.39794921875 0.712890625 0.00732421875 0.00634765625
11 0.39794921875 0.71826171875 0.00732421875 0.00634765625
11 0.3701171875 0.7919921875 0.00732421875 0.00634765625
11 0.3701171875 0.78125 0.00732421875 0.00634765625
11 0.42578125 0.78125 0.00732421875 0.00634765625
11 0.42578125 0.7919921875 0.00732421875 0.00634765625
11 0.42578125 0.71826171875 0.00732421875 0.00634765625
11 0.42578125 0.72314453125 0.00732421875 0.00634765625
11 0.3701171875 0.71826171875 0.00732421875 0.00634765625
11 0.3701171875 0.712890625 0.00732421875 0.00634765625
5 0.63525390625 0.91943359375 0.00634765625 0.0185546875
4 0.62939453125 0.8623046875 0.00634765625 0.01611328125
11 0.62939453125 0.9287109375 0.00732421875 0.00634765625
11 0.62939453125 0.8515625 0.00732421875 0.00634765625
11 0.5537109375 0.88330078125 0.00732421875 0.00634765625
11 0.6591796875 0.9287109375 0.00732421875 0.00634765625
11 0.6591796875 0.8544921875 0.00732421875 0.00634765625
11 0.64501953125 0.931640625 0.00732421875 0.00634765625
11 0.64501953125 0.85693359375 0.00732421875 0.00634765625
11 0.5927734375 0.91845703125 0.00732421875 0.00634765625
11 0.58935546875 0.931640625 0.00732421875 0.00634765625
11 0.58935546875 0.94189453125 0.00732421875 0.00634765625
11 0.58935546875 0.9130859375 0.00732421875 0.00634765625
11 0.58935546875 0.880859375 0.00732421875 0.00634765625
9 0.59521484375 0.8701171875 0.005859375 0.015625
11 0.56005859375 0.91015625 0.00732421875 0.00634765625
11 0.5537109375 0.9130859375 0.00732421875 0.00634765625
11 0.5537109375 0.931640625 0.00732421875 0.00634765625
11 0.5537109375 0.9501953125 0.00732421875 0.00634765625
9 0.5986328125 0.90869140625 0.005859375 0.015625
8 0.58935546875 0.9501953125 0.00537109375 0.01611328125
9 0.59521484375 0.90478515625 0.005859375 0.015625
11 0.75634765625 0.94189453125 0.00732421875 0.00634765625
11 0.75634765625 0.86767578125 0.00732421875 0.00634765625
11 0.7421875 0.939453125 0.00732421875 0.00634765625
11 0.7421875 0.86474609375 0.00732421875 0.00634765625
11 0.6875 0.9365234375 0.00732421875 0.00634765625
11 0.70166015625 0.939453125 0.00732421875 0.00634765625
19 0.7021484375 0.8525390625 0.00732421875 0.00341796875
11 0.70166015625 0.86474609375 0.00732421875 0.00634765625
11 0.6875 0.8623046875 0.00732421875 0.00634765625
11 0.6748046875 0.92333984375 0.00732421875 0.00634765625
11 0.6748046875 0.84912109375 0.00732421875 0.00634765625
11 0.72802734375 0.9365234375 0.00732421875 0.00634765625
11 0.72802734375 0.8623046875 0.00732421875 0.00634765625
11 0.30224609375 0.84912109375 0.00732421875 0.00634765625
11 0.3388671875 0.89111328125 0.00732421875 0.00634765625
11 0.30224609375 0.92333984375 0.00732421875 0.00634765625
11 0.30224609375 0.931640625 0.00732421875 0.00634765625
11 0.30224609375 0.94189453125 0.00732421875 0.00634765625
11 0.30224609375 0.84375 0.00732421875 0.00634765625
11 0.3388671875 0.8779296875 0.00732421875 0.00634765625
11 0.30224609375 0.8623046875 0.00732421875 0.00634765625
11 0.2724609375 0.92333984375 0.00732421875 0.00634765625
11 0.2724609375 0.931640625 0.00732421875 0.00634765625
11 0.2724609375 0.94189453125 0.00732421875 0.00634765625
11 0.2724609375 0.83837890625 0.00732421875 0.00634765625
11 0.3681640625 0.86767578125 0.00732421875 0.00634765625
11 0.3681640625 0.873046875 0.00732421875 0.00634765625
11 0.3681640625 0.88623046875 0.00732421875 0.00634765625
11 0.2724609375 0.84375 0.00732421875 0.00634765625
11 0.3388671875 0.92333984375 0.00732421875 0.00634765625
11 0.3388671875 0.931640625 0.00732421875 0.00634765625
11 0.3388671875 0.94189453125 0.00732421875 0.00634765625
11 0.3388671875 0.873046875 0.00732421875 0.00634765625
11 0.2138671875 0.84912109375 0.00732421875 0.00634765625
11 0.2138671875 0.8623046875 0.00732421875 0.00634765625
1 0.19140625 0.9189453125 0.015625 0.0185546875
11 0.2138671875 0.84375 0.00732421875 0.00634765625
1 0.19140625 0.86328125 0.015625 0.0185546875
0 0.17578125 0.89306640625 0.00537109375 0.0771484375
11 0.2431640625 0.84375 0.00732421875 0.00634765625
11 0.2724609375 0.85693359375 0.00732421875 0.00634765625
11 0.2431640625 0.92333984375 0.00732421875 0.00634765625
11 0.2431640625 0.931640625 0.00732421875 0.00634765625
11 0.2431640625 0.94189453125 0.00732421875 0.00634765625
11 0.2431640625 0.83837890625 0.00732421875 0.00634765625
11 0.2431640625 0.85693359375 0.00732421875 0.00634765625
11 0.2138671875 0.92333984375 0.00732421875 0.00634765625
11 0.2138671875 0.931640625 0.00732421875 0.00634765625
11 0.2138671875 0.94189453125 0.00732421875 0.00634765625
11 0.3681640625 0.94189453125 0.00732421875 0.00634765625
11 0.4638671875 0.92333984375 0.00732421875 0.00634765625
11 0.4638671875 0.931640625 0.00732421875 0.00634765625
11 0.4638671875 0.94189453125 0.00732421875 0.00634765625
11 0.4638671875 0.8701171875 0.00732421875 0.00634765625
11 0.52294921875 0.931640625 0.00732421875 0.00634765625
11 0.52294921875 0.9501953125 0.00732421875 0.00634765625
11 0.52294921875 0.873046875 0.00732421875 0.00634765625
11 0.52294921875 0.88330078125 0.00732421875 0.00634765625
11 0.52294921875 0.888671875 0.00732421875 0.00634765625
19 0.4638671875 0.8984375 0.01318359375 0.00390625
11 0.4931640625 0.93408203125 0.00732421875 0.00634765625
11 0.4931640625 0.95263671875 0.00732421875 0.00634765625
11 0.4931640625 0.873046875 0.00732421875 0.00634765625
11 0.4931640625 0.880859375 0.00732421875 0.00634765625
11 0.4931640625 0.88623046875 0.00732421875 0.00634765625
11 0.3974609375 0.86767578125 0.00732421875 0.00634765625
11 0.4267578125 0.89111328125 0.00732421875 0.00634765625
11 0.4638671875 0.87548828125 0.00732421875 0.00634765625
11 0.3974609375 0.92333984375 0.00732421875 0.00634765625
11 0.3974609375 0.931640625 0.00732421875 0.00634765625
11 0.3974609375 0.94189453125 0.00732421875 0.00634765625
11 0.3974609375 0.873046875 0.00732421875 0.00634765625
11 0.3974609375 0.88623046875 0.00732421875 0.00634765625
11 0.3681640625 0.92333984375 0.00732421875 0.00634765625
11 0.3681640625 0.931640625 0.00732421875 0.00634765625
11 0.4638671875 0.880859375 0.00732421875 0.00634765625
11 0.4267578125 0.92333984375 0.00732421875 0.00634765625
11 0.4267578125 0.931640625 0.00732421875 0.00634765625
11 0.4267578125 0.94189453125 0.00732421875 0.00634765625
11 0.4267578125 0.873046875 0.00732421875 0.00634765625
11 0.4267578125 0.8779296875 0.00732421875 0.00634765625
11 0.4638671875 0.888671875 0.00732421875 0.00634765625