11 0.68798828125 0.7236328125 0.00732421875 0.0068359375
11 0.6748046875 0.4814453125 0.00732421875 0.00634765625
11 0.6748046875 0.4189453125 0.00732421875 0.00634765625
11 0.6748046875 0.3427734375 0.00732421875 0.00634765625
21 0.6572265625 0.5595703125 0.005859375 0.0166015625
11 0.54052734375 0.498046875 0.00732421875 0.00634765625
11 0.68798828125 0.658203125 0.00732421875 0.00634765625
11 0.68798828125 0.5634765625 0.00732421875 0.00634765625
11 0.68798828125 0.4951171875 0.00732421875 0.00634765625
11 0.68798828125 0.43798828125 0.00732421875 0.00634765625
11 0.68798828125 0.36962890625 0.00732421875 0.00634765625
11 0.68798828125 0.28564453125 0.00732421875 0.00634765625
11 0.68798828125 0.19873046875 0.00732421875 0.00634765625
11 0.68798828125 0.1435546875 0.00732421875 0.00634765625
11 0.68798828125 0.0703125 0.00732421875 0.00634765625
11 0.658203125 0.4873046875 0.00732421875 0.00634765625
11 0.658203125 0.42431640625 0.00732421875 0.00634765625
11 0.658203125 0.3505859375 0.00732421875 0.00634765625
11 0.64208984375 0.4951171875 0.00732421875 0.00634765625
11 0.64208984375 0.4296875 0.00732421875 0.00634765625
11 0.64208984375 0.35595703125 0.00732421875 0.00634765625
11 0.57275390625 0.78369140625 0.00732421875 0.00634765625
11 0.57275390625 0.71533203125 0.00732421875 0.00634765625
11 0.57275390625 0.64990234375 0.00732421875 0.00634765625
11 0.57275390625 0.4873046875 0.00732421875 0.00634765625
11 0.57275390625 0.42138671875 0.00732421875 0.0068359375
11 0.57275390625 0.34765625 0.00732421875 0.0068359375
11 0.5869140625 0.8681640625 0.00732421875 0.00634765625
11 0.5869140625 0.78662109375 0.00732421875 0.0068359375
11 0.5869140625 0.71826171875 0.00732421875 0.00634765625
11 0.5869140625 0.65283203125 0.00732421875 0.00634765625
11 0.5869140625 0.57177734375 0.00732421875 0.0068359375
11 0.5869140625 0.50341796875 0.00732421875 0.0068359375
11 0.5869140625 0.44580078125 0.00732421875 0.00634765625
11 0.5869140625 0.37744140625 0.00732421875 0.00634765625
11 0.5869140625 0.27490234375 0.00732421875 0.00634765625
11 0.5869140625 0.19287109375 0.00732421875 0.00634765625
11 0.5869140625 0.14111328125 0.00732421875 0.00634765625
11 0.5869140625 0.0673828125 0.00732421875 0.00634765625
11 0.556640625 0.78125 0.00732421875 0.00634765625
11 0.556640625 0.712890625 0.00732421875 0.00634765625
11 0.556640625 0.6474609375 0.00732421875 0.00634765625
21 0.5556640625 0.5595703125 0.005859375 0.0166015625
11 0.556640625 0.49267578125 0.00732421875 0.00634765625
11 0.556640625 0.4296875 0.00732421875 0.00634765625
11 0.556640625 0.353515625 0.00732421875 0.0068359375
11 0.6025390625 0.79443359375 0.00732421875 0.00634765625
11 0.6025390625 0.7265625 0.00732421875 0.00634765625
11 0.6025390625 0.66064453125 0.00732421875 0.00634765625
11 0.6025390625 0.4873046875 0.00732421875 0.00634765625
11 0.6025390625 0.42138671875 0.00732421875 0.0068359375
11 0.6259765625 0.36962890625 0.00732421875 0.00634765625
12 0.62646484375 0.85986328125 0.0078125 0.0068359375
12 0.62646484375 0.7890625 0.0078125 0.00634765625
12 0.62646484375 0.720703125 0.0078125 0.00634765625
12 0.62646484375 0.6552734375 0.0078125 0.0068359375
11 0.6259765625 0.5634765625 0.00732421875 0.00634765625
11 0.6259765625 0.4951171875 0.00732421875 0.00634765625
11 0.6259765625 0.43798828125 0.00732421875 0.00634765625
11 0.6025390625 0.34765625 0.00732421875 0.0068359375
12 0.62646484375 0.28564453125 0.0078125 0.00634765625
12 0.62646484375 0.19580078125 0.0078125 0.00634765625
12 0.62646484375 0.1435546875 0.0078125 0.00634765625
12 0.62646484375 0.0673828125 0.0078125 0.00634765625
11 0.80712890625 0.34765625 0.00732421875 0.0068359375
11 0.80712890625 0.484375 0.00732421875 0.0068359375
11 0.80712890625 0.42138671875 0.00732421875 0.0068359375
11 0.77685546875 0.484375 0.00732421875 0.0068359375
11 0.77685546875 0.42138671875 0.00732421875 0.0068359375
11 0.77685546875 0.34765625 0.00732421875 0.0068359375
11 0.79052734375 0.86279296875 0.00732421875 0.00634765625
11 0.79052734375 0.7998046875 0.00732421875 0.00634765625
11 0.79052734375 0.73193359375 0.00732421875 0.00634765625
11 0.79052734375 0.666015625 0.00732421875 0.00634765625
11 0.79052734375 0.56640625 0.00732421875 0.00634765625
11 0.79052734375 0.498046875 0.00732421875 0.00634765625
11 0.79052734375 0.4404296875 0.00732421875 0.00634765625
11 0.79052734375 0.3720703125 0.00732421875 0.00634765625
11 0.79052734375 0.26953125 0.00732421875 0.0068359375
11 0.79052734375 0.19873046875 0.00732421875 0.00634765625
11 0.79052734375 0.146484375 0.00732421875 0.0068359375
11 0.79052734375 0.07275390625 0.00732421875 0.00634765625
11 0.7275390625 0.50341796875 0.00732421875 0.0068359375
11 0.7275390625 0.44580078125 0.00732421875 0.00634765625
11 0.7275390625 0.37744140625 0.00732421875 0.00634765625
12 0.7275390625 0.27490234375 0.0078125 0.00634765625
12 0.7275390625 0.19287109375 0.0078125 0.00634765625
12 0.7275390625 0.14111328125 0.0078125 0.00634765625
12 0.7275390625 0.06494140625 0.0078125 0.0068359375
11 0.7275390625 0.57177734375 0.00732421875 0.0068359375
11 0.705078125 0.484375 0.00732421875 0.0068359375
11 0.705078125 0.4189453125 0.00732421875 0.00634765625
11 0.705078125 0.34521484375 0.00732421875 0.00634765625
12 0.7275390625 0.8681640625 0.0078125 0.00634765625
12 0.7275390625 0.78662109375 0.0078125 0.00634765625
12 0.7275390625 0.71826171875 0.0078125 0.00634765625
12 0.7275390625 0.65283203125 0.0078125 0.00634765625
11 0.68798828125 0.87890625 0.00732421875 0.00634765625
11 0.744140625 0.498046875 0.00732421875 0.00634765625
11 0.744140625 0.43505859375 0.00732421875 0.0068359375
11 0.744140625 0.35888671875 0.00732421875 0.00634765625
11 0.76025390625 0.353515625 0.00732421875 0.0068359375
21 0.75927734375 0.5595703125 0.005859375 0.0166015625
11 0.76025390625 0.49267578125 0.00732421875 0.00634765625
11 0.76025390625 0.4267578125 0.00732421875 0.00634765625
11 0.68798828125 0.7919921875 0.00732421875 0.0068359375
12 0.322265625 0.720703125 0.0078125 0.00634765625
12 0.322265625 0.85205078125 0.0078125 0.00634765625
12 0.322265625 0.7890625 0.0078125 0.00634765625
12 0.322265625 0.6552734375 0.0078125 0.0068359375
11 0.32177734375 0.55517578125 0.00732421875 0.00634765625
11 0.32177734375 0.4873046875 0.00732421875 0.00634765625
11 0.32177734375 0.4296875 0.00732421875 0.00634765625
11 0.32177734375 0.361328125 0.00732421875 0.00634765625
12 0.322265625 0.27783203125 0.0078125 0.00634765625
12 0.322265625 0.19580078125 0.0078125 0.00634765625
12 0.322265625 0.1435546875 0.0078125 0.00634765625
12 0.322265625 0.06201171875 0.0078125 0.00634765625
11 0.38525390625 0.06494140625 0.00732421875 0.0068359375
11 0.38525390625 0.8544921875 0.00732421875 0.0068359375
11 0.38525390625 0.78369140625 0.00732421875 0.00634765625
11 0.38525390625 0.71533203125 0.00732421875 0.00634765625
11 0.38525390625 0.64990234375 0.00732421875 0.00634765625
11 0.38525390625 0.55810546875 0.00732421875 0.00634765625
11 0.38525390625 0.48974609375 0.00732421875 0.0068359375
11 0.38525390625 0.43212890625 0.00732421875 0.00634765625
11 0.38525390625 0.3642578125 0.00732421875 0.00634765625
11 0.38525390625 0.2802734375 0.00732421875 0.00634765625
11 0.38525390625 0.19873046875 0.00732421875 0.00634765625
11 0.38525390625 0.1435546875 0.00732421875 0.00634765625
11 0.54052734375 0.43505859375 0.00732421875 0.0068359375
11 0.3544921875 0.4189453125 0.00732421875 0.00634765625
11 0.3544921875 0.3427734375 0.00732421875 0.00634765625
11 0.3544921875 0.4814453125 0.00732421875 0.00634765625
11 0.33837890625 0.4873046875 0.00732421875 0.00634765625
11 0.33837890625 0.42431640625 0.00732421875 0.00634765625
11 0.33837890625 0.3505859375 0.00732421875 0.00634765625
11 0.37109375 0.47607421875 0.00732421875 0.00634765625
11 0.37109375 0.41064453125 0.00732421875 0.00634765625
11 0.37109375 0.3369140625 0.00732421875 0.00634765625
21 0.353515625 0.5595703125 0.005859375 0.0166015625
10 0.19287109375 0.6513671875 0.01513671875 0.04150390625
1 0.1923828125 0.55908203125 0.015625 0.01904296875
1 0.1923828125 0.49072265625 0.015625 0.01904296875
1 0.1923828125 0.26220703125 0.015625 0.01904296875
12 0.2265625 0.85986328125 0.0078125 0.0068359375
12 0.2265625 0.79736328125 0.0078125 0.00634765625
12 0.2265625 0.7451171875 0.0078125 0.00634765625
12 0.2265625 0.6689453125 0.0078125 0.00634765625
21 0.2255859375 0.5595703125 0.005859375 0.0166015625
21 0.2255859375 0.4912109375 0.005859375 0.0166015625
12 0.2265625 0.07568359375 0.0078125 0.00634765625
1 0.1923828125 0.85595703125 0.015625 0.01904296875
10 0.19287109375 0.7197265625 0.01513671875 0.04150390625
10 0.19287109375 0.12646484375 0.01513671875 0.04150390625
10 0.19287109375 0.05810546875 0.01513671875 0.04150390625
22 0.25244140625 0.42041015625 0.0078125 0.00341796875
22 0.25244140625 0.35205078125 0.0078125 0.00341796875
22 0.25244140625 0.26025390625 0.0078125 0.00341796875
22 0.25244140625 0.19189453125 0.0078125 0.00341796875
22 0.25244140625 0.12353515625 0.0078125 0.00341796875
9 0.27734375 0.84912109375 0.00634765625 0.01611328125
9 0.27734375 0.7861328125 0.00634765625 0.015625
9 0.27734375 0.72900390625 0.00634765625 0.015625
9 0.27734375 0.658203125 0.00634765625 0.01611328125
15 0.28759765625 0.85791015625 0.00732421875 0.0107421875
15 0.28759765625 0.7900390625 0.00732421875 0.0107421875
15 0.28759765625 0.7216796875 0.00732421875 0.0107421875
15 0.28759765625 0.6533203125 0.00732421875 0.0107421875
15 0.28759765625 0.06005859375 0.00732421875 0.01025390625
9 0.27734375 0.064453125 0.00634765625 0.015625
11 0.27099609375 0.85986328125 0.00732421875 0.0068359375
11 0.27099609375 0.79736328125 0.00732421875 0.00634765625
11 0.27099609375 0.7451171875 0.00732421875 0.00634765625
11 0.27099609375 0.6689453125 0.00732421875 0.0068359375
11 0.27099609375 0.58251953125 0.00732421875 0.00634765625
11 0.27099609375 0.51416015625 0.00732421875 0.00634765625
11 0.27099609375 0.07568359375 0.00732421875 0.00634765625
11 0.24853515625 0.57177734375 0.00732421875 0.0068359375
11 0.24853515625 0.50341796875 0.00732421875 0.0068359375
12 0.5244140625 0.26953125 0.0078125 0.0068359375
12 0.5244140625 0.201171875 0.0078125 0.0068359375
12 0.5244140625 0.146484375 0.0078125 0.00634765625
12 0.5244140625 0.07275390625 0.0078125 0.00634765625
11 0.50244140625 0.4814453125 0.00732421875 0.00634765625
11 0.50244140625 0.4189453125 0.00732421875 0.00634765625
11 0.50244140625 0.34521484375 0.00732421875 0.00634765625
11 0.48583984375 0.4951171875 0.00732421875 0.00634765625
11 0.48583984375 0.43798828125 0.00732421875 0.00634765625
11 0.48583984375 0.36962890625 0.00732421875 0.00634765625
11 0.48583984375 0.28564453125 0.00732421875 0.00634765625
11 0.48583984375 0.2041015625 0.00732421875 0.00634765625
11 0.48583984375 0.1494140625 0.00732421875 0.00634765625
11 0.48583984375 0.0703125 0.00732421875 0.00634765625
11 0.48583984375 0.5634765625 0.00732421875 0.00634765625
11 0.47265625 0.4814453125 0.00732421875 0.00634765625
11 0.47265625 0.416015625 0.00732421875 0.0068359375
11 0.47265625 0.3427734375 0.00732421875 0.00634765625
11 0.52392578125 0.3720703125 0.00732421875 0.00634765625
11 0.48583984375 0.85986328125 0.00732421875 0.0068359375
11 0.48583984375 0.7890625 0.00732421875 0.00634765625
11 0.48583984375 0.720703125 0.00732421875 0.00634765625
11 0.48583984375 0.6552734375 0.00732421875 0.0068359375
11 0.54052734375 0.361328125 0.00732421875 0.00634765625
12 0.5244140625 0.86279296875 0.0078125 0.00634765625
11 0.52392578125 0.7998046875 0.00732421875 0.00634765625
11 0.52392578125 0.73193359375 0.00732421875 0.00634765625
11 0.52392578125 0.666015625 0.00732421875 0.00634765625
11 0.52392578125 0.56640625 0.00732421875 0.00634765625
11 0.52392578125 0.498046875 0.00732421875 0.00634765625
11 0.52392578125 0.4404296875 0.00732421875 0.00634765625
12 0.423828125 0.857421875 0.0078125 0.00634765625
12 0.423828125 0.79443359375 0.0078125 0.00634765625
12 0.423828125 0.7265625 0.0078125 0.00634765625
11 0.40234375 0.41357421875 0.00732421875 0.00634765625
11 0.40234375 0.33984375 0.00732421875 0.00634765625
11 0.40234375 0.47607421875 0.00732421875 0.00634765625
12 0.423828125 0.66064453125 0.0078125 0.00634765625
11 0.42333984375 0.560546875 0.00732421875 0.00634765625
11 0.42333984375 0.49267578125 0.00732421875 0.00634765625
11 0.42333984375 0.43505859375 0.00732421875 0.0068359375
11 0.42333984375 0.36669921875 0.00732421875 0.0068359375
12 0.423828125 0.283203125 0.0078125 0.00634765625
12 0.423828125 0.201171875 0.0078125 0.0068359375
12 0.423828125 0.1494140625 0.0078125 0.00634765625
12 0.423828125 0.0673828125 0.0078125 0.00634765625
11 0.439453125 0.49267578125 0.00732421875 0.00634765625
11 0.439453125 0.4296875 0.00732421875 0.00634765625
11 0.439453125 0.35595703125 0.00732421875 0.00634765625
21 0.455078125 0.5595703125 0.005859375 0.0166015625
11 0.4560546875 0.4873046875 0.00732421875 0.00634765625
11 0.4560546875 0.42431640625 0.00732421875 0.00634765625
11 0.4560546875 0.34765625 0.00732421875 0.0068359375