11 0.64990234375 0.126953125 0.00830078125 0.00732421875
14 0.662109375 0.05078125 0.0087890625 0.01708984375
11 0.66162109375 0.25048828125 0.00830078125 0.0068359375
11 0.63818359375 0.25048828125 0.00830078125 0.0068359375
11 0.63818359375 0.185546875 0.00830078125 0.0068359375
14 0.68994140625 0.27197265625 0.0087890625 0.01708984375
11 0.7060546875 0.2470703125 0.00830078125 0.00732421875
11 0.72265625 0.06201171875 0.0078125 0.0068359375
11 0.67822265625 0.185546875 0.00830078125 0.0068359375
11 0.67822265625 0.06494140625 0.00830078125 0.0068359375
11 0.62646484375 0.05322265625 0.00830078125 0.0068359375
8 0.56396484375 0.13525390625 0.00634765625 0.01806640625
11 0.576171875 0.046875 0.00830078125 0.0068359375
11 0.564453125 0.1240234375 0.00830078125 0.0068359375
11 0.5986328125 0.046875 0.00830078125 0.0068359375
11 0.5986328125 0.1240234375 0.00830078125 0.0068359375
11 0.5986328125 0.1826171875 0.00830078125 0.00732421875
14 0.5986328125 0.27197265625 0.0087890625 0.01708984375
11 0.5546875 0.1826171875 0.00830078125 0.00732421875
11 0.5546875 0.2529296875 0.00830078125 0.0068359375
11 0.61474609375 0.25048828125 0.00830078125 0.0068359375
22 0.49365234375 0.11376953125 0.00830078125 0.00390625
22 0.49365234375 0.24609375 0.00830078125 0.00390625
22 0.49365234375 0.17822265625 0.00830078125 0.00390625
11 0.75341796875 0.2470703125 0.00830078125 0.00732421875
11 0.76708984375 0.06494140625 0.00830078125 0.0068359375
11 0.73095703125 0.2470703125 0.00830078125 0.00732421875
11 0.73828125 0.1240234375 0.00830078125 0.0068359375
11 0.73828125 0.1884765625 0.00830078125 0.0068359375
11 0.8056640625 0.06201171875 0.00830078125 0.0068359375
11 0.7939453125 0.25048828125 0.00830078125 0.0068359375
11 0.77392578125 0.25927734375 0.00830078125 0.0068359375
11 0.78076171875 0.19189453125 0.00830078125 0.0068359375
11 0.28125 0.1884765625 0.00830078125 0.0068359375
9 0.28759765625 0.17724609375 0.0068359375 0.017578125
11 0.29052734375 0.05615234375 0.00830078125 0.00732421875
11 0.29541015625 0.1298828125 0.00830078125 0.0068359375
11 0.259765625 0.05322265625 0.00830078125 0.0068359375
11 0.259765625 0.126953125 0.00830078125 0.00732421875
21 0.2705078125 0.2666015625 0.00634765625 0.0185546875
15 0.3349609375 0.0478515625 0.0078125 0.01171875
11 0.3349609375 0.126953125 0.00830078125 0.00732421875
14 0.3193359375 0.05078125 0.0087890625 0.01708984375
11 0.3466796875 0.185546875 0.00830078125 0.0068359375
21 0.357421875 0.0458984375 0.00634765625 0.0185546875
11 0.3095703125 0.19189453125 0.0078125 0.0068359375
11 0.3095703125 0.25634765625 0.0078125 0.0068359375
9 0.31591796875 0.1796875 0.0068359375 0.017578125
22 0.703125 0.11376953125 0.00830078125 0.00390625
22 0.703125 0.17822265625 0.00830078125 0.00390625
22 0.703125 0.24609375 0.00830078125 0.00390625
10 0.19384765625 0.0576171875 0.0166015625 0.0458984375
10 0.19384765625 0.12255859375 0.0166015625 0.0458984375
10 0.19384765625 0.1875 0.0166015625 0.0458984375
22 0.3017578125 0.11376953125 0.00830078125 0.00390625
22 0.3017578125 0.17822265625 0.00830078125 0.00390625
22 0.3017578125 0.24609375 0.00830078125 0.00390625
5 0.2255859375 0.1767578125 0.00732421875 0.02099609375
8 0.21826171875 0.26953125 0.00634765625 0.017578125
11 0.236328125 0.185546875 0.00830078125 0.0068359375
15 0.248046875 0.26904296875 0.0078125 0.01171875
11 0.21923828125 0.1240234375 0.00830078125 0.0068359375
1 0.193359375 0.25439453125 0.017578125 0.02099609375
11 0.21923828125 0.05615234375 0.00830078125 0.00732421875
11 0.21923828125 0.185546875 0.00830078125 0.0068359375
11 0.21923828125 0.25927734375 0.00830078125 0.0068359375
11 0.47705078125 0.05908203125 0.00830078125 0.0068359375
15 0.48681640625 0.201171875 0.0078125 0.01171875
11 0.48681640625 0.2529296875 0.0078125 0.0068359375
15 0.4345703125 0.13671875 0.0078125 0.01171875
11 0.44677734375 0.05615234375 0.00830078125 0.00732421875
21 0.45751953125 0.13427734375 0.00634765625 0.0185546875
15 0.45849609375 0.26904296875 0.0078125 0.01171875
11 0.52197265625 0.2529296875 0.00830078125 0.0068359375
11 0.54541015625 0.05322265625 0.00830078125 0.0068359375
11 0.49609375 0.126953125 0.00830078125 0.00732421875
11 0.35888671875 0.2529296875 0.00830078125 0.0068359375
14 0.505859375 0.05078125 0.0087890625 0.01708984375
15 0.52197265625 0.0478515625 0.0078125 0.01171875
11 0.52197265625 0.19189453125 0.00830078125 0.0068359375
8 0.3740234375 0.1396484375 0.00634765625 0.01806640625
11 0.4111328125 0.05908203125 0.00830078125 0.0068359375
8 0.41064453125 0.1396484375 0.00634765625 0.01806640625
11 0.37451171875 0.1298828125 0.00830078125 0.0068359375
11 0.38623046875 0.185546875 0.00830078125 0.0068359375
11 0.4111328125 0.185546875 0.00830078125 0.0068359375
11 0.4111328125 0.1298828125 0.00830078125 0.0068359375
11 0.4111328125 0.25634765625 0.00830078125 0.0068359375
5 0.39306640625 0.1767578125 0.0068359375 0.02099609375
5 0.6767578125 0.51708984375 0.0068359375 0.02099609375
4 0.669921875 0.47265625 0.00732421875 0.01806640625
11 0.669921875 0.39599609375 0.00830078125 0.00732421875
11 0.669921875 0.4609375 0.00830078125 0.00732421875
11 0.669921875 0.52587890625 0.00830078125 0.0068359375
11 0.669921875 0.5908203125 0.00830078125 0.0068359375
4 0.669921875 0.408203125 0.00732421875 0.01806640625
11 0.7119140625 0.39599609375 0.00830078125 0.00732421875
11 0.7119140625 0.4609375 0.00830078125 0.00732421875
11 0.7119140625 0.52587890625 0.00830078125 0.0068359375
11 0.7119140625 0.5908203125 0.00830078125 0.0068359375
4 0.7119140625 0.408203125 0.00732421875 0.01806640625
4 0.669921875 0.6025390625 0.00732421875 0.017578125
15 0.68408203125 0.390625 0.0078125 0.01171875
15 0.68408203125 0.4794921875 0.0078125 0.01171875
15 0.68408203125 0.54443359375 0.0078125 0.01171875
15 0.68408203125 0.609375 0.0078125 0.01171875
11 0.59765625 0.3994140625 0.00830078125 0.0068359375
11 0.59765625 0.4638671875 0.00830078125 0.0068359375
11 0.59765625 0.52880859375 0.00830078125 0.0068359375
11 0.57275390625 0.39599609375 0.00830078125 0.00732421875
11 0.57275390625 0.4609375 0.00830078125 0.00732421875
11 0.57275390625 0.52587890625 0.00830078125 0.0068359375
4 0.63525390625 0.6025390625 0.0078125 0.017578125
15 0.64892578125 0.390625 0.0078125 0.01171875
15 0.64892578125 0.4794921875 0.0078125 0.01171875
15 0.64892578125 0.54443359375 0.0078125 0.01171875
15 0.64892578125 0.609375 0.0078125 0.01171875
14 0.62060546875 0.6123046875 0.0087890625 0.01708984375
14 0.60595703125 0.6123046875 0.0087890625 0.01708984375
11 0.63525390625 0.39599609375 0.00830078125 0.00732421875
11 0.63525390625 0.4609375 0.00830078125 0.00732421875
11 0.63525390625 0.52587890625 0.00830078125 0.0068359375
11 0.63525390625 0.5908203125 0.00830078125 0.0068359375
11 0.79150390625 0.39599609375 0.00830078125 0.00732421875
11 0.79150390625 0.466796875 0.00830078125 0.00732421875
11 0.79150390625 0.53173828125 0.00830078125 0.00732421875
11 0.79150390625 0.5966796875 0.00830078125 0.0068359375
22 0.6123046875 0.45654296875 0.00830078125 0.00390625
22 0.44775390625 0.58642578125 0.00830078125 0.00390625
22 0.6123046875 0.521484375 0.00830078125 0.00390625
22 0.44775390625 0.521484375 0.00830078125 0.00390625
22 0.44775390625 0.45654296875 0.00830078125 0.00390625
22 0.44775390625 0.39208984375 0.00830078125 0.00390625
22 0.6123046875 0.58642578125 0.00830078125 0.00390625
14 0.7265625 0.39404296875 0.0087890625 0.01708984375
14 0.7265625 0.482421875 0.0087890625 0.01708984375
14 0.7265625 0.54736328125 0.0087890625 0.01708984375
14 0.7265625 0.6123046875 0.0087890625 0.01708984375
5 0.71875 0.51708984375 0.0068359375 0.02099609375
4 0.7119140625 0.6025390625 0.00732421875 0.017578125
11 0.76171875 0.38427734375 0.00830078125 0.0068359375
11 0.76171875 0.455078125 0.00830078125 0.0068359375
11 0.76171875 0.52001953125 0.00830078125 0.0068359375
11 0.76171875 0.58447265625 0.00830078125 0.0068359375
15 0.74072265625 0.390625 0.0078125 0.01171875
15 0.74072265625 0.4794921875 0.0078125 0.01171875
15 0.74072265625 0.54443359375 0.0078125 0.01171875
15 0.74072265625 0.609375 0.0078125 0.01171875
4 0.7119140625 0.47265625 0.00732421875 0.01806640625
15 0.314453125 0.54443359375 0.0078125 0.01171875
21 0.2880859375 0.388671875 0.00634765625 0.0185546875
14 0.31494140625 0.39404296875 0.0087890625 0.01708984375
15 0.314453125 0.4794921875 0.0078125 0.01171875
15 0.314453125 0.609375 0.0078125 0.01171875
11 0.240234375 0.40185546875 0.00830078125 0.0068359375
11 0.2646484375 0.4052734375 0.0078125 0.0068359375
11 0.27294921875 0.466796875 0.00830078125 0.00732421875
14 0.359375 0.39404296875 0.0087890625 0.01708984375
14 0.359375 0.482421875 0.0087890625 0.01708984375
11 0.359375 0.53466796875 0.00830078125 0.0068359375
14 0.359375 0.6123046875 0.0087890625 0.01708984375
5 0.3662109375 0.5244140625 0.0068359375 0.02099609375
21 0.38037109375 0.4775390625 0.00634765625 0.0185546875
14 0.330078125 0.39404296875 0.0087890625 0.01708984375
14 0.3447265625 0.39404296875 0.0087890625 0.01708984375
22 0.76025390625 0.45654296875 0.00830078125 0.00390625
22 0.76025390625 0.521484375 0.00830078125 0.00390625
22 0.76025390625 0.58642578125 0.00830078125 0.00390625
10 0.19384765625 0.40087890625 0.0166015625 0.0458984375
10 0.19384765625 0.46533203125 0.0166015625 0.0458984375
22 0.287109375 0.45654296875 0.00830078125 0.00390625
22 0.287109375 0.521484375 0.00830078125 0.00390625
22 0.287109375 0.58642578125 0.00830078125 0.00390625
10 0.19384765625 0.5302734375 0.0166015625 0.0458984375
1 0.193359375 0.5947265625 0.017578125 0.02099609375
11 0.21923828125 0.4052734375 0.00830078125 0.0068359375
11 0.21923828125 0.4638671875 0.00830078125 0.0068359375
12 0.21923828125 0.53173828125 0.0087890625 0.0068359375
12 0.21923828125 0.5908203125 0.0087890625 0.0068359375
14 0.53369140625 0.39404296875 0.0087890625 0.01708984375
11 0.533203125 0.466796875 0.00830078125 0.00732421875
11 0.533203125 0.53173828125 0.00830078125 0.00732421875
19 0.533203125 0.60693359375 0.00830078125 0.00390625
11 0.38134765625 0.53466796875 0.00830078125 0.0068359375
11 0.50537109375 0.466796875 0.00830078125 0.00732421875
11 0.50537109375 0.53173828125 0.00830078125 0.00732421875
11 0.5478515625 0.3994140625 0.00830078125 0.0068359375
11 0.5478515625 0.4638671875 0.00830078125 0.0068359375
11 0.5478515625 0.52880859375 0.00830078125 0.0068359375
8 0.54736328125 0.4111328125 0.00634765625 0.017578125
11 0.40234375 0.53173828125 0.00830078125 0.00732421875
11 0.42724609375 0.53466796875 0.00830078125 0.0068359375
11 0.48046875 0.4638671875 0.00830078125 0.0068359375
11 0.4560546875 0.466796875 0.00830078125 0.00732421875
11 0.4560546875 0.53173828125 0.00830078125 0.00732421875
11 0.48046875 0.52880859375 0.00830078125 0.0068359375
15 0.43505859375 0.4794921875 0.0078125 0.01171875
11 0.609375 0.8662109375 0.00830078125 0.0068359375
11 0.64697265625 0.869140625 0.00830078125 0.0068359375
11 0.568359375 0.869140625 0.00830078125 0.0068359375
5 0.7099609375 0.8623046875 0.00732421875 0.02099609375
11 0.70361328125 0.8720703125 0.00830078125 0.00732421875
11 0.67578125 0.8720703125 0.00830078125 0.00732421875
11 0.70361328125 0.73974609375 0.00830078125 0.0068359375
11 0.70361328125 0.8134765625 0.00830078125 0.0068359375
11 0.70361328125 0.93994140625 0.00830078125 0.0068359375
11 0.50244140625 0.93994140625 0.00830078125 0.0068359375
11 0.50244140625 0.73974609375 0.00830078125 0.0068359375
11 0.50244140625 0.8134765625 0.00830078125 0.0068359375
11 0.50244140625 0.8720703125 0.00830078125 0.00732421875
15 0.48291015625 0.94970703125 0.0078125 0.01171875
15 0.48291015625 0.7314453125 0.0078125 0.01171875
15 0.48291015625 0.81982421875 0.0078125 0.01171875
15 0.48291015625 0.884765625 0.0078125 0.01171875
9 0.5537109375 0.8583984375 0.0068359375 0.017578125
11 0.52587890625 0.869140625 0.00830078125 0.0068359375
13 0.548828125 0.7392578125 0.01123046875 0.00732421875
13 0.548828125 0.8134765625 0.01123046875 0.0068359375
11 0.54736328125 0.869140625 0.00830078125 0.0068359375
13 0.548828125 0.93994140625 0.01123046875 0.0068359375
22 0.615234375 0.9267578125 0.00830078125 0.00390625
22 0.615234375 0.86181640625 0.00830078125 0.00390625
22 0.615234375 0.796875 0.00830078125 0.00390625
22 0.36669921875 0.86181640625 0.00830078125 0.00390625
22 0.36669921875 0.9267578125 0.00830078125 0.00390625
22 0.36669921875 0.796875 0.00830078125 0.00390625
22 0.474609375 0.9267578125 0.00830078125 0.00390625
22 0.474609375 0.86181640625 0.00830078125 0.00390625
22 0.474609375 0.796875 0.00830078125 0.00390625
15 0.7646484375 0.7314453125 0.0078125 0.01171875
15 0.75732421875 0.884765625 0.0078125 0.01171875
14 0.76513671875 0.82275390625 0.0087890625 0.017578125
15 0.7646484375 0.94970703125 0.0078125 0.01171875
11 0.71875 0.875 0.00830078125 0.0068359375
21 0.73681640625 0.72900390625 0.00634765625 0.0185546875
21 0.73681640625 0.81787109375 0.00634765625 0.01806640625
21 0.73681640625 0.947265625 0.00634765625 0.0185546875
11 0.79345703125 0.8603515625 0.0078125 0.0068359375
14 0.779296875 0.82275390625 0.0087890625 0.017578125
11 0.79345703125 0.73974609375 0.0078125 0.0068359375
11 0.79345703125 0.80126953125 0.0078125 0.00732421875
11 0.79345703125 0.93994140625 0.0078125 0.0068359375
11 0.30126953125 0.7333984375 0.00830078125 0.0068359375
11 0.27294921875 0.74267578125 0.0078125 0.0068359375
11 0.27294921875 0.8134765625 0.0078125 0.0068359375
11 0.27294921875 0.8779296875 0.0078125 0.0068359375
11 0.27294921875 0.94287109375 0.0078125 0.00732421875
11 0.33154296875 0.869140625 0.00830078125 0.0068359375
11 0.33154296875 0.7333984375 0.00830078125 0.0068359375
11 0.33154296875 0.80419921875 0.00830078125 0.0068359375
11 0.33154296875 0.93408203125 0.00830078125 0.0068359375
8 0.3310546875 0.74560546875 0.00634765625 0.017578125
11 0.30126953125 0.80419921875 0.00830078125 0.0068359375
11 0.30126953125 0.869140625 0.00830078125 0.0068359375
11 0.30126953125 0.93408203125 0.00830078125 0.0068359375
22 0.75634765625 0.796875 0.00830078125 0.00390625
22 0.75634765625 0.86181640625 0.00830078125 0.00390625
22 0.75634765625 0.9267578125 0.00830078125 0.00390625
22 0.26171875 0.9267578125 0.00830078125 0.00390625
10 0.19384765625 0.7412109375 0.0166015625 0.0458984375
10 0.19384765625 0.80615234375 0.0166015625 0.0458984375
10 0.19384765625 0.87060546875 0.0166015625 0.0458984375
22 0.26171875 0.796875 0.00830078125 0.00390625
22 0.26171875 0.86181640625 0.00830078125 0.00390625
21 0.24755859375 0.72900390625 0.00634765625 0.0185546875
21 0.24755859375 0.81787109375 0.00634765625 0.01806640625
21 0.24755859375 0.8828125 0.00634765625 0.0185546875
21 0.24755859375 0.947265625 0.00634765625 0.0185546875
1 0.193359375 0.93505859375 0.017578125 0.02099609375
11 0.21923828125 0.736328125 0.00830078125 0.0068359375
11 0.21923828125 0.80712890625 0.00830078125 0.0068359375
11 0.21923828125 0.8720703125 0.00830078125 0.00732421875
11 0.21923828125 0.93701171875 0.00830078125 0.00732421875
12 0.42236328125 0.73974609375 0.0087890625 0.0068359375
12 0.42236328125 0.810546875 0.0087890625 0.0068359375
12 0.42236328125 0.875 0.0087890625 0.0068359375
12 0.42236328125 0.93994140625 0.0087890625 0.0068359375
5 0.4619140625 0.86474609375 0.00732421875 0.02099609375
4 0.455078125 0.9501953125 0.00732421875 0.01806640625
4 0.455078125 0.82080078125 0.00732421875 0.017578125
14 0.46875 0.734375 0.0087890625 0.01708984375
14 0.46875 0.82275390625 0.0087890625 0.017578125
14 0.46875 0.8876953125 0.0087890625 0.01708984375
14 0.46875 0.95263671875 0.0087890625 0.01708984375
11 0.455078125 0.73974609375 0.00830078125 0.0068359375
11 0.455078125 0.810546875 0.00830078125 0.0068359375
11 0.455078125 0.875 0.00830078125 0.0068359375
11 0.455078125 0.93994140625 0.00830078125 0.0068359375
4 0.455078125 0.75146484375 0.00732421875 0.01806640625
8 0.3310546875 0.94580078125 0.00634765625 0.01806640625
11 0.35498046875 0.736328125 0.00830078125 0.0068359375
11 0.35498046875 0.80712890625 0.00830078125 0.0068359375
11 0.35498046875 0.93701171875 0.00830078125 0.00732421875
8 0.3310546875 0.81640625 0.00634765625 0.017578125
11 0.35498046875 0.8720703125 0.00830078125 0.00732421875
9 0.337890625 0.8583984375 0.0068359375 0.017578125
11 0.38427734375 0.810546875 0.00830078125 0.0068359375
11 0.38427734375 0.73974609375 0.00830078125 0.0068359375
11 0.38427734375 0.875 0.00830078125 0.0068359375
11 0.38427734375 0.93994140625 0.00830078125 0.0068359375