11 0.62158203125 0.193359375 0.00830078125 0.0068359375
11 0.60546875 0.1962890625 0.00830078125 0.0068359375
11 0.62158203125 0.1103515625 0.00830078125 0.0068359375
11 0.68701171875 0.05615234375 0.00830078125 0.0068359375
11 0.67041015625 0.193359375 0.00830078125 0.0068359375
11 0.63671875 0.19921875 0.00830078125 0.00732421875
11 0.68701171875 0.1162109375 0.00830078125 0.0068359375
11 0.65380859375 0.1962890625 0.00830078125 0.0068359375
11 0.65380859375 0.11328125 0.00830078125 0.00732421875
11 0.68701171875 0.1904296875 0.00830078125 0.0068359375
11 0.55029296875 0.19921875 0.00830078125 0.00732421875
15 0.5498046875 0.1201171875 0.0078125 0.01171875
12 0.55029296875 0.05615234375 0.0087890625 0.0068359375
11 0.52099609375 0.18115234375 0.00830078125 0.0068359375
11 0.58837890625 0.19921875 0.00830078125 0.00732421875
11 0.58837890625 0.119140625 0.00830078125 0.00732421875
11 0.57177734375 0.2021484375 0.00830078125 0.0068359375
11 0.80712890625 0.18408203125 0.00830078125 0.00732421875
11 0.79052734375 0.1875 0.00830078125 0.0068359375
11 0.79052734375 0.05615234375 0.00830078125 0.0068359375
11 0.77392578125 0.1904296875 0.00830078125 0.0068359375
11 0.7255859375 0.1904296875 0.00830078125 0.0068359375
15 0.72509765625 0.1201171875 0.0078125 0.01171875
11 0.7255859375 0.06201171875 0.00830078125 0.0068359375
11 0.70849609375 0.193359375 0.00830078125 0.0068359375
8 0.6865234375 0.1279296875 0.00634765625 0.017578125
11 0.7587890625 0.18408203125 0.0078125 0.00732421875
21 0.75732421875 0.11767578125 0.00634765625 0.0185546875
11 0.7587890625 0.05322265625 0.0078125 0.0068359375
11 0.7421875 0.1875 0.00830078125 0.0068359375
11 0.31396484375 0.193359375 0.00830078125 0.0068359375
15 0.2919921875 0.25390625 0.0078125 0.01171875
11 0.29248046875 0.1962890625 0.00830078125 0.0068359375
11 0.29248046875 0.1162109375 0.00830078125 0.0068359375
11 0.2705078125 0.1962890625 0.00830078125 0.0068359375
11 0.36279296875 0.193359375 0.00830078125 0.0068359375
11 0.36279296875 0.1103515625 0.00830078125 0.0068359375
11 0.345703125 0.1962890625 0.00830078125 0.0068359375
9 0.2578125 0.2529296875 0.0068359375 0.017578125
21 0.32958984375 0.251953125 0.00634765625 0.0185546875
11 0.33056640625 0.1904296875 0.00830078125 0.0068359375
11 0.33056640625 0.107421875 0.00830078125 0.0068359375
22 0.67626953125 0.2490234375 0.00830078125 0.00390625
0 0.17529296875 0.22314453125 0.005859375 0.08447265625
0 0.17529296875 0.08935546875 0.005859375 0.08447265625
11 0.25146484375 0.26513671875 0.00830078125 0.0068359375
11 0.25146484375 0.1962890625 0.00830078125 0.0068359375
11 0.25146484375 0.1162109375 0.00830078125 0.0068359375
12 0.25146484375 0.05322265625 0.0087890625 0.0068359375
1 0.193359375 0.25146484375 0.017578125 0.02099609375
11 0.48779296875 0.1875 0.00830078125 0.0068359375
11 0.43408203125 0.1875 0.00830078125 0.0068359375
15 0.43408203125 0.1201171875 0.0078125 0.01171875
11 0.43408203125 0.05908203125 0.00830078125 0.0068359375
11 0.41748046875 0.1904296875 0.0078125 0.0068359375
11 0.47265625 0.18115234375 0.00830078125 0.0068359375
21 0.4716796875 0.11767578125 0.00634765625 0.0185546875
11 0.47265625 0.05029296875 0.00830078125 0.00732421875
11 0.45068359375 0.18408203125 0.00830078125 0.00732421875
11 0.37939453125 0.1904296875 0.00830078125 0.0068359375
19 0.39599609375 0.25146484375 0.00830078125 0.00390625
11 0.50439453125 0.18408203125 0.00830078125 0.00732421875
11 0.39599609375 0.1875 0.00830078125 0.0068359375
11 0.39599609375 0.11328125 0.00830078125 0.00732421875
11 0.39599609375 0.05322265625 0.00830078125 0.0068359375
11 0.50439453125 0.05322265625 0.00830078125 0.0068359375
8 0.3955078125 0.12548828125 0.00634765625 0.017578125
11 0.64013671875 0.54052734375 0.00830078125 0.0068359375
11 0.65673828125 0.3916015625 0.00830078125 0.00732421875
11 0.64013671875 0.388671875 0.00830078125 0.0068359375
11 0.623046875 0.3857421875 0.00830078125 0.0068359375
11 0.6962890625 0.52001953125 0.00830078125 0.0068359375
11 0.6962890625 0.388671875 0.00830078125 0.0068359375
11 0.67822265625 0.54052734375 0.00830078125 0.0068359375
12 0.6787109375 0.44873046875 0.0087890625 0.0068359375
11 0.67822265625 0.39453125 0.00830078125 0.0068359375
11 0.6064453125 0.3828125 0.00830078125 0.0068359375
11 0.556640625 0.3798828125 0.00830078125 0.0068359375
11 0.58984375 0.53759765625 0.00830078125 0.0068359375
11 0.6064453125 0.53466796875 0.00830078125 0.0068359375
11 0.58984375 0.3857421875 0.00830078125 0.0068359375
11 0.5732421875 0.53466796875 0.00830078125 0.0068359375
11 0.5732421875 0.3828125 0.00830078125 0.0068359375
11 0.806640625 0.53173828125 0.00830078125 0.0068359375
11 0.806640625 0.40087890625 0.00830078125 0.0068359375
11 0.72998046875 0.52587890625 0.00830078125 0.00732421875
11 0.72998046875 0.39453125 0.00830078125 0.0068359375
11 0.71337890625 0.52294921875 0.00830078125 0.0068359375
11 0.71337890625 0.3916015625 0.00830078125 0.00732421875
11 0.76318359375 0.39453125 0.00830078125 0.0068359375
11 0.78515625 0.52880859375 0.00830078125 0.0068359375
11 0.78515625 0.39794921875 0.00830078125 0.00732421875
11 0.76318359375 0.52587890625 0.00830078125 0.00732421875
11 0.74658203125 0.52294921875 0.00830078125 0.0068359375
11 0.74658203125 0.3916015625 0.00830078125 0.00732421875
11 0.318359375 0.54345703125 0.00830078125 0.0068359375
11 0.318359375 0.43994140625 0.00830078125 0.0068359375
11 0.3017578125 0.44287109375 0.00830078125 0.0068359375
11 0.28515625 0.546875 0.00830078125 0.00732421875
11 0.28515625 0.43994140625 0.00830078125 0.0068359375
11 0.37353515625 0.44873046875 0.00830078125 0.0068359375
11 0.35693359375 0.5498046875 0.00830078125 0.0068359375
11 0.35693359375 0.44580078125 0.00830078125 0.00732421875
11 0.3349609375 0.44287109375 0.00830078125 0.0068359375
22 0.67333984375 0.59033203125 0.00830078125 0.00390625
22 0.37939453125 0.59033203125 0.00830078125 0.00390625
0 0.17529296875 0.564453125 0.005859375 0.08447265625
0 0.17529296875 0.4306640625 0.005859375 0.0849609375
11 0.25146484375 0.54345703125 0.00830078125 0.0068359375
11 0.2685546875 0.43701171875 0.00830078125 0.0068359375
14 0.25146484375 0.46435546875 0.0087890625 0.01708984375
12 0.25146484375 0.40087890625 0.0087890625 0.0068359375
1 0.193359375 0.5927734375 0.017578125 0.02099609375
11 0.4931640625 0.546875 0.00830078125 0.00732421875
11 0.4931640625 0.44873046875 0.00830078125 0.0068359375
11 0.4736328125 0.44873046875 0.00830078125 0.0068359375
11 0.45703125 0.53759765625 0.00830078125 0.0068359375
11 0.45703125 0.44580078125 0.00830078125 0.00732421875
11 0.53857421875 0.39453125 0.00830078125 0.0068359375
11 0.53857421875 0.53759765625 0.00830078125 0.0068359375
12 0.53857421875 0.45751953125 0.0087890625 0.0068359375
11 0.5146484375 0.45458984375 0.00830078125 0.0068359375
11 0.423828125 0.54345703125 0.00830078125 0.0068359375
11 0.423828125 0.44580078125 0.00830078125 0.00732421875
11 0.4072265625 0.44287109375 0.00830078125 0.0068359375
11 0.39013671875 0.54052734375 0.00830078125 0.0068359375
11 0.39013671875 0.44580078125 0.00830078125 0.00732421875
12 0.390625 0.388671875 0.0087890625 0.0068359375
11 0.4404296875 0.44873046875 0.00830078125 0.0068359375
11 0.65283203125 0.80224609375 0.00830078125 0.0068359375
11 0.65283203125 0.7392578125 0.00830078125 0.00732421875
14 0.62060546875 0.8056640625 0.0087890625 0.01708984375
11 0.6201171875 0.87890625 0.00830078125 0.0068359375
11 0.63623046875 0.7421875 0.0078125 0.0068359375
11 0.63623046875 0.80517578125 0.0078125 0.0068359375
11 0.69140625 0.7333984375 0.00830078125 0.0068359375
11 0.69140625 0.79638671875 0.00830078125 0.0068359375
11 0.69140625 0.87890625 0.00830078125 0.0068359375
12 0.69140625 0.93896484375 0.0087890625 0.0068359375
8 0.69091796875 0.80810546875 0.00634765625 0.017578125
11 0.67431640625 0.79931640625 0.00830078125 0.0068359375
11 0.67431640625 0.736328125 0.00830078125 0.0068359375
12 0.548828125 0.93310546875 0.0087890625 0.0068359375
11 0.54833984375 0.8671875 0.0078125 0.0068359375
11 0.603515625 0.7392578125 0.00830078125 0.00732421875
11 0.6201171875 0.736328125 0.00830078125 0.0068359375
11 0.58154296875 0.873046875 0.00830078125 0.00732421875
11 0.58154296875 0.7421875 0.00830078125 0.0068359375
11 0.56494140625 0.7451171875 0.00830078125 0.0068359375
11 0.80712890625 0.72705078125 0.00830078125 0.0068359375
11 0.80712890625 0.7900390625 0.00830078125 0.0068359375
11 0.79052734375 0.79296875 0.0078125 0.0068359375
11 0.79052734375 0.8701171875 0.0078125 0.0068359375
11 0.79052734375 0.72998046875 0.0078125 0.0068359375
15 0.72412109375 0.802734375 0.0078125 0.01171875
11 0.724609375 0.88525390625 0.00830078125 0.0068359375
11 0.724609375 0.7333984375 0.00830078125 0.0068359375
11 0.7412109375 0.72998046875 0.00830078125 0.0068359375
11 0.7080078125 0.736328125 0.00830078125 0.0068359375
11 0.77392578125 0.7333984375 0.00830078125 0.0068359375
11 0.77392578125 0.79638671875 0.00830078125 0.0068359375
11 0.7578125 0.72705078125 0.00830078125 0.0068359375
14 0.75830078125 0.8056640625 0.0087890625 0.01708984375
11 0.7578125 0.8759765625 0.00830078125 0.0068359375
11 0.2998046875 0.7900390625 0.00830078125 0.0068359375
11 0.2998046875 0.88232421875 0.00830078125 0.0068359375
11 0.28271484375 0.79296875 0.00830078125 0.0068359375
11 0.28271484375 0.88525390625 0.00830078125 0.0068359375
11 0.31640625 0.72119140625 0.00830078125 0.0068359375
11 0.349609375 0.87890625 0.00830078125 0.0068359375
11 0.3330078125 0.88232421875 0.00830078125 0.0068359375
11 0.349609375 0.7900390625 0.00830078125 0.0068359375
21 0.54736328125 0.80078125 0.00634765625 0.0185546875
11 0.31640625 0.787109375 0.00830078125 0.00732421875
11 0.31640625 0.87890625 0.00830078125 0.0068359375
11 0.28271484375 0.7421875 0.00830078125 0.0068359375
1 0.193359375 0.93408203125 0.017578125 0.02099609375
0 0.17529296875 0.7724609375 0.005859375 0.0849609375
0 0.17529296875 0.90625 0.005859375 0.0849609375
11 0.2666015625 0.88818359375 0.00830078125 0.00732421875
12 0.25146484375 0.93896484375 0.0087890625 0.0068359375
11 0.25146484375 0.7333984375 0.00830078125 0.0068359375
11 0.25146484375 0.7900390625 0.00830078125 0.0068359375
11 0.25146484375 0.8642578125 0.00830078125 0.0068359375
11 0.45947265625 0.72998046875 0.00830078125 0.0068359375
21 0.45849609375 0.80078125 0.00634765625 0.0185546875
11 0.45947265625 0.873046875 0.00830078125 0.00732421875
11 0.44287109375 0.72705078125 0.00830078125 0.0068359375
11 0.44287109375 0.8701171875 0.00830078125 0.0068359375
11 0.47607421875 0.7333984375 0.00830078125 0.0068359375
11 0.51953125 0.7392578125 0.00830078125 0.00732421875
11 0.54833984375 0.7421875 0.0078125 0.0068359375
11 0.47607421875 0.8701171875 0.00830078125 0.0068359375
11 0.498046875 0.736328125 0.00830078125 0.0068359375
11 0.498046875 0.8671875 0.00830078125 0.0068359375
12 0.39306640625 0.92724609375 0.0087890625 0.0068359375
8 0.392578125 0.80224609375 0.00634765625 0.017578125
11 0.39306640625 0.873046875 0.00830078125 0.00732421875
11 0.37109375 0.79296875 0.00830078125 0.0068359375
11 0.37109375 0.8759765625 0.00830078125 0.0068359375
11 0.39306640625 0.7900390625 0.00830078125 0.0068359375
11 0.42626953125 0.873046875 0.00830078125 0.00732421875
15 0.42626953125 0.802734375 0.0078125 0.01171875
11 0.42626953125 0.72412109375 0.00830078125 0.00732421875
11 0.40966796875 0.8759765625 0.00830078125 0.0068359375