15 0.5771484375 0.072265625 0.009765625 0.0146484375
21 0.59423828125 0.06982421875 0.00830078125 0.02294921875
11 0.51611328125 0.07861328125 0.01025390625 0.0087890625
15 0.49755859375 0.072265625 0.00927734375 0.0146484375
9 0.56689453125 0.07861328125 0.00830078125 0.02197265625
9 0.52392578125 0.0634765625 0.00830078125 0.02197265625
15 0.5341796875 0.072265625 0.00927734375 0.0146484375
11 0.55908203125 0.09326171875 0.01025390625 0.0087890625
11 0.7861328125 0.056640625 0.01025390625 0.0087890625
11 0.802734375 0.08251953125 0.01025390625 0.00927734375
18 0.66845703125 0.0458984375 0.0107421875 0.015625
22 0.66845703125 0.0712890625 0.05517578125 0.015625
11 0.73486328125 0.08251953125 0.01025390625 0.00927734375
11 0.7548828125 0.0751953125 0.01025390625 0.0087890625
11 0.77099609375 0.06787109375 0.01025390625 0.0087890625
11 0.30126953125 0.06787109375 0.01025390625 0.0087890625
11 0.3134765625 0.06787109375 0.01025390625 0.0087890625
11 0.3251953125 0.06787109375 0.009765625 0.0087890625
11 0.33740234375 0.06787109375 0.01025390625 0.0087890625
8 0.3369140625 0.08251953125 0.0078125 0.02197265625
15 0.38037109375 0.072265625 0.009765625 0.0146484375
22 0.2451171875 0.06591796875 0.01025390625 0.0048828125
10 0.19580078125 0.06982421875 0.0205078125 0.05615234375
15 0.35595703125 0.072265625 0.009765625 0.0146484375
15 0.28271484375 0.072265625 0.009765625 0.0146484375
11 0.41064453125 0.06787109375 0.01025390625 0.0087890625
11 0.4228515625 0.06787109375 0.01025390625 0.0087890625
11 0.43505859375 0.06787109375 0.01025390625 0.0087890625
8 0.4345703125 0.08251953125 0.00830078125 0.02197265625
15 0.45361328125 0.072265625 0.009765625 0.0146484375
11 0.4794921875 0.06396484375 0.01025390625 0.00927734375
8 0.478515625 0.07861328125 0.0078125 0.02197265625
11 0.3984375 0.06787109375 0.01025390625 0.0087890625
22 0.33740234375 0.189453125 0.01025390625 0.0048828125
11 0.6259765625 0.2060546875 0.01025390625 0.0087890625
11 0.64208984375 0.2021484375 0.01025390625 0.00927734375
11 0.65869140625 0.1982421875 0.01025390625 0.0087890625
11 0.6748046875 0.19482421875 0.01025390625 0.00927734375
11 0.56982421875 0.216796875 0.01025390625 0.0087890625
11 0.59375 0.21337890625 0.01025390625 0.0087890625
11 0.60986328125 0.20947265625 0.01025390625 0.0087890625
11 0.69970703125 0.19091796875 0.01025390625 0.0087890625
11 0.72119140625 0.2060546875 0.01025390625 0.0087890625
21 0.74365234375 0.19287109375 0.00830078125 0.02294921875
21 0.3720703125 0.19287109375 0.00830078125 0.02294921875
11 0.53759765625 0.216796875 0.01025390625 0.0087890625
15 0.40185546875 0.19580078125 0.009765625 0.0146484375
11 0.42578125 0.216796875 0.01025390625 0.0087890625
15 0.2646484375 0.19580078125 0.009765625 0.0146484375
9 0.2490234375 0.20166015625 0.00830078125 0.02197265625
21 0.28662109375 0.19287109375 0.00830078125 0.02294921875
11 0.24072265625 0.216796875 0.01025390625 0.0087890625
22 0.79443359375 0.189453125 0.01025390625 0.0048828125
11 0.490234375 0.216796875 0.01025390625 0.0087890625
11 0.51416015625 0.216796875 0.01025390625 0.0087890625
11 0.44140625 0.216796875 0.01025390625 0.0087890625
10 0.19580078125 0.19287109375 0.0205078125 0.05615234375
11 0.466796875 0.216796875 0.01025390625 0.0087890625
11 0.626953125 0.314453125 0.01025390625 0.00927734375
11 0.61083984375 0.314453125 0.01025390625 0.00927734375
11 0.68212890625 0.314453125 0.01025390625 0.00927734375
11 0.65234375 0.3037109375 0.01025390625 0.0087890625
11 0.66650390625 0.314453125 0.01025390625 0.00927734375
11 0.56591796875 0.314453125 0.01025390625 0.00927734375
11 0.5498046875 0.314453125 0.01025390625 0.00927734375
11 0.53564453125 0.3037109375 0.01025390625 0.0087890625
11 0.5966796875 0.29638671875 0.01025390625 0.0087890625
11 0.80126953125 0.314453125 0.01025390625 0.00927734375
11 0.78515625 0.314453125 0.01025390625 0.00927734375
11 0.7294921875 0.314453125 0.01025390625 0.00927734375
11 0.7119140625 0.32568359375 0.01025390625 0.0087890625
11 0.77099609375 0.3076171875 0.01025390625 0.0087890625
11 0.74560546875 0.314453125 0.01025390625 0.00927734375
11 0.33056640625 0.314453125 0.01025390625 0.00927734375
11 0.314453125 0.314453125 0.01025390625 0.00927734375
11 0.2998046875 0.3037109375 0.01025390625 0.0087890625
11 0.37548828125 0.314453125 0.009765625 0.00927734375
11 0.361328125 0.29638671875 0.01025390625 0.0087890625
10 0.19580078125 0.31640625 0.0205078125 0.0556640625
11 0.24072265625 0.32177734375 0.01025390625 0.0087890625
11 0.27490234375 0.314453125 0.01025390625 0.00927734375
11 0.2587890625 0.314453125 0.01025390625 0.00927734375
11 0.4765625 0.32177734375 0.01025390625 0.0087890625
11 0.44677734375 0.314453125 0.01025390625 0.00927734375
11 0.51025390625 0.314453125 0.01025390625 0.00927734375
11 0.49462890625 0.314453125 0.01025390625 0.00927734375
11 0.41650390625 0.3037109375 0.01025390625 0.0087890625
11 0.3916015625 0.314453125 0.01025390625 0.00927734375
11 0.4306640625 0.314453125 0.01025390625 0.00927734375
11 0.56005859375 0.43798828125 0.01025390625 0.0087890625
11 0.5908203125 0.4306640625 0.01025390625 0.0087890625
11 0.60791015625 0.43798828125 0.01025390625 0.0087890625
11 0.626953125 0.43798828125 0.01025390625 0.0087890625
11 0.52392578125 0.42333984375 0.009765625 0.0087890625
11 0.54150390625 0.43798828125 0.01025390625 0.0087890625
11 0.66259765625 0.45263671875 0.01025390625 0.0087890625
9 0.67041015625 0.43798828125 0.00830078125 0.021484375
15 0.69140625 0.44287109375 0.009765625 0.0146484375
21 0.71875 0.43994140625 0.00830078125 0.02294921875
11 0.27734375 0.43798828125 0.01025390625 0.0087890625
11 0.3076171875 0.4306640625 0.01025390625 0.0087890625
11 0.32470703125 0.43798828125 0.01025390625 0.0087890625
11 0.34375 0.43798828125 0.01025390625 0.0087890625
11 0.486328125 0.43798828125 0.01025390625 0.0087890625
22 0.7861328125 0.4365234375 0.01025390625 0.0048828125
10 0.19580078125 0.43994140625 0.0205078125 0.05615234375
11 0.24072265625 0.42333984375 0.01025390625 0.0087890625
11 0.25830078125 0.43798828125 0.009765625 0.0087890625
11 0.4677734375 0.43798828125 0.01025390625 0.0087890625
11 0.40087890625 0.43798828125 0.01025390625 0.0087890625
11 0.45068359375 0.4306640625 0.01025390625 0.0087890625
11 0.419921875 0.43798828125 0.01025390625 0.0087890625
11 0.3798828125 0.44921875 0.01025390625 0.0087890625
15 0.68603515625 0.56591796875 0.00927734375 0.0146484375
11 0.71142578125 0.5615234375 0.01025390625 0.0087890625
8 0.5380859375 0.5654296875 0.0078125 0.02197265625
11 0.53857421875 0.55078125 0.01025390625 0.0087890625
15 0.56396484375 0.56591796875 0.009765625 0.0146484375
21 0.58837890625 0.5634765625 0.00830078125 0.02294921875
22 0.64599609375 0.56005859375 0.01025390625 0.0048828125
8 0.75439453125 0.5654296875 0.0078125 0.02197265625
11 0.75537109375 0.55078125 0.01025390625 0.0087890625
11 0.74072265625 0.55419921875 0.01025390625 0.0087890625
11 0.72607421875 0.55810546875 0.01025390625 0.0087890625
11 0.78125 0.5615234375 0.01025390625 0.0087890625
11 0.7958984375 0.55810546875 0.01025390625 0.0087890625
11 0.810546875 0.55419921875 0.01025390625 0.0087890625
11 0.31201171875 0.55078125 0.01025390625 0.0087890625
11 0.337890625 0.5615234375 0.01025390625 0.0087890625
8 0.3115234375 0.5654296875 0.0078125 0.02197265625
11 0.2958984375 0.5615234375 0.01025390625 0.0087890625
11 0.3525390625 0.55810546875 0.01025390625 0.0087890625
11 0.3671875 0.5615234375 0.01025390625 0.0087890625
11 0.51611328125 0.5615234375 0.01025390625 0.0087890625
11 0.3896484375 0.55078125 0.01025390625 0.0087890625
10 0.19580078125 0.5634765625 0.0205078125 0.05615234375
15 0.24072265625 0.56591796875 0.009765625 0.0146484375
11 0.26611328125 0.5615234375 0.01025390625 0.0087890625
11 0.28125 0.55810546875 0.01025390625 0.0087890625
11 0.43017578125 0.55810546875 0.01025390625 0.0087890625
11 0.4443359375 0.5615234375 0.01025390625 0.0087890625
11 0.4609375 0.55078125 0.01025390625 0.0087890625
8 0.46044921875 0.5654296875 0.0078125 0.02197265625
11 0.48681640625 0.5615234375 0.01025390625 0.0087890625
11 0.50146484375 0.55810546875 0.01025390625 0.0087890625
8 0.388671875 0.5654296875 0.0078125 0.02197265625
11 0.41552734375 0.5615234375 0.01025390625 0.0087890625
12 0.61865234375 0.68505859375 0.0107421875 0.0087890625
12 0.65966796875 0.68505859375 0.0107421875 0.0087890625
12 0.5341796875 0.68505859375 0.0107421875 0.0087890625
12 0.578125 0.68896484375 0.0107421875 0.0087890625
12 0.7890625 0.68505859375 0.0107421875 0.0087890625
12 0.70068359375 0.68505859375 0.0107421875 0.0087890625
12 0.7412109375 0.68505859375 0.0107421875 0.0087890625
11 0.31640625 0.68505859375 0.01025390625 0.0087890625
8 0.29638671875 0.68896484375 0.0078125 0.02197265625
11 0.29736328125 0.67431640625 0.01025390625 0.0087890625
11 0.28466796875 0.677734375 0.01025390625 0.00927734375
12 0.36474609375 0.67431640625 0.0107421875 0.0087890625
11 0.34130859375 0.677734375 0.01025390625 0.00927734375
11 0.3291015625 0.681640625 0.01025390625 0.0087890625
10 0.19580078125 0.68701171875 0.0205078125 0.05615234375
11 0.24072265625 0.67431640625 0.01025390625 0.0087890625
11 0.2724609375 0.681640625 0.01025390625 0.0087890625
11 0.26025390625 0.68505859375 0.01025390625 0.0087890625
8 0.240234375 0.68896484375 0.00830078125 0.02197265625
12 0.44970703125 0.681640625 0.0107421875 0.0087890625
12 0.49365234375 0.681640625 0.0107421875 0.0087890625
12 0.4091796875 0.677734375 0.0107421875 0.00927734375
12 0.6396484375 0.7939453125 0.0107421875 0.0087890625
12 0.681640625 0.7939453125 0.0107421875 0.0087890625
12 0.5556640625 0.7939453125 0.0107421875 0.0087890625
12 0.59765625 0.7939453125 0.0107421875 0.0087890625
21 0.798828125 0.810546875 0.00830078125 0.0224609375
15 0.78076171875 0.81298828125 0.00927734375 0.0146484375
12 0.7236328125 0.7939453125 0.0107421875 0.0087890625
11 0.76123046875 0.79736328125 0.01025390625 0.0087890625
8 0.76025390625 0.8125 0.0078125 0.02197265625
11 0.322265625 0.80859375 0.01025390625 0.0087890625
11 0.35400390625 0.8046875 0.01025390625 0.0087890625
10 0.19580078125 0.810546875 0.0205078125 0.05615234375
15 0.26904296875 0.81298828125 0.00927734375 0.0146484375
11 0.296875 0.80859375 0.01025390625 0.0087890625
11 0.24072265625 0.80859375 0.01025390625 0.0087890625
11 0.4775390625 0.79736328125 0.01025390625 0.0087890625
11 0.37890625 0.8046875 0.01025390625 0.0087890625
11 0.45263671875 0.79736328125 0.01025390625 0.0087890625
12 0.513671875 0.7939453125 0.0107421875 0.0087890625
12 0.41552734375 0.80126953125 0.0107421875 0.0087890625
11 0.64453125 0.939453125 0.01025390625 0.0087890625
11 0.677734375 0.92138671875 0.01025390625 0.0087890625
11 0.6611328125 0.93212890625 0.01025390625 0.0087890625
21 0.541015625 0.93408203125 0.00830078125 0.02294921875
15 0.521484375 0.9365234375 0.009765625 0.0146484375
11 0.62158203125 0.94677734375 0.01025390625 0.00927734375
15 0.78173828125 0.9365234375 0.00927734375 0.0146484375
11 0.80224609375 0.93212890625 0.01025390625 0.0087890625
8 0.8017578125 0.94677734375 0.0078125 0.02197265625
15 0.76171875 0.9365234375 0.009765625 0.0146484375
22 0.5869140625 0.9306640625 0.01025390625 0.0048828125
11 0.716796875 0.94677734375 0.01025390625 0.00927734375
11 0.70361328125 0.939453125 0.01025390625 0.0087890625
11 0.6904296875 0.93212890625 0.01025390625 0.0087890625
11 0.7412109375 0.93212890625 0.01025390625 0.0087890625
8 0.740234375 0.94677734375 0.0078125 0.02197265625
11 0.33935546875 0.92138671875 0.01025390625 0.0087890625
11 0.32275390625 0.93212890625 0.01025390625 0.0087890625
11 0.30615234375 0.939453125 0.01025390625 0.0087890625
11 0.365234375 0.939453125 0.01025390625 0.0087890625
11 0.37841796875 0.94677734375 0.01025390625 0.00927734375
11 0.35205078125 0.93212890625 0.01025390625 0.0087890625
10 0.19580078125 0.93408203125 0.0205078125 0.05615234375
22 0.2451171875 0.9306640625 0.01025390625 0.0048828125
11 0.283203125 0.94677734375 0.01025390625 0.00927734375
11 0.4541015625 0.93212890625 0.01025390625 0.0087890625
11 0.4423828125 0.93212890625 0.01025390625 0.0087890625
11 0.42333984375 0.93212890625 0.01025390625 0.0087890625
11 0.47509765625 0.93212890625 0.01025390625 0.0087890625
11 0.5009765625 0.94677734375 0.01025390625 0.00927734375
9 0.5087890625 0.931640625 0.0087890625 0.021484375
11 0.40234375 0.93212890625 0.01025390625 0.0087890625