22 0.646484375 0.05908203125 0.00830078125 0.00390625
22 0.646484375 0.43701171875 0.00830078125 0.00390625
22 0.646484375 0.5341796875 0.00830078125 0.00390625
22 0.646484375 0.63134765625 0.00830078125 0.00390625
1 0.193359375 0.33349609375 0.017578125 0.02099609375
10 0.19384765625 0.06201171875 0.0166015625 0.0458984375
10 0.19384765625 0.1591796875 0.0166015625 0.0458984375
10 0.19384765625 0.25634765625 0.0166015625 0.0458984375
10 0.19384765625 0.4404296875 0.0166015625 0.0458984375
10 0.19384765625 0.537109375 0.0166015625 0.0458984375
0 0.17529296875 0.296875 0.00634765625 0.10302734375
1 0.193359375 0.6337890625 0.017578125 0.02099609375
22 0.32080078125 0.15673828125 0.00830078125 0.00390625
22 0.32080078125 0.25341796875 0.00830078125 0.00390625
22 0.32080078125 0.3310546875 0.00830078125 0.00390625
22 0.32080078125 0.8251953125 0.00830078125 0.00390625
13 0.453125 0.07275390625 0.01123046875 0.0068359375
13 0.453125 0.4384765625 0.01123046875 0.00732421875
13 0.453125 0.54736328125 0.01123046875 0.00732421875
13 0.453125 0.62939453125 0.01123046875 0.0068359375
13 0.2421875 0.4384765625 0.01123046875 0.00732421875
1 0.193359375 0.82763671875 0.017578125 0.02099609375
13 0.2421875 0.07275390625 0.01123046875 0.0068359375
13 0.2421875 0.54736328125 0.01123046875 0.00732421875
13 0.2421875 0.732421875 0.01123046875 0.0068359375
13 0.2421875 0.62939453125 0.01123046875 0.0068359375