11 0.638671875 0.18310546875 0.00732421875 0.00634765625
11 0.638671875 0.12646484375 0.00732421875 0.00634765625
11 0.638671875 0.14501953125 0.00732421875 0.00634765625
9 0.64453125 0.11865234375 0.005859375 0.015625
11 0.65966796875 0.19873046875 0.00732421875 0.00634765625
11 0.65966796875 0.12646484375 0.00732421875 0.00634765625
11 0.65966796875 0.14501953125 0.00732421875 0.00634765625
11 0.6865234375 0.1318359375 0.00732421875 0.00634765625
11 0.6865234375 0.11328125 0.00732421875 0.00634765625
11 0.6865234375 0.18310546875 0.00732421875 0.00634765625
11 0.6865234375 0.17529296875 0.00732421875 0.00634765625
11 0.673828125 0.1884765625 0.00732421875 0.00634765625
11 0.57275390625 0.142578125 0.00732421875 0.00634765625
12 0.5732421875 0.150390625 0.0078125 0.00634765625
11 0.57275390625 0.19384765625 0.00732421875 0.00634765625
11 0.61328125 0.18310546875 0.00732421875 0.00634765625
11 0.62744140625 0.17529296875 0.00732421875 0.00634765625
11 0.58740234375 0.18310546875 0.00732421875 0.00634765625
11 0.6015625 0.14501953125 0.0068359375 0.00634765625
11 0.6015625 0.17529296875 0.0068359375 0.00634765625
11 0.8095703125 0.18017578125 0.00732421875 0.00634765625
8 0.80908203125 0.14697265625 0.00537109375 0.015625
11 0.8095703125 0.11865234375 0.00732421875 0.00634765625
11 0.78369140625 0.18017578125 0.00732421875 0.00634765625
11 0.7978515625 0.17236328125 0.00732421875 0.00634765625
11 0.7978515625 0.1669921875 0.00732421875 0.00634765625
11 0.8095703125 0.13720703125 0.00732421875 0.00634765625
22 0.607421875 0.07861328125 0.00732421875 0.00341796875
22 0.5185546875 0.07861328125 0.00732421875 0.00341796875
22 0.431640625 0.07861328125 0.00732421875 0.00341796875
22 0.34619140625 0.07861328125 0.00732421875 0.00341796875
22 0.6923828125 0.07861328125 0.00732421875 0.00341796875
8 0.72412109375 0.1396484375 0.00537109375 0.015625
11 0.72412109375 0.1884765625 0.00732421875 0.00634765625
11 0.74365234375 0.1318359375 0.00732421875 0.00634765625
11 0.74365234375 0.11328125 0.00732421875 0.00634765625
11 0.74365234375 0.19091796875 0.00732421875 0.00634765625
11 0.712890625 0.18310546875 0.00732421875 0.00634765625
11 0.6982421875 0.1884765625 0.00732421875 0.00634765625
11 0.712890625 0.17529296875 0.00732421875 0.00634765625
11 0.72412109375 0.12890625 0.00732421875 0.00634765625
11 0.72412109375 0.11083984375 0.00732421875 0.00634765625
11 0.77197265625 0.17236328125 0.00732421875 0.00634765625
11 0.7578125 0.18017578125 0.00732421875 0.00634765625
11 0.77197265625 0.13427734375 0.00732421875 0.00634765625
11 0.77197265625 0.11572265625 0.00732421875 0.00634765625
11 0.77197265625 0.1669921875 0.00732421875 0.00634765625
11 0.3525390625 0.18310546875 0.00732421875 0.00634765625
11 0.36669921875 0.17529296875 0.0068359375 0.00634765625
11 0.326171875 0.18310546875 0.00732421875 0.00634765625
11 0.3408203125 0.13720703125 0.00732421875 0.00634765625
11 0.3408203125 0.17529296875 0.00732421875 0.00634765625
11 0.37841796875 0.13427734375 0.00732421875 0.00634765625
11 0.37841796875 0.18310546875 0.00732421875 0.00634765625
9 0.3837890625 0.125 0.005859375 0.015625
11 0.39794921875 0.13720703125 0.00732421875 0.00634765625
12 0.3984375 0.1474609375 0.0078125 0.00634765625
11 0.39794921875 0.19384765625 0.00732421875 0.00634765625
11 0.2919921875 0.14501953125 0.00732421875 0.00634765625
10 0.24267578125 0.1357421875 0.0146484375 0.04052734375
15 0.2919921875 0.18896484375 0.0068359375 0.01025390625
1 0.2421875 0.1865234375 0.015625 0.0185546875
9 0.2978515625 0.13427734375 0.005859375 0.015625
0 0.2265625 0.16259765625 0.00537109375 0.0732421875
22 0.7763671875 0.07861328125 0.00732421875 0.00341796875
15 0.2919921875 0.0830078125 0.0068359375 0.01025390625
10 0.24267578125 0.08154296875 0.0146484375 0.04052734375
11 0.3125 0.14501953125 0.00732421875 0.00634765625
12 0.3125 0.150390625 0.0078125 0.00634765625
11 0.3125 0.19384765625 0.00732421875 0.00634765625
11 0.49658203125 0.185546875 0.00732421875 0.00634765625
11 0.5107421875 0.142578125 0.00732421875 0.00634765625
11 0.5107421875 0.17529296875 0.00732421875 0.00634765625
11 0.5419921875 0.142578125 0.00732421875 0.00634765625
11 0.5419921875 0.17529296875 0.00732421875 0.00634765625
11 0.55419921875 0.1396484375 0.00732421875 0.00634765625
11 0.55419921875 0.185546875 0.00732421875 0.00634765625
11 0.5283203125 0.185546875 0.00732421875 0.00634765625
11 0.5283203125 0.14501953125 0.00732421875 0.00634765625
11 0.45263671875 0.177734375 0.00732421875 0.00634765625
11 0.41259765625 0.18310546875 0.00732421875 0.00634765625
11 0.4384765625 0.18310546875 0.00732421875 0.00634765625
12 0.42724609375 0.1396484375 0.0078125 0.00634765625
11 0.4267578125 0.177734375 0.00732421875 0.00634765625
11 0.482421875 0.19384765625 0.00732421875 0.00634765625
12 0.482421875 0.1474609375 0.0078125 0.00634765625
11 0.482421875 0.142578125 0.00732421875 0.00634765625
11 0.46435546875 0.18310546875 0.0068359375 0.00634765625
11 0.6181640625 0.3759765625 0.0048828125 0.00439453125
11 0.6181640625 0.2998046875 0.0048828125 0.00439453125
11 0.650390625 0.30517578125 0.00732421875 0.00634765625
11 0.70263671875 0.431640625 0.00732421875 0.00634765625
11 0.62841796875 0.30224609375 0.00732421875 0.00634765625
11 0.62841796875 0.37841796875 0.00732421875 0.00634765625
11 0.62841796875 0.4208984375 0.00732421875 0.00634765625
9 0.63427734375 0.2919921875 0.005859375 0.015625
9 0.62109375 0.365234375 0.00830078125 0.01416015625
9 0.62109375 0.2890625 0.00830078125 0.01416015625
11 0.67138671875 0.37841796875 0.00732421875 0.00634765625
11 0.67138671875 0.4208984375 0.00732421875 0.00634765625
9 0.67724609375 0.2919921875 0.005859375 0.015625
11 0.70263671875 0.2998046875 0.00732421875 0.00634765625
11 0.70263671875 0.3759765625 0.00732421875 0.00634765625
11 0.650390625 0.38134765625 0.00732421875 0.00634765625
11 0.650390625 0.431640625 0.00732421875 0.00634765625
9 0.65576171875 0.29443359375 0.00634765625 0.015625
11 0.67138671875 0.30224609375 0.00732421875 0.00634765625
11 0.55224609375 0.42919921875 0.00732421875 0.00634765625
11 0.56591796875 0.423828125 0.00732421875 0.00634765625
11 0.5771484375 0.2998046875 0.00732421875 0.00634765625
11 0.5771484375 0.42919921875 0.00732421875 0.00634765625
9 0.5830078125 0.2890625 0.005859375 0.015625
11 0.54150390625 0.2998046875 0.00732421875 0.00634765625
12 0.54150390625 0.3759765625 0.0078125 0.00634765625
11 0.54150390625 0.423828125 0.00732421875 0.00634765625
11 0.60986328125 0.431640625 0.0068359375 0.00634765625
11 0.59619140625 0.30224609375 0.00732421875 0.00634765625
11 0.59619140625 0.37841796875 0.00732421875 0.00634765625
12 0.5966796875 0.3837890625 0.0078125 0.00634765625
11 0.59619140625 0.4501953125 0.00732421875 0.00634765625
11 0.80810546875 0.38134765625 0.00732421875 0.00634765625
11 0.80810546875 0.30517578125 0.00732421875 0.00634765625
11 0.80810546875 0.42919921875 0.00732421875 0.00634765625
9 0.81396484375 0.29443359375 0.005859375 0.015625
9 0.81396484375 0.37060546875 0.005859375 0.015625
9 0.70849609375 0.2890625 0.00634765625 0.015625
11 0.73583984375 0.30224609375 0.00732421875 0.00634765625
11 0.73583984375 0.37841796875 0.00732421875 0.00634765625
12 0.736328125 0.38671875 0.0078125 0.00634765625
11 0.73583984375 0.439453125 0.00732421875 0.00634765625
11 0.78271484375 0.42919921875 0.00732421875 0.00634765625
15 0.79638671875 0.2978515625 0.0068359375 0.01025390625
15 0.79638671875 0.36328125 0.0068359375 0.01025390625
11 0.79638671875 0.4208984375 0.00732421875 0.00634765625
11 0.75390625 0.42919921875 0.00732421875 0.00634765625
11 0.77197265625 0.30517578125 0.00732421875 0.00634765625
11 0.77197265625 0.38134765625 0.00732421875 0.00634765625
11 0.77197265625 0.4208984375 0.00732421875 0.00634765625
11 0.29345703125 0.38134765625 0.00732421875 0.00634765625
11 0.29345703125 0.36279296875 0.00732421875 0.00634765625
11 0.29345703125 0.43701171875 0.00732421875 0.00634765625
19 0.3125 0.2958984375 0.00732421875 0.00341796875
11 0.3125 0.37353515625 0.00732421875 0.00634765625
11 0.3125 0.35498046875 0.00732421875 0.00634765625
11 0.3125 0.439453125 0.00732421875 0.00634765625
15 0.36474609375 0.2978515625 0.0068359375 0.01025390625
15 0.36474609375 0.36328125 0.0068359375 0.01025390625
11 0.36474609375 0.4208984375 0.0068359375 0.00634765625
11 0.36474609375 0.416015625 0.0068359375 0.00634765625
11 0.37646484375 0.30517578125 0.00732421875 0.00634765625
11 0.326171875 0.42919921875 0.00732421875 0.00634765625
21 0.3388671875 0.361328125 0.005859375 0.01611328125
11 0.33984375 0.4208984375 0.00732421875 0.00634765625
11 0.33984375 0.416015625 0.00732421875 0.00634765625
11 0.35107421875 0.42919921875 0.00732421875 0.00634765625
10 0.1923828125 0.3720703125 0.0146484375 0.04052734375
1 0.19140625 0.4326171875 0.015625 0.0185546875
11 0.2294921875 0.37353515625 0.00732421875 0.00634765625
11 0.2294921875 0.35498046875 0.00732421875 0.00634765625
11 0.2294921875 0.44775390625 0.00732421875 0.00634765625
0 0.17578125 0.40380859375 0.00537109375 0.08349609375
22 0.2578125 0.29345703125 0.00732421875 0.00341796875
10 0.1923828125 0.2958984375 0.0146484375 0.04052734375
11 0.28173828125 0.3759765625 0.00732421875 0.00634765625
11 0.2685546875 0.43701171875 0.00732421875 0.00634765625
11 0.2685546875 0.35986328125 0.00732421875 0.00634765625
11 0.28173828125 0.357421875 0.00732421875 0.00634765625
11 0.28173828125 0.431640625 0.00732421875 0.00634765625
11 0.28173828125 0.423828125 0.00732421875 0.00634765625
11 0.2431640625 0.43701171875 0.0068359375 0.00634765625
11 0.25732421875 0.3759765625 0.00732421875 0.00634765625
11 0.25732421875 0.357421875 0.00732421875 0.00634765625
11 0.25732421875 0.431640625 0.00732421875 0.00634765625
11 0.25732421875 0.423828125 0.00732421875 0.00634765625
11 0.2685546875 0.37841796875 0.00732421875 0.00634765625
11 0.47216796875 0.4208984375 0.00732421875 0.00634765625
11 0.4833984375 0.29443359375 0.00732421875 0.00634765625
11 0.4833984375 0.37060546875 0.00732421875 0.00634765625
11 0.4833984375 0.42919921875 0.00732421875 0.00634765625
8 0.48291015625 0.30517578125 0.00537109375 0.015625
9 0.48876953125 0.361328125 0.00634765625 0.015625
11 0.45849609375 0.42919921875 0.00732421875 0.00634765625
11 0.52734375 0.42919921875 0.00732421875 0.00634765625
11 0.51318359375 0.296875 0.00732421875 0.00634765625
11 0.51318359375 0.37353515625 0.00732421875 0.00634765625
12 0.513671875 0.3837890625 0.0078125 0.00634765625
11 0.51318359375 0.439453125 0.00732421875 0.00634765625
11 0.447265625 0.4208984375 0.00732421875 0.00634765625
11 0.408203125 0.30517578125 0.00732421875 0.00634765625
11 0.408203125 0.38134765625 0.00732421875 0.00634765625
12 0.40869140625 0.38671875 0.0078125 0.00634765625
11 0.408203125 0.439453125 0.00732421875 0.00634765625
11 0.427734375 0.42919921875 0.00732421875 0.00634765625
9 0.38232421875 0.29443359375 0.00634765625 0.015625
11 0.37646484375 0.42919921875 0.00732421875 0.00634765625
11 0.37646484375 0.38134765625 0.00732421875 0.00634765625
11 0.447265625 0.296875 0.00732421875 0.00634765625
11 0.447265625 0.37353515625 0.00732421875 0.00634765625
9 0.38232421875 0.37060546875 0.00634765625 0.015625
11 0.69287109375 0.67822265625 0.00732421875 0.00634765625
11 0.7080078125 0.67041015625 0.00732421875 0.00634765625
11 0.72021484375 0.54052734375 0.00732421875 0.00634765625
11 0.72021484375 0.62353515625 0.00732421875 0.00634765625
11 0.72021484375 0.67822265625 0.00732421875 0.00634765625
11 0.662109375 0.67822265625 0.00732421875 0.00634765625
11 0.6806640625 0.54296875 0.00732421875 0.00634765625
11 0.6806640625 0.6259765625 0.00732421875 0.00634765625
11 0.6806640625 0.67041015625 0.00732421875 0.00634765625
11 0.5771484375 0.6650390625 0.00732421875 0.00634765625
11 0.56494140625 0.67822265625 0.00732421875 0.00634765625
21 0.576171875 0.5419921875 0.005859375 0.0166015625
11 0.5771484375 0.67041015625 0.00732421875 0.00634765625
21 0.5859375 0.6142578125 0.005859375 0.0166015625
11 0.5869140625 0.67822265625 0.00732421875 0.00634765625
11 0.609375 0.67822265625 0.00732421875 0.00634765625
9 0.615234375 0.54052734375 0.005859375 0.015625
9 0.615234375 0.62353515625 0.005859375 0.015625
11 0.609375 0.63427734375 0.00732421875 0.00634765625
11 0.6435546875 0.55078125 0.00732421875 0.00634765625
12 0.64404296875 0.62109375 0.0078125 0.00634765625
11 0.6435546875 0.63427734375 0.00732421875 0.00634765625
11 0.6435546875 0.68896484375 0.00732421875 0.00634765625
15 0.59912109375 0.5439453125 0.0068359375 0.01025390625
11 0.59912109375 0.67041015625 0.00732421875 0.00634765625
11 0.59912109375 0.6650390625 0.00732421875 0.00634765625
11 0.609375 0.55078125 0.00732421875 0.00634765625
11 0.8076171875 0.62890625 0.00732421875 0.00634765625
11 0.8076171875 0.67822265625 0.00732421875 0.00634765625
9 0.81298828125 0.53515625 0.005859375 0.015625
8 0.80712890625 0.6376953125 0.00537109375 0.015625
8 0.72021484375 0.6337890625 0.00537109375 0.015625
11 0.74951171875 0.54296875 0.00732421875 0.00634765625
12 0.74951171875 0.6181640625 0.0078125 0.00634765625
11 0.74951171875 0.6259765625 0.00732421875 0.00634765625
11 0.74951171875 0.68603515625 0.00732421875 0.00634765625
11 0.78515625 0.67822265625 0.00732421875 0.00634765625
11 0.7978515625 0.6728515625 0.00732421875 0.00634765625
11 0.8076171875 0.5458984375 0.00732421875 0.00634765625
11 0.7626953125 0.67822265625 0.00732421875 0.00634765625
8 0.72021484375 0.55126953125 0.00537109375 0.015625
11 0.77587890625 0.5458984375 0.00732421875 0.00634765625
11 0.77587890625 0.62890625 0.00732421875 0.00634765625
11 0.77587890625 0.6728515625 0.00732421875 0.00634765625
11 0.33203125 0.53759765625 0.00732421875 0.00634765625
11 0.33203125 0.62060546875 0.00732421875 0.00634765625
12 0.33203125 0.63671875 0.0078125 0.00634765625
11 0.33203125 0.68603515625 0.00732421875 0.00634765625
11 0.2822265625 0.67822265625 0.00732421875 0.00634765625
11 0.2822265625 0.67041015625 0.00732421875 0.00634765625
11 0.29248046875 0.53515625 0.00732421875 0.00634765625
11 0.29248046875 0.6181640625 0.00732421875 0.00634765625
11 0.29248046875 0.68359375 0.00732421875 0.00634765625
8 0.2919921875 0.5458984375 0.005859375 0.015625
9 0.29833984375 0.6103515625 0.005859375 0.015625
11 0.36767578125 0.54052734375 0.00732421875 0.00634765625
11 0.36767578125 0.62353515625 0.00732421875 0.00634765625
11 0.36767578125 0.66748046875 0.00732421875 0.00634765625
11 0.349609375 0.67529296875 0.00732421875 0.00634765625
10 0.1923828125 0.625 0.0146484375 0.04052734375
1 0.19140625 0.681640625 0.015625 0.0185546875
11 0.2294921875 0.55078125 0.00732421875 0.00634765625
11 0.2294921875 0.63427734375 0.00732421875 0.00634765625
12 0.236328125 0.63427734375 0.0078125 0.00634765625
11 0.2294921875 0.69384765625 0.00732421875 0.00634765625
0 0.17578125 0.65478515625 0.00537109375 0.07861328125
10 0.1923828125 0.5419921875 0.0146484375 0.04052734375
11 0.2587890625 0.67822265625 0.00732421875 0.00634765625
11 0.2587890625 0.67041015625 0.00732421875 0.00634765625
11 0.2587890625 0.62060546875 0.00732421875 0.00634765625
11 0.26904296875 0.68359375 0.00732421875 0.00634765625
11 0.24462890625 0.68359375 0.00732421875 0.00634765625
11 0.2587890625 0.53759765625 0.00732421875 0.00634765625
11 0.482421875 0.54833984375 0.0068359375 0.00634765625
11 0.482421875 0.63134765625 0.0068359375 0.00634765625
11 0.482421875 0.68603515625 0.0068359375 0.00634765625
9 0.48828125 0.53759765625 0.005859375 0.015625
11 0.451171875 0.6728515625 0.00732421875 0.00634765625
11 0.43896484375 0.68603515625 0.00732421875 0.00634765625
11 0.451171875 0.5458984375 0.00732421875 0.00634765625
11 0.451171875 0.62890625 0.00732421875 0.00634765625
11 0.451171875 0.67822265625 0.00732421875 0.00634765625
11 0.501953125 0.5458984375 0.00732421875 0.00634765625
9 0.45703125 0.53515625 0.005859375 0.015625
9 0.52587890625 0.54052734375 0.005859375 0.015625
11 0.552734375 0.54296875 0.00732421875 0.00634765625
11 0.552734375 0.63916015625 0.00732421875 0.00634765625
11 0.552734375 0.6259765625 0.00732421875 0.00634765625
11 0.552734375 0.68896484375 0.00732421875 0.00634765625
11 0.501953125 0.62890625 0.00732421875 0.00634765625
11 0.501953125 0.67822265625 0.00732421875 0.00634765625
11 0.501953125 0.6728515625 0.00732421875 0.00634765625
9 0.5078125 0.53515625 0.005859375 0.015625
11 0.52001953125 0.55078125 0.00732421875 0.00634765625
11 0.52001953125 0.63427734375 0.00732421875 0.00634765625
11 0.52001953125 0.68603515625 0.00732421875 0.00634765625
9 0.40478515625 0.62060546875 0.005859375 0.015625
11 0.4267578125 0.54296875 0.00732421875 0.00634765625
12 0.4267578125 0.63671875 0.0078125 0.00634765625
11 0.4267578125 0.69677734375 0.00732421875 0.00634765625
11 0.376953125 0.67529296875 0.00732421875 0.00634765625
11 0.38916015625 0.66748046875 0.00732421875 0.00634765625
11 0.4267578125 0.6259765625 0.00732421875 0.00634765625
11 0.39892578125 0.54833984375 0.00732421875 0.00634765625
11 0.39892578125 0.63134765625 0.00732421875 0.00634765625
11 0.39892578125 0.67529296875 0.00732421875 0.00634765625
9 0.40478515625 0.53759765625 0.005859375 0.015625
11 0.6337890625 0.92236328125 0.00732421875 0.00634765625
11 0.62158203125 0.93017578125 0.00732421875 0.00634765625
11 0.6435546875 0.79736328125 0.00732421875 0.00634765625
11 0.6435546875 0.8779296875 0.00732421875 0.00634765625
11 0.611328125 0.78955078125 0.00732421875 0.00634765625
11 0.611328125 0.8701171875 0.00732421875 0.00634765625
11 0.611328125 0.92236328125 0.00732421875 0.00634765625
11 0.68017578125 0.951171875 0.00732421875 0.00634765625
11 0.48193359375 0.93017578125 0.00732421875 0.00634765625
12 0.6806640625 0.88330078125 0.0078125 0.00634765625
11 0.59912109375 0.93017578125 0.00732421875 0.00634765625
9 0.6494140625 0.78662109375 0.005859375 0.015625
9 0.6494140625 0.86767578125 0.005859375 0.015625
11 0.6435546875 0.93017578125 0.00732421875 0.00634765625
11 0.68017578125 0.79248046875 0.00732421875 0.00634765625
11 0.68017578125 0.873046875 0.00732421875 0.00634765625
8 0.544921875 0.79736328125 0.005859375 0.01611328125
11 0.50244140625 0.9248046875 0.00732421875 0.00634765625
11 0.58642578125 0.787109375 0.00732421875 0.00634765625
11 0.58642578125 0.86767578125 0.00732421875 0.00634765625
12 0.5869140625 0.88330078125 0.0078125 0.00634765625
11 0.58642578125 0.94091796875 0.00732421875 0.00634765625
11 0.54541015625 0.787109375 0.00732421875 0.00634765625
11 0.54541015625 0.86767578125 0.00732421875 0.00634765625
11 0.54541015625 0.93017578125 0.00732421875 0.00634765625
8 0.501953125 0.794921875 0.00537109375 0.015625
11 0.50244140625 0.86474609375 0.00732421875 0.00634765625
11 0.50244140625 0.7841796875 0.00732421875 0.00634765625
9 0.814453125 0.78955078125 0.005859375 0.015625
9 0.72509765625 0.7841796875 0.005859375 0.015625
11 0.71923828125 0.794921875 0.00732421875 0.00634765625
11 0.71923828125 0.87548828125 0.00732421875 0.00634765625
11 0.71923828125 0.927734375 0.00732421875 0.00634765625
11 0.69970703125 0.9326171875 0.00732421875 0.00634765625
11 0.798828125 0.87548828125 0.00732421875 0.00634765625
11 0.798828125 0.927734375 0.00732421875 0.00634765625
9 0.80419921875 0.7841796875 0.005859375 0.015625
11 0.798828125 0.794921875 0.00732421875 0.00634765625
11 0.80859375 0.80029296875 0.00732421875 0.00634765625
11 0.80859375 0.880859375 0.00732421875 0.00634765625
11 0.80859375 0.9326171875 0.00732421875 0.00634765625
11 0.7607421875 0.79736328125 0.00732421875 0.00634765625
11 0.7607421875 0.8779296875 0.00732421875 0.00634765625
11 0.7607421875 0.9326171875 0.00732421875 0.00634765625
9 0.76611328125 0.78662109375 0.005859375 0.015625
11 0.29296875 0.880859375 0.00732421875 0.00634765625
11 0.29296875 0.935546875 0.00732421875 0.00634765625
9 0.298828125 0.78955078125 0.005859375 0.015625
11 0.29296875 0.80029296875 0.00732421875 0.00634765625
11 0.3095703125 0.79736328125 0.00732421875 0.00634765625
11 0.26806640625 0.8779296875 0.00732421875 0.00634765625
11 0.26171875 0.9248046875 0.00732421875 0.00634765625
11 0.26806640625 0.92236328125 0.00732421875 0.00634765625
9 0.27392578125 0.78662109375 0.005859375 0.015625
9 0.33837890625 0.7841796875 0.005859375 0.015625
11 0.33251953125 0.935546875 0.0068359375 0.00634765625
11 0.35498046875 0.79736328125 0.00732421875 0.00634765625
12 0.35546875 0.8623046875 0.0078125 0.00634765625
11 0.35498046875 0.8779296875 0.00732421875 0.00634765625
11 0.35498046875 0.93798828125 0.00732421875 0.00634765625
11 0.3095703125 0.8779296875 0.00732421875 0.00634765625
11 0.30322265625 0.9248046875 0.00732421875 0.00634765625
11 0.3095703125 0.92236328125 0.00732421875 0.00634765625
9 0.3154296875 0.78662109375 0.00634765625 0.015625
11 0.26806640625 0.79736328125 0.00732421875 0.00634765625
11 0.33251953125 0.794921875 0.0068359375 0.00634765625
11 0.33251953125 0.87548828125 0.0068359375 0.00634765625
10 0.1923828125 0.791015625 0.0146484375 0.04052734375
10 0.1923828125 0.87158203125 0.0146484375 0.04052734375
1 0.19140625 0.9365234375 0.015625 0.0185546875
11 0.23095703125 0.79736328125 0.00732421875 0.00634765625
12 0.2314453125 0.86474609375 0.0078125 0.00634765625
11 0.23095703125 0.8779296875 0.00732421875 0.00634765625
0 0.17578125 0.9052734375 0.005859375 0.08740234375
11 0.23095703125 0.93798828125 0.00732421875 0.00634765625
11 0.25732421875 0.87548828125 0.0048828125 0.00439453125
11 0.24755859375 0.935546875 0.00732421875 0.00634765625
11 0.25732421875 0.794921875 0.0048828125 0.00439453125
9 0.26025390625 0.7841796875 0.00830078125 0.01416015625
8 0.25634765625 0.88525390625 0.00830078125 0.01416015625
11 0.4375 0.80029296875 0.00732421875 0.00634765625
11 0.4375 0.880859375 0.00732421875 0.00634765625
12 0.4443359375 0.880859375 0.0078125 0.00634765625
11 0.4375 0.94873046875 0.00732421875 0.00634765625
11 0.41943359375 0.880859375 0.00732421875 0.00634765625
11 0.41943359375 0.9326171875 0.00732421875 0.00634765625
9 0.4248046875 0.78955078125 0.005859375 0.015625
8 0.4189453125 0.888671875 0.005859375 0.01611328125
11 0.46435546875 0.78173828125 0.00732421875 0.00634765625
11 0.46435546875 0.8623046875 0.00732421875 0.00634765625
11 0.46435546875 0.9248046875 0.00732421875 0.00634765625
11 0.41943359375 0.80029296875 0.00732421875 0.00634765625
11 0.4501953125 0.93017578125 0.00732421875 0.00634765625
11 0.36865234375 0.9326171875 0.00732421875 0.00634765625
11 0.3828125 0.80029296875 0.00732421875 0.00634765625
11 0.40771484375 0.9248046875 0.00732421875 0.00634765625
11 0.39404296875 0.9326171875 0.0068359375 0.00634765625
11 0.40771484375 0.91943359375 0.00732421875 0.00634765625
11 0.3828125 0.880859375 0.00732421875 0.00634765625
11 0.3828125 0.91943359375 0.00732421875 0.00634765625
11 0.3828125 0.9248046875 0.00732421875 0.00634765625