9 0.689453125 0.810546875 0.00537109375 0.0126953125
9 0.689453125 0.27783203125 0.00537109375 0.0126953125
9 0.689453125 0.9443359375 0.00537109375 0.01318359375
11 0.6953125 0.7568359375 0.005859375 0.00537109375
14 0.69580078125 0.14501953125 0.00634765625 0.0126953125
11 0.6953125 0.14208984375 0.005859375 0.00537109375
9 0.689453125 0.85595703125 0.00537109375 0.0126953125
11 0.673828125 0.146484375 0.005859375 0.00537109375
11 0.673828125 0.76123046875 0.005859375 0.00537109375
11 0.68505859375 0.8212890625 0.005859375 0.00537109375
11 0.68505859375 0.86474609375 0.005859375 0.00537109375
11 0.68505859375 0.890625 0.005859375 0.00537109375
11 0.68505859375 0.953125 0.005859375 0.00537109375
4 0.68505859375 0.1533203125 0.00537109375 0.01318359375
11 0.68505859375 0.14453125 0.005859375 0.00537109375
11 0.68505859375 0.14453125 0.005859375 0.00537109375
11 0.68505859375 0.28662109375 0.005859375 0.00537109375
11 0.68505859375 0.7587890625 0.005859375 0.00537109375
11 0.7265625 0.28857421875 0.005859375 0.00537109375
11 0.7265625 0.24609375 0.005859375 0.00537109375
11 0.7265625 0.25048828125 0.005859375 0.00537109375
11 0.7265625 0.146484375 0.005859375 0.00537109375
11 0.7265625 0.146484375 0.005859375 0.00537109375
11 0.7265625 0.0859375 0.005859375 0.00537109375
11 0.7265625 0.09033203125 0.005859375 0.00537109375
11 0.7265625 0.05078125 0.005859375 0.00537109375
4 0.7265625 0.15478515625 0.00537109375 0.01318359375
11 0.7265625 0.955078125 0.005859375 0.00537109375
11 0.7265625 0.892578125 0.005859375 0.00537109375
11 0.7265625 0.86474609375 0.005859375 0.00537109375
11 0.7265625 0.8193359375 0.005859375 0.00537109375
11 0.7265625 0.76123046875 0.005859375 0.00537109375
15 0.7060546875 0.8046875 0.00537109375 0.0087890625
11 0.578125 0.146484375 0.005859375 0.00537109375
11 0.578125 0.76123046875 0.005859375 0.00537109375
15 0.7060546875 0.951171875 0.00537109375 0.00830078125
15 0.7060546875 0.8564453125 0.00537109375 0.0087890625
11 0.7060546875 0.75439453125 0.005859375 0.00537109375
15 0.7060546875 0.27587890625 0.00537109375 0.00830078125
15 0.7060546875 0.142578125 0.00537109375 0.0087890625
11 0.7060546875 0.14013671875 0.005859375 0.00537109375
11 0.716796875 0.75244140625 0.005859375 0.00537109375
11 0.716796875 0.1376953125 0.005859375 0.00537109375
11 0.5986328125 0.8193359375 0.005859375 0.00537109375
11 0.5986328125 0.86279296875 0.005859375 0.00537109375
11 0.5986328125 0.89501953125 0.005859375 0.00537109375
11 0.5986328125 0.94873046875 0.005859375 0.00537109375
11 0.58984375 0.76123046875 0.00439453125 0.00390625
9 0.5927734375 0.7529296875 0.0068359375 0.01171875
8 0.63720703125 0.29248046875 0.00439453125 0.01318359375
11 0.5986328125 0.15087890625 0.005859375 0.00537109375
11 0.5986328125 0.2822265625 0.005859375 0.00537109375
11 0.5986328125 0.765625 0.005859375 0.00537109375
11 0.61328125 0.77001953125 0.005859375 0.00537109375
21 0.63623046875 0.154296875 0.0048828125 0.01318359375
11 0.63720703125 0.1533203125 0.005859375 0.00537109375
19 0.63720703125 0.09326171875 0.005859375 0.00244140625
19 0.63720703125 0.0498046875 0.005859375 0.0029296875
19 0.63720703125 0.240234375 0.005859375 0.00244140625
11 0.61328125 0.1552734375 0.005859375 0.00537109375
11 0.63720703125 0.95068359375 0.005859375 0.00537109375
11 0.63720703125 0.892578125 0.005859375 0.00537109375
11 0.63720703125 0.86474609375 0.005859375 0.00537109375
11 0.63720703125 0.8193359375 0.005859375 0.00537109375
11 0.63720703125 0.767578125 0.005859375 0.00537109375
11 0.63720703125 0.2841796875 0.005859375 0.00537109375
8 0.63720703125 0.958984375 0.00439453125 0.01318359375
11 0.578125 0.86474609375 0.005859375 0.00537109375
9 0.64208984375 0.85595703125 0.00537109375 0.0126953125
11 0.578125 0.9462890625 0.005859375 0.00537109375
15 0.6630859375 0.951171875 0.005859375 0.00830078125
15 0.6630859375 0.8564453125 0.005859375 0.0087890625
15 0.6630859375 0.8046875 0.005859375 0.0087890625
11 0.6630859375 0.76318359375 0.005859375 0.00537109375
15 0.6630859375 0.27587890625 0.005859375 0.00830078125
11 0.6630859375 0.14892578125 0.005859375 0.00537109375
11 0.64794921875 0.765625 0.005859375 0.00537109375
11 0.64794921875 0.15087890625 0.005859375 0.00537109375
11 0.578125 0.8193359375 0.005859375 0.00537109375
9 0.64208984375 0.810546875 0.00537109375 0.0126953125
11 0.80078125 0.13330078125 0.005859375 0.00537109375
11 0.80078125 0.0380859375 0.005859375 0.00537109375
11 0.80078125 0.0771484375 0.005859375 0.00537109375
11 0.80078125 0.07275390625 0.005859375 0.00537109375
15 0.80078125 0.13818359375 0.005859375 0.0087890625
11 0.80078125 0.2373046875 0.005859375 0.00537109375
11 0.80078125 0.23291015625 0.005859375 0.00537109375
11 0.8115234375 0.23486328125 0.005859375 0.00537109375
11 0.8115234375 0.23046875 0.005859375 0.00537109375
11 0.8115234375 0.13134765625 0.005859375 0.00537109375
11 0.8115234375 0.03564453125 0.005859375 0.00537109375
11 0.8115234375 0.07470703125 0.005859375 0.00537109375
11 0.8115234375 0.0703125 0.005859375 0.00537109375
22 0.4140625 0.71044921875 0.00634765625 0.0029296875
22 0.4140625 0.6630859375 0.00634765625 0.0029296875
22 0.4140625 0.6064453125 0.00634765625 0.0029296875
22 0.55419921875 0.23828125 0.00634765625 0.00244140625
22 0.55419921875 0.1865234375 0.00634765625 0.0029296875
22 0.55419921875 0.09130859375 0.00634765625 0.00244140625
22 0.55419921875 0.0478515625 0.00634765625 0.0029296875
22 0.4140625 0.09130859375 0.00634765625 0.00244140625
22 0.4140625 0.0478515625 0.00634765625 0.0029296875
22 0.4140625 0.37841796875 0.00634765625 0.0029296875
22 0.4140625 0.56396484375 0.00634765625 0.0029296875
22 0.4140625 0.51611328125 0.00634765625 0.0029296875
22 0.4140625 0.4736328125 0.00634765625 0.0029296875
22 0.4140625 0.42138671875 0.00634765625 0.0029296875
22 0.4140625 0.3330078125 0.00634765625 0.0029296875
22 0.4140625 0.23828125 0.00634765625 0.00244140625
22 0.4140625 0.1865234375 0.00634765625 0.0029296875
22 0.55419921875 0.4736328125 0.00634765625 0.0029296875
22 0.55419921875 0.6630859375 0.00634765625 0.0029296875
22 0.55419921875 0.6064453125 0.00634765625 0.0029296875
22 0.55419921875 0.56396484375 0.00634765625 0.0029296875
22 0.55419921875 0.51611328125 0.00634765625 0.0029296875
22 0.55419921875 0.42138671875 0.00634765625 0.0029296875
22 0.55419921875 0.37841796875 0.00634765625 0.0029296875
22 0.55419921875 0.3330078125 0.00634765625 0.0029296875
22 0.55419921875 0.71044921875 0.00634765625 0.0029296875
15 0.75244140625 0.951171875 0.00537109375 0.00830078125
15 0.75244140625 0.90869140625 0.00537109375 0.0087890625
15 0.75244140625 0.15576171875 0.00537109375 0.00830078125
11 0.7529296875 0.04638671875 0.005859375 0.00537109375
11 0.7529296875 0.0859375 0.005859375 0.00537109375
11 0.7529296875 0.08154296875 0.005859375 0.00537109375
11 0.7529296875 0.14208984375 0.005859375 0.00537109375
11 0.7529296875 0.24609375 0.005859375 0.00537109375
11 0.7529296875 0.24169921875 0.005859375 0.00537109375
15 0.75244140625 0.27587890625 0.00537109375 0.00830078125
15 0.75244140625 0.76171875 0.00537109375 0.0087890625
15 0.75244140625 0.8046875 0.00537109375 0.0087890625
15 0.75244140625 0.8564453125 0.00537109375 0.0087890625
8 0.72607421875 0.9013671875 0.00439453125 0.01318359375
9 0.7314453125 0.85595703125 0.0048828125 0.0126953125
9 0.7314453125 0.9462890625 0.0048828125 0.0126953125
9 0.7314453125 0.27978515625 0.0048828125 0.01318359375
11 0.7373046875 0.048828125 0.005859375 0.00537109375
8 0.72607421875 0.76953125 0.00439453125 0.01318359375
9 0.7314453125 0.810546875 0.0048828125 0.0126953125
11 0.7373046875 0.24365234375 0.005859375 0.00537109375
11 0.7373046875 0.087890625 0.005859375 0.00537109375
11 0.7373046875 0.08349609375 0.005859375 0.00537109375
11 0.7373046875 0.14453125 0.005859375 0.00537109375
14 0.73779296875 0.158203125 0.00634765625 0.0126953125
11 0.7373046875 0.248046875 0.005859375 0.00537109375
4 0.7744140625 0.146484375 0.00537109375 0.01318359375
14 0.78515625 0.140625 0.00634765625 0.0126953125
11 0.78515625 0.0400390625 0.005859375 0.00537109375
11 0.78515625 0.0791015625 0.005859375 0.00537109375
11 0.78515625 0.07470703125 0.005859375 0.00537109375
11 0.78515625 0.1357421875 0.005859375 0.00537109375
11 0.78515625 0.2392578125 0.005859375 0.00537109375
11 0.78515625 0.23486328125 0.005859375 0.00537109375
11 0.76318359375 0.0791015625 0.005859375 0.00537109375
11 0.76318359375 0.04443359375 0.005859375 0.00537109375
11 0.76318359375 0.08349609375 0.005859375 0.00537109375
11 0.76318359375 0.14013671875 0.005859375 0.00537109375
11 0.76318359375 0.24365234375 0.005859375 0.00537109375
11 0.76318359375 0.2392578125 0.005859375 0.00537109375
21 0.7734375 0.90673828125 0.0048828125 0.013671875
21 0.7734375 0.94970703125 0.0048828125 0.01318359375
21 0.7734375 0.85498046875 0.0048828125 0.013671875
21 0.7734375 0.802734375 0.0048828125 0.01318359375
21 0.7734375 0.76025390625 0.0048828125 0.013671875
21 0.7734375 0.2744140625 0.0048828125 0.013671875
11 0.7744140625 0.2373046875 0.005859375 0.00537109375
11 0.7744140625 0.24169921875 0.005859375 0.00537109375
11 0.7744140625 0.1376953125 0.005859375 0.00537109375
11 0.7744140625 0.1376953125 0.005859375 0.00537109375
11 0.7744140625 0.0771484375 0.005859375 0.00537109375
11 0.7744140625 0.08154296875 0.005859375 0.00537109375
11 0.7744140625 0.0419921875 0.005859375 0.00537109375
15 0.3017578125 0.13818359375 0.00537109375 0.0087890625
15 0.3017578125 0.76171875 0.00537109375 0.0087890625
11 0.3017578125 0.82373046875 0.005859375 0.00537109375
11 0.3017578125 0.86474609375 0.005859375 0.00537109375
11 0.3017578125 0.95068359375 0.005859375 0.00537109375
8 0.28564453125 0.76318359375 0.00439453125 0.01318359375
11 0.3173828125 0.14208984375 0.005859375 0.00537109375
11 0.3173828125 0.7568359375 0.005859375 0.00537109375
11 0.3173828125 0.82373046875 0.005859375 0.00537109375
11 0.3173828125 0.86474609375 0.005859375 0.00537109375
11 0.3173828125 0.95068359375 0.005859375 0.00537109375
8 0.31689453125 0.15087890625 0.00439453125 0.01318359375
15 0.27001953125 0.13818359375 0.005859375 0.0087890625
11 0.27001953125 0.82373046875 0.005859375 0.00537109375
11 0.27001953125 0.86474609375 0.005859375 0.00537109375
11 0.27001953125 0.94873046875 0.005859375 0.00537109375
11 0.25439453125 0.82373046875 0.005859375 0.00537109375
11 0.25439453125 0.86279296875 0.005859375 0.00537109375
11 0.25439453125 0.94873046875 0.005859375 0.00537109375
8 0.25390625 0.146484375 0.00439453125 0.01318359375
12 0.2861328125 0.89697265625 0.00634765625 0.00537109375
11 0.2861328125 0.14013671875 0.005859375 0.00537109375
12 0.2861328125 0.2841796875 0.00634765625 0.00537109375
11 0.2861328125 0.75439453125 0.005859375 0.00537109375
11 0.2861328125 0.82373046875 0.005859375 0.00537109375
11 0.2861328125 0.86474609375 0.005859375 0.00537109375
11 0.2861328125 0.95068359375 0.005859375 0.00537109375
8 0.28564453125 0.14892578125 0.00439453125 0.01318359375
15 0.3330078125 0.13818359375 0.005859375 0.0087890625
15 0.3330078125 0.76171875 0.005859375 0.0087890625
11 0.3330078125 0.82373046875 0.005859375 0.00537109375
11 0.3330078125 0.86474609375 0.005859375 0.00537109375
11 0.3330078125 0.95068359375 0.005859375 0.00537109375
8 0.31689453125 0.765625 0.00439453125 0.01318359375
11 0.35595703125 0.765625 0.005859375 0.00537109375
11 0.35595703125 0.82373046875 0.005859375 0.00537109375
11 0.35595703125 0.86669921875 0.005859375 0.00537109375
11 0.35595703125 0.89501953125 0.005859375 0.00537109375
11 0.35595703125 0.953125 0.005859375 0.00537109375
11 0.35595703125 0.28662109375 0.005859375 0.00537109375
11 0.35595703125 0.15087890625 0.005859375 0.00537109375
22 0.71728515625 0.4736328125 0.005859375 0.0029296875
22 0.71728515625 0.51611328125 0.005859375 0.0029296875
22 0.71728515625 0.56396484375 0.005859375 0.0029296875
22 0.71728515625 0.6064453125 0.005859375 0.0029296875
22 0.71728515625 0.6630859375 0.005859375 0.0029296875
22 0.71728515625 0.71044921875 0.005859375 0.0029296875
22 0.71728515625 0.42138671875 0.005859375 0.0029296875
10 0.1904296875 0.0498046875 0.01220703125 0.03369140625
10 0.1904296875 0.09375 0.01220703125 0.03369140625
22 0.279296875 0.51611328125 0.00634765625 0.0029296875
22 0.279296875 0.0478515625 0.00634765625 0.0029296875
22 0.279296875 0.09130859375 0.00634765625 0.00244140625
22 0.279296875 0.1865234375 0.00634765625 0.0029296875
22 0.279296875 0.23828125 0.00634765625 0.00244140625
22 0.279296875 0.3330078125 0.00634765625 0.0029296875
22 0.279296875 0.37841796875 0.00634765625 0.0029296875
22 0.279296875 0.42138671875 0.00634765625 0.0029296875
22 0.279296875 0.4736328125 0.00634765625 0.0029296875
22 0.279296875 0.56396484375 0.00634765625 0.0029296875
22 0.279296875 0.6064453125 0.00634765625 0.0029296875
22 0.279296875 0.6630859375 0.00634765625 0.0029296875
22 0.279296875 0.71044921875 0.00634765625 0.0029296875
22 0.71728515625 0.1865234375 0.005859375 0.0029296875
22 0.71728515625 0.3330078125 0.005859375 0.0029296875
22 0.71728515625 0.37841796875 0.005859375 0.0029296875
1 0.18994140625 0.3349609375 0.0126953125 0.015625
10 0.1904296875 0.380859375 0.01220703125 0.03369140625
10 0.1904296875 0.423828125 0.01220703125 0.03369140625
10 0.1904296875 0.1455078125 0.01220703125 0.03369140625
10 0.1904296875 0.1884765625 0.01220703125 0.03369140625
10 0.1904296875 0.24072265625 0.01220703125 0.03369140625
1 0.18994140625 0.28271484375 0.0126953125 0.015625
10 0.1904296875 0.4755859375 0.01220703125 0.03369140625
11 0.23876953125 0.1357421875 0.005859375 0.00537109375
11 0.23876953125 0.75 0.005859375 0.00537109375
11 0.25439453125 0.1376953125 0.005859375 0.00537109375
11 0.25439453125 0.75244140625 0.005859375 0.00537109375
11 0.23876953125 0.82373046875 0.005859375 0.00537109375
11 0.23876953125 0.86279296875 0.005859375 0.00537109375
11 0.23876953125 0.94873046875 0.005859375 0.00537109375
10 0.1904296875 0.76025390625 0.01220703125 0.03369140625
1 0.18994140625 0.6650390625 0.0126953125 0.01513671875
10 0.1904296875 0.80322265625 0.01220703125 0.03369140625
1 0.18994140625 0.5703125 0.0126953125 0.015625
10 0.1904296875 0.5185546875 0.01220703125 0.03369140625
1 0.18994140625 0.61279296875 0.0126953125 0.015625
11 0.22265625 0.146484375 0.005859375 0.00537109375
12 0.22314453125 0.2822265625 0.00634765625 0.00537109375
11 0.22265625 0.76123046875 0.005859375 0.00537109375
11 0.22265625 0.79736328125 0.005859375 0.00537109375
11 0.22265625 0.84716796875 0.005859375 0.00537109375
12 0.22314453125 0.89697265625 0.00634765625 0.00537109375
11 0.22265625 0.94873046875 0.005859375 0.00537109375
1 0.18994140625 0.94970703125 0.0126953125 0.015625
1 0.18994140625 0.90673828125 0.0126953125 0.015625
11 0.5078125 0.146484375 0.005859375 0.00537109375
11 0.49169921875 0.86474609375 0.005859375 0.00537109375
11 0.49169921875 0.27978515625 0.005859375 0.00537109375
11 0.49169921875 0.767578125 0.005859375 0.00537109375
11 0.49169921875 0.8193359375 0.005859375 0.00537109375
11 0.49169921875 0.892578125 0.005859375 0.00537109375
11 0.49169921875 0.9462890625 0.005859375 0.00537109375
11 0.49169921875 0.1533203125 0.005859375 0.00537109375
11 0.5078125 0.76123046875 0.005859375 0.00537109375
11 0.54638671875 0.1552734375 0.005859375 0.00537109375
11 0.54638671875 0.77001953125 0.005859375 0.00537109375
11 0.56201171875 0.1533203125 0.005859375 0.00537109375
11 0.56201171875 0.27978515625 0.005859375 0.00537109375
11 0.56201171875 0.767578125 0.005859375 0.00537109375
11 0.56201171875 0.8193359375 0.005859375 0.00537109375
11 0.56201171875 0.86474609375 0.005859375 0.00537109375
11 0.56201171875 0.892578125 0.005859375 0.00537109375
11 0.56201171875 0.9462890625 0.005859375 0.00537109375
11 0.51953125 0.76123046875 0.00439453125 0.00390625
11 0.5078125 0.8193359375 0.005859375 0.00537109375
11 0.5078125 0.86474609375 0.005859375 0.00537109375
11 0.5078125 0.9462890625 0.005859375 0.00537109375
11 0.5283203125 0.94873046875 0.005859375 0.00537109375
11 0.5283203125 0.765625 0.005859375 0.00537109375
9 0.5224609375 0.7529296875 0.0068359375 0.01171875
11 0.5283203125 0.15087890625 0.005859375 0.00537109375
11 0.5283203125 0.2822265625 0.005859375 0.00537109375
11 0.5283203125 0.8193359375 0.005859375 0.00537109375
11 0.5283203125 0.86279296875 0.005859375 0.00537109375
11 0.5283203125 0.89501953125 0.005859375 0.00537109375
15 0.40380859375 0.13818359375 0.005859375 0.0087890625
11 0.41943359375 0.2822265625 0.005859375 0.00537109375
11 0.41943359375 0.14453125 0.005859375 0.00537109375
11 0.41943359375 0.7587890625 0.005859375 0.00537109375
11 0.41943359375 0.82373046875 0.005859375 0.00537109375
11 0.41943359375 0.86279296875 0.005859375 0.00537109375
11 0.41943359375 0.89501953125 0.005859375 0.00537109375
11 0.41943359375 0.94873046875 0.005859375 0.00537109375
8 0.3876953125 0.15087890625 0.0048828125 0.01318359375
11 0.40380859375 0.95068359375 0.005859375 0.00537109375
11 0.40380859375 0.86474609375 0.005859375 0.00537109375
11 0.40380859375 0.82373046875 0.005859375 0.00537109375
11 0.3720703125 0.14013671875 0.005859375 0.00537109375
11 0.3720703125 0.75439453125 0.005859375 0.00537109375
11 0.3720703125 0.82373046875 0.005859375 0.00537109375
11 0.3720703125 0.86669921875 0.005859375 0.00537109375
11 0.3720703125 0.953125 0.005859375 0.00537109375
11 0.38818359375 0.14208984375 0.005859375 0.00537109375
11 0.38818359375 0.2841796875 0.005859375 0.00537109375
11 0.38818359375 0.7568359375 0.005859375 0.00537109375
11 0.38818359375 0.82373046875 0.005859375 0.00537109375
11 0.38818359375 0.86474609375 0.005859375 0.00537109375
11 0.38818359375 0.89697265625 0.005859375 0.00537109375
11 0.38818359375 0.95068359375 0.005859375 0.00537109375
11 0.4521484375 0.82373046875 0.005859375 0.00537109375
21 0.451171875 0.85498046875 0.0048828125 0.013671875
11 0.4521484375 0.89501953125 0.005859375 0.00537109375
11 0.4521484375 0.94873046875 0.005859375 0.00537109375
8 0.45166015625 0.15478515625 0.0048828125 0.01318359375
11 0.4521484375 0.76123046875 0.005859375 0.00537109375
11 0.4521484375 0.2822265625 0.005859375 0.00537109375
11 0.4521484375 0.146484375 0.005859375 0.00537109375
11 0.4677734375 0.94873046875 0.005859375 0.00537109375
11 0.4677734375 0.82373046875 0.005859375 0.00537109375
15 0.4677734375 0.76171875 0.005859375 0.0087890625
15 0.4677734375 0.13818359375 0.005859375 0.0087890625
8 0.45166015625 0.76953125 0.0048828125 0.01318359375
9 0.42431640625 0.853515625 0.0048828125 0.01318359375
8 0.41943359375 0.767578125 0.00439453125 0.01318359375
8 0.41943359375 0.1533203125 0.00439453125 0.01318359375
11 0.4365234375 0.82373046875 0.005859375 0.00537109375
15 0.43603515625 0.8564453125 0.005859375 0.0087890625
15 0.43603515625 0.76171875 0.005859375 0.0087890625
11 0.4365234375 0.94873046875 0.005859375 0.00537109375
15 0.43603515625 0.13818359375 0.005859375 0.0087890625