11 0.66650390625 0.1513671875 0.00830078125 0.0068359375
11 0.611328125 0.1513671875 0.00830078125 0.0068359375
9 0.60107421875 0.1396484375 0.0068359375 0.017578125
9 0.65673828125 0.1396484375 0.0068359375 0.017578125
11 0.650390625 0.1513671875 0.00830078125 0.0068359375
11 0.650390625 0.08154296875 0.00830078125 0.0068359375
9 0.640625 0.1396484375 0.0068359375 0.017578125
9 0.640625 0.0693359375 0.0068359375 0.017578125
11 0.6337890625 0.1513671875 0.00830078125 0.0068359375
11 0.6337890625 0.08154296875 0.00830078125 0.0068359375
11 0.54931640625 0.1455078125 0.0078125 0.00732421875
9 0.53955078125 0.1337890625 0.0068359375 0.017578125
11 0.533203125 0.1455078125 0.00830078125 0.00732421875
9 0.52294921875 0.1337890625 0.0068359375 0.017578125
11 0.5166015625 0.1455078125 0.00830078125 0.00732421875
11 0.494140625 0.1455078125 0.00830078125 0.00732421875
11 0.5947265625 0.09375 0.00830078125 0.0068359375
11 0.5947265625 0.1513671875 0.00830078125 0.0068359375
11 0.5947265625 0.08740234375 0.00830078125 0.0068359375
11 0.5947265625 0.1025390625 0.00830078125 0.0068359375
9 0.578125 0.1337890625 0.0068359375 0.017578125
11 0.57177734375 0.1455078125 0.00830078125 0.00732421875
11 0.560546875 0.08154296875 0.00830078125 0.0068359375
9 0.8125 0.1396484375 0.0068359375 0.017578125
11 0.8056640625 0.1513671875 0.00830078125 0.0068359375
11 0.794921875 0.08154296875 0.00830078125 0.0068359375
11 0.78369140625 0.1513671875 0.00830078125 0.0068359375
9 0.77392578125 0.1396484375 0.0068359375 0.017578125
11 0.767578125 0.1513671875 0.0078125 0.0068359375
9 0.75732421875 0.1396484375 0.0068359375 0.017578125
11 0.7119140625 0.1513671875 0.00830078125 0.0068359375
12 0.71240234375 0.0908203125 0.0087890625 0.0068359375
12 0.71240234375 0.09619140625 0.0087890625 0.0068359375
12 0.71240234375 0.1025390625 0.0087890625 0.0068359375
9 0.6953125 0.1396484375 0.0068359375 0.017578125
11 0.68896484375 0.1513671875 0.00830078125 0.0068359375
11 0.677734375 0.09033203125 0.00830078125 0.00732421875
11 0.677734375 0.09619140625 0.00830078125 0.0068359375
11 0.677734375 0.1025390625 0.00830078125 0.0068359375
11 0.7509765625 0.1513671875 0.0078125 0.0068359375
11 0.728515625 0.1513671875 0.00830078125 0.0068359375
9 0.71826171875 0.1396484375 0.0068359375 0.017578125
11 0.30322265625 0.09033203125 0.00830078125 0.00732421875
11 0.31201171875 0.15478515625 0.00830078125 0.0068359375
9 0.30224609375 0.142578125 0.0068359375 0.017578125
11 0.2958984375 0.15478515625 0.0078125 0.0068359375
11 0.2958984375 0.09375 0.0078125 0.0068359375
9 0.28369140625 0.142578125 0.0068359375 0.017578125
9 0.28369140625 0.07861328125 0.0068359375 0.017578125
11 0.27734375 0.15478515625 0.00830078125 0.0068359375
11 0.3603515625 0.1455078125 0.00830078125 0.00732421875
11 0.3603515625 0.08740234375 0.00830078125 0.0068359375
11 0.3603515625 0.09375 0.00830078125 0.0068359375
11 0.3603515625 0.1025390625 0.00830078125 0.0068359375
11 0.28466796875 0.09033203125 0.00830078125 0.00732421875
9 0.3408203125 0.142578125 0.0068359375 0.017578125
11 0.33447265625 0.15478515625 0.00830078125 0.0068359375
11 0.3232421875 0.09375 0.00830078125 0.0068359375
1 0.193359375 0.1376953125 0.017578125 0.02099609375
10 0.19384765625 0.0712890625 0.0166015625 0.0458984375
0 0.17529296875 0.1064453125 0.00634765625 0.091796875
11 0.27734375 0.09375 0.00830078125 0.0068359375
11 0.2548828125 0.15478515625 0.00830078125 0.0068359375
11 0.26220703125 0.09033203125 0.00830078125 0.00732421875
11 0.2548828125 0.09375 0.00830078125 0.0068359375
9 0.24267578125 0.142578125 0.0068359375 0.017578125
9 0.24267578125 0.07861328125 0.0068359375 0.017578125
11 0.236328125 0.15478515625 0.00830078125 0.0068359375
11 0.24365234375 0.09033203125 0.00830078125 0.00732421875
11 0.236328125 0.09375 0.00830078125 0.0068359375
9 0.4609375 0.1337890625 0.0068359375 0.017578125
11 0.45458984375 0.1455078125 0.00830078125 0.00732421875
11 0.443359375 0.09033203125 0.0078125 0.00732421875
11 0.443359375 0.09619140625 0.0078125 0.0068359375
11 0.443359375 0.1025390625 0.0078125 0.0068359375
11 0.43212890625 0.1455078125 0.00830078125 0.00732421875
9 0.42236328125 0.1337890625 0.0068359375 0.017578125
11 0.416015625 0.1455078125 0.00830078125 0.00732421875
9 0.484375 0.1337890625 0.0068359375 0.017578125
11 0.4775390625 0.1455078125 0.00830078125 0.00732421875
12 0.47802734375 0.0908203125 0.0087890625 0.0068359375
12 0.47802734375 0.09619140625 0.0087890625 0.0068359375
12 0.47802734375 0.1025390625 0.0087890625 0.0068359375
11 0.376953125 0.1455078125 0.00830078125 0.00732421875
9 0.36669921875 0.1337890625 0.0068359375 0.017578125
11 0.416015625 0.08154296875 0.00830078125 0.0068359375
9 0.40625 0.1337890625 0.0068359375 0.017578125
9 0.40625 0.0693359375 0.0068359375 0.017578125
11 0.3994140625 0.08154296875 0.00830078125 0.0068359375
11 0.3994140625 0.1455078125 0.00830078125 0.00732421875
13 0.24658203125 0.30224609375 0.01123046875 0.00732421875
13 0.23779296875 0.29931640625 0.01123046875 0.0068359375
13 0.23779296875 0.35009765625 0.01123046875 0.00732421875
13 0.23779296875 0.30517578125 0.01123046875 0.00732421875
0 0.17529296875 0.31396484375 0.005859375 0.0849609375
10 0.19384765625 0.28271484375 0.0166015625 0.0458984375
13 0.23779296875 0.31396484375 0.01123046875 0.0068359375
1 0.193359375 0.341796875 0.017578125 0.02099609375