21 0.638671875 0.22900390625 0.00634765625 0.0185546875
11 0.6396484375 0.34423828125 0.0078125 0.0068359375
8 0.59765625 0.3564453125 0.00634765625 0.01806640625
11 0.6396484375 0.0869140625 0.0078125 0.0068359375
15 0.619140625 0.35693359375 0.0078125 0.01171875
11 0.6396484375 0.107421875 0.0078125 0.0068359375
11 0.6396484375 0.0986328125 0.0078125 0.0068359375
12 0.69091796875 0.72802734375 0.0087890625 0.0068359375
15 0.525390625 0.35693359375 0.0078125 0.01171875
11 0.69091796875 0.134765625 0.00830078125 0.0068359375
15 0.66015625 0.35693359375 0.0078125 0.01171875
8 0.63916015625 0.3564453125 0.00634765625 0.01806640625
11 0.69091796875 0.12255859375 0.00830078125 0.0068359375
11 0.69091796875 0.11376953125 0.00830078125 0.0068359375
12 0.69091796875 0.224609375 0.0087890625 0.00732421875
11 0.69091796875 0.365234375 0.00830078125 0.0068359375
12 0.69091796875 0.47607421875 0.0087890625 0.0068359375
12 0.69091796875 0.60205078125 0.0087890625 0.0068359375
9 0.56201171875 0.34716796875 0.0068359375 0.017578125
12 0.5556640625 0.21533203125 0.0087890625 0.0068359375
12 0.5556640625 0.48193359375 0.0087890625 0.0068359375
11 0.5556640625 0.60205078125 0.00830078125 0.0068359375
12 0.5556640625 0.73388671875 0.0087890625 0.00732421875
11 0.5556640625 0.359375 0.00830078125 0.0068359375
15 0.57763671875 0.35693359375 0.0078125 0.01171875
11 0.59814453125 0.107421875 0.00830078125 0.0068359375
11 0.59814453125 0.0986328125 0.00830078125 0.0068359375
11 0.59814453125 0.0869140625 0.00830078125 0.0068359375
11 0.59814453125 0.34423828125 0.00830078125 0.0068359375
19 0.59814453125 0.6064453125 0.00830078125 0.00390625
11 0.5556640625 0.11962890625 0.00830078125 0.0068359375
11 0.5556640625 0.12841796875 0.00830078125 0.0068359375
15 0.7998046875 0.35693359375 0.0078125 0.01171875
11 0.80029296875 0.61669921875 0.00830078125 0.0068359375
9 0.806640625 0.60498046875 0.0068359375 0.017578125
9 0.697265625 0.35302734375 0.0068359375 0.017578125
11 0.77490234375 0.107421875 0.00830078125 0.0068359375
11 0.77490234375 0.1015625 0.00830078125 0.0068359375
11 0.77490234375 0.0927734375 0.00830078125 0.0068359375
11 0.77490234375 0.34423828125 0.00830078125 0.0068359375
15 0.7744140625 0.6083984375 0.0078125 0.01171875
15 0.75390625 0.35693359375 0.0078125 0.01171875
8 0.77392578125 0.3564453125 0.00634765625 0.01806640625
15 0.712890625 0.35693359375 0.0078125 0.01171875
11 0.7333984375 0.107421875 0.0078125 0.0068359375
11 0.7333984375 0.1015625 0.0078125 0.0068359375
11 0.7333984375 0.0927734375 0.0078125 0.0068359375
11 0.7333984375 0.34423828125 0.0078125 0.0068359375
8 0.73291015625 0.3564453125 0.00634765625 0.01806640625
15 0.24755859375 0.35693359375 0.0078125 0.01171875
11 0.24755859375 0.595703125 0.00830078125 0.0068359375
11 0.2734375 0.107421875 0.00830078125 0.0068359375
11 0.2734375 0.1015625 0.00830078125 0.0068359375
11 0.2734375 0.0927734375 0.00830078125 0.0068359375
11 0.2734375 0.34423828125 0.00830078125 0.0068359375
11 0.2734375 0.60205078125 0.00830078125 0.0068359375
9 0.2255859375 0.35302734375 0.0068359375 0.017578125
11 0.32958984375 0.60205078125 0.00830078125 0.0068359375
11 0.32958984375 0.107421875 0.00830078125 0.0068359375
11 0.32958984375 0.1015625 0.00830078125 0.0068359375
11 0.32958984375 0.0927734375 0.00830078125 0.0068359375
11 0.32958984375 0.34423828125 0.00830078125 0.0068359375
8 0.3291015625 0.3564453125 0.00634765625 0.01806640625
8 0.27294921875 0.3564453125 0.00634765625 0.01806640625
15 0.30224609375 0.35693359375 0.0078125 0.01171875
11 0.302734375 0.61083984375 0.00830078125 0.0068359375
10 0.19384765625 0.10302734375 0.0166015625 0.0458984375
10 0.19384765625 0.22900390625 0.0166015625 0.0458984375
11 0.21875 0.60205078125 0.00830078125 0.0068359375
11 0.21875 0.134765625 0.00830078125 0.0068359375
11 0.21875 0.12255859375 0.00830078125 0.0068359375
11 0.21875 0.11376953125 0.00830078125 0.0068359375
12 0.21923828125 0.224609375 0.0087890625 0.00732421875
11 0.21875 0.365234375 0.00830078125 0.0068359375
12 0.21923828125 0.47607421875 0.0087890625 0.0068359375
12 0.21923828125 0.72802734375 0.0087890625 0.0068359375
10 0.19384765625 0.35498046875 0.0166015625 0.0458984375
1 0.193359375 0.47998046875 0.017578125 0.02099609375
10 0.19384765625 0.6064453125 0.0166015625 0.0458984375
1 0.193359375 0.73193359375 0.017578125 0.02099609375
11 0.44384765625 0.107421875 0.00830078125 0.0068359375
11 0.44384765625 0.0986328125 0.00830078125 0.0068359375
11 0.44384765625 0.0869140625 0.00830078125 0.0068359375
11 0.44384765625 0.32958984375 0.00830078125 0.0068359375
11 0.44384765625 0.60791015625 0.00830078125 0.0068359375
8 0.443359375 0.34716796875 0.00634765625 0.017578125
15 0.4228515625 0.35693359375 0.0078125 0.01171875
15 0.4228515625 0.6083984375 0.0078125 0.01171875
11 0.50439453125 0.32958984375 0.00830078125 0.0068359375
11 0.50439453125 0.60205078125 0.00830078125 0.0068359375
21 0.50341796875 0.22900390625 0.00634765625 0.0185546875
8 0.50390625 0.34716796875 0.00634765625 0.017578125
15 0.47998046875 0.35693359375 0.0078125 0.01171875
11 0.48046875 0.60498046875 0.0078125 0.00732421875
11 0.50439453125 0.107421875 0.00830078125 0.0068359375
11 0.50439453125 0.0986328125 0.00830078125 0.0068359375
11 0.50439453125 0.0869140625 0.00830078125 0.0068359375
11 0.400390625 0.359375 0.00830078125 0.0068359375
12 0.400390625 0.48193359375 0.0087890625 0.0068359375
11 0.400390625 0.60791015625 0.00830078125 0.0068359375
12 0.400390625 0.7216796875 0.0087890625 0.0068359375
15 0.36181640625 0.35693359375 0.0078125 0.01171875
11 0.36181640625 0.61083984375 0.00830078125 0.0068359375
11 0.400390625 0.12841796875 0.00830078125 0.0068359375
11 0.400390625 0.11962890625 0.00830078125 0.0068359375
12 0.400390625 0.21533203125 0.0087890625 0.0068359375
8 0.39990234375 0.619140625 0.00634765625 0.01806640625
9 0.40673828125 0.34716796875 0.0068359375 0.017578125