12 0.6220703125 0.4853515625 0.0087890625 0.0068359375
21 0.62060546875 0.6064453125 0.00634765625 0.01806640625
12 0.6220703125 0.73681640625 0.0087890625 0.0068359375
11 0.65234375 0.1015625 0.00830078125 0.0068359375
11 0.65234375 0.095703125 0.00830078125 0.00732421875
11 0.65234375 0.08984375 0.00830078125 0.00732421875
12 0.65283203125 0.60498046875 0.0087890625 0.0068359375
11 0.62158203125 0.12255859375 0.00830078125 0.0068359375
11 0.537109375 0.1015625 0.00830078125 0.0068359375
15 0.5185546875 0.35693359375 0.0078125 0.01171875
11 0.537109375 0.107421875 0.00830078125 0.0068359375
11 0.537109375 0.0927734375 0.00830078125 0.0068359375
11 0.537109375 0.34423828125 0.00830078125 0.0068359375
8 0.53662109375 0.3564453125 0.00634765625 0.01806640625
15 0.59326171875 0.35693359375 0.0078125 0.01171875
11 0.59326171875 0.4912109375 0.00830078125 0.0068359375
9 0.60009765625 0.47900390625 0.0068359375 0.017578125
11 0.6826171875 0.1015625 0.00830078125 0.0068359375
11 0.62158203125 0.11669921875 0.00830078125 0.0068359375
15 0.55615234375 0.35693359375 0.0078125 0.01171875
11 0.57470703125 0.107421875 0.00830078125 0.0068359375
11 0.57470703125 0.1015625 0.00830078125 0.0068359375
11 0.57470703125 0.0927734375 0.00830078125 0.0068359375
11 0.57470703125 0.34423828125 0.00830078125 0.0068359375
19 0.6220703125 0.22900390625 0.00830078125 0.00390625
15 0.57470703125 0.48291015625 0.0078125 0.01171875
8 0.57421875 0.3564453125 0.00634765625 0.01806640625
11 0.79345703125 0.1015625 0.00830078125 0.0068359375
11 0.79345703125 0.095703125 0.00830078125 0.00732421875
11 0.79345703125 0.08984375 0.00830078125 0.00732421875
11 0.73779296875 0.4853515625 0.00830078125 0.0068359375
11 0.763671875 0.1015625 0.00830078125 0.0068359375
11 0.763671875 0.095703125 0.00830078125 0.00732421875
11 0.763671875 0.08984375 0.00830078125 0.00732421875
12 0.763671875 0.494140625 0.0087890625 0.0068359375
22 0.65966796875 0.35205078125 0.00830078125 0.00390625
11 0.720703125 0.47900390625 0.00830078125 0.0068359375
12 0.720703125 0.60498046875 0.0087890625 0.0068359375
12 0.720703125 0.73681640625 0.0087890625 0.0068359375
11 0.6826171875 0.095703125 0.00830078125 0.00732421875
11 0.6826171875 0.08984375 0.00830078125 0.00732421875
11 0.6826171875 0.212890625 0.00830078125 0.0068359375
11 0.720703125 0.12255859375 0.00830078125 0.0068359375
11 0.720703125 0.11669921875 0.00830078125 0.0068359375
12 0.720703125 0.212890625 0.0087890625 0.0068359375
12 0.720703125 0.35302734375 0.0087890625 0.0068359375
11 0.2626953125 0.107421875 0.00830078125 0.0068359375
11 0.2626953125 0.0986328125 0.00830078125 0.0068359375
11 0.2626953125 0.0869140625 0.00830078125 0.0068359375
11 0.2626953125 0.33837890625 0.00830078125 0.0068359375
11 0.2626953125 0.48193359375 0.00830078125 0.0068359375
8 0.26220703125 0.35009765625 0.00634765625 0.01806640625
15 0.24169921875 0.35693359375 0.0078125 0.01171875
15 0.24169921875 0.48291015625 0.0078125 0.01171875
8 0.32275390625 0.35009765625 0.00634765625 0.01806640625
15 0.34228515625 0.35693359375 0.0078125 0.01171875
11 0.3701171875 0.12841796875 0.00830078125 0.0068359375
11 0.3701171875 0.11962890625 0.00830078125 0.0068359375
15 0.298828125 0.35693359375 0.0078125 0.01171875
11 0.29931640625 0.47900390625 0.00830078125 0.0068359375
8 0.21826171875 0.4931640625 0.00634765625 0.017578125
11 0.3232421875 0.107421875 0.00830078125 0.0068359375
11 0.3232421875 0.0986328125 0.00830078125 0.0068359375
11 0.3232421875 0.0869140625 0.00830078125 0.0068359375
11 0.3232421875 0.33837890625 0.00830078125 0.0068359375
11 0.3232421875 0.47607421875 0.00830078125 0.00732421875
10 0.19384765625 0.10302734375 0.0166015625 0.0458984375
10 0.19384765625 0.22900390625 0.0166015625 0.0458984375
10 0.19384765625 0.35498046875 0.0166015625 0.0458984375
1 0.193359375 0.47998046875 0.017578125 0.02099609375
11 0.21875 0.48193359375 0.00830078125 0.0068359375
12 0.21923828125 0.61669921875 0.0087890625 0.0068359375
12 0.21923828125 0.7216796875 0.0087890625 0.0068359375
9 0.2255859375 0.34716796875 0.0068359375 0.017578125
10 0.19384765625 0.6064453125 0.0166015625 0.0458984375
1 0.193359375 0.73193359375 0.017578125 0.02099609375
11 0.21875 0.12841796875 0.00830078125 0.0068359375
11 0.21875 0.11962890625 0.00830078125 0.0068359375
12 0.21923828125 0.2216796875 0.0087890625 0.0068359375
11 0.21875 0.359375 0.00830078125 0.0068359375
11 0.4462890625 0.34423828125 0.00830078125 0.0068359375
8 0.44580078125 0.3564453125 0.00634765625 0.01806640625
11 0.4462890625 0.0869140625 0.00830078125 0.0068359375
15 0.46484375 0.35693359375 0.0078125 0.01171875
11 0.49853515625 0.134765625 0.00830078125 0.0068359375
11 0.49853515625 0.12255859375 0.00830078125 0.0068359375
11 0.49853515625 0.11376953125 0.00830078125 0.0068359375
19 0.40869140625 0.48046875 0.00830078125 0.00390625
12 0.49853515625 0.21533203125 0.0087890625 0.0068359375
15 0.427734375 0.35693359375 0.0078125 0.01171875
11 0.4462890625 0.107421875 0.00830078125 0.0068359375
11 0.4462890625 0.0986328125 0.00830078125 0.0068359375
9 0.5048828125 0.35302734375 0.0068359375 0.017578125
11 0.49853515625 0.365234375 0.00830078125 0.0068359375
12 0.49853515625 0.47607421875 0.0087890625 0.0068359375
12 0.49853515625 0.61669921875 0.0087890625 0.0068359375
12 0.49853515625 0.72802734375 0.0087890625 0.0068359375
8 0.408203125 0.3564453125 0.00634765625 0.01806640625
9 0.37646484375 0.34716796875 0.0068359375 0.017578125
12 0.3701171875 0.2216796875 0.0087890625 0.0068359375
11 0.3701171875 0.359375 0.00830078125 0.0068359375
11 0.3701171875 0.47607421875 0.00830078125 0.00732421875
12 0.3701171875 0.61083984375 0.0087890625 0.0068359375
12 0.3701171875 0.73388671875 0.0087890625 0.00732421875
11 0.40869140625 0.34423828125 0.00830078125 0.0068359375
15 0.39013671875 0.35693359375 0.0078125 0.01171875
11 0.40869140625 0.107421875 0.00830078125 0.0068359375
11 0.40869140625 0.0986328125 0.00830078125 0.0068359375
11 0.40869140625 0.0869140625 0.00830078125 0.0068359375