11 0.615234375 0.12841796875 0.00830078125 0.0068359375
11 0.615234375 0.11962890625 0.00830078125 0.0068359375
11 0.615234375 0.23046875 0.00830078125 0.0068359375
11 0.615234375 0.35009765625 0.00830078125 0.0068359375
12 0.615234375 0.48193359375 0.0087890625 0.0068359375
8 0.56005859375 0.359375 0.00634765625 0.017578125
8 0.56005859375 0.61376953125 0.00634765625 0.01806640625
15 0.580078125 0.35693359375 0.0078125 0.01171875
15 0.580078125 0.6083984375 0.0078125 0.01171875
12 0.615234375 0.73388671875 0.0087890625 0.00732421875
12 0.615234375 0.61669921875 0.0087890625 0.0068359375
8 0.61474609375 0.24169921875 0.00634765625 0.01806640625
15 0.501953125 0.6083984375 0.0078125 0.01171875
9 0.4873046875 0.61083984375 0.0068359375 0.017578125
8 0.52099609375 0.61376953125 0.00634765625 0.01806640625
15 0.541015625 0.6083984375 0.0078125 0.01171875
11 0.560546875 0.1015625 0.00830078125 0.0068359375
11 0.560546875 0.095703125 0.00830078125 0.00732421875
11 0.560546875 0.08984375 0.00830078125 0.00732421875
11 0.560546875 0.2333984375 0.00830078125 0.0068359375
11 0.560546875 0.34716796875 0.00830078125 0.00732421875
11 0.560546875 0.60205078125 0.00830078125 0.0068359375
11 0.521484375 0.1015625 0.00830078125 0.0068359375
11 0.521484375 0.095703125 0.00830078125 0.00732421875
11 0.521484375 0.08984375 0.00830078125 0.00732421875
11 0.521484375 0.2392578125 0.00830078125 0.00732421875
11 0.521484375 0.35302734375 0.00830078125 0.0068359375
11 0.521484375 0.60205078125 0.00830078125 0.0068359375
15 0.80322265625 0.2314453125 0.0078125 0.01171875
11 0.80322265625 0.35009765625 0.00830078125 0.0068359375
22 0.40185546875 0.22607421875 0.00830078125 0.00390625
8 0.76123046875 0.2216796875 0.00634765625 0.01806640625
15 0.65087890625 0.2314453125 0.0078125 0.01171875
11 0.65087890625 0.35009765625 0.00830078125 0.0068359375
11 0.685546875 0.107421875 0.00830078125 0.0068359375
11 0.685546875 0.0986328125 0.00830078125 0.0068359375
11 0.685546875 0.0869140625 0.00830078125 0.0068359375
11 0.685546875 0.20947265625 0.00830078125 0.0068359375
11 0.76171875 0.20947265625 0.00830078125 0.0068359375
11 0.76171875 0.107421875 0.00830078125 0.0068359375
11 0.76171875 0.0986328125 0.00830078125 0.0068359375
11 0.76171875 0.0869140625 0.00830078125 0.0068359375
11 0.76171875 0.34423828125 0.00830078125 0.0068359375
11 0.685546875 0.35009765625 0.00830078125 0.0068359375
8 0.68505859375 0.2216796875 0.00634765625 0.01806640625
15 0.72021484375 0.2314453125 0.0078125 0.01171875
11 0.72021484375 0.35009765625 0.00830078125 0.0068359375
8 0.29833984375 0.619140625 0.00634765625 0.01806640625
15 0.318359375 0.6083984375 0.0078125 0.01171875
11 0.35302734375 0.13134765625 0.00830078125 0.0068359375
11 0.35302734375 0.12548828125 0.00830078125 0.00732421875
11 0.35302734375 0.11962890625 0.00830078125 0.0068359375
11 0.35302734375 0.3623046875 0.00830078125 0.0068359375
11 0.35302734375 0.48193359375 0.00830078125 0.0068359375
8 0.25927734375 0.619140625 0.00634765625 0.01806640625
15 0.279296875 0.6083984375 0.0078125 0.01171875
11 0.298828125 0.11083984375 0.00830078125 0.00732421875
11 0.298828125 0.10498046875 0.00830078125 0.0068359375
11 0.298828125 0.0927734375 0.00830078125 0.0068359375
11 0.298828125 0.60791015625 0.00830078125 0.0068359375
8 0.3525390625 0.4931640625 0.00634765625 0.017578125
9 0.35986328125 0.6015625 0.0068359375 0.017578125
11 0.35302734375 0.61376953125 0.00830078125 0.0068359375
12 0.353515625 0.74560546875 0.0087890625 0.0068359375
9 0.35986328125 0.35009765625 0.0068359375 0.017578125
10 0.19384765625 0.22900390625 0.0166015625 0.0458984375
10 0.19384765625 0.35498046875 0.0166015625 0.0458984375
1 0.193359375 0.47998046875 0.017578125 0.02099609375
10 0.19384765625 0.6064453125 0.0166015625 0.0458984375
1 0.193359375 0.73193359375 0.017578125 0.02099609375
22 0.2685546875 0.35205078125 0.00830078125 0.00390625
22 0.2685546875 0.22607421875 0.00830078125 0.00390625
22 0.2685546875 0.47802734375 0.00830078125 0.00390625
10 0.19384765625 0.10302734375 0.0166015625 0.0458984375
15 0.23974609375 0.6083984375 0.0078125 0.01171875
9 0.2255859375 0.6015625 0.0068359375 0.017578125
11 0.259765625 0.11083984375 0.00830078125 0.00732421875
11 0.259765625 0.10498046875 0.00830078125 0.0068359375
11 0.259765625 0.0927734375 0.00830078125 0.0068359375
11 0.259765625 0.60791015625 0.00830078125 0.0068359375
11 0.21875 0.13134765625 0.00830078125 0.0068359375
11 0.21875 0.12548828125 0.00830078125 0.00732421875
11 0.21875 0.11962890625 0.00830078125 0.0068359375
11 0.21875 0.61376953125 0.00830078125 0.0068359375
12 0.21923828125 0.74560546875 0.0087890625 0.0068359375
8 0.4326171875 0.353515625 0.00634765625 0.017578125
8 0.4326171875 0.47314453125 0.00634765625 0.017578125
8 0.4326171875 0.619140625 0.00634765625 0.01806640625
15 0.45263671875 0.35693359375 0.0078125 0.01171875
15 0.45263671875 0.48291015625 0.0078125 0.01171875
15 0.45263671875 0.6083984375 0.0078125 0.01171875
11 0.43310546875 0.34130859375 0.00830078125 0.0068359375
11 0.43310546875 0.11083984375 0.00830078125 0.00732421875
11 0.43310546875 0.10498046875 0.00830078125 0.0068359375
11 0.43310546875 0.0927734375 0.00830078125 0.0068359375
11 0.43310546875 0.46142578125 0.00830078125 0.00732421875
11 0.43310546875 0.60791015625 0.00830078125 0.0068359375
11 0.48095703125 0.12255859375 0.00830078125 0.0068359375
11 0.48095703125 0.11669921875 0.00830078125 0.0068359375
11 0.48095703125 0.2333984375 0.00830078125 0.0068359375
21 0.4794921875 0.35498046875 0.00634765625 0.0185546875
12 0.48095703125 0.4853515625 0.0087890625 0.0068359375
11 0.48095703125 0.62255859375 0.00830078125 0.0068359375
12 0.48095703125 0.73681640625 0.0087890625 0.0068359375
11 0.39404296875 0.0927734375 0.00830078125 0.0068359375
11 0.39404296875 0.34130859375 0.00830078125 0.0068359375
11 0.39404296875 0.46142578125 0.00830078125 0.00732421875
11 0.39404296875 0.60791015625 0.00830078125 0.0068359375
11 0.39404296875 0.10498046875 0.00830078125 0.0068359375
15 0.3740234375 0.6083984375 0.0078125 0.01171875
15 0.3740234375 0.48291015625 0.0078125 0.01171875
15 0.3740234375 0.35693359375 0.0078125 0.01171875
11 0.39404296875 0.11083984375 0.00830078125 0.00732421875
8 0.3935546875 0.619140625 0.00634765625 0.01806640625
15 0.41357421875 0.35693359375 0.0078125 0.01171875
15 0.41357421875 0.48291015625 0.0078125 0.01171875
15 0.41357421875 0.6083984375 0.0078125 0.01171875
8 0.3935546875 0.353515625 0.00634765625 0.017578125
8 0.3935546875 0.47314453125 0.00634765625 0.017578125