11 0.67724609375 0.14404296875 0.00830078125 0.0068359375
11 0.7001953125 0.0576171875 0.00830078125 0.0068359375
11 0.67724609375 0.05419921875 0.00830078125 0.0068359375
11 0.7001953125 0.134765625 0.00830078125 0.00732421875
11 0.7001953125 0.21728515625 0.00830078125 0.0068359375
11 0.6162109375 0.05419921875 0.00830078125 0.0068359375
11 0.6162109375 0.14404296875 0.00830078125 0.0068359375
11 0.6162109375 0.20263671875 0.00830078125 0.0068359375
11 0.6005859375 0.0576171875 0.00830078125 0.0068359375
11 0.6005859375 0.12890625 0.00830078125 0.0068359375
11 0.6005859375 0.21728515625 0.00830078125 0.0068359375
11 0.646484375 0.05419921875 0.00830078125 0.0068359375
11 0.646484375 0.14404296875 0.00830078125 0.0068359375
11 0.6611328125 0.0576171875 0.00830078125 0.0068359375
11 0.6611328125 0.14990234375 0.00830078125 0.0068359375
11 0.6611328125 0.22314453125 0.00830078125 0.0068359375
11 0.6318359375 0.0576171875 0.00830078125 0.0068359375
11 0.6318359375 0.134765625 0.00830078125 0.00732421875
11 0.6318359375 0.21142578125 0.00830078125 0.0068359375
11 0.80712890625 0.14404296875 0.00830078125 0.0068359375
11 0.791015625 0.14990234375 0.00830078125 0.0068359375
11 0.791015625 0.20556640625 0.00830078125 0.0068359375
11 0.80712890625 0.060546875 0.00830078125 0.0068359375
22 0.623046875 0.2607421875 0.00830078125 0.00390625
22 0.4970703125 0.2607421875 0.00830078125 0.00390625
22 0.4970703125 0.1279296875 0.00830078125 0.00390625
22 0.37255859375 0.2607421875 0.00830078125 0.00390625
22 0.37255859375 0.201171875 0.00830078125 0.00390625
11 0.791015625 0.0634765625 0.00830078125 0.00732421875
11 0.74560546875 0.05419921875 0.00830078125 0.0068359375
11 0.74560546875 0.14404296875 0.00830078125 0.0068359375
11 0.71484375 0.05419921875 0.00830078125 0.0068359375
11 0.71484375 0.14404296875 0.00830078125 0.0068359375
11 0.73095703125 0.0576171875 0.0078125 0.0068359375
11 0.73095703125 0.12890625 0.0078125 0.0068359375
11 0.73095703125 0.21728515625 0.0078125 0.0068359375
11 0.77587890625 0.060546875 0.00830078125 0.0068359375
11 0.77587890625 0.14404296875 0.00830078125 0.0068359375
11 0.76171875 0.134765625 0.00830078125 0.00732421875
11 0.76171875 0.0576171875 0.00830078125 0.0068359375
11 0.76171875 0.20263671875 0.00830078125 0.0068359375
11 0.283203125 0.078125 0.00830078125 0.00732421875
11 0.283203125 0.14404296875 0.00830078125 0.0068359375
13 0.31640625 0.06640625 0.01123046875 0.0068359375
11 0.31494140625 0.15283203125 0.00830078125 0.0068359375
11 0.365234375 0.1318359375 0.00830078125 0.0068359375
11 0.3974609375 0.1201171875 0.00830078125 0.00732421875
11 0.33154296875 0.14404296875 0.0078125 0.0068359375
11 0.3486328125 0.13818359375 0.00830078125 0.0068359375
10 0.19384765625 0.07080078125 0.0166015625 0.0458984375
1 0.193359375 0.1298828125 0.017578125 0.02099609375
22 0.75439453125 0.2607421875 0.00830078125 0.00390625
10 0.19384765625 0.2041015625 0.0166015625 0.0458984375
1 0.193359375 0.26318359375 0.017578125 0.02099609375
0 0.17529296875 0.10205078125 0.005859375 0.0849609375
0 0.17529296875 0.2353515625 0.005859375 0.08447265625
22 0.25390625 0.201171875 0.00830078125 0.00390625
22 0.25390625 0.2607421875 0.00830078125 0.00390625
11 0.26220703125 0.0693359375 0.00830078125 0.0068359375
11 0.24658203125 0.0634765625 0.00830078125 0.00732421875
8 0.24609375 0.0751953125 0.00634765625 0.017578125
11 0.26220703125 0.1201171875 0.00830078125 0.00732421875
12 0.21923828125 0.1142578125 0.0087890625 0.0068359375
11 0.21875 0.060546875 0.00830078125 0.0068359375
11 0.3818359375 0.123046875 0.00830078125 0.0068359375
11 0.56982421875 0.0576171875 0.00830078125 0.0068359375
11 0.56982421875 0.134765625 0.00830078125 0.00732421875
11 0.54296875 0.19970703125 0.00830078125 0.00732421875
11 0.56982421875 0.1962890625 0.00830078125 0.0068359375
11 0.52734375 0.20263671875 0.00830078125 0.0068359375
11 0.58447265625 0.05419921875 0.00830078125 0.0068359375
11 0.58447265625 0.14404296875 0.00830078125 0.0068359375
11 0.51220703125 0.19970703125 0.00830078125 0.00732421875
21 0.44921875 0.2041015625 0.00634765625 0.0185546875
11 0.49658203125 0.1962890625 0.00830078125 0.0068359375
11 0.41259765625 0.1171875 0.0078125 0.0068359375
11 0.4296875 0.11083984375 0.00830078125 0.0068359375
13 0.45166015625 0.03662109375 0.01123046875 0.00732421875
11 0.4716796875 0.21142578125 0.00830078125 0.0068359375
11 0.6484375 0.39990234375 0.00830078125 0.00732421875
11 0.6484375 0.4775390625 0.00830078125 0.00732421875
11 0.60888671875 0.4775390625 0.00830078125 0.00732421875
11 0.6318359375 0.52685546875 0.00830078125 0.0068359375
11 0.62109375 0.52978515625 0.005859375 0.00537109375
8 0.6201171875 0.5419921875 0.00927734375 0.01611328125
11 0.6318359375 0.40283203125 0.00830078125 0.0068359375
11 0.6318359375 0.46240234375 0.00830078125 0.0068359375
11 0.673828125 0.40283203125 0.00830078125 0.0068359375
11 0.673828125 0.447265625 0.00830078125 0.0068359375
11 0.673828125 0.5302734375 0.00830078125 0.0068359375
11 0.5419921875 0.52685546875 0.005859375 0.00537109375
11 0.52978515625 0.4775390625 0.00830078125 0.00732421875
9 0.5458984375 0.51708984375 0.00927734375 0.01611328125
11 0.5576171875 0.40283203125 0.00830078125 0.0068359375
11 0.5576171875 0.46240234375 0.00830078125 0.0068359375
11 0.5576171875 0.52392578125 0.00830078125 0.0068359375
11 0.52978515625 0.39990234375 0.00830078125 0.00732421875
11 0.59228515625 0.40283203125 0.00830078125 0.0068359375
11 0.59228515625 0.46826171875 0.00830078125 0.0068359375
11 0.59228515625 0.52685546875 0.00830078125 0.0068359375
11 0.60888671875 0.39990234375 0.00830078125 0.00732421875
11 0.57421875 0.39990234375 0.00830078125 0.00732421875
11 0.57421875 0.4775390625 0.00830078125 0.00732421875
11 0.8056640625 0.40576171875 0.00830078125 0.0068359375
11 0.8056640625 0.4775390625 0.00830078125 0.00732421875
11 0.7890625 0.40283203125 0.00830078125 0.0068359375
11 0.7890625 0.447265625 0.00830078125 0.0068359375
11 0.7890625 0.53271484375 0.00830078125 0.0068359375
8 0.7021484375 0.544921875 0.00927734375 0.01611328125
11 0.7138671875 0.40283203125 0.00830078125 0.0068359375
11 0.7138671875 0.447265625 0.00830078125 0.0068359375
11 0.7138671875 0.5302734375 0.00830078125 0.0068359375
11 0.70263671875 0.53271484375 0.005859375 0.0048828125
11 0.6904296875 0.4775390625 0.00830078125 0.00732421875
22 0.42822265625 0.59716796875 0.00830078125 0.00390625
11 0.6904296875 0.39990234375 0.00830078125 0.00732421875
11 0.7607421875 0.5361328125 0.005859375 0.00537109375
8 0.759765625 0.5478515625 0.00927734375 0.01611328125
11 0.771484375 0.39990234375 0.00830078125 0.00732421875
11 0.771484375 0.4775390625 0.00830078125 0.00732421875
11 0.771484375 0.53271484375 0.00830078125 0.0068359375
11 0.72998046875 0.39990234375 0.00830078125 0.00732421875
11 0.72998046875 0.4775390625 0.00830078125 0.00732421875
22 0.58203125 0.59716796875 0.00830078125 0.00390625
11 0.748046875 0.40283203125 0.00830078125 0.0068359375
11 0.748046875 0.44140625 0.00830078125 0.00732421875
11 0.748046875 0.53271484375 0.00830078125 0.0068359375
11 0.28857421875 0.5478515625 0.00830078125 0.0068359375
11 0.306640625 0.39697265625 0.00830078125 0.0068359375
11 0.306640625 0.46533203125 0.00830078125 0.0068359375
11 0.27197265625 0.39697265625 0.00830078125 0.0068359375
11 0.27197265625 0.46533203125 0.00830078125 0.0068359375
11 0.27197265625 0.5390625 0.00830078125 0.0068359375
11 0.28857421875 0.39990234375 0.00830078125 0.00732421875
11 0.28857421875 0.4716796875 0.00830078125 0.0068359375
11 0.36572265625 0.4775390625 0.00830078125 0.00732421875
11 0.36572265625 0.39990234375 0.00830078125 0.00732421875
11 0.34033203125 0.474609375 0.0078125 0.0068359375
11 0.3232421875 0.39990234375 0.0078125 0.00732421875
11 0.3232421875 0.4716796875 0.0078125 0.0068359375
11 0.3232421875 0.56005859375 0.0078125 0.0068359375
11 0.34033203125 0.39697265625 0.0078125 0.0068359375
1 0.193359375 0.599609375 0.017578125 0.02099609375
1 0.193359375 0.466796875 0.017578125 0.02099609375
10 0.19384765625 0.54052734375 0.0166015625 0.0458984375
11 0.21875 0.39990234375 0.00830078125 0.00732421875
11 0.21875 0.4775390625 0.00830078125 0.00732421875
0 0.17529296875 0.4384765625 0.005859375 0.0849609375
0 0.17529296875 0.57177734375 0.005859375 0.08447265625
11 0.21875 0.53271484375 0.00830078125 0.0068359375
22 0.2783203125 0.59716796875 0.00830078125 0.00390625
22 0.74072265625 0.59716796875 0.00830078125 0.00390625
10 0.19384765625 0.4072265625 0.0166015625 0.0458984375
11 0.2548828125 0.39990234375 0.00830078125 0.00732421875
11 0.2548828125 0.45654296875 0.00830078125 0.00732421875
11 0.2548828125 0.5537109375 0.00830078125 0.0068359375
11 0.36572265625 0.56005859375 0.00830078125 0.0068359375
11 0.23681640625 0.39697265625 0.00830078125 0.0068359375
11 0.23681640625 0.46533203125 0.00830078125 0.0068359375
11 0.45361328125 0.40283203125 0.00830078125 0.0068359375
11 0.45361328125 0.46533203125 0.00830078125 0.0068359375
11 0.47021484375 0.40576171875 0.00830078125 0.0068359375
11 0.47021484375 0.4716796875 0.00830078125 0.0068359375
11 0.47021484375 0.5419921875 0.00830078125 0.0068359375
11 0.435546875 0.39990234375 0.00830078125 0.00732421875
11 0.435546875 0.4716796875 0.00830078125 0.0068359375
11 0.435546875 0.5390625 0.00830078125 0.0068359375
11 0.513671875 0.40283203125 0.0078125 0.0068359375
11 0.513671875 0.46826171875 0.0078125 0.0068359375
21 0.51220703125 0.54052734375 0.00634765625 0.0185546875
11 0.48828125 0.390625 0.00830078125 0.0068359375
11 0.48828125 0.474609375 0.00830078125 0.0068359375
11 0.38330078125 0.39697265625 0.00830078125 0.0068359375
11 0.38330078125 0.46533203125 0.00830078125 0.0068359375
11 0.38330078125 0.556640625 0.00830078125 0.0068359375
11 0.40087890625 0.39990234375 0.00830078125 0.00732421875
11 0.41845703125 0.39697265625 0.00830078125 0.0068359375
11 0.41845703125 0.5478515625 0.00830078125 0.0068359375
11 0.41845703125 0.46533203125 0.00830078125 0.0068359375
11 0.40087890625 0.5537109375 0.00830078125 0.0068359375
11 0.40087890625 0.45654296875 0.00830078125 0.00732421875
11 0.6513671875 0.72705078125 0.00830078125 0.0068359375
11 0.6513671875 0.81689453125 0.00830078125 0.0068359375
11 0.6328125 0.73046875 0.00830078125 0.0068359375
11 0.6328125 0.82275390625 0.00830078125 0.0068359375
11 0.6328125 0.896484375 0.00830078125 0.0068359375
11 0.67822265625 0.73046875 0.00830078125 0.0068359375
11 0.67822265625 0.80810546875 0.00830078125 0.0068359375
11 0.67822265625 0.89013671875 0.00830078125 0.0068359375
11 0.5615234375 0.80224609375 0.00830078125 0.0068359375
11 0.5615234375 0.89013671875 0.00830078125 0.0068359375
11 0.54296875 0.72705078125 0.00830078125 0.0068359375
11 0.54296875 0.81689453125 0.00830078125 0.0068359375
11 0.5615234375 0.73046875 0.00830078125 0.0068359375
11 0.59814453125 0.73046875 0.00830078125 0.0068359375
11 0.59814453125 0.80810546875 0.00830078125 0.0068359375
11 0.59814453125 0.88427734375 0.00830078125 0.0068359375
11 0.615234375 0.72705078125 0.00830078125 0.0068359375
11 0.615234375 0.81689453125 0.00830078125 0.0068359375
11 0.57958984375 0.72705078125 0.00830078125 0.0068359375
11 0.57958984375 0.81689453125 0.00830078125 0.0068359375
11 0.57958984375 0.87548828125 0.00830078125 0.0068359375
11 0.80419921875 0.7333984375 0.00830078125 0.0068359375
11 0.80419921875 0.81689453125 0.00830078125 0.0068359375
11 0.78564453125 0.736328125 0.00830078125 0.00732421875
11 0.78564453125 0.82275390625 0.00830078125 0.0068359375
11 0.78564453125 0.87841796875 0.00830078125 0.0068359375
22 0.58984375 0.93359375 0.00830078125 0.00390625
22 0.43701171875 0.93359375 0.00830078125 0.00390625
11 0.71435546875 0.73046875 0.00830078125 0.0068359375
11 0.71435546875 0.80224609375 0.00830078125 0.0068359375
11 0.71435546875 0.89013671875 0.00830078125 0.0068359375
11 0.69580078125 0.72705078125 0.00830078125 0.0068359375
11 0.69580078125 0.81689453125 0.00830078125 0.0068359375
11 0.76806640625 0.7333984375 0.00830078125 0.0068359375
11 0.76806640625 0.81689453125 0.00830078125 0.0068359375
11 0.73193359375 0.72705078125 0.0078125 0.0068359375
11 0.73193359375 0.81689453125 0.0078125 0.0068359375
11 0.7509765625 0.73046875 0.00830078125 0.0068359375
11 0.7509765625 0.80810546875 0.00830078125 0.0068359375
11 0.7509765625 0.87548828125 0.00830078125 0.0068359375
11 0.29296875 0.7958984375 0.00830078125 0.0068359375
11 0.29296875 0.7451171875 0.00830078125 0.0068359375
11 0.31103515625 0.7421875 0.00830078125 0.0068359375
11 0.31103515625 0.79296875 0.00830078125 0.00732421875
11 0.27392578125 0.7421875 0.00830078125 0.0068359375
11 0.27392578125 0.8046875 0.00830078125 0.0068359375
11 0.3720703125 0.7509765625 0.00830078125 0.00732421875
13 0.37353515625 0.87841796875 0.01123046875 0.00732421875
11 0.3291015625 0.7451171875 0.00830078125 0.0068359375
11 0.3291015625 0.7958984375 0.00830078125 0.0068359375
11 0.34619140625 0.7421875 0.00830078125 0.0068359375
11 0.34619140625 0.8046875 0.00830078125 0.0068359375
10 0.19384765625 0.74365234375 0.0166015625 0.0458984375
1 0.193359375 0.80322265625 0.017578125 0.02099609375
10 0.19384765625 0.876953125 0.0166015625 0.0458984375
1 0.193359375 0.93603515625 0.017578125 0.02099609375
0 0.17529296875 0.908203125 0.005859375 0.08447265625
0 0.17529296875 0.77490234375 0.005859375 0.0849609375
22 0.28173828125 0.93359375 0.00830078125 0.00390625
22 0.74267578125 0.93359375 0.00830078125 0.00390625
11 0.23779296875 0.7421875 0.00830078125 0.0068359375
11 0.23779296875 0.8046875 0.00830078125 0.0068359375
11 0.25634765625 0.7451171875 0.00830078125 0.0068359375
11 0.25634765625 0.7958984375 0.00830078125 0.0068359375
11 0.21875 0.7392578125 0.00830078125 0.0068359375
11 0.21875 0.81689453125 0.00830078125 0.0068359375
13 0.22021484375 0.89306640625 0.01123046875 0.00732421875
11 0.3720703125 0.7958984375 0.00830078125 0.0068359375
11 0.48095703125 0.76318359375 0.00830078125 0.0068359375
11 0.48095703125 0.7958984375 0.00830078125 0.0068359375
11 0.44482421875 0.75732421875 0.00830078125 0.00732421875
11 0.44482421875 0.7958984375 0.00830078125 0.0068359375
11 0.498046875 0.76025390625 0.0078125 0.0068359375
11 0.4619140625 0.76025390625 0.00830078125 0.0068359375
11 0.4619140625 0.8046875 0.00830078125 0.0068359375
11 0.498046875 0.8046875 0.0078125 0.0068359375
11 0.525390625 0.73046875 0.00830078125 0.0068359375
11 0.525390625 0.80810546875 0.00830078125 0.0068359375
11 0.525390625 0.86962890625 0.00830078125 0.0068359375
11 0.39013671875 0.748046875 0.00830078125 0.0068359375
11 0.39013671875 0.79296875 0.00830078125 0.00732421875
11 0.42578125 0.75439453125 0.00830078125 0.0068359375
11 0.42578125 0.8046875 0.00830078125 0.0068359375
11 0.40869140625 0.7509765625 0.00830078125 0.00732421875
11 0.40869140625 0.7958984375 0.00830078125 0.0068359375