11 0.65087890625 0.60693359375 0.00830078125 0.0068359375
8 0.650390625 0.6181640625 0.00634765625 0.01806640625
15 0.6708984375 0.35595703125 0.0078125 0.01171875
15 0.6708984375 0.48193359375 0.0078125 0.01171875
15 0.6708984375 0.60791015625 0.0078125 0.01171875
11 0.65087890625 0.34033203125 0.00830078125 0.0068359375
11 0.65087890625 0.46044921875 0.00830078125 0.0068359375
8 0.650390625 0.35205078125 0.00634765625 0.017578125
8 0.650390625 0.47216796875 0.00634765625 0.017578125
21 0.69873046875 0.22802734375 0.00634765625 0.0185546875
11 0.69970703125 0.12109375 0.00830078125 0.0068359375
11 0.69970703125 0.115234375 0.00830078125 0.0068359375
11 0.69970703125 0.361328125 0.00830078125 0.00732421875
12 0.7001953125 0.48388671875 0.0087890625 0.0068359375
11 0.69970703125 0.6220703125 0.00830078125 0.0068359375
12 0.7001953125 0.736328125 0.0087890625 0.0068359375
15 0.59033203125 0.48193359375 0.0078125 0.01171875
15 0.59033203125 0.60791015625 0.0078125 0.01171875
11 0.6103515625 0.109375 0.00830078125 0.0068359375
11 0.6103515625 0.10302734375 0.00830078125 0.0068359375
11 0.6103515625 0.09130859375 0.00830078125 0.00732421875
11 0.6103515625 0.34033203125 0.00830078125 0.0068359375
11 0.6103515625 0.46044921875 0.00830078125 0.0068359375
15 0.59033203125 0.35595703125 0.0078125 0.01171875
15 0.63037109375 0.35595703125 0.0078125 0.01171875
15 0.63037109375 0.48193359375 0.0078125 0.01171875
15 0.63037109375 0.60791015625 0.0078125 0.01171875
11 0.65087890625 0.109375 0.00830078125 0.0068359375
11 0.65087890625 0.10302734375 0.00830078125 0.0068359375
11 0.65087890625 0.09130859375 0.00830078125 0.00732421875
11 0.6103515625 0.60693359375 0.00830078125 0.0068359375
8 0.60986328125 0.35205078125 0.00634765625 0.017578125
8 0.60986328125 0.47216796875 0.00634765625 0.017578125
8 0.60986328125 0.6181640625 0.00634765625 0.01806640625
15 0.80224609375 0.60791015625 0.0078125 0.01171875
15 0.80224609375 0.22998046875 0.0078125 0.01171875
22 0.4951171875 0.22509765625 0.00830078125 0.00390625
8 0.78125 0.2294921875 0.00634765625 0.017578125
8 0.78125 0.61328125 0.00634765625 0.01806640625
22 0.619140625 0.22509765625 0.00830078125 0.00390625
22 0.4951171875 0.60302734375 0.00830078125 0.00390625
22 0.4951171875 0.35107421875 0.00830078125 0.00390625
15 0.72119140625 0.60791015625 0.0078125 0.01171875
22 0.4951171875 0.47705078125 0.00830078125 0.00390625
9 0.70654296875 0.60986328125 0.0068359375 0.017578125
8 0.7412109375 0.61328125 0.00634765625 0.01806640625
15 0.76171875 0.60791015625 0.0078125 0.01171875
11 0.7822265625 0.10009765625 0.00830078125 0.0068359375
11 0.7822265625 0.09423828125 0.00830078125 0.0068359375
11 0.7822265625 0.08837890625 0.00830078125 0.0068359375
11 0.7822265625 0.21728515625 0.00830078125 0.0068359375
11 0.7822265625 0.361328125 0.00830078125 0.00732421875
11 0.7822265625 0.60107421875 0.00830078125 0.0068359375
11 0.74169921875 0.60107421875 0.00830078125 0.0068359375
11 0.74169921875 0.10009765625 0.00830078125 0.0068359375
11 0.74169921875 0.09423828125 0.00830078125 0.0068359375
11 0.74169921875 0.08837890625 0.00830078125 0.0068359375
11 0.74169921875 0.22314453125 0.00830078125 0.0068359375
11 0.74169921875 0.3671875 0.00830078125 0.0068359375
11 0.28564453125 0.09423828125 0.00830078125 0.0068359375
11 0.28564453125 0.08837890625 0.00830078125 0.0068359375
11 0.28564453125 0.361328125 0.00830078125 0.00732421875
11 0.28564453125 0.10009765625 0.00830078125 0.0068359375
11 0.33447265625 0.12109375 0.00830078125 0.0068359375
11 0.33447265625 0.115234375 0.00830078125 0.0068359375
12 0.33447265625 0.22314453125 0.0087890625 0.0068359375
12 0.33447265625 0.361328125 0.0087890625 0.0068359375
12 0.33447265625 0.47802734375 0.0087890625 0.00732421875
11 0.25244140625 0.08837890625 0.00830078125 0.0068359375
11 0.25244140625 0.10009765625 0.00830078125 0.0068359375
11 0.25244140625 0.09423828125 0.00830078125 0.0068359375
11 0.33447265625 0.6044921875 0.00830078125 0.0068359375
12 0.2529296875 0.47802734375 0.0087890625 0.00732421875
12 0.33447265625 0.736328125 0.0087890625 0.0068359375
22 0.25927734375 0.22509765625 0.00830078125 0.00390625
10 0.19384765625 0.10205078125 0.0166015625 0.0458984375
10 0.19384765625 0.22802734375 0.0166015625 0.0458984375
10 0.19384765625 0.353515625 0.0166015625 0.0458984375
19 0.21923828125 0.353515625 0.00830078125 0.00390625
21 0.2177734375 0.47998046875 0.00634765625 0.01806640625
12 0.21923828125 0.6103515625 0.0087890625 0.0068359375
12 0.21923828125 0.736328125 0.0087890625 0.0068359375
1 0.193359375 0.4794921875 0.017578125 0.02099609375
10 0.19384765625 0.60595703125 0.0166015625 0.0458984375
1 0.193359375 0.7314453125 0.017578125 0.02099609375
11 0.21875 0.12109375 0.00830078125 0.0068359375
11 0.21875 0.115234375 0.00830078125 0.0068359375
11 0.48828125 0.10302734375 0.00830078125 0.0068359375
11 0.48828125 0.09130859375 0.00830078125 0.00732421875
11 0.521484375 0.109375 0.00830078125 0.0068359375
11 0.521484375 0.10302734375 0.00830078125 0.0068359375
11 0.521484375 0.09130859375 0.00830078125 0.00732421875
11 0.48828125 0.109375 0.00830078125 0.0068359375
11 0.56884765625 0.1298828125 0.00830078125 0.0068359375
11 0.56884765625 0.1240234375 0.00830078125 0.0068359375
11 0.56884765625 0.1181640625 0.00830078125 0.0068359375
11 0.56884765625 0.361328125 0.00830078125 0.00732421875
11 0.56884765625 0.4814453125 0.00830078125 0.0068359375
8 0.568359375 0.49267578125 0.00634765625 0.01806640625
9 0.5751953125 0.34912109375 0.0068359375 0.017578125
9 0.5751953125 0.60107421875 0.0068359375 0.017578125
11 0.56884765625 0.61328125 0.00830078125 0.0068359375
12 0.56884765625 0.7451171875 0.0087890625 0.0068359375
11 0.412109375 0.09423828125 0.00830078125 0.0068359375
11 0.412109375 0.10009765625 0.00830078125 0.0068359375
11 0.412109375 0.08837890625 0.00830078125 0.0068359375
11 0.37890625 0.09423828125 0.00830078125 0.0068359375
11 0.35302734375 0.6103515625 0.00830078125 0.00732421875
11 0.37890625 0.10009765625 0.00830078125 0.0068359375
11 0.37890625 0.08837890625 0.00830078125 0.0068359375
12 0.37890625 0.619140625 0.0087890625 0.0068359375
11 0.4521484375 0.1298828125 0.00830078125 0.0068359375
11 0.4521484375 0.1240234375 0.00830078125 0.0068359375
11 0.4521484375 0.1181640625 0.00830078125 0.0068359375
12 0.45263671875 0.7451171875 0.0087890625 0.0068359375