12 0.658203125 0.21533203125 0.0087890625 0.00732421875
11 0.658203125 0.359375 0.00830078125 0.0068359375
12 0.658203125 0.48193359375 0.0087890625 0.0068359375
11 0.658203125 0.60791015625 0.00830078125 0.00732421875
12 0.658203125 0.7333984375 0.0087890625 0.0068359375
9 0.66455078125 0.34716796875 0.0068359375 0.017578125
11 0.5625 0.1103515625 0.00830078125 0.0068359375
11 0.6015625 0.60791015625 0.00830078125 0.00732421875
8 0.60107421875 0.619140625 0.00634765625 0.017578125
11 0.6015625 0.09228515625 0.00830078125 0.0068359375
15 0.62451171875 0.6083984375 0.0078125 0.01171875
11 0.658203125 0.12841796875 0.00830078125 0.0068359375
11 0.5625 0.1044921875 0.00830078125 0.0068359375
11 0.5625 0.09228515625 0.00830078125 0.0068359375
11 0.5625 0.61376953125 0.00830078125 0.0068359375
11 0.658203125 0.11962890625 0.00830078125 0.0068359375
11 0.6015625 0.1103515625 0.00830078125 0.0068359375
11 0.6015625 0.1044921875 0.00830078125 0.0068359375
22 0.57763671875 0.35205078125 0.00830078125 0.00390625
22 0.57763671875 0.4775390625 0.00830078125 0.00390625
22 0.57763671875 0.22607421875 0.00830078125 0.00390625
22 0.44775390625 0.603515625 0.00830078125 0.00390625
8 0.7177734375 0.35009765625 0.00634765625 0.017578125
15 0.74755859375 0.35693359375 0.0078125 0.01171875
11 0.748046875 0.60791015625 0.00830078125 0.00732421875
15 0.68994140625 0.35693359375 0.0078125 0.01171875
11 0.68994140625 0.60791015625 0.00830078125 0.00732421875
11 0.71826171875 0.107421875 0.00830078125 0.0068359375
11 0.71826171875 0.0986328125 0.00830078125 0.0068359375
11 0.71826171875 0.08642578125 0.00830078125 0.00732421875
11 0.71826171875 0.33837890625 0.00830078125 0.0068359375
11 0.71826171875 0.60791015625 0.00830078125 0.00732421875
8 0.77734375 0.35009765625 0.00634765625 0.017578125
15 0.7998046875 0.35693359375 0.0078125 0.01171875
11 0.7998046875 0.60791015625 0.00830078125 0.00732421875
21 0.77685546875 0.22900390625 0.00634765625 0.0185546875
11 0.77783203125 0.107421875 0.00830078125 0.0068359375
11 0.77783203125 0.0986328125 0.00830078125 0.0068359375
11 0.77783203125 0.08642578125 0.00830078125 0.00732421875
11 0.77783203125 0.33837890625 0.00830078125 0.0068359375
11 0.77783203125 0.60205078125 0.00830078125 0.0068359375
15 0.2568359375 0.6083984375 0.0078125 0.01171875
11 0.2568359375 0.21826171875 0.00830078125 0.0068359375
11 0.2568359375 0.35302734375 0.00830078125 0.0068359375
9 0.2255859375 0.61083984375 0.0068359375 0.017578125
8 0.28515625 0.61376953125 0.00634765625 0.017578125
11 0.30859375 0.21826171875 0.00830078125 0.0068359375
11 0.28564453125 0.35595703125 0.00830078125 0.0068359375
11 0.28564453125 0.1015625 0.00830078125 0.00732421875
11 0.28564453125 0.095703125 0.00830078125 0.0068359375
11 0.28564453125 0.08984375 0.00830078125 0.0068359375
11 0.28564453125 0.22119140625 0.00830078125 0.0068359375
12 0.28564453125 0.48486328125 0.0087890625 0.0068359375
11 0.28564453125 0.60205078125 0.00830078125 0.0068359375
10 0.19384765625 0.10302734375 0.0166015625 0.04541015625
10 0.19384765625 0.22900390625 0.0166015625 0.0458984375
11 0.21875 0.1220703125 0.00830078125 0.0068359375
11 0.21875 0.1162109375 0.00830078125 0.00732421875
11 0.21875 0.21826171875 0.00830078125 0.0068359375
11 0.21875 0.35302734375 0.00830078125 0.0068359375
11 0.21875 0.49072265625 0.00830078125 0.0068359375
11 0.21875 0.62255859375 0.00830078125 0.0068359375
12 0.21923828125 0.73681640625 0.0087890625 0.0068359375
10 0.19384765625 0.6064453125 0.0166015625 0.0458984375
10 0.19384765625 0.35498046875 0.0166015625 0.0458984375
1 0.193359375 0.47998046875 0.017578125 0.02099609375
1 0.193359375 0.73193359375 0.017578125 0.02099609375
11 0.4765625 0.1015625 0.00830078125 0.00732421875
11 0.4765625 0.095703125 0.00830078125 0.0068359375
11 0.4765625 0.08984375 0.00830078125 0.0068359375
11 0.4765625 0.3623046875 0.00830078125 0.0068359375
21 0.47509765625 0.48046875 0.00634765625 0.01806640625
11 0.43701171875 0.1015625 0.00830078125 0.00732421875
11 0.43701171875 0.095703125 0.00830078125 0.0068359375
11 0.43701171875 0.08984375 0.00830078125 0.0068359375
11 0.43701171875 0.3681640625 0.00830078125 0.0068359375
11 0.341796875 0.60205078125 0.00830078125 0.0068359375
12 0.52392578125 0.74560546875 0.0087890625 0.0068359375
11 0.341796875 0.1015625 0.00830078125 0.00732421875
11 0.341796875 0.095703125 0.00830078125 0.0068359375
11 0.341796875 0.08984375 0.00830078125 0.0068359375
11 0.341796875 0.224609375 0.00830078125 0.0068359375
11 0.341796875 0.359375 0.00830078125 0.0068359375
11 0.30859375 0.35302734375 0.00830078125 0.0068359375
15 0.30859375 0.6083984375 0.0078125 0.01171875
11 0.39794921875 0.3623046875 0.00830078125 0.0068359375
11 0.52392578125 0.12548828125 0.00830078125 0.0068359375
11 0.52392578125 0.13134765625 0.00830078125 0.0068359375
11 0.39794921875 0.1220703125 0.00830078125 0.0068359375
11 0.39794921875 0.1162109375 0.00830078125 0.00732421875
12 0.3984375 0.224609375 0.0087890625 0.0068359375
21 0.52294921875 0.6064453125 0.00634765625 0.0185546875
12 0.3984375 0.48486328125 0.0087890625 0.0068359375
12 0.3984375 0.73681640625 0.0087890625 0.0068359375
8 0.34130859375 0.61376953125 0.00634765625 0.017578125
11 0.52392578125 0.11962890625 0.00830078125 0.0068359375
15 0.36474609375 0.6083984375 0.0078125 0.01171875