11 0.650390625 0.0625 0.0078125 0.0068359375
11 0.650390625 0.12158203125 0.0078125 0.0068359375
11 0.6318359375 0.1064453125 0.00830078125 0.0068359375
11 0.52783203125 0.109375 0.00830078125 0.00732421875
11 0.6796875 0.1064453125 0.00830078125 0.0068359375
11 0.6796875 0.044921875 0.00830078125 0.00732421875
11 0.6650390625 0.11572265625 0.00830078125 0.0068359375
11 0.5615234375 0.11865234375 0.00830078125 0.0068359375
11 0.5615234375 0.0625 0.00830078125 0.0068359375
11 0.54248046875 0.103515625 0.00830078125 0.0068359375
11 0.54248046875 0.06005859375 0.00830078125 0.0068359375
11 0.6171875 0.11279296875 0.00830078125 0.0068359375
15 0.61669921875 0.06640625 0.0078125 0.01171875
11 0.6025390625 0.11865234375 0.00830078125 0.0068359375
11 0.5908203125 0.1064453125 0.00830078125 0.0068359375
11 0.576171875 0.11279296875 0.00830078125 0.0068359375
11 0.810546875 0.1064453125 0.00830078125 0.0068359375
11 0.7958984375 0.11572265625 0.00830078125 0.0068359375
11 0.78125 0.12158203125 0.00830078125 0.0068359375
11 0.740234375 0.12158203125 0.00830078125 0.0068359375
11 0.740234375 0.044921875 0.00830078125 0.00732421875
11 0.7216796875 0.1064453125 0.0078125 0.0068359375
11 0.70703125 0.11572265625 0.00830078125 0.0068359375
11 0.6923828125 0.12158203125 0.00830078125 0.0068359375
11 0.6923828125 0.044921875 0.00830078125 0.00732421875
11 0.76953125 0.1064453125 0.00830078125 0.0068359375
11 0.7548828125 0.11572265625 0.0078125 0.0068359375
11 0.34716796875 0.11279296875 0.00830078125 0.0068359375
11 0.33203125 0.11865234375 0.00830078125 0.0068359375
11 0.3203125 0.1064453125 0.00830078125 0.0068359375
11 0.3056640625 0.11279296875 0.00830078125 0.0068359375
11 0.380859375 0.11865234375 0.00830078125 0.0068359375
11 0.380859375 0.0478515625 0.00830078125 0.0068359375
11 0.36181640625 0.1064453125 0.00830078125 0.0068359375
15 0.2294921875 0.06640625 0.0078125 0.01171875
10 0.19287109375 0.123046875 0.0166015625 0.0458984375
10 0.19287109375 0.064453125 0.0166015625 0.0458984375
22 0.23681640625 0.1201171875 0.00830078125 0.00390625
0 0.17529296875 0.09521484375 0.005859375 0.083984375
11 0.291015625 0.0478515625 0.00830078125 0.0068359375
11 0.291015625 0.11865234375 0.00830078125 0.0068359375
8 0.26171875 0.07470703125 0.00634765625 0.01806640625
11 0.26220703125 0.0625 0.00830078125 0.0068359375
14 0.24853515625 0.0693359375 0.0087890625 0.01708984375
11 0.47119140625 0.11865234375 0.00830078125 0.0068359375
11 0.47119140625 0.05078125 0.00830078125 0.00732421875
11 0.4521484375 0.1064453125 0.00830078125 0.0068359375
11 0.4521484375 0.056640625 0.00830078125 0.0068359375
11 0.48583984375 0.109375 0.00830078125 0.00732421875
11 0.50048828125 0.0537109375 0.00830078125 0.0068359375
11 0.50048828125 0.103515625 0.00830078125 0.0068359375
11 0.4228515625 0.0537109375 0.00830078125 0.0068359375
11 0.41015625 0.1064453125 0.00830078125 0.0068359375
11 0.41015625 0.05078125 0.00830078125 0.00732421875
11 0.3955078125 0.11279296875 0.00830078125 0.0068359375
11 0.4375 0.11279296875 0.00830078125 0.0068359375
11 0.51318359375 0.056640625 0.00830078125 0.0068359375
11 0.51318359375 0.11865234375 0.00830078125 0.0068359375
11 0.4228515625 0.11865234375 0.00830078125 0.0068359375
11 0.6845703125 0.3193359375 0.00830078125 0.00732421875
11 0.6845703125 0.24853515625 0.00830078125 0.0068359375
11 0.67138671875 0.29833984375 0.0078125 0.00732421875
11 0.67138671875 0.24560546875 0.0078125 0.00732421875
11 0.662109375 0.24267578125 0.005859375 0.0048828125
11 0.65380859375 0.24560546875 0.005859375 0.00537109375
11 0.64453125 0.30126953125 0.00830078125 0.0068359375
11 0.56494140625 0.24267578125 0.00830078125 0.0068359375
11 0.56494140625 0.29833984375 0.00830078125 0.00732421875
11 0.578125 0.24560546875 0.00830078125 0.00732421875
11 0.54931640625 0.30419921875 0.00830078125 0.00732421875
11 0.60888671875 0.24853515625 0.00830078125 0.0068359375
11 0.60888671875 0.29833984375 0.00830078125 0.00732421875
11 0.62939453125 0.24267578125 0.00830078125 0.0068359375
11 0.62939453125 0.3134765625 0.00830078125 0.0068359375
11 0.59326171875 0.30419921875 0.00830078125 0.00732421875
11 0.578125 0.31005859375 0.00830078125 0.0068359375
11 0.8095703125 0.29833984375 0.00830078125 0.00732421875
11 0.79443359375 0.30419921875 0.00830078125 0.00732421875
11 0.7353515625 0.25439453125 0.00830078125 0.0068359375
11 0.7353515625 0.31005859375 0.00830078125 0.0068359375
11 0.7001953125 0.30712890625 0.00830078125 0.0068359375
11 0.71533203125 0.25146484375 0.00830078125 0.0068359375
11 0.71533203125 0.30126953125 0.00830078125 0.0068359375
11 0.7666015625 0.29833984375 0.00830078125 0.00732421875
11 0.77880859375 0.31005859375 0.00830078125 0.0068359375
15 0.79443359375 0.25830078125 0.0078125 0.01171875
11 0.7509765625 0.30419921875 0.00830078125 0.00732421875
8 0.3251953125 0.25146484375 0.00634765625 0.017578125
11 0.30615234375 0.29833984375 0.0078125 0.00732421875
11 0.29052734375 0.30419921875 0.00830078125 0.00732421875
11 0.32568359375 0.2392578125 0.00830078125 0.00732421875
11 0.32568359375 0.31005859375 0.00830078125 0.0068359375
11 0.38037109375 0.24267578125 0.00830078125 0.0068359375
11 0.3662109375 0.2392578125 0.005859375 0.00537109375
9 0.36962890625 0.2294921875 0.00927734375 0.01611328125
11 0.38037109375 0.31005859375 0.00830078125 0.0068359375
11 0.34130859375 0.30419921875 0.00830078125 0.00732421875
11 0.35693359375 0.29833984375 0.00830078125 0.00732421875
11 0.23046875 0.25439453125 0.00830078125 0.0068359375
1 0.193359375 0.314453125 0.017578125 0.02099609375
11 0.23046875 0.31005859375 0.00830078125 0.0068359375
0 0.17529296875 0.28662109375 0.005859375 0.083984375
10 0.19384765625 0.255859375 0.0166015625 0.0458984375
11 0.27490234375 0.2392578125 0.00830078125 0.00732421875
11 0.27490234375 0.31005859375 0.00830078125 0.0068359375
11 0.26171875 0.29833984375 0.00830078125 0.00732421875
11 0.26171875 0.2392578125 0.00830078125 0.00732421875
11 0.24609375 0.30419921875 0.00830078125 0.00732421875
11 0.47021484375 0.29833984375 0.00830078125 0.00732421875
11 0.48291015625 0.2392578125 0.00830078125 0.00732421875
11 0.48291015625 0.31005859375 0.00830078125 0.0068359375
11 0.45458984375 0.30419921875 0.00830078125 0.00732421875
11 0.45458984375 0.2392578125 0.00830078125 0.00732421875
11 0.53369140625 0.31005859375 0.00830078125 0.0068359375
11 0.513671875 0.29833984375 0.00830078125 0.00732421875
11 0.53369140625 0.2392578125 0.00830078125 0.00732421875
11 0.498046875 0.30419921875 0.00830078125 0.00732421875
11 0.43994140625 0.24267578125 0.00830078125 0.0068359375
11 0.4140625 0.29833984375 0.00830078125 0.00732421875
11 0.4140625 0.24267578125 0.00830078125 0.0068359375
11 0.39892578125 0.24560546875 0.00830078125 0.00732421875
11 0.39892578125 0.30419921875 0.00830078125 0.00732421875
11 0.43994140625 0.31005859375 0.00830078125 0.0068359375
11 0.6416015625 0.43701171875 0.00830078125 0.0068359375
11 0.6416015625 0.515625 0.00830078125 0.0068359375
11 0.67236328125 0.521484375 0.00830078125 0.0068359375
11 0.67236328125 0.44287109375 0.00830078125 0.0068359375
11 0.65771484375 0.509765625 0.00830078125 0.0068359375
11 0.65771484375 0.43994140625 0.00830078125 0.0068359375
14 0.5732421875 0.53125 0.0087890625 0.01708984375
15 0.57275390625 0.44970703125 0.0078125 0.01171875
8 0.544921875 0.5185546875 0.00634765625 0.017578125
8 0.544921875 0.46240234375 0.00634765625 0.01806640625
5 0.60693359375 0.45068359375 0.0068359375 0.02099609375
11 0.625 0.521484375 0.00830078125 0.0068359375
11 0.625 0.4580078125 0.00830078125 0.0068359375
11 0.60009765625 0.4609375 0.00830078125 0.0068359375
15 0.5888671875 0.5283203125 0.0078125 0.01171875
11 0.7919921875 0.521484375 0.00830078125 0.0068359375
11 0.80859375 0.509765625 0.0078125 0.0068359375
11 0.77685546875 0.5244140625 0.00830078125 0.0068359375
11 0.7626953125 0.509765625 0.00830078125 0.0068359375
11 0.7041015625 0.44921875 0.00830078125 0.0068359375
11 0.73046875 0.5244140625 0.00830078125 0.0068359375
11 0.73046875 0.4521484375 0.00830078125 0.0068359375
11 0.7041015625 0.509765625 0.00830078125 0.0068359375
11 0.68798828125 0.515625 0.00830078125 0.0068359375
11 0.68798828125 0.44580078125 0.00830078125 0.0068359375
11 0.74609375 0.521484375 0.00830078125 0.0068359375
11 0.3115234375 0.5185546875 0.00830078125 0.0068359375
11 0.33349609375 0.53076171875 0.00830078125 0.0068359375
11 0.33349609375 0.43408203125 0.00830078125 0.00732421875
11 0.294921875 0.52783203125 0.00830078125 0.0068359375
11 0.3671875 0.5126953125 0.00830078125 0.00732421875
11 0.35009765625 0.5244140625 0.00830078125 0.0068359375
11 0.23046875 0.53369140625 0.00830078125 0.00732421875
11 0.23046875 0.44287109375 0.00830078125 0.0068359375
1 0.193359375 0.525390625 0.017578125 0.02099609375
10 0.19384765625 0.447265625 0.0166015625 0.0458984375
0 0.17529296875 0.48828125 0.00634765625 0.10400390625
11 0.27783203125 0.53369140625 0.0078125 0.00732421875
11 0.27783203125 0.42822265625 0.0078125 0.0068359375
11 0.26416015625 0.5185546875 0.00830078125 0.0068359375
11 0.24755859375 0.52783203125 0.0078125 0.0068359375
11 0.48779296875 0.5126953125 0.00830078125 0.00732421875
11 0.4697265625 0.5185546875 0.0078125 0.0068359375
11 0.453125 0.5244140625 0.00830078125 0.0068359375
11 0.54541015625 0.5068359375 0.00830078125 0.0068359375
11 0.54541015625 0.43701171875 0.00830078125 0.0068359375
11 0.54541015625 0.4521484375 0.00830078125 0.0068359375
11 0.5234375 0.509765625 0.00830078125 0.0068359375
11 0.5029296875 0.509765625 0.00830078125 0.0068359375
11 0.4140625 0.5126953125 0.00830078125 0.00732421875
11 0.3974609375 0.5185546875 0.00830078125 0.0068359375
11 0.380859375 0.53076171875 0.00830078125 0.0068359375
11 0.380859375 0.43994140625 0.00830078125 0.0068359375
11 0.43603515625 0.44921875 0.00830078125 0.0068359375
11 0.43603515625 0.53076171875 0.00830078125 0.0068359375
11 0.43603515625 0.43408203125 0.00830078125 0.00732421875
11 0.43603515625 0.43994140625 0.00830078125 0.0068359375
11 0.62109375 0.72412109375 0.00830078125 0.0068359375
11 0.60400390625 0.73583984375 0.00830078125 0.0068359375
11 0.60400390625 0.6513671875 0.00830078125 0.0068359375
11 0.6767578125 0.66064453125 0.00830078125 0.0068359375
11 0.6484375 0.6513671875 0.005859375 0.0048828125
11 0.6767578125 0.6455078125 0.00830078125 0.0068359375
11 0.6767578125 0.73583984375 0.00830078125 0.0068359375
11 0.6396484375 0.654296875 0.005859375 0.00537109375
11 0.6376953125 0.7177734375 0.00830078125 0.00732421875
11 0.55615234375 0.73583984375 0.00830078125 0.0068359375
11 0.55615234375 0.6396484375 0.00830078125 0.0068359375
11 0.5341796875 0.72119140625 0.00830078125 0.0068359375
11 0.51708984375 0.72705078125 0.00830078125 0.0068359375
11 0.59033203125 0.72412109375 0.00830078125 0.0068359375
11 0.5732421875 0.72998046875 0.00830078125 0.0068359375
8 0.78857421875 0.72412109375 0.00634765625 0.017578125
8 0.78857421875 0.673828125 0.00634765625 0.017578125
11 0.71435546875 0.71484375 0.00830078125 0.0068359375
11 0.69384765625 0.71484375 0.00830078125 0.0068359375
11 0.7890625 0.7060546875 0.00830078125 0.0068359375
11 0.7890625 0.6484375 0.00830078125 0.00732421875
11 0.7890625 0.66357421875 0.00830078125 0.00732421875
11 0.765625 0.708984375 0.00830078125 0.0068359375
11 0.75048828125 0.7119140625 0.00830078125 0.00732421875
11 0.72998046875 0.7119140625 0.00830078125 0.00732421875
11 0.3037109375 0.72705078125 0.00830078125 0.0068359375
11 0.3037109375 0.654296875 0.00830078125 0.0068359375
11 0.2841796875 0.73291015625 0.00830078125 0.00732421875
11 0.2841796875 0.6513671875 0.00830078125 0.0068359375
11 0.3466796875 0.73291015625 0.00830078125 0.00732421875
11 0.31982421875 0.7177734375 0.00830078125 0.00732421875
11 0.31982421875 0.65771484375 0.00830078125 0.0068359375
11 0.232421875 0.73291015625 0.00830078125 0.00732421875
11 0.232421875 0.66064453125 0.00830078125 0.0068359375
1 0.193359375 0.73095703125 0.017578125 0.02099609375
10 0.19384765625 0.6591796875 0.0166015625 0.0458984375
0 0.17529296875 0.69677734375 0.00634765625 0.09765625
11 0.2646484375 0.7177734375 0.0078125 0.00732421875
11 0.2646484375 0.6484375 0.0078125 0.00732421875
11 0.3466796875 0.66064453125 0.00830078125 0.0068359375
11 0.24853515625 0.72705078125 0.0078125 0.0068359375
11 0.24853515625 0.6455078125 0.0078125 0.0068359375
11 0.45263671875 0.73583984375 0.00830078125 0.0068359375
11 0.45263671875 0.65771484375 0.00830078125 0.0068359375
11 0.4306640625 0.72119140625 0.00830078125 0.0068359375
11 0.41357421875 0.72705078125 0.00830078125 0.0068359375
15 0.41357421875 0.6611328125 0.0078125 0.01171875
11 0.50048828125 0.73583984375 0.00830078125 0.0068359375
11 0.50048828125 0.642578125 0.00830078125 0.0068359375
11 0.486328125 0.72119140625 0.00830078125 0.0068359375
11 0.46923828125 0.72705078125 0.00830078125 0.0068359375
11 0.36376953125 0.72705078125 0.00830078125 0.0068359375
11 0.3828125 0.72119140625 0.00830078125 0.0068359375
11 0.39697265625 0.73291015625 0.00830078125 0.00732421875