11 0.6689453125 0.21337890625 0.00830078125 0.0068359375
13 0.69677734375 0.2685546875 0.01123046875 0.0068359375
15 0.6953125 0.2392578125 0.0078125 0.01171875
11 0.6953125 0.21337890625 0.00830078125 0.0068359375
9 0.67578125 0.1953125 0.0068359375 0.017578125
11 0.6552734375 0.25634765625 0.00830078125 0.0068359375
11 0.64208984375 0.20166015625 0.00830078125 0.0068359375
11 0.578125 0.25634765625 0.00830078125 0.0068359375
11 0.591796875 0.21337890625 0.00830078125 0.0068359375
22 0.34912109375 0.1103515625 0.00830078125 0.00390625
22 0.48291015625 0.1103515625 0.00830078125 0.00390625
11 0.6240234375 0.24755859375 0.00830078125 0.0068359375
9 0.63037109375 0.1865234375 0.0068359375 0.017578125
11 0.6240234375 0.19873046875 0.00830078125 0.0068359375
9 0.61181640625 0.2373046875 0.0068359375 0.017578125
11 0.60546875 0.24755859375 0.00830078125 0.0068359375
9 0.81005859375 0.1953125 0.0068359375 0.017578125
11 0.8037109375 0.216796875 0.00830078125 0.0068359375
11 0.7900390625 0.25634765625 0.00830078125 0.0068359375
11 0.7763671875 0.20166015625 0.0078125 0.0068359375
22 0.6171875 0.1103515625 0.00830078125 0.00390625
11 0.72607421875 0.21337890625 0.00830078125 0.0068359375
11 0.71240234375 0.25634765625 0.00830078125 0.0068359375
9 0.76513671875 0.1865234375 0.0068359375 0.017578125
11 0.7587890625 0.24755859375 0.00830078125 0.0068359375
11 0.7587890625 0.19873046875 0.00830078125 0.0068359375
9 0.74609375 0.2373046875 0.0068359375 0.017578125
11 0.73974609375 0.24755859375 0.0078125 0.0068359375
13 0.42822265625 0.259765625 0.01123046875 0.00732421875
15 0.42626953125 0.2392578125 0.0078125 0.01171875
11 0.4267578125 0.21044921875 0.00830078125 0.0068359375
9 0.396484375 0.1953125 0.0068359375 0.017578125
11 0.39013671875 0.21044921875 0.00830078125 0.0068359375
11 0.3642578125 0.20166015625 0.00830078125 0.0068359375
10 0.244140625 0.18505859375 0.0166015625 0.0458984375
19 0.30859375 0.1728515625 0.00830078125 0.00390625
10 0.244140625 0.11328125 0.0166015625 0.0458984375
22 0.751953125 0.1103515625 0.00830078125 0.00390625
0 0.22607421875 0.21875 0.005859375 0.087890625
22 0.34912109375 0.240234375 0.00830078125 0.00390625
9 0.3525390625 0.1865234375 0.0068359375 0.017578125
11 0.34619140625 0.19873046875 0.00830078125 0.0068359375
1 0.24365234375 0.24853515625 0.017578125 0.02099609375
11 0.52099609375 0.259765625 0.00830078125 0.00732421875
11 0.50732421875 0.20166015625 0.00830078125 0.0068359375
15 0.56103515625 0.2392578125 0.0078125 0.01171875
11 0.56103515625 0.21337890625 0.0078125 0.0068359375
13 0.5625 0.2685546875 0.01123046875 0.0068359375
9 0.541015625 0.1953125 0.0068359375 0.017578125
11 0.53466796875 0.21337890625 0.00830078125 0.0068359375
9 0.47705078125 0.2373046875 0.0068359375 0.017578125
11 0.470703125 0.24755859375 0.00830078125 0.0068359375
11 0.45703125 0.21044921875 0.00830078125 0.0068359375
11 0.443359375 0.25390625 0.00830078125 0.0068359375
9 0.49609375 0.1865234375 0.0068359375 0.017578125
11 0.48974609375 0.24755859375 0.00830078125 0.0068359375
11 0.48974609375 0.19873046875 0.00830078125 0.0068359375
11 0.6064453125 0.57861328125 0.00830078125 0.0068359375
11 0.640625 0.58740234375 0.00830078125 0.0068359375
11 0.6259765625 0.53271484375 0.0078125 0.00732421875
9 0.61279296875 0.517578125 0.0068359375 0.017578125
13 0.685546875 0.599609375 0.01123046875 0.00732421875
15 0.68408203125 0.5703125 0.0078125 0.01171875
11 0.68408203125 0.54443359375 0.00830078125 0.0068359375
9 0.662109375 0.5263671875 0.0068359375 0.017578125
11 0.65576171875 0.54443359375 0.00830078125 0.0068359375
9 0.5927734375 0.56787109375 0.0068359375 0.017578125
11 0.58642578125 0.57861328125 0.00830078125 0.0068359375
11 0.6064453125 0.529296875 0.00830078125 0.0068359375
11 0.57080078125 0.54443359375 0.00830078125 0.0068359375
11 0.55615234375 0.58740234375 0.00830078125 0.0068359375
9 0.80859375 0.5263671875 0.0068359375 0.017578125
11 0.80224609375 0.54736328125 0.0078125 0.00732421875
11 0.787109375 0.58740234375 0.00830078125 0.0068359375
22 0.453125 0.44140625 0.00830078125 0.00390625
22 0.599609375 0.44140625 0.00830078125 0.00390625
11 0.77197265625 0.53271484375 0.00830078125 0.00732421875
11 0.70263671875 0.58740234375 0.00830078125 0.0068359375
11 0.7177734375 0.54443359375 0.00830078125 0.0068359375
9 0.75927734375 0.517578125 0.0068359375 0.017578125
11 0.7529296875 0.57861328125 0.00830078125 0.0068359375
11 0.7529296875 0.529296875 0.00830078125 0.0068359375
9 0.7392578125 0.56787109375 0.0068359375 0.017578125
11 0.732421875 0.57861328125 0.00830078125 0.0068359375
11 0.3134765625 0.58154296875 0.00830078125 0.0068359375
11 0.3134765625 0.529296875 0.00830078125 0.0068359375
9 0.2998046875 0.5703125 0.0068359375 0.017578125
11 0.29296875 0.58154296875 0.00830078125 0.0068359375
9 0.3203125 0.517578125 0.0068359375 0.017578125
11 0.2783203125 0.54736328125 0.00830078125 0.00732421875
11 0.26318359375 0.59033203125 0.00830078125 0.0068359375
11 0.34814453125 0.59033203125 0.00830078125 0.0068359375
11 0.39111328125 0.54150390625 0.00830078125 0.0068359375
9 0.369140625 0.5263671875 0.0068359375 0.017578125
11 0.3330078125 0.53271484375 0.00830078125 0.00732421875
10 0.19384765625 0.4443359375 0.0166015625 0.0458984375
22 0.74609375 0.44140625 0.00830078125 0.00390625
22 0.302734375 0.44140625 0.00830078125 0.00390625
10 0.19384765625 0.51611328125 0.0166015625 0.0458984375
0 0.17529296875 0.5498046875 0.005859375 0.087890625
13 0.24609375 0.6025390625 0.01123046875 0.0068359375
15 0.24462890625 0.5703125 0.0078125 0.01171875
11 0.24462890625 0.54736328125 0.00830078125 0.00732421875
11 0.36279296875 0.54150390625 0.00830078125 0.0068359375
1 0.193359375 0.57958984375 0.017578125 0.02099609375
9 0.46630859375 0.517578125 0.0068359375 0.017578125
11 0.4599609375 0.57861328125 0.00830078125 0.0068359375
11 0.4599609375 0.529296875 0.00830078125 0.0068359375
9 0.4462890625 0.56787109375 0.0068359375 0.017578125
11 0.439453125 0.57861328125 0.00830078125 0.0068359375
11 0.4248046875 0.54150390625 0.00830078125 0.0068359375
11 0.50927734375 0.54443359375 0.00830078125 0.0068359375
13 0.5390625 0.599609375 0.01123046875 0.00732421875
15 0.53759765625 0.5703125 0.0078125 0.01171875
11 0.53759765625 0.54443359375 0.00830078125 0.0068359375
9 0.515625 0.5263671875 0.0068359375 0.017578125
13 0.392578125 0.59033203125 0.01123046875 0.00732421875
11 0.494140625 0.59033203125 0.00830078125 0.0068359375
11 0.4794921875 0.53271484375 0.00830078125 0.00732421875
11 0.40966796875 0.58447265625 0.00830078125 0.00732421875
15 0.39111328125 0.5703125 0.0078125 0.01171875
11 0.6767578125 0.7705078125 0.00830078125 0.0068359375
13 0.67822265625 0.87548828125 0.01123046875 0.0068359375
13 0.67822265625 0.86962890625 0.01123046875 0.0068359375
13 0.67822265625 0.86328125 0.01123046875 0.00732421875
13 0.68701171875 0.8603515625 0.01123046875 0.0068359375
11 0.6455078125 0.93017578125 0.00830078125 0.00732421875
11 0.6455078125 0.7705078125 0.00830078125 0.0068359375
11 0.6767578125 0.93017578125 0.00830078125 0.00732421875
8 0.67626953125 0.7822265625 0.00634765625 0.01806640625
11 0.62744140625 0.93017578125 0.00830078125 0.00732421875
11 0.57275390625 0.93017578125 0.00830078125 0.00732421875
11 0.5546875 0.93017578125 0.00830078125 0.00732421875
11 0.53662109375 0.93017578125 0.00830078125 0.00732421875
11 0.60888671875 0.7880859375 0.00830078125 0.00732421875
11 0.62744140625 0.7705078125 0.00830078125 0.0068359375
11 0.60888671875 0.93017578125 0.00830078125 0.00732421875
11 0.5908203125 0.93017578125 0.00830078125 0.00732421875
15 0.5908203125 0.77685546875 0.0078125 0.01171875
11 0.80419921875 0.93017578125 0.00830078125 0.00732421875
11 0.80419921875 0.779296875 0.00830078125 0.0068359375
11 0.7861328125 0.93017578125 0.00830078125 0.00732421875
11 0.7861328125 0.7763671875 0.00830078125 0.0068359375
11 0.71240234375 0.93017578125 0.00830078125 0.00732421875
11 0.69482421875 0.93017578125 0.00830078125 0.00732421875
11 0.69482421875 0.7705078125 0.00830078125 0.0068359375
11 0.75 0.93017578125 0.00830078125 0.00732421875
11 0.76806640625 0.93017578125 0.00830078125 0.00732421875
11 0.76806640625 0.7734375 0.00830078125 0.00732421875
11 0.75 0.7705078125 0.00830078125 0.0068359375
9 0.7373046875 0.7763671875 0.0068359375 0.017578125
11 0.73046875 0.93017578125 0.00830078125 0.00732421875
11 0.73046875 0.7880859375 0.00830078125 0.00732421875
11 0.36181640625 0.92138671875 0.00830078125 0.0068359375
13 0.36328125 0.8603515625 0.01123046875 0.0068359375
13 0.36328125 0.8662109375 0.01123046875 0.00732421875
13 0.36328125 0.87255859375 0.01123046875 0.00732421875
11 0.36181640625 0.7734375 0.00830078125 0.00732421875
11 0.32373046875 0.767578125 0.00830078125 0.0068359375
12 0.29736328125 0.92138671875 0.0087890625 0.0068359375
21 0.2958984375 0.77490234375 0.00634765625 0.01806640625
11 0.3798828125 0.92138671875 0.00830078125 0.0068359375
1 0.193359375 0.91064453125 0.017578125 0.02099609375
10 0.19384765625 0.84716796875 0.0166015625 0.0458984375
10 0.19384765625 0.77490234375 0.0166015625 0.04541015625
0 0.17529296875 0.88037109375 0.005859375 0.087890625
11 0.2626953125 0.92138671875 0.00830078125 0.0068359375
13 0.24609375 0.93359375 0.01123046875 0.0068359375
15 0.24462890625 0.9013671875 0.0078125 0.01171875
13 0.24609375 0.87841796875 0.01123046875 0.00732421875
19 0.24462890625 0.77490234375 0.00830078125 0.00390625
11 0.48828125 0.92138671875 0.00830078125 0.0068359375
11 0.48828125 0.7705078125 0.00830078125 0.0068359375
11 0.47021484375 0.92138671875 0.00830078125 0.0068359375
11 0.47021484375 0.7734375 0.00830078125 0.00732421875
11 0.5185546875 0.93017578125 0.00830078125 0.00732421875
13 0.529296875 0.8603515625 0.01123046875 0.0068359375
13 0.52001953125 0.86328125 0.01123046875 0.00732421875
13 0.52001953125 0.86962890625 0.01123046875 0.0068359375
13 0.52001953125 0.87548828125 0.01123046875 0.0068359375
12 0.51904296875 0.7705078125 0.0087890625 0.0068359375
11 0.43408203125 0.779296875 0.00830078125 0.0068359375
11 0.416015625 0.7734375 0.00830078125 0.00732421875
11 0.43408203125 0.92138671875 0.00830078125 0.0068359375
11 0.416015625 0.92138671875 0.00830078125 0.0068359375
8 0.41552734375 0.78564453125 0.00634765625 0.017578125
11 0.39794921875 0.92138671875 0.00830078125 0.0068359375
11 0.4521484375 0.92138671875 0.00830078125 0.0068359375
11 0.4521484375 0.7763671875 0.00830078125 0.0068359375