11 1618 3619 1650 3646 0.919278
11 538 1068 570 1095 0.919286
11 796 1080 828 1107 0.919323
11 2271 266 2304 293 0.919344
12 2049 3619 2082 3646 0.919346
11 1450 2796 1481 2822 0.91936
11 1009 2681 1041 2708 0.919403
11 881 1091 913 1118 0.919469
11 1013 197 1045 224 0.919478
11 1904 2022 1936 2050 0.919487
11 2159 1022 2191 1049 0.919499
11 641 3596 673 3623 0.919504
11 1663 1511 1695 1539 0.919507
11 414 197 446 224 0.919543
11 752 3386 784 3413 0.919565
11 1269 2340 1301 2367 0.919616
11 1316 3397 1349 3424 0.919624
11 1369 2784 1401 2811 0.919629
11 1316 3363 1349 3390 0.919639
11 1137 2011 1168 2038 0.919646
11 2322 1523 2354 1550 0.91965
11 1123 3363 1156 3390 0.919661
11 1593 2966 1625 2993 0.919668
11 2202 2170 2234 2197 0.919694
11 2241 2954 2273 2981 0.919698
11 1438 266 1470 293 0.919716
11 1530 3011 1563 3038 0.919743
11 2109 2352 2141 2379 0.919788
11 1710 829 1742 856 0.919789
11 853 2796 885 2823 0.919799
11 2349 2749 2381 2777 0.919819
12 1188 2965 1222 2992 0.919858
11 1207 2364 1239 2391 0.919889
11 2272 2159 2304 2185 0.919896
11 1328 806 1360 833 0.91991
11 1078 3351 1110 3378 0.919936
11 881 806 913 833 0.919943
11 1904 863 1936 890 0.919957
11 2126 2738 2158 2765 0.919963
11 2512 2079 2544 2106 0.920006
11 1170 3409 1202 3436 0.920014
11 1704 232 1735 259 0.920017
11 405 2375 437 2402 0.920037
11 1301 244 1333 271 0.920038
11 538 829 570 856 0.920041
11 655 2658 687 2685 0.920056
11 2240 3011 2273 3038 0.920058
11 2077 784 2109 810 0.920066
11 945 197 977 224 0.920096
11 597 1658 629 1685 0.9201
11 471 454 503 481 0.920135
11 1032 3363 1064 3390 0.920138
11 655 2761 687 2788 0.92014
11 1785 2159 1817 2186 0.920157
11 1060 2693 1092 2720 0.92017
11 445 1068 478 1095 0.920174
11 349 1068 381 1095 0.920176
11 1595 1466 1627 1492 0.920179
11 630 1056 662 1083 0.920195
11 1630 829 1662 856 0.920206
11 1646 220 1677 247 0.920207
11 1731 2079 1762 2106 0.920222
11 2127 2987 2159 3015 0.920223
11 1865 3023 1897 3050 0.920233
11 1618 3306 1651 3333 0.920244
11 805 1431 837 1458 0.920245
11 2109 2182 2141 2209 0.920258
11 446 863 478 890 0.920258
11 2196 1545 2228 1572 0.920265
11 352 1693 383 1720 0.920265
11 1555 3317 1588 3344 0.92027
11 1807 3317 1839 3344 0.920274
11 905 2681 937 2708 0.920275
11 2509 1750 2541 1777 0.920293
11 1119 1477 1150 1504 0.920296
11 1410 807 1441 833 0.920316
11 465 2045 497 2072 0.920341
11 2332 1045 2364 1072 0.920343
11 1186 1658 1218 1685 0.920346
11 2378 1738 2411 1766 0.920372
11 1616 2067 1648 2095 0.920384
12 352 1477 386 1504 0.920391
11 599 2056 630 2083 0.920392
11 2241 829 2272 856 0.920407
11 2273 2056 2304 2083 0.920422
11 2071 1523 2103 1550 0.920424
11 643 2056 674 2083 0.920425
11 1968 3010 2002 3038 0.920427
11 2146 443 2177 470 0.920429
11 1244 232 1276 259 0.920432
11 2452 2364 2484 2391 0.920433
11 2452 2761 2484 2788 0.920436
11 1749 2693 1780 2720 0.92044
11 1379 3409 1411 3437 0.920443
12 712 887 745 914 0.920453
11 1128 443 1160 470 0.920467
11 482 1466 514 1492 0.920485
11 977 1704 1010 1731 0.920486
11 1314 2693 1346 2720 0.920493
11 1060 2988 1092 3015 0.920532
11 923 3607 955 3634 0.920536
11 1061 2363 1093 2391 0.92054
11 2241 2738 2273 2765 0.920548
11 1369 1693 1401 1720 0.920548
11 1672 2681 1704 2708 0.92058
11 2515 3034 2547 3061 0.920583
11 1870 3619 1902 3646 0.92059
11 1676 2056 1708 2083 0.920599
11 853 2954 885 2981 0.92063
11 905 2398 937 2425 0.92063
11 1904 232 1936 259 0.920644
11 1523 197 1555 224 0.920647
11 1785 2102 1817 2129 0.920682
11 587 187 619 214 0.920693
11 345 2364 377 2391 0.920693
11 2117 3329 2149 3356 0.920695
11 1530 2954 1562 2981 0.920695
11 554 2045 586 2072 0.920725
11 996 2056 1028 2083 0.920732
11 554 2398 586 2425 0.920739
11 1369 2670 1401 2697 0.92074
11 1556 2136 1589 2163 0.920741
11 2031 3000 2063 3027 0.920743
11 986 3351 1018 3378 0.920748
11 1777 220 1808 247 0.920759
11 1663 1454 1695 1481 0.920761
11 515 3596 547 3624 0.920771
11 552 2658 584 2685 0.920779
11 1128 232 1160 259 0.92078
11 604 2772 636 2800 0.920786
11 642 2113 675 2140 0.920792
11 2254 1557 2286 1584 0.920795
11 665 1443 697 1470 0.920805
11 2368 3585 2401 3612 0.920806
11 1188 2772 1220 2799 0.920813
11 853 2670 885 2697 0.920814
11 642 2409 675 2436 0.920817
11 1835 1465 1867 1492 0.92082
11 1996 1045 2028 1072 0.920828
11 1546 829 1578 856 0.92083
11 2332 2375 2364 2402 0.92084
11 756 2113 788 2140 0.920853
11 2127 2943 2158 2970 0.92086
11 1301 198 1333 225 0.920871
11 1078 1091 1110 1118 0.920883
11 1119 1670 1150 1696 0.920887
11 1449 2670 1482 2697 0.920891
11 442 3608 474 3635 0.92092
11 704 3585 736 3612 0.92093
11 1807 3573 1839 3600 0.920931
11 448 2681 480 2708 0.920953
11 1246 1114 1278 1141 0.920972
11 2414 863 2446 890 0.920973
11 1455 2341 1487 2368 0.92098
11 1972 278 2004 305 0.92098
11 1968 2716 2000 2742 0.920994
11 2031 2727 2063 2754 0.920994
11 509 2056 541 2083 0.920997
11 1078 807 1110 834 0.921022
11 2392 2056 2424 2083 0.921039
11 1426 1704 1458 1731 0.921046
11 2071 1716 2103 1743 0.921049
11 957 2670 988 2697 0.921067
11 1904 2136 1937 2163 0.921086
11 2196 1727 2228 1754 0.921088
11 1870 3329 1902 3356 0.921105
11 2243 3306 2275 3333 0.921126
11 872 312 904 339 0.921141
11 2332 818 2364 845 0.921142
11 1865 2693 1897 2720 0.921165
11 2138 1738 2171 1766 0.921173
11 1369 1443 1401 1470 0.921178
9 780 3320 806 3389 0.921201
11 848 1420 881 1447 0.921206
11 2452 3023 2484 3050 0.921215
11 2203 278 2235 305 0.921224
11 1527 1500 1559 1527 0.921228
11 2332 2045 2364 2072 0.921231
11 1993 2159 2025 2186 0.921232
11 850 3397 882 3424 0.921243
11 578 3585 611 3612 0.921251
11 1933 3340 1965 3367 0.921264
11 2327 232 2358 259 0.921277
11 1389 2090 1421 2117 0.921278
11 1300 1454 1333 1481 0.921283
11 2180 3607 2212 3634 0.92129
11 2178 3000 2210 3027 0.92129
11 777 2658 809 2686 0.921299
12 346 2954 379 2981 0.9213
11 1188 2716 1220 2743 0.9213
11 645 198 677 225 0.92131
11 2515 454 2547 481 0.921311
11 777 2977 809 3004 0.921332
11 996 2443 1028 2471 0.921341
11 1527 1704 1559 1731 0.921376
11 1170 3363 1202 3390 0.921405
11 2109 2033 2141 2060 0.921414
11 712 1068 744 1095 0.921423
11 2452 2067 2484 2095 0.92143
11 2203 431 2235 458 0.921437
11 1556 2079 1588 2106 0.921443
11 1137 2364 1168 2391 0.921445
11 848 1693 881 1720 0.921455
11 1904 278 1936 305 0.921467
11 777 2807 809 2834 0.921467
11 1112 2704 1144 2731 0.921467
11 718 198 750 225 0.92147
11 1263 2704 1295 2731 0.921479
11 2512 2352 2544 2379 0.921485
11 448 2738 480 2765 0.921486
11 350 431 382 458 0.92149
11 1720 1443 1752 1470 0.921514
11 1892 1477 1925 1504 0.92154
11 1778 1454 1810 1481 0.921551
11 702 2784 734 2811 0.921558
11 1491 818 1523 845 0.92158
11 956 3000 988 3027 0.921587
11 1527 1443 1559 1470 0.92159
11 2326 431 2359 458 0.921604
11 1949 2033 1980 2060 0.921616
11 1765 818 1797 845 0.921629
11 1154 829 1186 856 0.921638
11 977 1432 1010 1459 0.921661
11 2305 3317 2338 3344 0.921683
11 1577 278 1609 305 0.921684
11 845 2056 877 2083 0.921687
11 604 2670 636 2697 0.921689
11 529 175 561 202 0.921722
11 2442 3573 2474 3600 0.921734
11 738 1420 770 1447 0.921743
11 552 2784 584 2811 0.921746
11 2441 454 2474 481 0.921747
11 2414 806 2446 833 0.921762
11 578 3375 610 3402 0.921763
11 471 187 503 214 0.921772
11 1904 2329 1936 2356 0.921791
11 2037 2033 2069 2060 0.921798
11 1335 2317 1367 2345 0.921802
11 2203 2045 2234 2072 0.921826
11 1917 2704 1949 2731 0.921886
11 2495 1068 2527 1095 0.921891
11 500 2670 532 2697 0.921943
11 2414 1056 2446 1083 0.921955
11 1965 1477 1997 1504 0.922023
11 1744 3585 1777 3612 0.922024
11 2401 3011 2433 3038 0.922032
11 1645 266 1678 294 0.92211
11 756 2420 788 2447 0.922144
11 1892 1522 1924 1549 0.922229
11 996 2136 1028 2163 0.922236
11 1676 2114 1708 2141 0.922251
11 345 2704 377 2731 0.922263
11 1244 1669 1276 1696 0.922278
11 1408 2681 1441 2708 0.922297
11 2202 2329 2234 2356 0.9223
11 665 1669 697 1696 0.922356
11 1870 3386 1902 3413 0.922391
11 1776 265 1808 293 0.92241
12 1410 1022 1444 1049 0.92241
11 1246 818 1278 845 0.922454
11 2298 2988 2330 3015 0.922508
12 977 1501 1012 1527 0.922544
11 1437 186 1469 214 0.922565
11 891 1431 925 1459 0.922631
11 465 2387 497 2413 0.922646
11 2369 3329 2401 3356 0.922664
11 1186 220 1218 247 0.922676
11 962 1102 994 1129 0.922704
11 738 1670 770 1697 0.922709
11 2384 443 2416 470 0.922713
11 1814 2704 1846 2731 0.922819
11 2321 1727 2354 1754 0.922965
11 414 1670 446 1696 0.923131
11 1844 2147 1877 2174 0.923323
11 2326 311 2359 339 0.923364
11 345 2761 377 2788 0.923374
11 1239 3386 1271 3413 0.92343
11 1489 2681 1522 2709 0.923577
11 2254 1716 2286 1743 0.923674
11 2180 3317 2212 3344 0.924153
11 1050 1670 1082 1697 0.924415
12 1169 3608 1203 3635 0.924463
11 2349 3000 2381 3027 0.924471
12 2306 3632 2339 3658 0.925066
12 1410 853 1444 879 0.925245
12 2332 2148 2366 2174 0.925291
12 1556 2329 1590 2356 0.925598
12 1079 875 1113 902 0.925893
21 552 2913 577 2987 0.926717
12 1522 409 1556 436 0.926826
12 579 3642 613 3669 0.929309
21 1777 1687 1802 1760 0.929744
1 144 1067 214 1150 0.947002
1 145 454 214 538 0.947179
10 150 176 213 352 0.961013
10 145 1420 210 1597 0.961119
10 145 2646 209 2823 0.961215
10 149 805 213 983 0.962724
10 146 2032 210 2210 0.962732
10 145 3259 210 3438 0.962806
