11 400 928 433 956 0.827022
11 262 883 294 910 0.847037
11 678 2289 711 2316 0.859688
11 262 2904 293 2930 0.878483
11 2296 3052 2329 3079 0.895862
11 1786 2647 1817 2674 0.898307
11 2024 3006 2056 3032 0.900924
11 331 2926 363 2953 0.904841
11 401 883 433 911 0.907262
11 1720 2927 1751 2953 0.907366
11 1720 2902 1752 2929 0.907787
11 2230 2926 2261 2953 0.908109
11 2229 2902 2261 2930 0.908232
11 1575 2993 1607 3021 0.909
11 980 2994 1012 3021 0.90903
11 402 907 433 934 0.909924
11 1505 2937 1537 2964 0.910476
11 1923 3006 1955 3033 0.910931
11 917 2959 949 2986 0.911138
11 1786 2960 1818 2987 0.911367
11 401 952 433 979 0.911482
11 749 2960 780 2987 0.911814
11 1056 2960 1088 2988 0.91187
11 540 2949 572 2976 0.912043
12 261 1908 296 1934 0.912346
11 2023 884 2056 911 0.912355
11 331 2902 363 2930 0.912446
11 1327 2994 1359 3021 0.912513
11 981 2289 1012 2316 0.912733
11 261 906 293 933 0.912758
11 679 940 711 968 0.913251
11 540 940 572 968 0.913264
11 679 2949 710 2976 0.913481
11 1644 2960 1676 2987 0.913492
11 980 2647 1012 2674 0.913788
11 1645 2937 1675 2963 0.9138
11 261 952 293 979 0.913807
11 2163 2949 2195 2976 0.913809
11 540 964 572 991 0.914229
11 847 2994 879 3021 0.914374
11 1257 3029 1289 3056 0.914481
11 2435 3005 2467 3032 0.914557
11 1505 2961 1537 2987 0.914698
11 1192 2972 1224 2999 0.914734
11 1257 3052 1290 3079 0.914845
11 540 906 572 933 0.914895
11 2502 2960 2534 2987 0.914902
11 2296 3029 2328 3057 0.91515
11 470 2926 502 2953 0.915395
11 1056 2937 1087 2964 0.915482
11 1429 3040 1462 3067 0.91554
11 610 2960 641 2987 0.915569
11 1854 2960 1885 2987 0.915629
11 2023 2289 2055 2316 0.916053
11 1191 2949 1224 2976 0.91631
11 2093 2960 2125 2987 0.916341
11 1575 3017 1607 3044 0.91636
11 749 2937 780 2964 0.916624
11 1853 2289 1885 2316 0.916723
11 401 2926 433 2953 0.916855
11 1854 2983 1886 3010 0.91693
11 2093 2983 2125 3010 0.916933
11 2502 2983 2534 3010 0.917071
11 679 906 711 933 0.917094
11 2435 2983 2467 3009 0.91711
11 1327 2971 1359 2998 0.917167
11 401 2949 433 2976 0.917416
11 610 2937 641 2964 0.917525
11 2363 3029 2395 3056 0.917535
11 846 2971 879 2999 0.917634
11 847 1930 879 1957 0.917648
11 2023 2647 2055 2674 0.917675
11 1122 3029 1154 3056 0.917728
11 261 1458 293 1485 0.917772
11 1574 2647 1606 2674 0.917792
11 262 2880 293 2907 0.917973
11 2162 2926 2194 2953 0.918065
11 401 1458 433 1485 0.918133
11 1430 2289 1462 2316 0.918189
11 1644 884 1676 911 0.918237
11 540 2926 572 2953 0.918384
11 1122 3005 1154 3033 0.918391
11 2362 3005 2394 3032 0.918447
11 1786 2937 1818 2964 0.918482
11 540 2266 572 2293 0.918509
12 2162 1964 2197 1992 0.918769
11 2435 872 2467 899 0.918869
11 261 2659 293 2686 0.91913
11 401 2635 433 2663 0.919201
11 1575 849 1607 876 0.91923
11 916 2937 948 2964 0.919286
11 2023 2982 2055 3010 0.919329
11 540 1919 572 1946 0.919429
11 1505 884 1537 911 0.919516
11 1192 2647 1224 2674 0.919571
11 916 849 948 876 0.919574
11 1574 1469 1607 1496 0.919601
11 401 2254 433 2281 0.919678
11 1574 1919 1607 1946 0.91975
11 1122 2624 1154 2651 0.919757
11 1720 2266 1752 2293 0.919824
11 1720 2624 1752 2651 0.919838
11 262 3233 293 3260 0.91991
11 401 3233 433 3260 0.919942
11 1430 3017 1462 3044 0.919969
11 847 838 879 865 0.920009
11 1257 2659 1289 2686 0.920042
11 1192 872 1224 899 0.920057
11 2435 2579 2467 2606 0.920067
12 1122 3278 1156 3305 0.920139
11 846 2277 879 2305 0.920209
11 1854 2659 1885 2686 0.92023
11 2162 872 2195 899 0.920234
11 1720 849 1752 876 0.92024
11 847 1480 879 1507 0.920334
11 1720 1941 1752 1969 0.920451
11 540 2624 572 2651 0.920468
11 1574 2266 1607 2293 0.920597
11 1853 1976 1886 2003 0.920606
11 980 872 1012 899 0.920621
11 540 1469 572 1496 0.920621
11 2023 3267 2056 3294 0.920649
11 2502 895 2534 922 0.920822
11 1923 2982 1955 3009 0.920825
12 2162 3278 2196 3305 0.920832
11 2296 872 2328 899 0.920878
11 1720 3244 1752 3271 0.920883
11 678 1942 711 1969 0.920922
11 2023 1942 2056 1969 0.920982
11 1055 849 1087 876 0.921043
11 540 3244 572 3271 0.921045
11 980 3017 1013 3045 0.921046
11 1122 861 1154 888 0.921066
11 1853 906 1885 933 0.921144
11 678 861 711 888 0.921147
11 1720 1469 1752 1496 0.921188
11 1575 3244 1607 3271 0.921253
11 1257 895 1289 922 0.921254
12 1122 2300 1156 2327 0.921256
11 679 3267 711 3294 0.921303
11 1853 3267 1885 3294 0.921344
11 2024 1492 2056 1519 0.921438
11 679 1492 711 1519 0.921539
11 1854 1492 1885 1519 0.921587
11 679 2926 711 2953 0.921654
11 261 2254 293 2281 0.921721
11 1430 1492 1462 1519 0.921741
11 2162 2624 2195 2652 0.921745
11 1430 906 1462 933 0.921759
11 679 2613 711 2640 0.921909
11 980 1492 1012 1519 0.921924
11 980 1941 1012 1969 0.921935
11 2362 895 2394 922 0.922003
11 2229 895 2262 922 0.922053
11 846 3255 879 3283 0.922064
11 2296 2601 2328 2629 0.92207
11 1429 2624 1462 2652 0.922081
11 980 3267 1012 3294 0.922095
12 2162 2300 2196 2327 0.922171
11 846 2624 879 2652 0.922175
11 1429 3267 1462 3294 0.922267
11 1430 1941 1462 1969 0.923045
11 1327 917 1359 945 0.923624
0 99 2929 123 3304 0.923795
12 2162 1503 2196 1530 0.924276
0 97 871 122 1256 0.924311
12 1122 1503 1156 1530 0.927127
12 1122 1953 1156 1980 0.928648
1 145 2232 213 2313 0.943289
1 145 1156 213 1238 0.944671
1 144 2578 213 2660 0.946782
1 146 3209 214 3291 0.949727
10 149 478 214 657 0.959677
10 150 826 214 1004 0.960039
10 150 2881 215 3056 0.960128
10 150 1492 213 1670 0.961164
10 150 132 214 310 0.961171
10 149 1838 214 2017 0.961523
