9 1771 863 1794 916 0.823407
11 2219 929 2251 956 0.832565
9 824 1531 844 1584 0.845926
9 1648 2816 1671 2872 0.848525
8 783 289 803 346 0.851773
8 1055 289 1076 344 0.853477
9 1815 1508 1837 1564 0.854804
8 319 1613 341 1666 0.85852
9 1301 2765 1322 2818 0.864085
8 2296 1622 2316 1678 0.866985
8 1078 1623 1097 1676 0.867897
8 320 2253 340 2307 0.871743
11 1282 2816 1304 2835 0.873173
12 2372 3109 2407 3136 0.874478
9 2275 195 2297 249 0.877129
9 1096 1499 1115 1552 0.878699
9 1594 1519 1614 1575 0.880318
9 2351 2783 2373 2838 0.880341
8 1798 1599 1818 1654 0.882312
11 2256 245 2279 264 0.884699
11 806 1588 828 1607 0.885751
9 1835 185 1856 239 0.885788
8 2333 2898 2353 2952 0.886197
11 1574 1576 1597 1595 0.887476
8 807 1637 826 1689 0.888077
11 2332 2839 2355 2859 0.889581
11 805 1621 829 1641 0.893285
11 1631 2873 1654 2892 0.89396
11 1797 1564 1820 1584 0.893982
15 2038 920 2068 965 0.894553
11 2332 2884 2355 2904 0.894609
11 1077 1553 1100 1572 0.895037
12 2371 2847 2406 2873 0.895566
11 2294 1609 2319 1629 0.89563
11 663 929 696 956 0.895942
0 100 2783 122 3111 0.8962
8 1575 1633 1596 1689 0.896225
11 319 2238 342 2258 0.896623
11 1055 266 1078 286 0.897067
11 1752 921 1775 940 0.897208
11 1816 232 1838 251 0.898006
11 1797 1587 1820 1607 0.898718
11 1921 480 1953 507 0.899502
11 1516 1573 1548 1600 0.899708
11 319 2861 343 2880 0.899913
11 2236 1573 2268 1600 0.900226
11 782 266 806 286 0.900612
11 1077 1610 1100 1629 0.902441
0 100 2159 122 2463 0.902509
0 100 241 122 546 0.903314
12 2372 2869 2406 2896 0.903738
11 1674 2858 1706 2885 0.903783
11 1574 1621 1598 1641 0.904142
11 1114 2812 1146 2839 0.904888
11 1577 194 1609 221 0.905085
11 320 1598 343 1617 0.905197
12 1673 2882 1707 2908 0.905883
11 1443 929 1475 956 0.906598
0 100 1514 122 1839 0.906937
11 1721 1573 1753 1600 0.906986
11 350 2903 383 2931 0.907752
0 99 873 122 1206 0.90795
11 637 286 669 313 0.908935
11 888 240 920 267 0.909604
11 1619 1585 1651 1611 0.909934
11 1188 1809 1221 1836 0.910749
11 692 2835 723 2862 0.911802
11 1444 2212 1476 2240 0.912195
11 2219 951 2251 978 0.912537
11 439 286 471 313 0.913829
11 1721 1550 1752 1576 0.914821
11 1835 1572 1868 1600 0.914856
11 584 918 616 945 0.915119
11 2329 274 2361 301 0.915428
11 1835 1595 1868 1622 0.915449
11 349 285 381 313 0.915455
11 2054 434 2086 461 0.915459
11 2134 1572 2166 1599 0.915833
11 528 917 560 945 0.915839
15 1378 245 1408 291 0.915985
11 349 229 381 256 0.916118
11 2134 1595 2166 1623 0.916233
11 355 906 387 934 0.91625
11 1858 251 1890 278 0.916431
11 354 883 387 911 0.916552
11 1628 2259 1660 2285 0.916568
11 2491 917 2523 944 0.916749
11 584 895 616 921 0.917056
11 1814 2364 1846 2391 0.917532
11 420 1798 452 1825 0.917734
11 1444 2190 1476 2217 0.917856
11 1195 2812 1227 2839 0.917971
11 691 3007 723 3034 0.917978
11 1117 1618 1149 1645 0.918116
11 505 525 538 552 0.918363
11 747 1584 779 1611 0.918364
11 1814 2258 1846 2286 0.918421
11 1858 218 1889 244 0.918494
11 1673 2983 1705 3010 0.918513
11 351 2835 382 2862 0.918543
11 2330 251 2361 278 0.918543
11 647 1718 679 1746 0.918572
11 663 895 695 922 0.918576
11 1414 1618 1446 1645 0.91858
11 352 2247 384 2273 0.918654
11 1042 929 1074 956 0.918668
11 2267 2812 2299 2839 0.918673
11 1207 1124 1239 1151 0.918713
11 2047 2812 2079 2839 0.918722
11 2093 2259 2124 2285 0.918729
11 2134 1706 2166 1733 0.918742
11 811 526 843 553 0.918806
11 1516 229 1548 256 0.918818
11 724 2352 756 2379 0.918905
11 433 3086 465 3113 0.918905
11 813 2846 846 2874 0.919033
11 405 1124 437 1151 0.919037
11 723 2246 756 2274 0.919042
11 1341 2869 1373 2896 0.919083
11 584 1124 616 1151 0.919144
11 1814 2190 1846 2217 0.919146
11 1312 2858 1344 2885 0.919258
11 2121 400 2153 427 0.91927
11 2121 217 2153 244 0.919294
11 880 1741 913 1768 0.919298
11 2037 1124 2069 1151 0.919409
11 1722 2398 1754 2425 0.919496
11 2514 480 2546 507 0.919567
11 630 2387 662 2414 0.919575
11 1882 3063 1914 3090 0.919639
11 999 917 1032 944 0.919747
11 1882 2824 1914 2851 0.919751
11 1516 1618 1549 1645 0.919783
11 1004 2812 1036 2839 0.919878
11 1401 1112 1433 1140 0.919959
11 572 1753 604 1780 0.919978
11 1096 2397 1128 2425 0.919979
11 782 2190 814 2217 0.919995
11 2121 251 2153 278 0.92001
11 528 1136 560 1163 0.920052
11 536 2409 568 2436 0.920063
11 880 1549 912 1576 0.920088
11 529 895 561 922 0.920095
14 1114 486 1148 553 0.920103
11 1528 906 1560 933 0.920111
11 1414 1561 1446 1588 0.920145
11 1619 1753 1651 1780 0.920165
11 1000 263 1032 290 0.920188
11 1482 3018 1514 3045 0.920212
11 394 297 426 324 0.920256
11 348 1549 380 1576 0.920263
11 1117 1561 1149 1589 0.920264
12 692 2869 724 2896 0.920289
11 1795 2858 1827 2885 0.920297
11 1485 917 1518 945 0.920321
11 1059 2824 1091 2851 0.920338
11 1085 1170 1116 1197 0.92036
11 1628 2420 1660 2447 0.920366
11 352 2179 384 2206 0.920496
11 1987 457 2019 484 0.920505
11 1618 1561 1650 1589 0.920514
11 1395 3063 1427 3090 0.920529
11 2513 1584 2546 1611 0.920604
11 1377 434 1409 461 0.92061
11 955 251 987 278 0.920618
11 349 1607 381 1634 0.920625
11 2180 2409 2213 2436 0.920626
11 895 2835 926 2862 0.920628
11 2207 206 2239 233 0.920635
11 2048 2201 2080 2228 0.920642
11 2236 1607 2269 1634 0.920643
11 607 3041 639 3068 0.920654
11 1339 951 1371 978 0.920681
11 958 2190 990 2217 0.920692
11 2324 1730 2356 1757 0.92072
11 2212 2824 2244 2851 0.920728
11 918 917 950 944 0.920734
11 461 1112 493 1139 0.920744
11 2392 457 2424 484 0.920759
11 747 1618 779 1645 0.920762
11 1977 1158 2009 1185 0.92082
11 2180 2246 2212 2273 0.920842
11 2514 1538 2545 1565 0.920842
11 2278 963 2311 990 0.920848
11 2373 1607 2406 1634 0.920869
11 663 1204 696 1231 0.920885
11 1084 918 1117 945 0.92093
11 1854 1204 1886 1231 0.920951
11 833 894 865 921 0.920954
11 1244 491 1276 518 0.920956
11 1331 2213 1362 2240 0.920965
11 2533 940 2565 967 0.920972
11 1612 929 1645 956 0.920974
11 2405 951 2438 978 0.920977
11 1570 917 1602 945 0.921026
11 1414 1729 1446 1756 0.92106
11 2058 1741 2091 1769 0.92109
11 1577 491 1609 518 0.921091
11 2163 985 2195 1012 0.921104
11 1002 2247 1034 2274 0.92112
11 1568 2995 1601 3022 0.92114
11 1938 2835 1969 2862 0.921143
11 841 2201 873 2228 0.921147
11 2297 2224 2329 2251 0.921152
11 1213 2212 1245 2240 0.921203
11 2363 940 2396 967 0.921259
11 1916 1181 1948 1208 0.921268
11 572 503 604 530 0.921283
11 1872 2201 1904 2228 0.921301
11 790 906 823 934 0.921325
11 1340 1764 1372 1791 0.921347
11 1989 2201 2022 2228 0.921353
11 2491 951 2523 979 0.921398
11 1264 1787 1297 1814 0.9214
11 2423 1595 2455 1622 0.921443
11 706 906 738 933 0.921468
11 2220 1147 2251 1174 0.9215
11 442 2432 474 2459 0.921508
11 1177 514 1210 541 0.921559
11 1698 907 1729 933 0.921564
11 894 2995 926 3022 0.92159
11 2324 1538 2356 1565 0.921624
11 2207 263 2239 290 0.921655
11 2325 1596 2356 1622 0.921679
11 724 2178 756 2206 0.92169
11 1096 2213 1128 2240 0.921695
11 2454 469 2485 496 0.921701
11 1311 468 1343 496 0.921756
14 1445 2403 1479 2468 0.921786
11 2415 2224 2446 2251 0.921787
11 637 468 669 496 0.921798
11 949 2824 981 2851 0.921823
11 1654 205 1686 233 0.921852
11 875 906 909 934 0.921888
11 2239 2235 2271 2262 0.921933
11 2448 963 2480 990 0.921945
11 1146 1147 1178 1174 0.921946
11 1931 2212 1963 2240 0.921959
11 748 918 781 945 0.921972
11 496 1775 528 1802 0.922103
11 2163 940 2195 967 0.922104
11 1907 1787 1939 1814 0.922114
11 439 549 471 576 0.922185
11 647 1549 680 1576 0.922265
11 1534 2444 1567 2471 0.922265
11 1715 217 1747 244 0.922293
11 729 263 760 290 0.922341
11 1655 917 1688 944 0.922362
11 1983 1764 2015 1791 0.922447
11 2102 2824 2134 2851 0.922484
11 2356 2235 2388 2262 0.922545
11 647 1607 679 1634 0.922625
11 2503 2224 2535 2251 0.9227
11 1759 228 1792 256 0.922904
11 880 1607 912 1634 0.922951
11 2157 2836 2189 2862 0.922967
11 1155 2224 1187 2251 0.922987
11 355 1089 387 1116 0.922997
11 520 3063 552 3091 0.923036
11 983 1538 1015 1565 0.923372
11 1267 1089 1299 1116 0.923372
11 899 2190 931 2217 0.923411
11 983 1595 1015 1623 0.923599
11 1992 2823 2024 2851 0.923664
11 2321 951 2353 978 0.924304
14 351 3035 385 3102 0.924557
14 1796 1128 1830 1196 0.925268
14 353 2404 387 2470 0.926563
14 2106 922 2140 988 0.929567
14 1858 486 1891 553 0.929959
14 349 485 383 553 0.930298
14 2330 485 2363 553 0.9304
14 349 1769 383 1837 0.932531
14 1313 3034 1347 3102 0.934075
14 1000 1129 1034 1195 0.936749
14 1836 1770 1870 1835 0.93888
14 1118 1770 1151 1835 0.93964
14 1454 165 1488 231 0.945311
1 145 1100 214 1183 0.948613
1 145 1741 214 1824 0.948646
1 145 2375 214 2456 0.948859
1 146 3007 213 3087 0.948878
1 146 457 214 537 0.950755
10 150 826 214 1004 0.958988
10 150 2743 213 2920 0.959428
10 150 2109 214 2288 0.959751
10 149 1470 214 1647 0.960519
10 149 193 213 371 0.961478
