11 552 2597 581 2622 0.884828
21 1908 561 1932 633 0.888579
11 550 3159 582 3185 0.902406
14 2506 1710 2539 1778 0.905484
15 1078 959 1109 1005 0.908864
15 1078 206 1109 253 0.91116
21 1907 3119 1932 3190 0.911968
21 1907 938 1932 1010 0.912185
11 522 2607 554 2634 0.913406
11 664 1741 696 1768 0.913775
11 522 3169 554 3197 0.914746
21 1907 2442 1932 2513 0.914954
15 1078 583 1109 630 0.915862
11 886 1661 918 1688 0.916059
11 886 2585 918 2612 0.916289
11 522 1661 554 1688 0.916523
11 407 1775 440 1803 0.916622
11 642 1661 673 1688 0.916738
11 293 556 325 583 0.916816
11 886 3147 918 3174 0.916845
11 1285 3067 1317 3094 0.916926
11 2295 1730 2327 1758 0.917171
11 1192 2470 1225 2497 0.917222
11 850 1661 882 1688 0.917365
11 814 1718 846 1745 0.918279
11 2073 1707 2105 1734 0.918407
0 98 2817 122 3209 0.918497
11 1794 1798 1826 1825 0.918568
11 293 3204 325 3232 0.918646
11 699 1753 732 1780 0.918725
11 1192 3033 1224 3060 0.919133
21 1907 185 1932 257 0.919446
11 292 1650 324 1677 0.919504
11 1285 2505 1317 2531 0.919599
11 1450 3136 1481 3162 0.919625
11 1077 2527 1110 2555 0.91992
11 929 3204 962 3231 0.919963
11 2165 1672 2197 1699 0.920036
11 1285 1672 1317 1699 0.920094
11 886 2630 918 2658 0.92032
11 407 2665 439 2692 0.92033
11 1079 3090 1110 3117 0.920403
11 986 2584 1018 2611 0.920417
11 986 3147 1018 3174 0.920427
11 293 954 325 982 0.920453
11 886 3192 918 3219 0.920456
11 1450 1672 1482 1699 0.920488
11 986 1718 1018 1745 0.920526
11 1449 2573 1481 2600 0.920533
11 1908 1787 1940 1814 0.920812
11 1678 1752 1711 1779 0.920813
11 1022 1787 1054 1814 0.920826
11 700 3204 732 3231 0.920963
11 293 2642 325 2668 0.921148
11 407 3227 440 3254 0.921218
11 1078 1753 1110 1780 0.921358
11 1564 1764 1596 1790 0.921551
11 293 281 325 309 0.922509
11 700 2642 732 2669 0.922733
11 929 2642 961 2669 0.923685
14 2259 1715 2294 1779 0.924103
14 700 208 734 274 0.927817
14 698 585 734 650 0.933327
14 700 961 734 1026 0.934591
1 145 931 213 1014 0.943554
1 145 556 213 637 0.944467
1 146 3112 214 3193 0.947094
1 145 2059 214 2142 0.947262
1 145 1683 213 1765 0.948003
1 145 2813 213 2893 0.949075
