11 1644 2038 1676 2065 0.919294
11 415 2560 447 2587 0.919299
11 1145 3320 1177 3347 0.919305
11 1494 2855 1526 2882 0.919323
11 936 2130 968 2157 0.91933
11 1131 2050 1163 2077 0.919334
11 2264 1098 2296 1125 0.919344
11 928 2549 960 2576 0.919353
11 1498 2073 1530 2100 0.919363
11 1678 2560 1710 2587 0.919363
11 1986 1052 2018 1079 0.919366
11 763 2594 795 2621 0.919368
11 1440 2855 1472 2882 0.919382
11 776 1155 809 1182 0.919393
11 928 2866 960 2893 0.919397
11 2251 3535 2283 3562 0.919412
11 1112 396 1144 423 0.91943
11 1144 2572 1176 2598 0.919469
11 1725 1098 1757 1125 0.919484
11 929 3558 961 3585 0.919506
11 1687 3546 1719 3573 0.919514
11 1277 2084 1309 2111 0.919531
11 471 3298 503 3325 0.919534
11 630 2878 662 2905 0.919539
11 1436 3558 1469 3585 0.919542
11 1382 3637 1415 3665 0.919581
11 601 1800 634 1828 0.919603
11 2420 2140 2452 2168 0.919615
11 1069 384 1101 411 0.91962
11 1497 2118 1530 2145 0.91963
11 1275 3592 1307 3619 0.919631
11 982 2560 1015 2587 0.919676
11 2361 3534 2393 3561 0.919692
11 1371 407 1403 434 0.919696
11 1313 395 1345 423 0.919702
11 702 1166 734 1193 0.919707
11 928 2820 960 2847 0.919717
11 2225 2140 2257 2168 0.919732
11 929 3603 962 3630 0.919738
11 1547 2038 1579 2065 0.919753
11 380 1155 413 1182 0.919767
11 552 430 583 456 0.919777
11 872 2786 904 2813 0.9198
11 631 2583 662 2610 0.919806
11 306 2549 339 2577 0.91981
11 1812 2061 1845 2088 0.919817
11 2523 3320 2555 3347 0.919845
11 2059 2107 2091 2134 0.919847
11 1082 2130 1114 2157 0.919848
11 307 2879 339 2906 0.919852
11 1330 2855 1362 2882 0.919853
11 669 1812 702 1839 0.91987
11 414 2798 447 2825 0.919874
11 1902 3546 1934 3573 0.91988
11 523 2572 555 2599 0.919925
11 2360 2798 2392 2825 0.91993
11 1437 3331 1468 3358 0.919936
11 982 2866 1014 2894 0.91996
11 2009 1801 2042 1828 0.919961
11 1446 2038 1479 2065 0.919962
11 1330 2594 1362 2621 0.919965
11 2469 2061 2501 2088 0.919969
11 1349 1846 1381 1873 0.919979
11 2521 2878 2554 2906 0.91998
11 2059 1812 2091 1839 0.91998
11 307 3535 339 3562 0.91999
11 850 1143 882 1171 0.920014
11 1747 418 1779 445 0.920019
11 1740 3580 1772 3608 0.920022
11 2107 2061 2140 2088 0.92005
11 2372 1063 2405 1090 0.920052
11 1894 2583 1925 2610 0.920057
11 1349 2038 1381 2065 0.920059
11 522 2878 554 2905 0.920113
11 1440 2560 1473 2587 0.920116
11 2361 3308 2393 3335 0.920117
11 1036 2549 1068 2576 0.920122
11 2144 2878 2176 2905 0.92014
11 2360 2571 2392 2598 0.920147
11 2306 2878 2338 2905 0.920196
11 1547 2118 1578 2144 0.920219
11 1678 2809 1710 2836 0.92024
11 1397 2073 1429 2100 0.920242
11 2252 2583 2284 2610 0.920258
11 732 395 764 423 0.920259
11 1548 2855 1580 2882 0.92027
11 936 1801 968 1828 0.920303
11 1644 2118 1676 2144 0.920319
11 525 3535 557 3561 0.920325
11 872 3603 905 3630 0.920331
11 2469 3535 2501 3561 0.920353
11 2479 395 2511 422 0.920357
11 1144 2867 1176 2893 0.920359
11 863 407 895 434 0.920377
11 764 2867 796 2893 0.920378
11 2107 1824 2139 1850 0.92038
11 2252 2878 2284 2905 0.920408
11 1494 2809 1527 2836 0.920413
11 2177 1812 2209 1839 0.920423
11 2009 3626 2042 3653 0.920427
11 2348 384 2380 411 0.920431
11 2321 1052 2353 1079 0.920434
11 687 3568 719 3596 0.920435
11 1090 2786 1122 2813 0.920444
11 688 384 720 411 0.920445
11 2414 2832 2446 2859 0.920451
11 765 3523 797 3550 0.92046
11 2054 384 2087 411 0.920464
11 1494 2549 1526 2576 0.920468
11 2212 429 2244 457 0.920479
11 2392 396 2424 423 0.920489
11 687 3615 719 3642 0.920491
11 2308 3297 2339 3324 0.920496
11 1967 384 2000 411 0.920508
11 2011 396 2043 423 0.920509
11 817 2867 849 2894 0.920509
11 2526 1075 2558 1102 0.920512
11 2423 1052 2455 1079 0.920517
11 1091 3523 1123 3550 0.920527
11 414 3614 447 3642 0.920534
11 2009 2106 2042 2134 0.920551
11 818 3603 850 3630 0.920559
11 629 1178 661 1205 0.92056
11 1276 2594 1308 2621 0.920585
11 2371 1835 2403 1862 0.920596
11 1693 1823 1725 1850 0.920625
11 576 2832 608 2859 0.920633
11 982 2786 1014 2813 0.920692
11 1397 2118 1429 2145 0.920698
11 1548 2775 1580 2802 0.920699
11 1544 3343 1576 3370 0.920707
11 1912 2106 1945 2134 0.920721
11 528 1177 560 1205 0.920735
11 1961 2027 1993 2054 0.920759
11 1386 2549 1418 2576 0.920766
11 595 429 627 456 0.920772
11 2362 3615 2393 3641 0.920774
11 2415 3298 2447 3325 0.920792
11 2414 2878 2446 2905 0.920802
11 472 3615 504 3642 0.920804
11 2251 3615 2283 3642 0.920811
11 1440 2775 1472 2802 0.920812
11 1222 2775 1253 2802 0.920846
11 414 2878 447 2905 0.920868
11 1630 395 1662 423 0.920871
11 472 3568 503 3595 0.920875
11 2467 2560 2499 2587 0.920878
11 525 3615 557 3642 0.920901
11 361 3343 393 3370 0.92091
11 1090 2560 1122 2587 0.920921
11 576 2878 609 2905 0.920938
11 1598 3637 1630 3664 0.920948
11 1688 407 1720 434 0.920956
11 307 3615 339 3642 0.920961
11 2143 3343 2175 3370 0.920968
11 1386 2855 1418 2882 0.92097
11 2274 1823 2306 1850 0.920973
11 1644 1812 1676 1839 0.92099
11 1037 3558 1069 3585 0.920991
11 929 3297 961 3324 0.920992
11 2010 3331 2042 3359 0.920996
11 1848 3581 1880 3608 0.921009
11 2469 3615 2501 3641 0.921012
11 1740 3626 1773 3653 0.921018
11 872 3343 905 3370 0.921027
11 1763 2027 1795 2054 0.921028
11 2415 3615 2447 3642 0.921034
11 1848 3626 1881 3654 0.921034
11 1091 3603 1123 3630 0.921035
11 2197 3569 2229 3596 0.92104
11 983 3603 1015 3630 0.92105
11 579 3615 611 3642 0.92105
11 1436 3637 1469 3664 0.921082
11 1827 1098 1860 1125 0.921102
11 1894 2889 1926 2916 0.921109
11 1329 2775 1361 2802 0.921112
11 375 1823 407 1850 0.921113
11 2307 3614 2340 3642 0.921115
11 1794 3308 1826 3335 0.921116
11 2089 1075 2121 1102 0.921119
11 1764 1846 1796 1873 0.921123
11 807 1835 839 1862 0.921125
11 1491 3637 1523 3665 0.921131
11 2196 3343 2229 3370 0.921146
11 1037 3297 1069 3324 0.921149
11 1276 2809 1308 2836 0.92117
11 2255 429 2287 456 0.921171
11 512 1846 544 1873 0.921198
11 2522 407 2555 434 0.921202
11 2523 3615 2555 3642 0.921236
11 1956 3581 1988 3608 0.921243
11 1693 2073 1725 2100 0.921252
11 414 3343 447 3370 0.921253
11 1222 2594 1254 2621 0.921268
11 307 3343 339 3370 0.921288
11 454 1166 486 1193 0.921307
11 1948 2889 1980 2916 0.921319
11 775 384 807 411 0.921336
11 871 2594 903 2621 0.921344
11 1243 407 1275 434 0.92135
11 1145 3603 1177 3630 0.921357
11 1678 2889 1710 2916 0.921365
11 1544 3637 1576 3665 0.921376
11 984 2084 1017 2111 0.921376
11 1144 2820 1175 2847 0.921378
11 2162 1098 2194 1125 0.921386
11 2250 3343 2282 3370 0.921394
11 1732 2889 1765 2916 0.921399
11 1602 2571 1634 2599 0.92141
11 1398 1846 1430 1873 0.921423
11 1036 2866 1068 2894 0.921434
11 1156 384 1188 411 0.921435
11 2435 384 2467 411 0.921487
11 1548 2560 1580 2587 0.921489
11 1179 2084 1212 2111 0.92155
11 1839 2889 1872 2916 0.92157
11 633 3614 665 3641 0.921581
11 818 395 851 423 0.921582
11 818 3558 850 3585 0.921588
11 872 3523 905 3550 0.921622
11 1091 3308 1123 3335 0.921622
11 2307 3569 2339 3596 0.921625
11 1602 2809 1634 2836 0.92163
11 2058 2027 2091 2054 0.921638
11 2009 2061 2042 2088 0.921639
11 1861 2027 1893 2054 0.92164
11 1537 1075 1569 1101 0.921653
11 1275 3637 1307 3665 0.921669
11 738 1823 770 1850 0.921693
11 579 3298 610 3324 0.9217
11 2415 3569 2447 3595 0.921717
11 2142 407 2174 434 0.921718
11 1221 3558 1253 3585 0.921779
11 764 2787 796 2814 0.92181
11 1488 430 1520 457 0.921818
11 1386 2809 1418 2836 0.921825
11 1786 2809 1818 2836 0.921844
11 1902 3626 1934 3653 0.921853
11 1222 2855 1254 2882 0.921862
11 684 2832 716 2859 0.921878
11 2002 2889 2034 2916 0.921905
11 1831 429 1863 457 0.921911
11 2299 429 2331 456 0.921918
11 1595 2072 1627 2100 0.921931
11 2468 1846 2501 1873 0.921954
11 1349 2118 1381 2145 0.921956
11 2198 2832 2230 2859 0.921963
11 975 429 1008 457 0.922009
11 765 3343 797 3370 0.922024
11 1894 2809 1926 2836 0.922025
11 1861 1846 1893 1873 0.922045
11 1874 429 1906 457 0.922053
11 2306 2832 2338 2859 0.922064
11 1595 2118 1627 2145 0.922097
11 817 2594 850 2621 0.922122
11 2371 2061 2403 2088 0.922143
11 1918 429 1950 457 0.922165
11 1221 3637 1253 3665 0.922177
11 1446 1846 1479 1873 0.922186
11 307 1144 339 1171 0.922198
11 1329 3637 1361 3664 0.922208
11 1860 2107 1893 2134 0.922213
11 444 1835 476 1862 0.922241
11 983 3523 1014 3550 0.92226
11 1595 1801 1627 1828 0.922323
11 2522 3569 2554 3596 0.922332
11 579 3569 611 3596 0.922337
11 1693 2118 1725 2145 0.922351
11 2176 2061 2208 2088 0.922422
11 1446 2118 1478 2145 0.922505
11 932 429 964 457 0.92258
11 871 2867 903 2893 0.922589
11 1228 1835 1260 1862 0.922598
11 1019 429 1051 457 0.922606
11 817 2820 849 2847 0.922628
11 1036 2820 1068 2847 0.922634
11 1776 1098 1808 1125 0.922678
11 818 3343 850 3370 0.922735
11 2107 2106 2139 2134 0.922879
11 1429 418 1462 445 0.922892
11 2143 3614 2175 3641 0.922894
11 1764 2106 1796 2134 0.922924
11 1131 1823 1163 1850 0.923006
11 1145 3558 1177 3585 0.923022
11 361 2832 392 2859 0.923067
11 1812 1846 1844 1873 0.923259
11 2521 2832 2554 2860 0.923791
11 1571 384 1604 411 0.92387
11 639 429 671 456 0.924126
11 1588 1087 1620 1113 0.924246
1 338 565 406 646 0.947428
1 145 2809 213 2892 0.948083
1 145 2060 213 2143 0.948564
1 145 1312 213 1395 0.948867
1 145 3557 214 3639 0.949378
10 150 1041 213 1218 0.959368
10 150 1790 213 1965 0.959657
10 150 2538 213 2715 0.960604
10 150 3287 213 3463 0.961384
10 342 291 407 471 0.961625
