15 2472 2841 2501 2886 0.832369
21 2506 2819 2529 2887 0.848827
15 2470 2087 2502 2136 0.862259
21 2506 2068 2529 2136 0.864532
11 551 3158 582 3185 0.897691
15 2137 2087 2166 2134 0.902051
21 1590 3118 1615 3191 0.905944
15 2136 2839 2166 2886 0.906918
15 1079 2087 1110 2134 0.910148
14 2432 2086 2468 2153 0.911857
15 1079 2839 1110 2885 0.911869
11 1261 3067 1293 3094 0.912566
15 1079 582 1109 629 0.914163
11 522 3169 554 3197 0.91441
11 642 1945 674 1972 0.915437
11 407 2026 439 2053 0.91552
11 915 3147 947 3174 0.916064
11 1171 3033 1203 3060 0.916139
11 642 2732 674 2759 0.916181
11 1769 2744 1802 2771 0.916641
11 1769 1992 1802 2019 0.916847
11 2136 601 2168 627 0.91745
11 1812 2766 1844 2793 0.917747
11 293 1991 325 2018 0.917751
11 880 2048 912 2075 0.918044
11 1402 3136 1433 3162 0.918118
11 2288 2003 2320 2030 0.918284
11 642 1980 674 2006 0.918301
11 293 3204 325 3231 0.918307
11 585 1946 617 1973 0.918502
11 732 555 764 582 0.918815
11 1837 589 1868 616 0.918985
11 1590 2778 1622 2805 0.919192
11 1590 646 1622 673 0.919204
11 987 3147 1019 3174 0.919353
0 98 2818 122 3209 0.919485
11 1998 2071 2031 2098 0.9195
11 408 2778 439 2804 0.919518
11 951 3203 984 3231 0.919536
11 847 2014 879 2041 0.919596
11 1682 2755 1714 2782 0.919784
11 293 578 325 604 0.919892
11 523 2037 555 2063 0.919982
11 522 600 555 628 0.919986
11 293 2744 325 2771 0.920057
11 1682 2003 1714 2030 0.920347
11 642 2698 674 2725 0.920358
11 1590 2026 1622 2053 0.920386
11 1079 3090 1111 3117 0.920449
11 732 2037 764 2063 0.920564
11 1769 612 1801 639 0.920567
11 1769 2675 1801 2702 0.920601
11 847 2766 879 2793 0.920608
11 880 2800 912 2827 0.920648
11 523 2789 554 2816 0.920673
11 732 3203 764 3231 0.92081
11 1725 1923 1758 1950 0.920811
11 407 3226 440 3254 0.920867
11 1999 2823 2031 2850 0.921002
11 1726 2675 1758 2702 0.921051
11 642 658 674 685 0.921106
11 915 3192 948 3219 0.921206
11 1769 1923 1801 1950 0.921305
11 2169 634 2202 662 0.921427
11 1886 2048 1919 2075 0.921847
11 586 2698 618 2725 0.922134
11 732 2789 763 2816 0.922166
11 1813 2014 1845 2041 0.922947
14 2252 582 2285 648 0.926439
14 1886 584 1920 649 0.927733
14 2433 2840 2468 2907 0.930064
1 145 556 213 636 0.945331
1 145 931 214 1013 0.945504
1 144 2059 214 2142 0.946374
1 146 3113 214 3194 0.947392
1 145 1683 213 1764 0.948549
1 146 2813 213 2893 0.949692
