11 262 2649 293 2675 0.850635
13 261 2894 303 2920 0.869667
13 261 2917 304 2944 0.869672
13 1473 948 1513 973 0.870272
13 1446 2904 1490 2931 0.874505
13 262 2870 304 2897 0.892475
13 1473 923 1515 950 0.894142
13 1445 2927 1489 2955 0.89487
13 1473 970 1515 997 0.895957
13 1447 2883 1489 2909 0.897233
11 261 690 293 716 0.898599
11 1472 284 1504 312 0.903281
11 696 735 728 762 0.904815
21 853 1176 878 1249 0.905442
0 100 2120 122 2434 0.906245
0 100 672 122 1003 0.908114
13 1445 3446 1489 3473 0.911117
13 1445 3626 1490 3653 0.911137
0 100 179 122 505 0.911427
21 853 1412 879 1484 0.912021
12 1473 1510 1507 1537 0.912601
0 100 2611 123 2940 0.914355
11 2317 1631 2349 1658 0.915012
12 1472 1136 1506 1163 0.915115
11 261 2213 293 2240 0.915539
11 2307 2110 2340 2137 0.915606
12 1473 453 1507 480 0.916196
11 569 2155 601 2182 0.916221
11 851 2648 883 2675 0.916276
11 1169 1677 1200 1704 0.916935
11 1280 2648 1312 2675 0.917028
21 854 1649 879 1720 0.917582
11 2008 2110 2040 2137 0.917918
11 1018 690 1050 717 0.917928
11 2038 1453 2070 1480 0.917935
11 1168 1499 1201 1526 0.917948
11 1292 273 1324 301 0.918046
11 2038 1632 2070 1659 0.918222
11 2038 182 2070 209 0.918239
12 260 2401 296 2428 0.918567
11 2440 3142 2472 3169 0.91879
11 569 2671 601 2698 0.918914
11 2038 1171 2070 1198 0.919006
11 397 159 428 186 0.919084
12 2038 431 2072 457 0.919241
11 2317 1452 2349 1479 0.919435
11 2308 3130 2339 3157 0.919469
11 2307 2637 2339 2664 0.91947
11 1771 228 1804 255 0.919474
11 1686 261 1719 289 0.919546
11 1771 723 1803 751 0.919587
11 1074 2076 1106 2103 0.919597
11 2447 205 2478 232 0.919636
11 2243 147 2275 175 0.919682
11 851 2098 883 2125 0.919709
11 261 3401 293 3428 0.919791
12 569 3142 603 3169 0.919895
11 544 216 576 243 0.920011
11 1168 1148 1200 1175 0.920081
11 770 239 801 266 0.920198
11 470 194 502 221 0.920319
11 992 2076 1024 2103 0.920599
11 1168 655 1200 682 0.920772
11 1018 193 1050 221 0.920772
11 2317 182 2349 209 0.920781
12 1446 2413 1480 2440 0.920835
11 1728 2683 1760 2710 0.920836
11 2008 2660 2040 2687 0.920869
11 403 2178 434 2205 0.920891
11 484 2179 517 2206 0.920902
11 1150 2626 1182 2653 0.920998
12 1473 1690 1507 1716 0.92101
11 1168 239 1200 266 0.921082
12 851 2378 885 2406 0.921106
11 1446 2224 1478 2251 0.92113
11 1280 2132 1312 2159 0.921142
11 710 2132 742 2159 0.921218
11 261 3580 293 3607 0.921219
11 2317 1171 2349 1198 0.921239
11 2008 3153 2040 3180 0.921265
11 1587 2190 1619 2217 0.921271
11 2149 2087 2180 2114 0.921274
11 2317 723 2349 751 0.921279
11 1906 205 1938 232 0.921282
11 2038 700 2070 728 0.921345
11 2440 2144 2472 2171 0.921398
11 1151 2098 1183 2125 0.921418
11 855 712 886 739 0.921422
11 2164 1666 2196 1693 0.921477
11 1728 2167 1760 2194 0.92151
11 1869 2144 1901 2171 0.921518
11 1091 216 1124 243 0.921591
11 2164 1487 2196 1514 0.921595
11 933 712 965 739 0.921756
11 261 216 294 243 0.921901
11 696 194 728 221 0.921906
11 2164 147 2196 174 0.921918
11 622 712 654 739 0.922029
11 262 3119 293 3146 0.922047
11 1607 262 1639 289 0.922111
11 2231 2087 2263 2114 0.922126
11 1472 701 1504 728 0.922159
12 2008 2390 2042 2417 0.922331
11 2164 1194 2196 1220 0.922375
11 2446 700 2478 728 0.922581
11 543 712 575 739 0.922752
11 1446 2660 1478 2687 0.922951
11 854 216 886 243 0.923162
12 569 3435 603 3462 0.924976
12 569 3614 603 3640 0.925748
12 1445 3175 1480 3203 0.92781
1 145 408 214 490 0.943115
1 144 3579 213 3662 0.943394
1 146 901 214 982 0.945304
1 145 2344 214 2426 0.945628
1 145 1643 214 1725 0.946659
1 145 2835 214 2918 0.946922
10 150 136 214 314 0.959587
10 149 632 214 810 0.959715
10 150 1125 214 1304 0.959839
10 150 3061 214 3239 0.959997
10 150 2569 214 2746 0.960993
10 149 2075 214 2254 0.961222
10 149 1360 214 1540 0.961494
10 150 3299 214 3474 0.961542
