13 344 3622 384 3647 0.839951
12 1790 2983 1823 3009 0.898626
11 1881 1752 1913 1779 0.899842
13 311 2439 354 2466 0.899947
12 2027 1775 2061 1801 0.901494
11 1442 1753 1474 1779 0.901955
12 2027 1799 2061 1825 0.904217
11 1920 1243 1952 1270 0.904987
12 310 3621 344 3648 0.905705
11 1920 1197 1952 1224 0.90731
12 1789 3006 1823 3032 0.908057
9 1127 2882 1154 2953 0.908063
11 1098 3005 1130 3032 0.908446
13 555 1231 598 1258 0.908707
9 922 1674 948 1743 0.909583
11 2027 2394 2060 2421 0.910094
11 748 1752 780 1779 0.910108
9 1142 479 1168 547 0.911539
11 1663 2994 1694 3021 0.911603
15 310 1722 341 1769 0.912006
11 1639 1185 1671 1213 0.913214
11 2060 556 2092 584 0.913827
11 563 2949 595 2976 0.914398
12 2200 1186 2234 1213 0.914495
15 556 527 587 573 0.915177
12 694 1186 728 1213 0.915862
11 1779 545 1811 573 0.915879
12 2230 2972 2263 2999 0.916414
11 436 2949 468 2976 0.916445
11 1099 2949 1130 2976 0.916784
11 817 2949 849 2976 0.916819
11 835 545 866 572 0.916956
12 1046 2394 1079 2420 0.917059
11 1734 1729 1766 1756 0.917131
11 1536 2960 1568 2987 0.917217
11 1639 556 1672 584 0.917273
11 1662 2972 1695 2999 0.917378
11 1409 2949 1440 2976 0.917386
11 895 1741 926 1768 0.917453
11 602 1741 634 1768 0.917464
11 694 545 726 573 0.917479
11 835 602 867 629 0.917763
11 1046 1741 1078 1768 0.917915
11 1442 1809 1475 1836 0.917989
11 2291 2405 2323 2432 0.918164
11 1588 1741 1620 1768 0.918189
11 1261 546 1293 572 0.918264
11 975 556 1007 584 0.918276
11 455 1741 487 1768 0.918404
11 2027 2428 2060 2455 0.918589
11 1261 602 1293 630 0.918601
11 694 602 726 630 0.918891
11 975 614 1007 641 0.918945
11 1640 614 1672 641 0.919034
11 689 2960 722 2987 0.91905
15 311 2931 341 2977 0.91907
11 1536 2994 1568 3022 0.919294
11 748 1809 781 1836 0.919315
11 816 3005 849 3033 0.919358
11 1115 603 1147 630 0.919456
11 455 1798 488 1825 0.919493
11 563 3005 595 3033 0.919675
11 1115 546 1147 573 0.919787
11 1639 1220 1672 1248 0.919873
11 1282 2960 1314 2987 0.919996
11 1920 534 1952 561 0.920046
11 1735 1787 1767 1814 0.920177
12 2200 603 2235 629 0.920281
11 2291 2450 2324 2477 0.920386
11 1881 1786 1914 1814 0.920387
11 436 3006 468 3033 0.920434
11 602 1798 634 1825 0.920455
11 1779 614 1811 641 0.920635
11 1920 591 1952 618 0.920716
11 2060 591 2092 618 0.920926
11 895 1798 927 1825 0.921047
11 1046 1797 1078 1825 0.921394
12 311 3575 345 3602 0.921544
11 1588 1809 1621 1837 0.921998
11 1409 3017 1441 3044 0.922016
11 1282 3017 1314 3044 0.922884
11 689 3017 722 3044 0.923274
12 2230 3017 2264 3044 0.923589
12 2200 1232 2235 1259 0.924551
12 2201 546 2234 573 0.928996
1 338 1164 406 1245 0.947745
1 146 2371 213 2451 0.948886
1 145 3552 214 3633 0.949599
10 149 1649 214 1827 0.959842
10 342 453 406 631 0.960157
10 149 2856 214 3036 0.960782
