21 2529 3122 2553 3187 0.842231
15 2494 2085 2524 2135 0.842534
15 2495 3140 2524 3185 0.860421
11 552 2597 581 2621 0.881324
15 2293 3141 2323 3185 0.884579
21 1711 560 1736 635 0.885962
21 2529 2068 2553 2138 0.887129
21 1711 2441 1736 2515 0.892922
21 1710 1687 1736 1762 0.895685
11 551 1810 581 1835 0.903346
11 551 761 581 787 0.908171
15 1107 3140 1138 3186 0.909568
15 1107 2087 1137 2134 0.909628
11 928 748 960 776 0.91034
11 521 771 554 799 0.911024
11 1500 2572 1533 2600 0.912559
11 292 1854 325 1882 0.913158
11 522 2606 555 2634 0.913868
14 2456 3141 2489 3206 0.914892
21 1711 2066 1736 2139 0.915351
11 642 3158 674 3186 0.915506
11 522 1821 554 1848 0.916184
11 1898 3136 1930 3162 0.916833
11 928 1798 960 1825 0.917014
11 928 2584 960 2611 0.917127
11 1221 635 1254 662 0.91822
11 293 3204 325 3231 0.918348
11 1221 2470 1254 2497 0.918402
11 1501 1786 1533 1814 0.918622
11 892 3261 924 3288 0.918636
0 98 2817 122 3209 0.91866
11 1107 692 1138 719 0.918714
11 2302 3215 2334 3242 0.918882
11 1336 2504 1368 2531 0.919058
11 1501 738 1533 765 0.919253
11 734 1855 766 1882 0.91927
11 1336 669 1368 696 0.919492
11 1222 1684 1253 1710 0.919558
11 928 794 960 822 0.919567
11 1015 749 1047 776 0.919823
11 1015 1798 1047 1825 0.919882
11 1015 2584 1047 2611 0.919918
11 522 3250 554 3277 0.920042
11 407 3238 439 3265 0.920059
11 2019 3261 2051 3288 0.920066
11 734 2037 766 2064 0.92008
11 971 1855 1003 1882 0.920083
11 2302 2140 2334 2167 0.920235
11 407 1878 439 1905 0.920255
11 928 1843 960 1870 0.920264
11 1106 1740 1139 1768 0.920281
11 407 2665 439 2692 0.920319
11 1106 2527 1139 2555 0.920329
11 1863 3135 1895 3163 0.920376
11 734 3249 765 3276 0.920438
11 585 3158 618 3185 0.920592
11 927 2630 960 2657 0.920617
11 293 2048 325 2075 0.920856
11 1712 3238 1744 3265 0.920912
11 971 806 1003 833 0.920999
11 734 806 766 833 0.921203
11 971 2641 1003 2668 0.921207
11 1934 3226 1966 3253 0.921251
11 642 3192 674 3219 0.921289
11 293 2641 325 2668 0.921322
11 1826 3215 1859 3242 0.921475
11 407 829 439 856 0.921632
11 1898 3203 1930 3231 0.921752
11 1336 1717 1368 1744 0.921758
11 2134 3284 2166 3311 0.922478
11 734 2642 766 2668 0.923139
11 293 806 325 833 0.923213
11 849 3227 881 3253 0.92447
14 2455 2087 2489 2153 0.929808
1 145 556 213 636 0.945524
1 145 931 214 1013 0.945768
1 144 2059 214 2142 0.946074
1 146 3113 214 3194 0.947414
1 145 1683 213 1764 0.948334
1 146 2813 213 2893 0.949695
