11 1703 2123 1728 2143 0.883243
9 338 1409 359 1467 0.88329
11 2178 2101 2201 2120 0.883822
11 1248 3364 1271 3384 0.885333
8 320 892 339 944 0.885705
8 2392 2173 2413 2228 0.887619
11 1158 225 1190 252 0.887636
8 1249 3417 1269 3472 0.888307
11 663 226 695 252 0.889605
11 2390 2157 2414 2177 0.889763
9 1585 788 1606 844 0.890521
11 1248 3399 1270 3417 0.890777
11 1203 2112 1225 2131 0.890966
11 319 2721 342 2740 0.89103
11 1884 2135 1908 2155 0.891754
11 1566 838 1588 857 0.892364
14 393 2975 430 3041 0.894081
11 319 2067 341 2086 0.894256
11 319 1458 341 1477 0.89509
11 1495 2089 1518 2109 0.895137
11 319 1480 342 1500 0.898562
0 100 2721 122 3049 0.898774
11 1651 2109 1683 2136 0.899455
0 100 3362 122 3683 0.900601
11 380 881 410 907 0.901072
11 319 872 342 890 0.901461
11 1544 3421 1566 3440 0.901775
11 425 420 456 446 0.90197
11 2283 2721 2306 2740 0.902098
11 999 868 1031 895 0.903401
11 1998 869 2030 896 0.903722
11 1544 3364 1567 3383 0.904324
0 100 2101 122 2403 0.904983
11 2338 2155 2370 2182 0.905016
0 100 196 122 521 0.905458
11 1151 2695 1183 2722 0.905799
11 1151 2718 1182 2745 0.906331
0 100 833 122 1148 0.906652
11 930 2752 962 2779 0.907821
0 100 1466 122 1772 0.907878
11 2502 811 2534 838 0.909152
15 1873 275 1904 321 0.909256
11 362 2075 393 2102 0.909702
11 663 419 695 446 0.909866
11 1278 2695 1309 2722 0.910942
11 2259 846 2291 873 0.911742
21 2181 1517 2206 1588 0.912351
11 756 1063 788 1090 0.913079
11 365 1465 397 1492 0.913309
11 1564 2098 1596 2125 0.913673
11 1399 2695 1432 2722 0.913791
11 2259 822 2291 849 0.914223
11 2251 2108 2283 2135 0.91441
11 2138 834 2169 860 0.914535
11 1642 856 1674 884 0.914556
11 2502 834 2534 861 0.915114
11 738 3384 770 3411 0.915318
11 491 2992 523 3019 0.915406
11 1861 2706 1892 2733 0.915505
11 626 2074 657 2101 0.915557
11 1564 2121 1596 2148 0.915702
11 2434 2086 2465 2112 0.916034
11 349 213 381 241 0.916046
11 394 2729 425 2756 0.916067
11 582 225 614 252 0.916133
14 365 1713 399 1779 0.916171
11 607 1500 639 1527 0.916306
15 1915 1447 1946 1493 0.916317
11 685 1500 717 1527 0.916318
11 1245 2051 1277 2079 0.916491
11 1538 2752 1570 2779 0.916575
11 738 3624 770 3651 0.916621
11 764 2063 796 2090 0.91672
11 2063 259 2095 286 0.916733
11 1592 3349 1625 3376 0.916799
11 2338 2120 2369 2147 0.917008
11 765 2097 796 2124 0.917037
11 1901 1063 1933 1090 0.91709
11 1928 2074 1959 2101 0.917111
11 1707 1108 1739 1136 0.917342
11 1047 202 1079 229 0.917562
11 355 3315 387 3342 0.91766
11 1277 2728 1309 2756 0.917692
11 1963 3624 1995 3651 0.917732
11 1661 2740 1693 2767 0.917735
11 2137 857 2169 884 0.917761
11 929 2729 962 2756 0.917866
11 2255 225 2288 252 0.917869
12 1861 2741 1895 2767 0.918065
11 926 225 958 252 0.918155
11 2145 522 2177 549 0.91816
11 686 1477 717 1504 0.918204
11 1102 1511 1134 1538 0.918256
11 1442 2338 1474 2365 0.918262
11 447 1683 479 1710 0.918268
11 2259 1051 2292 1078 0.918287
11 2332 2683 2363 2710 0.918378
11 491 2314 523 2341 0.918412
21 1872 162 1898 235 0.918421
11 558 2291 590 2318 0.91843
11 738 3349 770 3376 0.918623
11 1871 3635 1903 3663 0.918644
11 2332 2946 2364 2973 0.918667
11 826 2314 857 2341 0.918813
11 583 202 614 229 0.918859
11 970 857 1002 884 0.918888
11 1786 499 1818 526 0.918889
11 1076 822 1108 849 0.919087
11 1047 236 1080 264 0.919132
11 785 2729 816 2756 0.919165
11 1732 2131 1764 2158 0.919169
11 1732 2337 1763 2364 0.919215
11 2101 1420 2133 1447 0.919241
11 2433 2349 2465 2376 0.919247
11 1490 225 1522 252 0.919248
11 2319 857 2351 884 0.919279
11 1927 2143 1959 2170 0.919312
11 541 3681 573 3708 0.919345
11 2481 3406 2513 3433 0.919365
11 663 202 695 229 0.919378
11 1829 1694 1861 1721 0.919439
11 1998 845 2030 873 0.919442
11 425 2337 457 2364 0.919444
11 1027 2934 1060 2961 0.919453
11 884 1511 916 1538 0.919486
11 1138 3394 1171 3422 0.919562
11 607 1477 640 1504 0.919564
11 450 3703 482 3730 0.919564
11 1871 3394 1903 3422 0.919571
11 2365 225 2398 252 0.919617
11 1611 545 1643 572 0.919635
11 1323 214 1356 241 0.919654
11 1873 465 1905 492 0.919723
11 2251 2142 2283 2170 0.919731
11 1871 3338 1903 3365 0.91974
11 1047 499 1079 526 0.919741
11 1732 2074 1764 2101 0.919767
11 349 385 381 412 0.919778
11 1089 2728 1121 2755 0.919782
11 1611 225 1643 252 0.919807
11 2117 3703 2149 3730 0.919813
11 983 2108 1015 2135 0.919822
11 2310 213 2343 241 0.919852
11 1076 857 1108 884 0.91987
11 1378 225 1411 252 0.919886
11 1073 2108 1105 2135 0.919887
11 685 2946 717 2973 0.919902
11 365 1489 397 1516 0.919909
11 826 2097 858 2124 0.919918
11 1399 2728 1433 2756 0.919923
11 2520 2074 2552 2101 0.91996
11 625 2258 657 2284 0.919967
14 379 1079 413 1147 0.920029
11 2182 1420 2214 1447 0.920051
11 2478 2683 2510 2710 0.920067
11 1196 822 1228 849 0.920078
11 1316 822 1348 849 0.920081
11 826 2051 858 2078 0.92009
11 1027 2097 1060 2124 0.92009
11 1556 237 1588 264 0.920119
11 1375 1488 1406 1515 0.920148
11 2481 3349 2513 3376 0.920174
11 2421 236 2453 264 0.920235
11 1000 1465 1031 1492 0.920252
11 1651 2085 1683 2113 0.920255
11 1376 834 1408 861 0.920263
11 2360 3349 2391 3376 0.920287
11 1613 846 1645 872 0.920288
11 1963 3406 1995 3433 0.920302
11 1538 3003 1570 3030 0.92033
11 1998 1028 2030 1055 0.920334
11 2124 2086 2156 2113 0.920347
11 608 1660 639 1687 0.920357
11 2477 225 2509 252 0.920357
11 1436 822 1468 849 0.920399
11 761 190 792 218 0.920419
11 2117 3349 2149 3376 0.920436
11 1963 3349 1995 3376 0.920443
11 2181 1717 2213 1744 0.920492
11 893 2108 925 2135 0.920516
11 1661 2980 1693 3007 0.920535
11 1915 1660 1947 1687 0.920548
11 506 408 538 434 0.920562
11 1268 202 1300 229 0.920565
11 1048 1489 1080 1515 0.920577
11 2200 236 2232 264 0.920608
11 1017 3349 1049 3376 0.920636
11 1592 3406 1624 3433 0.920639
11 2420 3361 2452 3387 0.920643
11 2453 1432 2485 1458 0.920681
11 1429 1500 1461 1527 0.920708
11 2124 2360 2156 2388 0.920734
11 1861 2923 1893 2950 0.920735
11 1296 3348 1329 3376 0.92074
11 1603 1512 1635 1539 0.920744
11 349 191 381 218 0.920775
11 2178 3360 2209 3387 0.920794
11 1803 1086 1836 1113 0.920799
11 1779 3624 1811 3651 0.92081
11 1658 1739 1690 1767 0.920827
11 582 431 614 458 0.920843
11 1245 2120 1277 2147 0.920867
11 896 3372 928 3399 0.920872
11 640 3658 672 3685 0.920874
11 871 213 903 241 0.920878
11 1213 213 1246 241 0.920881
11 2433 2143 2465 2170 0.920884
11 1497 811 1528 838 0.920901
11 661 1097 692 1124 0.920914
21 1914 1517 1940 1588 0.920961
11 1256 811 1288 838 0.920962
11 820 1500 852 1527 0.920964
11 1117 2097 1150 2124 0.920991
11 1138 3349 1171 3376 0.921007
11 1211 1500 1243 1527 0.921035
11 685 1694 717 1721 0.921043
11 1136 834 1168 860 0.921077
11 1744 1717 1776 1744 0.921093
11 1564 2303 1596 2330 0.921102
11 2251 2326 2283 2353 0.92111
11 1818 2120 1850 2147 0.921128
11 2078 2717 2110 2744 0.921201
11 2379 845 2411 872 0.921214
11 957 3361 988 3387 0.921225
11 1296 3406 1328 3433 0.921228
11 2234 2717 2266 2744 0.921309
11 1439 3418 1471 3445 0.921317
11 528 1671 559 1698 0.921327
11 1438 3360 1470 3387 0.921343
11 1599 2740 1632 2767 0.921346
11 2531 213 2564 241 0.921359
11 1320 1477 1353 1504 0.921371
11 2520 2132 2552 2159 0.921381
11 1309 2383 1341 2410 0.921398
11 472 1143 504 1170 0.921412
11 981 213 1014 241 0.921422
11 1102 1477 1135 1504 0.921456
11 2117 3418 2149 3445 0.921472
11 1295 3612 1328 3639 0.921545
11 1538 1500 1571 1527 0.921591
11 785 2912 816 2939 0.92163
11 1076 1119 1108 1146 0.921649
11 1156 1488 1189 1515 0.921712
11 937 2119 970 2147 0.921775
11 1658 1499 1691 1527 0.9218
11 1102 213 1135 241 0.92181
11 2236 1431 2267 1458 0.92184
11 816 202 848 229 0.921842
14 1491 447 1525 513 0.921844
11 1476 2740 1509 2767 0.921856
11 939 1500 971 1527 0.921938
11 2238 3371 2270 3399 0.921994
11 1990 2405 2023 2432 0.921999
11 1761 2957 1793 2984 0.922055
11 1922 2717 1955 2744 0.922124
11 2399 1420 2431 1447 0.922157
11 1442 2074 1474 2101 0.922195
11 765 1489 797 1515 0.922395
11 585 2969 617 2996 0.922412
11 1265 1489 1298 1516 0.922486
14 1979 277 2014 343 0.92262
11 564 1119 596 1146 0.922643
11 1375 2360 1407 2387 0.922648
11 2345 1431 2376 1458 0.922691
11 1078 3361 1110 3387 0.922692
11 2299 3360 2331 3387 0.922703
11 1686 3612 1718 3639 0.922812
11 1102 1774 1134 1801 0.922844
11 2508 1420 2540 1447 0.922861
14 1246 2342 1280 2409 0.923028
11 1199 3360 1231 3387 0.923081
11 2172 2729 2204 2756 0.923093
11 2058 2383 2090 2410 0.923106
11 1984 2706 2016 2733 0.923136
11 1699 522 1731 549 0.923167
11 824 3360 857 3387 0.923187
11 2290 1443 2322 1470 0.923434
11 354 3371 387 3399 0.923436
14 702 2103 735 2168 0.925704
14 1613 1080 1646 1146 0.925836
14 1401 2974 1434 3041 0.930504
14 2020 1447 2054 1513 0.933128
14 1929 2343 1962 2407 0.933165
14 363 2343 396 2409 0.935228
14 876 794 911 859 0.936212
14 1591 3605 1626 3670 0.937575
14 1539 1712 1573 1776 0.938877
14 355 3605 389 3673 0.942208
1 145 3577 214 3660 0.942925
1 145 1051 214 1134 0.947369
1 144 2315 213 2397 0.948058
1 146 2947 213 3026 0.949142
1 145 420 213 500 0.949698
1 145 1682 214 1765 0.949899
10 150 2052 214 2230 0.958773
10 149 2683 213 2860 0.959199
10 150 787 215 966 0.959601
10 150 3316 213 3492 0.961071
10 149 1419 214 1597 0.96121
10 150 157 214 333 0.961937
