13 293 498 336 525 0.90448
15 913 2087 944 2134 0.906205
21 2288 2441 2313 2514 0.906475
15 2403 1711 2434 1757 0.90703
21 2288 2067 2313 2139 0.908111
15 1570 958 1601 1005 0.908464
15 1570 2087 1600 2133 0.909699
21 2288 937 2313 1010 0.911089
21 2484 1688 2510 1761 0.912843
11 547 1706 579 1733 0.914457
11 1651 897 1683 924 0.915654
11 546 2527 578 2554 0.915752
15 1242 1710 1272 1757 0.915817
15 914 2463 944 2510 0.915976
11 1960 2003 1993 2030 0.917137
11 1241 954 1273 981 0.917227
21 1241 2442 1266 2513 0.917316
11 1241 2174 1274 2201 0.918406
0 98 2817 122 3209 0.918413
11 293 2128 325 2156 0.918814
11 1652 2048 1683 2075 0.918926
11 292 874 325 901 0.919282
14 548 960 582 1026 0.91932
11 1651 2459 1683 2486 0.920126
11 293 1342 325 1368 0.920281
11 914 1011 946 1038 0.920345
11 2289 1342 2321 1368 0.920613
11 913 1763 946 1791 0.920659
11 1961 2538 1994 2566 0.92108
11 730 2550 762 2577 0.921183
11 1961 1022 1993 1049 0.92127
11 293 2504 325 2532 0.921625
11 1652 1342 1683 1368 0.921722
11 293 1764 325 1791 0.921761
14 1886 2464 1921 2530 0.923777
14 1886 2087 1921 2156 0.925248
21 1569 1689 1594 1761 0.925345
14 1167 960 1202 1027 0.925576
14 1886 960 1921 1027 0.927165
14 1167 1713 1202 1780 0.933245
14 2216 2465 2249 2531 0.933819
14 547 2088 581 2156 0.93616
14 2215 2088 2249 2155 0.937132
14 2215 961 2249 1027 0.937162
14 1496 960 1530 1026 0.938503
14 1496 2087 1529 2155 0.94095
1 145 931 214 1014 0.945547
1 145 556 212 636 0.946073
1 144 2058 214 2142 0.946091
1 146 3113 214 3194 0.947379
1 145 1683 213 1764 0.948246
1 146 2813 213 2893 0.949626
