0 102 3437 123 3737 0.887092
11 2041 1572 2073 1598 0.888767
0 101 1624 123 1923 0.891148
11 1353 1617 1384 1644 0.896526
11 314 1003 345 1030 0.89878
11 1172 2468 1204 2495 0.90209
15 943 415 974 462 0.903384
15 944 1656 975 1704 0.905348
11 1024 478 1056 505 0.905698
11 318 2479 349 2506 0.907546
21 747 2463 772 2534 0.907934
15 942 1204 974 1252 0.908849
21 747 2068 772 2139 0.910708
15 1622 1655 1652 1703 0.913673
21 1023 986 1048 1059 0.914618
11 285 1014 318 1042 0.914926
11 1807 1189 1839 1216 0.91534
21 2378 1634 2403 1706 0.916337
11 1603 2468 1635 2496 0.916661
11 317 2433 349 2460 0.916738
11 1124 1572 1156 1599 0.916752
11 313 957 345 984 0.917247
11 701 1224 732 1251 0.917765
11 289 2492 321 2519 0.917784
11 1213 1560 1245 1588 0.917992
15 2299 1655 2330 1703 0.918119
11 317 2050 349 2077 0.918357
11 1295 422 1327 449 0.918763
11 1024 1594 1056 1621 0.918981
11 2041 992 2073 1019 0.919021
11 1024 1201 1056 1228 0.919099
11 512 1606 544 1633 0.919132
11 413 1594 444 1621 0.919176
11 558 1514 590 1542 0.919432
11 1255 1584 1287 1611 0.919707
11 834 1617 866 1645 0.919757
11 313 1269 345 1296 0.919791
11 1621 433 1654 460 0.919885
11 1353 1177 1384 1204 0.919949
11 2379 992 2411 1019 0.919982
11 313 410 345 437 0.920144
11 1680 467 1712 494 0.920216
11 701 388 732 414 0.920737
11 601 1549 634 1576 0.920823
11 1212 444 1244 471 0.920832
11 1621 1269 1654 1296 0.920933
11 601 490 633 517 0.921126
11 601 1515 633 1541 0.921224
11 512 433 545 460 0.92124
11 800 1583 832 1610 0.921309
11 701 1606 733 1633 0.921417
11 313 1560 345 1587 0.921601
11 1452 1641 1484 1667 0.921651
11 1169 1491 1201 1519 0.922038
11 1212 1492 1245 1519 0.923275
14 1808 415 1841 481 0.936858
14 1353 415 1387 482 0.936931
14 2227 1656 2261 1724 0.938253
1 145 2456 213 2538 0.944861
1 145 1178 213 1260 0.945245
1 145 585 213 666 0.94625
1 144 2851 213 2934 0.94634
1 145 387 214 469 0.947267
1 145 1630 212 1710 0.948097
1 146 3445 212 3526 0.949004
1 146 3635 213 3714 0.949027
1 145 2260 213 2340 0.949566
1 145 1818 214 1900 0.949644
1 145 3049 213 3130 0.949845
1 145 980 213 1061 0.951047
