21 710 1219 735 1293 0.886151
21 1664 411 1689 485 0.887783
21 1602 413 1627 483 0.890363
21 1010 2591 1034 2665 0.896793
0 292 966 316 1322 0.898143
21 2506 3434 2531 3508 0.898207
21 1602 1221 1626 1292 0.899383
21 318 2313 343 2385 0.900105
21 2034 412 2059 485 0.900481
21 1882 1221 1907 1293 0.90133
21 1058 1535 1084 1609 0.901699
21 2228 411 2252 484 0.902013
13 1171 767 1215 794 0.902545
21 1298 1219 1323 1293 0.902702
21 592 3434 617 3508 0.90306
21 2034 1221 2059 1293 0.903225
21 2441 1221 2466 1293 0.903629
21 919 2592 944 2666 0.904664
21 1752 1221 1777 1292 0.905016
21 996 1220 1020 1294 0.905347
12 2441 2679 2474 2705 0.905483
15 1076 2615 1106 2661 0.905546
21 1281 3436 1306 3508 0.906213
0 100 2871 122 3217 0.906399
21 1009 3121 1034 3194 0.906414
21 1536 1535 1561 1609 0.906426
21 2313 1221 2338 1294 0.907052
21 2376 1536 2401 1609 0.907285
21 1170 1220 1195 1295 0.907311
21 2372 3434 2398 3508 0.907504
21 571 1220 597 1296 0.907531
21 866 1221 891 1293 0.907561
21 854 3122 879 3194 0.90762
21 2163 974 2188 1047 0.908308
21 719 2875 744 2947 0.908353
21 385 3436 411 3508 0.908565
21 2163 1220 2188 1294 0.908782
21 853 2874 878 2946 0.909592
21 571 972 597 1048 0.909807
21 720 3121 745 3194 0.909938
21 1233 1535 1258 1609 0.910128
21 1472 1220 1497 1294 0.910407
21 1361 1536 1386 1609 0.910415
21 1752 975 1778 1047 0.910611
21 1531 2873 1557 2947 0.910767
21 1945 1535 1970 1609 0.910937
21 1847 3121 1872 3194 0.910964
21 2440 2874 2466 2946 0.911314
11 1711 3498 1743 3526 0.911387
21 1815 1535 1840 1609 0.911387
21 495 2311 520 2384 0.911473
21 2151 2874 2177 2946 0.911531
21 2099 1535 2124 1610 0.911558
21 996 973 1021 1046 0.911696
12 2019 2678 2052 2705 0.911705
21 2313 974 2339 1047 0.911997
21 784 3435 810 3510 0.912419
12 1397 2667 1432 2694 0.912483
11 2035 1609 2068 1637 0.912488
21 1009 2875 1034 2947 0.912507
21 2441 3121 2466 3193 0.912581
21 1664 1535 1689 1609 0.912631
21 2441 975 2466 1048 0.912669
21 929 1535 955 1610 0.91305
11 1602 1633 1634 1660 0.913137
21 919 3435 945 3509 0.913144
21 2307 3121 2333 3195 0.913203
11 1299 1633 1331 1660 0.913312
21 2100 692 2125 765 0.91332
21 2217 3435 2242 3509 0.913321
21 592 2312 617 2385 0.913326
21 1710 3121 1735 3195 0.913522
21 2018 2875 2043 2947 0.91359
9 1150 2624 1176 2692 0.913624
11 1922 2678 1954 2705 0.913671
21 2307 2873 2333 2948 0.913735
21 1074 3436 1099 3507 0.913858
21 1602 975 1626 1045 0.913961
21 1710 2874 1735 2948 0.914
21 1599 2592 1623 2665 0.914251
21 1847 2875 1872 2947 0.914289
21 495 2874 520 2947 0.914315
21 2083 3435 2109 3509 0.914394
21 1396 3121 1422 3194 0.914398
9 461 2624 487 2692 0.914524
21 2019 3123 2043 3193 0.914611
21 635 1536 660 1610 0.914802
11 1397 3499 1429 3526 0.915065
15 386 2615 417 2660 0.915164
21 1532 3121 1556 3195 0.915187
21 318 2874 343 2947 0.915272
11 854 2678 886 2705 0.915434
21 1598 3436 1624 3509 0.915533
11 720 3487 752 3515 0.915722
21 1881 974 1907 1045 0.915851
21 1472 974 1497 1047 0.916187
21 1170 972 1195 1048 0.916382
21 1396 2875 1421 2947 0.916406
11 386 2352 418 2379 0.916423
11 1010 3488 1042 3515 0.916551
21 1463 3436 1488 3508 0.91658
11 2099 452 2131 478 0.916654
11 319 3590 351 3618 0.916727
21 2034 974 2059 1045 0.916858
11 1665 1261 1696 1287 0.916877
21 318 3120 344 3196 0.916943
11 319 3511 351 3538 0.917
21 1298 972 1324 1047 0.917076
11 711 1690 743 1717 0.917126
11 2441 3533 2473 3561 0.917225
11 711 1609 744 1637 0.917313
11 319 2678 351 2705 0.917588
21 1710 2592 1735 2666 0.917623
11 573 778 605 805 0.917624
21 496 3120 521 3194 0.917653
21 774 1536 800 1609 0.917703
12 2307 2689 2342 2717 0.917716
21 866 973 891 1047 0.917723
11 2307 3488 2340 3515 0.917723
11 572 1575 604 1602 0.917754
11 2164 451 2196 478 0.917881
11 636 1260 668 1287 0.917952
21 1184 2874 1210 2946 0.918053
11 386 2317 418 2344 0.918219
11 573 1656 605 1683 0.91828
11 1059 1260 1091 1287 0.918281
21 2227 1536 2252 1608 0.918298
11 1532 2667 1564 2694 0.918445
11 775 1260 807 1287 0.918476
21 2152 3122 2177 3194 0.918531
11 1532 3533 1564 3561 0.918547
11 386 2868 418 2895 0.918635
21 710 973 736 1045 0.918652
21 2506 1536 2531 1608 0.918684
11 866 1575 898 1602 0.918728
11 1537 440 1569 467 0.91884
11 496 3545 528 3572 0.91886
11 1361 1261 1393 1288 0.918868
11 1599 2857 1631 2884 0.918921
11 1298 1712 1331 1739 0.918928
11 930 1261 962 1288 0.918957
11 1474 440 1505 467 0.918994
11 1778 2857 1810 2883 0.919136
11 1185 2679 1217 2706 0.919187
11 1473 394 1505 421 0.919329
11 1234 1261 1266 1288 0.919366
11 1464 2857 1496 2883 0.919383
11 2218 2868 2250 2895 0.919392
11 1185 3533 1217 3560 0.919501
11 2314 1678 2346 1705 0.919544
11 996 1609 1029 1637 0.919566
11 2442 789 2474 816 0.919642
11 544 2690 577 2717 0.919698
11 1923 2856 1955 2884 0.919716
11 1075 2868 1107 2895 0.919733
11 636 990 668 1017 0.919821
11 2018 3510 2050 3537 0.919838
11 2084 2868 2116 2895 0.919848
21 1184 3120 1210 3194 0.919876
11 2152 3533 2184 3560 0.919891
11 2376 789 2408 816 0.920013
11 1171 1598 1203 1625 0.920039
11 853 3533 886 3561 0.920054
11 997 1690 1029 1717 0.92008
11 1882 1644 1914 1671 0.920116
11 2227 1249 2259 1276 0.920139
11 433 2689 465 2716 0.920151
11 1233 2690 1265 2717 0.920154
11 1537 1260 1569 1287 0.920178
11 1397 3579 1429 3606 0.920188
11 1753 1598 1785 1625 0.920189
11 1171 1678 1203 1705 0.920209
11 496 2679 528 2706 0.920215
11 636 766 668 793 0.920243
11 1753 1678 1785 1705 0.920245
11 1473 1678 1505 1706 0.920252
11 1946 1249 1978 1276 0.92036
11 1778 3533 1810 3560 0.920392
11 2376 1249 2408 1276 0.920411
11 1282 2678 1314 2705 0.920432
11 386 3149 418 3176 0.920465
11 1664 990 1697 1017 0.920473
11 2035 778 2067 805 0.920476
11 2377 968 2408 994 0.920511
11 1011 3568 1042 3594 0.920532
11 1711 3579 1743 3606 0.920548
11 641 2689 674 2716 0.920593
11 593 2678 625 2705 0.920601
11 1778 2701 1810 2728 0.920606
11 866 1655 898 1683 0.920744
11 1075 3138 1107 3165 0.920749
11 1815 1249 1847 1276 0.920812
11 1234 990 1266 1017 0.920819
11 1753 766 1785 793 0.920875
11 930 990 962 1017 0.920877
11 1122 2689 1155 2717 0.920897
11 2099 1249 2132 1276 0.920975
11 1536 394 1569 421 0.921013
11 2228 968 2259 994 0.921022
11 2099 417 2131 444 0.921051
11 2218 3138 2250 3165 0.921139
11 2164 416 2196 443 0.921156
11 1946 778 1978 805 0.921192
11 1778 3138 1810 3165 0.921225
11 1599 3138 1631 3165 0.921279
11 2308 3568 2340 3595 0.921307
11 775 990 807 1017 0.921335
11 2035 1690 2067 1717 0.92134
11 1464 3138 1496 3165 0.92136
11 867 744 898 770 0.921362
11 1815 789 1847 816 0.921362
11 592 2868 624 2895 0.92142
11 775 743 807 770 0.92143
11 1922 3510 1955 3538 0.92144
11 2018 3590 2050 3617 0.92144
11 1361 990 1393 1018 0.921505
11 2507 2868 2539 2895 0.921572
11 2314 1598 2346 1625 0.921581
11 2507 766 2539 793 0.921602
11 2314 766 2346 793 0.921639
11 2442 1644 2474 1671 0.921858
11 930 732 962 759 0.921862
11 1537 990 1569 1017 0.921867
11 720 3568 752 3594 0.921875
11 2373 2868 2405 2895 0.921938
11 2507 967 2539 994 0.921978
11 2100 968 2132 994 0.922003
11 1059 990 1091 1017 0.92201
11 1282 2868 1314 2895 0.922044
11 711 755 743 782 0.922044
11 592 3149 625 3177 0.92213
11 1882 766 1914 793 0.922152
11 2084 3138 2116 3165 0.922199
11 920 2868 952 2895 0.922209
11 786 2868 818 2895 0.922215
11 1848 2690 1881 2717 0.922319
11 2507 1249 2539 1276 0.922347
11 1816 968 1847 994 0.922378
11 1848 3522 1881 3549 0.922499
11 1473 1598 1505 1625 0.922714
11 920 3138 952 3165 0.922776
12 997 721 1031 747 0.922934
11 2441 3613 2473 3640 0.922949
11 786 3138 818 3165 0.923019
11 1922 3138 1955 3165 0.923029
11 1946 968 1978 994 0.923281
11 2507 3138 2539 3165 0.923289
11 1282 3138 1314 3165 0.92342
11 1602 1713 1634 1740 0.923605
11 2164 1644 2196 1671 0.923666
11 2373 3138 2405 3165 0.923699
12 2152 2656 2186 2682 0.923731
12 720 2678 755 2705 0.92528
1 337 1215 407 1298 0.945792
1 337 1529 407 1612 0.946327
1 145 3115 214 3198 0.946363
1 144 3430 214 3513 0.946494
1 338 967 407 1049 0.949469
1 145 2867 214 2950 0.949682
10 150 2260 214 2440 0.960094
10 342 639 407 816 0.960576
10 342 359 407 538 0.961385
10 149 2540 213 2719 0.961865
