15 2279 948 2310 996 0.900835
11 1383 1812 1415 1839 0.902905
11 724 1139 756 1166 0.904932
11 1383 3008 1415 3035 0.905064
15 1751 949 1782 995 0.90641
15 1002 2125 1033 2172 0.907534
15 1002 949 1033 995 0.909675
15 1002 210 1032 255 0.912137
11 293 1093 325 1120 0.912382
11 1298 1024 1330 1051 0.913956
11 622 1047 654 1074 0.914407
21 2365 928 2391 1002 0.914573
11 532 1138 564 1165 0.914636
11 1382 585 1414 613 0.915239
15 1002 3161 1033 3207 0.915958
11 1089 643 1120 670 0.917427
11 293 147 325 174 0.917615
11 1089 216 1121 243 0.917683
11 1089 3065 1121 3092 0.918225
0 98 2837 122 3227 0.918372
11 579 1047 611 1074 0.918387
11 1298 1093 1330 1120 0.918871
11 724 125 756 152 0.919034
11 1751 171 1783 197 0.919057
11 1798 3054 1830 3081 0.919086
11 412 1127 445 1155 0.919176
11 1089 1869 1121 1896 0.919176
11 622 1081 654 1109 0.919265
11 1798 1858 1830 1885 0.919361
15 1002 579 1032 626 0.919529
11 622 3077 654 3104 0.91973
11 622 1881 654 1907 0.919797
11 844 1115 876 1142 0.919881
11 1751 598 1783 625 0.920103
11 1798 205 1830 232 0.920114
11 2002 1105 2034 1132 0.920132
11 293 1801 325 1828 0.920139
11 1341 1116 1373 1143 0.920336
11 622 227 655 254 0.920385
11 1751 3020 1783 3047 0.920453
11 1798 632 1830 659 0.920455
11 1751 1824 1783 1851 0.920465
11 293 2997 325 3024 0.920511
11 622 655 654 682 0.920568
11 1089 1127 1121 1154 0.920655
11 532 170 564 198 0.920715
11 1255 1024 1287 1052 0.920731
11 1299 1835 1330 1862 0.920758
11 1383 159 1414 186 0.920783
11 1438 1150 1470 1178 0.920798
11 1299 3031 1330 3058 0.920905
11 1298 609 1330 636 0.921014
11 293 575 325 603 0.921058
11 724 552 756 579 0.921187
11 1298 182 1330 209 0.921209
11 1209 1105 1241 1132 0.921343
11 724 2974 756 3001 0.92156
11 887 1150 919 1178 0.921671
11 532 1824 565 1851 0.921697
11 724 1778 756 1805 0.922078
11 532 3020 564 3047 0.922243
11 1557 1173 1589 1200 0.922372
11 532 598 564 625 0.922497
14 1438 580 1472 646 0.922822
14 1924 580 1959 647 0.924475
14 1926 2125 1959 2191 0.930588
14 1438 212 1471 277 0.931224
14 1438 2127 1471 2192 0.931659
14 1925 210 1958 277 0.931971
14 2201 949 2235 1017 0.934997
14 1925 3161 1959 3228 0.938376
14 1438 3162 1472 3228 0.938775
1 145 553 213 633 0.945506
1 145 1662 213 1743 0.946655
1 145 2836 214 2919 0.947583
1 144 920 214 1003 0.948146
1 145 2097 214 2179 0.948779
1 145 3133 214 3214 0.950964
