15 1013 206 1043 253 0.90932
15 2310 959 2342 1007 0.911239
15 1743 958 1773 1006 0.912254
11 1296 1035 1329 1062 0.913629
15 1013 2463 1044 2510 0.913949
15 1013 958 1043 1006 0.913995
11 644 1058 677 1085 0.916365
11 438 1137 471 1165 0.917456
11 1090 2482 1122 2509 0.917797
11 321 1103 353 1130 0.917956
0 98 2817 122 3209 0.918456
11 1090 1137 1122 1164 0.918532
11 1379 2425 1411 2451 0.91878
11 1856 271 1888 298 0.91883
11 645 2493 677 2520 0.918955
11 321 214 353 241 0.919176
11 557 157 589 184 0.919227
11 556 2436 589 2463 0.919431
11 1800 2470 1832 2498 0.919456
11 601 1058 633 1085 0.91947
11 861 1126 893 1153 0.919506
11 645 1092 677 1119 0.919584
11 2049 1115 2081 1142 0.920073
11 557 1149 589 1176 0.920387
11 1741 2436 1773 2463 0.920425
11 321 2414 353 2440 0.920459
11 1296 248 1328 275 0.920776
11 1208 1115 1240 1142 0.920846
11 1555 1183 1587 1210 0.920878
11 1340 1126 1372 1153 0.920923
11 644 237 677 264 0.921066
11 743 1148 776 1176 0.921224
11 1742 237 1774 264 0.921335
11 1090 271 1122 298 0.921384
11 1253 1035 1285 1062 0.921804
11 905 1160 937 1187 0.922176
11 743 2390 775 2417 0.922716
11 1297 1103 1329 1130 0.923351
11 1296 2447 1328 2475 0.923444
11 1437 1160 1469 1187 0.923446
21 2388 938 2413 1011 0.925308
14 1978 2464 2012 2531 0.926643
14 744 208 777 274 0.927268
14 1438 2464 1472 2530 0.928001
14 1438 208 1471 274 0.929162
14 1978 207 2012 274 0.935126
14 2239 960 2274 1027 0.938478
1 145 931 213 1013 0.944228
1 145 556 213 637 0.944811
1 146 3113 214 3194 0.947072
1 145 2059 214 2142 0.947285
1 145 1683 213 1765 0.948346
1 145 2813 213 2893 0.949008
