13 2235 896 2278 923 0.878549
12 2236 3005 2271 3033 0.885662
13 2237 873 2277 899 0.894884
13 2235 917 2277 945 0.89506
11 261 3052 294 3079 0.899483
12 2234 2982 2271 3011 0.90008
12 2235 3028 2271 3055 0.902126
11 1920 839 1952 866 0.90242
12 261 225 296 252 0.906326
12 2236 2950 2270 2977 0.90685
11 2489 1976 2521 2003 0.906885
13 2236 259 2278 285 0.908391
11 1863 1214 1895 1241 0.913029
11 2489 2983 2520 3010 0.914515
11 697 1213 729 1240 0.915232
11 2058 1214 2090 1241 0.915563
11 2108 884 2140 911 0.9163
11 428 3051 460 3079 0.916304
11 1407 1214 1439 1241 0.916894
11 303 884 335 911 0.917759
11 1754 884 1786 911 0.917784
11 1619 884 1651 911 0.917925
11 562 3052 594 3079 0.918041
11 1570 1214 1603 1241 0.918161
11 697 884 729 911 0.918234
11 1974 1191 2006 1218 0.918484
11 2489 2312 2521 2339 0.918509
11 1863 2994 1895 3021 0.918727
11 1154 884 1186 911 0.918758
11 1299 850 1331 877 0.918891
11 1103 1214 1136 1241 0.918989
11 697 213 729 240 0.919041
11 1052 213 1084 240 0.919132
11 2489 3018 2521 3045 0.919134
11 467 941 499 968 0.919305
11 646 1179 678 1206 0.919533
11 345 895 377 923 0.919577
11 2235 1225 2267 1253 0.919788
11 1619 236 1651 263 0.919801
11 697 3040 729 3067 0.920042
11 840 2949 872 2976 0.920096
11 1299 3017 1331 3044 0.920107
11 2321 1203 2353 1230 0.920163
11 840 1203 872 1230 0.92024
11 261 872 293 900 0.920257
11 840 850 872 877 0.920286
11 386 906 418 933 0.920289
11 1571 2926 1603 2953 0.920298
11 1467 2949 1499 2976 0.920299
11 2108 236 2140 263 0.920356
11 1104 2983 1136 3010 0.920379
11 345 2949 377 2976 0.920385
11 262 1203 293 1230 0.920446
11 2489 1595 2521 1622 0.920454
11 1754 236 1786 263 0.920487
11 1974 213 2006 240 0.920531
11 1104 224 1136 251 0.920539
11 1754 3017 1786 3044 0.920574
11 509 2949 541 2976 0.920596
11 1863 190 1895 217 0.920597
11 1052 850 1084 877 0.920602
11 1407 3006 1439 3033 0.920658
11 1359 2960 1391 2987 0.920663
11 508 953 540 980 0.920664
11 1104 861 1136 888 0.920669
11 938 3006 970 3033 0.920697
11 1299 1179 1331 1207 0.920712
11 646 2949 678 2976 0.920789
11 2108 1237 2140 1264 0.920822
11 1974 850 2006 877 0.920843
11 1153 3006 1186 3033 0.920845
11 1920 2960 1952 2987 0.920934
11 2108 2938 2141 2965 0.920977
11 562 919 594 946 0.920979
11 2016 861 2048 888 0.921021
11 1974 2960 2006 2987 0.921091
11 1516 2983 1548 3010 0.921446
11 562 1203 594 1230 0.921468
11 603 907 636 934 0.921486
11 1298 213 1331 240 0.921512
11 938 850 969 876 0.921608
11 1814 2960 1846 2987 0.92161
11 1154 236 1186 263 0.921619
11 645 895 678 922 0.921685
11 1052 1191 1084 1217 0.921768
11 2157 2960 2189 2987 0.921782
11 1516 1179 1548 1207 0.921793
12 1407 873 1442 900 0.921804
11 998 2972 1029 2998 0.921858
11 889 2972 921 2999 0.921907
11 2489 1145 2521 1173 0.921913
11 1863 827 1895 854 0.922006
11 757 2960 790 2987 0.922085
11 2403 1179 2435 1206 0.92223
11 1052 2960 1084 2987 0.92224
11 1619 2960 1651 2987 0.922257
11 1154 1237 1186 1264 0.922285
11 937 1237 969 1264 0.922319
11 2058 2914 2090 2941 0.922332
11 2057 873 2090 900 0.922459
11 1668 3017 1700 3044 0.922514
11 427 919 460 946 0.922517
11 1620 1237 1652 1264 0.922605
11 1754 1191 1786 1218 0.92277
12 1408 225 1442 251 0.922926
11 427 1225 460 1253 0.92307
0 99 2929 123 3303 0.923926
11 1214 2983 1246 3010 0.924143
12 840 202 874 228 0.924851
0 97 872 122 1258 0.925454
1 145 2232 213 2314 0.943532
1 145 1157 213 1239 0.945334
1 145 2578 213 2660 0.94764
1 146 3209 214 3291 0.949212
10 149 480 214 658 0.958319
10 151 2881 215 3056 0.959392
10 150 827 214 1005 0.959448
10 149 1492 214 1671 0.960554
10 149 132 214 310 0.960555
10 149 1838 214 2017 0.961864
