11 1248 704 1280 731 0.829603
21 2475 939 2499 1010 0.882792
15 2430 958 2463 1006 0.885427
15 2430 582 2462 632 0.886931
21 2474 2068 2500 2138 0.887532
21 2475 3120 2500 3191 0.892428
15 2431 2839 2463 2885 0.893578
15 2431 2088 2463 2135 0.893636
15 2431 3139 2463 3186 0.895865
21 2476 2819 2500 2889 0.898363
14 2388 2089 2421 2151 0.899562
21 2475 563 2499 627 0.901831
15 2430 2463 2461 2510 0.909123
15 939 2840 968 2886 0.911334
11 603 3158 636 3186 0.911488
11 603 2733 636 2760 0.91358
15 939 3141 968 3186 0.914146
11 1334 2778 1366 2805 0.915923
15 2002 2839 2033 2886 0.916263
11 1333 989 1365 1016 0.91635
11 1154 943 1186 971 0.916551
15 2003 958 2034 1005 0.916817
21 1333 2066 1358 2140 0.917215
11 1665 2585 1697 2612 0.917421
15 2002 3139 2033 3186 0.917498
11 408 2778 440 2805 0.917768
11 2203 647 2235 674 0.917872
11 2203 2756 2235 2783 0.917899
11 2203 2619 2235 2646 0.918009
11 522 1980 554 2008 0.918033
11 293 1946 326 1973 0.918058
11 293 3204 325 3232 0.918489
11 938 1946 970 1973 0.91855
11 2203 3215 2235 3243 0.918614
11 522 704 554 731 0.918688
11 1448 3216 1480 3243 0.918869
11 1535 3135 1567 3162 0.918944
11 2002 2584 2034 2611 0.919024
11 603 2698 636 2725 0.919075
11 1664 3260 1696 3288 0.919184
11 1665 977 1696 1004 0.919215
11 293 658 325 686 0.919248
11 1448 2584 1480 2611 0.919251
11 2246 2585 2279 2612 0.919381
11 560 2699 592 2726 0.919422
11 696 3250 728 3277 0.919427
11 854 3261 886 3288 0.919444
11 1448 716 1481 743 0.919449
11 560 3158 592 3186 0.919474
11 407 3238 439 3265 0.919504
11 407 682 439 708 0.919581
11 1535 2744 1567 2772 0.919597
0 98 2818 122 3209 0.919624
11 1333 3238 1366 3265 0.919868
11 522 3250 554 3277 0.919923
11 2289 2584 2322 2612 0.919965
11 854 2801 886 2828 0.919994
11 293 2744 325 2771 0.919996
11 2002 716 2034 743 0.920001
11 1535 3204 1567 3231 0.920061
11 1046 693 1078 720 0.9201
11 407 1000 439 1027 0.920103
11 1665 670 1697 697 0.920131
11 1046 1023 1078 1050 0.920201
11 938 1000 970 1026 0.920321
11 811 2767 843 2794 0.920355
11 522 1011 554 1038 0.920392
11 696 1969 728 1995 0.920448
11 522 2790 554 2816 0.920535
11 1579 2767 1611 2793 0.920549
11 1779 3283 1811 3311 0.920562
11 811 3227 843 3254 0.920603
11 1664 2801 1696 2828 0.920613
11 810 693 842 720 0.920646
11 1779 2824 1811 2850 0.920698
11 603 3192 636 3220 0.9207
11 1198 727 1230 754 0.920781
11 696 2584 728 2611 0.920793
11 1154 715 1187 743 0.920855
11 2203 1000 2235 1027 0.920892
11 1535 2584 1567 2612 0.920972
11 1779 670 1811 697 0.921101
11 1449 2755 1480 2782 0.921153
11 1893 681 1925 708 0.921157
11 696 715 728 742 0.921193
11 1491 2675 1524 2703 0.921254
11 1893 1011 1925 1038 0.921378
11 293 977 325 1004 0.92141
11 293 2551 325 2577 0.92149
11 1333 693 1366 720 0.921498
11 810 977 842 1004 0.921522
11 938 2584 970 2612 0.921719
11 1492 3136 1523 3163 0.921723
11 2386 2584 2419 2612 0.921725
11 996 613 1029 640 0.921741
11 2340 2584 2372 2611 0.921755
14 2389 586 2422 650 0.92198
11 696 2790 728 2817 0.922137
11 2475 2584 2507 2611 0.922185
11 696 1000 728 1027 0.922251
11 407 1968 439 1995 0.922314
11 1535 716 1567 743 0.922447
11 1333 2551 1365 2577 0.922484
11 2203 1923 2235 1950 0.922543
14 2389 2842 2421 2906 0.922578
11 1535 2675 1568 2702 0.922893
11 1578 3227 1611 3254 0.923227
11 938 716 970 743 0.924191
14 2389 3141 2421 3206 0.925545
14 1154 2088 1189 2155 0.930579
14 2159 584 2192 648 0.936962
14 2388 960 2422 1025 0.938253
1 145 931 213 1014 0.942815
1 145 556 213 637 0.9443
1 146 3113 214 3194 0.947073
1 145 2059 214 2142 0.947793
1 145 1683 213 1765 0.948238
1 145 2813 213 2893 0.948986
