11 979 2050 1011 2077 0.86239
13 1576 3484 1619 3510 0.872981
11 1742 1285 1775 1312 0.874028
13 2372 1273 2413 1300 0.880432
13 2332 3484 2374 3510 0.881126
13 2332 3460 2376 3487 0.883607
13 2372 1297 2415 1323 0.886205
12 468 2977 501 3004 0.888222
13 2333 3346 2375 3373 0.88826
13 2333 2691 2375 2718 0.894883
13 1898 3484 1941 3510 0.896206
13 1221 1419 1264 1446 0.89623
12 1545 3345 1580 3373 0.898325
13 1898 3312 1942 3339 0.898948
13 1145 3312 1190 3339 0.899163
13 1546 3311 1587 3337 0.899457
13 1221 1296 1263 1323 0.900468
13 1145 2061 1189 2088 0.90126
13 2372 224 2414 251 0.901298
13 1146 3045 1189 3072 0.901515
13 1898 2061 1942 2088 0.901592
13 1576 3564 1620 3591 0.901761
13 2332 2403 2375 2429 0.902387
12 468 3301 502 3327 0.90261
13 2372 1419 2415 1445 0.90278
11 262 3277 293 3304 0.90307
13 2332 3311 2375 3338 0.903722
13 1544 2966 1589 2993 0.903904
0 99 3221 123 3544 0.904101
13 2332 2966 2376 2994 0.904697
12 746 3312 780 3338 0.904812
12 261 1296 296 1323 0.905152
13 1898 3045 1941 3072 0.90522
13 1219 513 1264 540 0.905278
13 2372 745 2415 772 0.905553
13 1547 3044 1588 3072 0.905669
13 1220 744 1263 771 0.905783
13 1221 985 1264 1012 0.905976
12 262 2380 296 2407 0.9072
11 468 3277 500 3304 0.907246
13 1546 2060 1589 2088 0.907288
0 100 1224 122 1550 0.907555
13 2332 3565 2375 3591 0.907681
12 468 2680 502 2707 0.907757
13 2332 2061 2375 2088 0.907824
12 262 3323 296 3350 0.907891
12 746 3289 780 3314 0.908165
13 1145 3484 1188 3510 0.908649
13 2371 1464 2414 1492 0.908985
13 2372 513 2415 540 0.909127
13 1146 3565 1189 3591 0.909239
12 2002 1442 2036 1469 0.909294
13 2372 963 2415 989 0.910028
13 1897 2966 1941 2993 0.910224
13 1145 2966 1189 2993 0.910328
13 1220 1487 1263 1515 0.910332
12 1742 1308 1776 1335 0.910951
13 1898 3564 1941 3591 0.911229
12 261 2646 296 2673 0.91187
12 468 2357 503 2384 0.911969
12 262 1442 296 1469 0.912423
12 1703 3346 1737 3372 0.913129
11 1553 1284 1585 1311 0.913575
12 745 3438 780 3465 0.913623
13 2332 3045 2375 3071 0.913638
11 412 1228 444 1254 0.913878
12 2147 525 2181 551 0.914063
12 1703 2403 1737 2430 0.914583
12 902 3323 937 3350 0.914776
12 1743 1499 1777 1525 0.914958
12 260 3473 295 3499 0.915059
12 745 2369 780 2396 0.915448
12 793 733 827 760 0.915809
12 522 744 556 771 0.915876
12 1544 2403 1579 2431 0.915912
12 1552 1320 1586 1346 0.916026
12 2146 756 2180 783 0.916862
12 902 3000 936 3027 0.917051
12 2002 247 2036 274 0.917309
12 261 514 296 541 0.917466
12 469 3495 503 3522 0.917473
11 2054 3473 2086 3500 0.91764
11 1838 224 1870 251 0.91768
11 793 1239 825 1266 0.917889
12 261 986 296 1013 0.91791
12 793 502 827 529 0.918046
12 792 1285 826 1311 0.918147
11 1838 1273 1870 1300 0.918159
12 902 2380 936 2407 0.918228
12 745 2669 780 2696 0.918236
11 522 1216 555 1243 0.918309
12 262 767 296 795 0.918361
11 1220 1250 1252 1277 0.918606
11 983 1261 1015 1289 0.918624
12 983 525 1018 551 0.918788
12 1743 524 1777 552 0.918824
12 745 2039 780 2066 0.918858
11 1302 3346 1334 3373 0.918928
12 522 1284 557 1311 0.918987
11 2158 3346 2189 3373 0.919141
12 793 1009 827 1036 0.919312
11 1078 1273 1110 1300 0.919312
11 365 2039 397 2066 0.919317
12 522 1499 556 1526 0.919369
12 1553 779 1587 806 0.919369
12 793 1510 827 1537 0.919381
11 2054 3346 2086 3372 0.919427
12 261 2955 296 2982 0.919511
11 571 3266 603 3293 0.919577
11 2158 3473 2190 3499 0.919607
12 2146 1308 2180 1335 0.919642
12 982 1499 1017 1525 0.919647
11 1405 2691 1437 2718 0.919814
11 571 2016 603 2043 0.919825
12 793 1407 827 1434 0.919836
11 2054 2403 2086 2430 0.919836
12 1552 536 1586 563 0.919841
12 1742 744 1776 771 0.919845
11 2158 2403 2189 2430 0.919863
11 522 167 555 194 0.919863
11 365 3289 397 3316 0.919868
11 1302 2403 1333 2430 0.919903
11 629 1228 661 1255 0.919984
11 2217 1285 2249 1312 0.920009
11 2217 236 2248 263 0.920108
11 1301 2691 1334 2719 0.920225
11 983 213 1015 240 0.920238
11 1648 248 1680 274 0.920264
11 1405 3346 1437 3372 0.920331
12 2147 1431 2180 1458 0.920347
11 1553 236 1584 263 0.920376
12 262 1488 296 1514 0.920387
12 522 502 556 529 0.920409
11 888 201 920 229 0.92044
11 262 2028 294 2055 0.92049
12 983 756 1018 783 0.920544
11 629 179 661 206 0.920545
11 1405 2403 1437 2430 0.920583
11 1743 236 1775 263 0.920611
11 793 190 825 217 0.920646
11 979 3300 1011 3327 0.920714
11 2054 2703 2086 2730 0.920719
12 745 2966 780 2993 0.920747
11 1078 224 1110 251 0.920759
12 903 3520 936 3546 0.920784
11 1405 3461 1437 3488 0.920836
11 2158 2703 2190 2730 0.920873
11 262 1239 294 1266 0.920876
12 1703 3473 1737 3499 0.920915
11 1302 3461 1334 3488 0.921104
12 1703 2703 1737 2730 0.921182
12 2002 1297 2036 1323 0.921248
12 468 3451 502 3478 0.921303
11 1648 1296 1680 1323 0.921358
11 468 2028 500 2055 0.92137
11 412 179 444 206 0.921627
12 2002 986 2036 1012 0.921731
12 1553 1509 1587 1537 0.921794
11 888 1250 920 1277 0.921842
12 746 3483 781 3510 0.921854
12 2147 974 2181 1001 0.921885
11 262 190 293 217 0.921959
11 1220 202 1252 229 0.922005
12 2003 1487 2037 1514 0.922197
12 1743 1419 1777 1446 0.922236
12 1545 2704 1579 2731 0.922328
12 2002 513 2036 541 0.92247
12 1311 1273 1345 1300 0.92259
12 523 1419 557 1446 0.922634
12 983 997 1018 1024 0.922712
12 903 2669 937 2696 0.922824
12 903 3438 936 3465 0.923351
12 1545 3472 1578 3499 0.923761
12 262 3415 296 3442 0.924194
12 1553 1453 1586 1480 0.924238
12 1743 997 1777 1024 0.924264
12 2147 1476 2182 1503 0.924812
12 2002 768 2036 794 0.924849
12 1552 1008 1586 1035 0.925362
12 1311 225 1345 252 0.925444
12 523 997 556 1024 0.926714
12 984 1308 1017 1334 0.927125
12 983 1431 1017 1457 0.928065
1 146 1452 214 1535 0.943352
1 144 950 214 1033 0.94604
1 145 2931 213 3012 0.948555
1 145 3449 214 3531 0.948581
10 150 676 214 854 0.958412
10 149 1925 214 2104 0.959309
10 150 2578 214 2755 0.959365
10 150 2232 214 2411 0.959683
10 149 3174 214 3353 0.959742
10 150 400 215 577 0.959836
10 149 132 214 310 0.960745
10 149 1180 214 1360 0.961244
