12 1696 915 1729 941 0.85119
11 1128 1213 1160 1241 0.892426
12 1277 1213 1311 1240 0.894941
11 1068 3007 1099 3034 0.896107
13 1507 2513 1550 2540 0.897156
11 1128 1467 1160 1494 0.898185
12 1817 3649 1852 3676 0.900705
13 1506 2812 1550 2839 0.902006
13 1506 2262 1551 2289 0.902745
13 1507 3053 1551 3080 0.903064
11 456 3007 489 3034 0.903501
11 1264 3007 1296 3034 0.906276
12 2208 3649 2242 3676 0.906338
12 1507 3649 1541 3676 0.906531
15 599 436 631 483 0.907155
15 1276 688 1307 735 0.910095
12 732 3649 767 3677 0.910255
15 1917 688 1948 734 0.910712
11 456 3260 488 3288 0.910742
15 733 3046 763 3092 0.911366
12 1695 443 1730 470 0.911526
15 600 941 630 988 0.911753
15 1816 2541 1847 2588 0.91201
12 1648 3649 1682 3676 0.912623
11 1263 2766 1295 2794 0.912662
12 1124 3649 1158 3676 0.912738
12 1916 1799 1951 1825 0.913572
21 1015 1174 1040 1246 0.913654
12 1276 1466 1310 1493 0.913796
11 1769 1466 1800 1493 0.913837
15 733 2542 763 2587 0.914068
15 599 688 629 735 0.914251
15 1276 436 1307 482 0.914428
21 1016 1680 1041 1751 0.914981
15 1817 2793 1848 2841 0.915182
11 2348 3007 2379 3034 0.915412
15 1817 2289 1847 2336 0.915546
12 567 3019 602 3046 0.91568
15 1917 941 1947 988 0.915843
15 1917 436 1947 482 0.91591
15 733 2794 763 2840 0.915989
15 1817 3046 1848 3092 0.916028
11 815 2560 847 2587 0.916501
11 2451 1466 2483 1493 0.917636
11 2095 2560 2127 2587 0.917705
11 2334 707 2366 734 0.917724
11 1769 1214 1801 1241 0.917808
15 1276 942 1307 988 0.917941
11 1403 2789 1435 2816 0.91797
11 2151 3007 2183 3034 0.917985
11 457 3593 489 3620 0.918065
11 687 501 718 527 0.918198
11 2095 2307 2127 2334 0.918201
11 815 2307 847 2334 0.918327
11 2292 2560 2323 2587 0.918329
11 2095 2778 2127 2805 0.918376
11 1011 2560 1043 2587 0.918475
12 567 2824 602 2851 0.918542
11 1207 2560 1239 2587 0.918566
11 1067 2766 1099 2793 0.91859
11 2151 2766 2183 2793 0.918658
11 927 3042 959 3069 0.918771
11 2452 925 2483 952 0.918796
11 2004 500 2036 527 0.918816
11 1011 2306 1043 2333 0.918829
11 2291 2307 2323 2334 0.918903
21 1016 1426 1041 1498 0.918951
11 1769 1799 1801 1826 0.919043
11 871 3007 903 3034 0.919159
11 1128 1799 1160 1826 0.919346
11 687 753 718 780 0.919367
12 1816 3318 1850 3345 0.919397
11 2334 925 2366 952 0.919397
11 2347 2767 2379 2794 0.919575
11 1207 2306 1240 2334 0.919588
11 1955 3007 1987 3034 0.919663
11 2011 2801 2044 2828 0.919714
11 2452 730 2483 757 0.919722
11 687 971 719 998 0.919781
11 2451 1798 2484 1826 0.919792
11 2451 1133 2483 1160 0.919802
11 341 2571 373 2598 0.919862
11 2291 3019 2324 3046 0.919961
11 1899 3019 1931 3046 0.91997
11 1899 2778 1931 2805 0.919978
11 1956 2767 1987 2793 0.920024
11 1899 2306 1931 2334 0.92006
11 2335 455 2366 482 0.920072
11 2011 2502 2043 2529 0.920154
11 2270 971 2302 998 0.920155
11 2151 2295 2184 2322 0.920159
11 2493 2480 2525 2506 0.920168
11 2122 948 2155 975 0.920169
11 1011 2778 1043 2805 0.920203
11 871 2548 903 2575 0.920204
15 733 2290 763 2335 0.920213
11 1403 2491 1435 2518 0.920255
11 2404 2250 2436 2277 0.920309
11 1319 3042 1352 3069 0.920318
11 2095 3019 2127 3046 0.920325
11 927 2250 959 2277 0.92033
11 1067 2295 1100 2322 0.92035
11 1320 2502 1352 2529 0.920363
11 1404 2238 1435 2265 0.92038
11 2211 489 2243 515 0.920442
11 2451 455 2483 481 0.920458
11 1364 971 1396 998 0.920473
11 1067 2548 1100 2575 0.920493
11 2347 2295 2379 2322 0.920516
11 1570 489 1602 516 0.920533
11 2270 753 2302 780 0.920546
11 2123 478 2154 504 0.920562
11 893 960 925 987 0.920563
11 1124 2502 1156 2529 0.920588
11 456 2548 488 2575 0.92059
11 1320 2250 1352 2277 0.920598
11 872 2296 903 2322 0.920605
11 745 489 777 515 0.920659
11 2063 489 2095 516 0.92066
11 1403 3030 1435 3057 0.920662
11 340 2295 372 2322 0.920666
11 1570 742 1602 769 0.920677
11 2011 3042 2044 3070 0.920683
11 340 2846 373 2874 0.920691
12 567 3272 601 3299 0.920694
11 1629 971 1661 998 0.920702
11 2270 500 2302 527 0.920703
11 1629 500 1661 527 0.920724
11 2004 971 2037 998 0.920755
11 1422 960 1455 987 0.920781
11 952 753 984 780 0.920819
11 804 948 836 975 0.920861
11 457 2824 489 2851 0.920883
11 1899 2559 1931 2586 0.920915
11 815 2778 847 2805 0.920925
11 2403 3042 2436 3069 0.920959
11 1123 2801 1155 2828 0.920966
11 1124 3042 1156 3069 0.92097
11 2063 742 2095 769 0.920995
11 2005 753 2037 780 0.920996
11 1263 2548 1296 2575 0.920999
11 815 3019 847 3046 0.921001
12 567 2284 601 2311 0.921039
11 1570 960 1602 987 0.921055
11 457 2272 489 2299 0.921081
11 2211 742 2243 769 0.921081
11 2208 2801 2240 2828 0.921089
11 927 2503 959 2529 0.921132
11 1482 478 1514 505 0.92114
11 745 742 777 769 0.92115
11 2348 2548 2380 2575 0.921163
11 927 2801 959 2828 0.921194
11 2011 2250 2044 2277 0.921243
11 1955 2295 1987 2322 0.921256
12 1695 696 1730 723 0.921281
12 568 3604 602 3631 0.921315
11 2207 2502 2240 2529 0.921372
11 871 2766 903 2793 0.921377
11 1482 730 1514 757 0.921412
11 805 730 837 757 0.921414
11 745 960 777 987 0.921463
11 340 3283 372 3311 0.921493
11 1320 2801 1352 2828 0.921525
11 2151 2548 2183 2575 0.921537
11 805 478 836 504 0.921555
11 1481 948 1514 975 0.921583
11 1955 2548 1988 2575 0.921594
12 1016 926 1051 952 0.921613
11 2207 2250 2240 2277 0.921642
12 1917 1466 1951 1493 0.921643
11 2211 960 2243 987 0.921663
12 1017 708 1051 734 0.921705
11 2122 730 2155 757 0.921785
11 2207 3042 2240 3070 0.921862
11 2404 2502 2436 2529 0.921864
11 1364 500 1396 527 0.921881
11 1263 2295 1295 2322 0.921931
11 2291 2778 2324 2805 0.921945
11 2063 960 2095 987 0.92201
11 341 3616 372 3643 0.922051
11 1207 2778 1239 2805 0.922076
11 2493 2227 2525 2254 0.922174
11 1207 3019 1239 3046 0.922174
11 2493 2778 2525 2805 0.922206
11 952 500 984 528 0.922267
11 1364 753 1396 780 0.922296
11 1124 2250 1156 2277 0.922431
11 340 3031 372 3058 0.922514
11 2493 3019 2525 3046 0.922521
11 1629 753 1662 780 0.922809
11 952 971 984 998 0.922834
11 893 742 925 769 0.922846
11 2404 2801 2436 2828 0.92285
11 1423 742 1455 769 0.92294
11 1011 3019 1043 3046 0.923158
12 1276 1799 1310 1826 0.923172
12 1647 3317 1681 3344 0.92328
11 893 489 925 516 0.923334
11 1422 489 1455 515 0.92364
12 1917 1214 1951 1240 0.923825
12 567 2561 601 2587 0.924942
12 1507 3317 1541 3344 0.925446
12 733 3317 767 3344 0.925469
12 1017 455 1051 482 0.926865
12 1123 3317 1158 3344 0.92777
12 2207 3317 2241 3344 0.928198
1 144 3523 214 3606 0.947088
1 144 3272 213 3354 0.947302
1 337 1672 408 1756 0.94821
1 337 1421 405 1502 0.948348
1 337 1168 407 1249 0.94852
1 145 3019 214 3101 0.948992
10 150 2216 214 2392 0.959084
10 343 615 407 794 0.959785
10 342 363 407 541 0.960906
10 149 2467 214 2647 0.961265
10 342 868 407 1046 0.961478
10 149 2719 214 2898 0.961919
