11 1802 1708 1834 1735 0.84259
8 1032 2937 1056 3006 0.891238
8 842 2936 866 3006 0.900652
8 1017 1795 1042 1866 0.901557
11 2440 2360 2472 2387 0.903942
11 630 550 662 577 0.904779
11 2440 1708 2472 1734 0.90644
21 828 2157 852 2228 0.910478
8 829 1794 855 1866 0.912184
21 413 1736 438 1811 0.912469
11 522 2508 554 2535 0.912559
11 2113 3325 2146 3352 0.913295
11 1103 3593 1135 3620 0.91337
21 413 2364 438 2438 0.914185
11 971 3382 1004 3409 0.914573
11 2149 1708 2181 1735 0.915279
11 2466 1351 2498 1378 0.91531
21 412 3297 438 3369 0.915405
11 2225 2138 2256 2165 0.915658
21 636 2365 661 2439 0.915691
21 839 3297 864 3369 0.915738
11 522 1674 554 1701 0.915826
21 1103 3296 1128 3370 0.916271
11 1958 550 1990 577 0.916437
12 1401 1720 1435 1746 0.916845
11 2297 2138 2330 2165 0.916894
21 413 2155 438 2228 0.917131
11 2367 596 2399 623 0.917235
11 2115 596 2147 623 0.917317
11 2297 1696 2330 1723 0.917424
11 1691 1073 1723 1100 0.917697
11 958 2242 990 2269 0.917778
11 297 1754 329 1781 0.917792
11 1657 3593 1688 3620 0.917857
11 2283 585 2315 612 0.917888
11 1889 1697 1921 1724 0.917898
21 643 3506 668 3579 0.918025
11 2199 1351 2231 1378 0.918049
11 522 2196 555 2223 0.918089
11 828 1776 860 1804 0.918099
11 840 3616 872 3643 0.918189
11 2367 1351 2399 1378 0.918223
11 1848 2894 1880 2921 0.918231
11 1955 3605 1987 3631 0.918413
11 2266 2837 2298 2864 0.918447
11 297 3325 329 3352 0.918525
11 1774 3593 1806 3620 0.918701
11 2224 1696 2257 1723 0.918708
11 839 2917 871 2944 0.918739
11 1991 2138 2023 2165 0.918798
11 2115 1351 2147 1378 0.918904
11 2266 3605 2298 3632 0.919072
21 1087 2155 1112 2228 0.919082
11 297 2219 328 2246 0.919107
11 1088 2451 1120 2479 0.919208
11 297 2508 329 2536 0.919215
11 1874 1317 1906 1344 0.919417
11 1203 1777 1234 1803 0.919429
11 545 562 577 589 0.91944
11 786 596 818 623 0.919458
11 828 2474 860 2501 0.919499
11 1710 1720 1741 1746 0.919537
11 2467 596 2499 623 0.919568
11 870 596 903 623 0.919572
11 2466 1062 2498 1089 0.919647
11 2413 3325 2445 3352 0.919658
11 1518 2440 1550 2467 0.919663
11 2034 2883 2066 2910 0.919683
11 1955 3370 1987 3398 0.9197
11 1991 1696 2023 1723 0.919758
11 2034 3347 2066 3374 0.919787
11 1032 608 1064 635 0.919799
11 643 2928 675 2955 0.919823
11 1529 1062 1561 1088 0.919878
11 1802 2394 1833 2421 0.91988
11 1634 1719 1666 1746 0.919888
11 1288 1015 1320 1042 0.919921
11 2114 3581 2146 3608 0.919951
11 1874 1027 1906 1054 0.91998
11 1088 1719 1120 1746 0.919994
11 1204 1027 1236 1054 0.920006
11 2199 597 2231 624 0.920076
11 1958 1305 1990 1332 0.920097
11 1030 2917 1062 2944 0.920215
11 1889 2150 1921 2177 0.920223
11 914 2859 945 2886 0.920231
11 1104 2859 1135 2886 0.920272
11 2193 3302 2225 3329 0.920328
11 954 585 986 612 0.920404
11 1955 2905 1987 2932 0.920426
11 2193 2837 2225 2864 0.920427
11 2283 1050 2315 1076 0.920448
11 1015 1776 1047 1804 0.920449
11 1634 2451 1666 2478 0.920522
11 2481 2882 2513 2910 0.920529
11 637 1788 669 1815 0.920573
11 1299 2859 1331 2886 0.920581
11 413 3570 445 3597 0.920586
11 1517 2207 1549 2235 0.920606
11 2365 2173 2397 2200 0.920651
11 1202 2207 1235 2234 0.920664
11 2283 1339 2315 1367 0.920693
11 1219 3536 1251 3563 0.9207
11 972 3570 1004 3597 0.920729
11 1281 1719 1313 1746 0.920761
11 525 3616 557 3643 0.920786
11 2340 2848 2372 2875 0.920813
11 1401 2208 1433 2234 0.920823
21 637 2156 661 2228 0.920836
11 2150 2162 2181 2188 0.920845
11 2149 2371 2181 2398 0.920859
11 2058 1719 2090 1746 0.920944
11 2266 3302 2298 3329 0.921003
11 725 1776 757 1803 0.921015
11 2298 2429 2329 2455 0.921039
11 2036 1328 2068 1355 0.921044
11 1775 2882 1807 2909 0.921089
11 1366 1038 1398 1065 0.921123
11 297 3536 329 3563 0.921194
11 1874 562 1906 589 0.921195
11 2114 2860 2145 2887 0.921266
11 2199 1062 2231 1089 0.921277
11 2340 3313 2372 3340 0.921325
11 2413 3581 2446 3609 0.921376
11 1656 3359 1688 3386 0.92142
11 2037 1038 2069 1065 0.921433
11 2365 1731 2396 1758 0.921469
11 2440 2162 2472 2189 0.921504
11 1958 1016 1990 1043 0.921534
11 1202 2394 1234 2421 0.921552
11 1991 2428 2023 2455 0.921657
11 1445 1062 1476 1089 0.921673
11 1802 2162 1833 2189 0.92178
11 1538 3582 1570 3609 0.921847
11 1401 2440 1433 2467 0.921922
11 2367 1061 2399 1089 0.921955
11 1774 3347 1806 3374 0.92196
11 1420 3582 1452 3608 0.921968
11 735 2928 768 2955 0.922037
11 2115 1061 2147 1089 0.922067
11 1848 3359 1880 3387 0.922071
11 900 1719 932 1746 0.92225
11 958 2428 990 2455 0.922273
11 1613 1050 1644 1076 0.922324
11 1634 2219 1666 2246 0.922514
11 1220 2917 1251 2944 0.92257
11 2413 2859 2445 2886 0.922749
11 1420 3347 1452 3374 0.922826
11 1219 3336 1251 3363 0.922857
11 2037 573 2069 600 0.923227
11 2057 2162 2089 2189 0.923315
11 1538 3347 1570 3374 0.923367
11 708 573 739 600 0.923492
11 2481 3347 2513 3374 0.923532
11 1710 2162 1742 2189 0.923661
12 297 2860 331 2886 0.925904
12 1420 2860 1454 2886 0.928225
10 335 538 400 717 0.960299
10 143 1470 208 1647 0.961118
10 336 329 400 508 0.961439
10 143 3455 208 3633 0.961853
10 336 1167 400 1345 0.962186
10 144 2615 209 2794 0.962472
10 144 2313 209 2491 0.963017
10 144 2825 209 3003 0.96306
10 336 958 400 1136 0.963193
10 144 1684 208 1863 0.963466
10 144 3035 209 3213 0.963485
10 336 748 400 926 0.963557
10 144 3245 209 3423 0.963832
10 144 2103 209 2282 0.964246
10 144 1894 209 2073 0.964291
