9 592 2058 619 2128 0.811939
8 1182 1431 1207 1500 0.888489
8 2039 949 2064 1022 0.88935
0 294 427 316 728 0.892711
21 935 2075 959 2147 0.892911
13 1782 1406 1826 1433 0.895694
8 1640 927 1665 998 0.896829
11 1979 2125 2012 2152 0.89691
0 101 2352 122 2659 0.897029
8 2309 939 2334 1009 0.897364
9 1944 2058 1972 2129 0.89972
9 2064 1089 2091 1159 0.900268
21 2094 2075 2119 2146 0.900632
11 1786 2125 1818 2152 0.901195
8 768 1407 793 1479 0.902044
0 100 908 122 1196 0.902558
13 663 1669 706 1696 0.903075
8 1252 926 1277 998 0.903709
0 101 1379 122 1691 0.903923
13 1153 1178 1195 1205 0.904081
9 1267 2069 1294 2142 0.905351
11 261 1886 293 1913 0.905972
13 1539 1189 1582 1216 0.906184
21 1954 1595 1979 1668 0.906246
13 2216 1155 2258 1182 0.906415
12 1925 1200 1960 1227 0.906566
8 365 1407 390 1478 0.906614
13 260 1657 305 1684 0.906724
13 1367 1635 1409 1661 0.906737
21 1613 2076 1638 2146 0.906787
21 853 2564 878 2637 0.906892
21 1566 2565 1591 2639 0.907356
12 1064 1452 1098 1479 0.907582
13 1782 1635 1825 1662 0.90777
0 101 1859 122 2169 0.908232
21 486 2563 511 2638 0.908742
11 2383 2126 2415 2153 0.909406
11 530 1406 562 1433 0.909612
21 1209 2565 1235 2637 0.910044
9 1208 1568 1236 1640 0.91007
12 678 1156 712 1182 0.910281
21 1817 635 1842 708 0.91074
11 1023 2662 1056 2689 0.91107
8 1465 1418 1490 1489 0.911552
9 2275 1590 2301 1661 0.911587
12 933 2605 968 2632 0.911688
21 260 2074 286 2148 0.911962
12 1214 676 1247 703 0.91223
11 2325 1886 2357 1913 0.9134
21 1124 635 1149 708 0.913694
11 2415 915 2447 942 0.913898
21 1125 430 1150 503 0.914047
11 2382 1885 2415 1913 0.914241
21 485 2359 511 2434 0.914743
11 2267 2125 2299 2152 0.915041
11 1366 1406 1398 1433 0.915272
11 627 2125 659 2152 0.915406
11 2307 914 2340 942 0.915689
21 2507 636 2532 708 0.91614
11 1181 1406 1213 1434 0.916218
11 755 732 787 759 0.916319
11 932 1406 964 1433 0.916651
11 1917 2126 1949 2153 0.916654
21 1816 430 1842 504 0.91755
11 515 1166 547 1193 0.917615
11 564 2125 596 2152 0.91765
12 261 1156 295 1182 0.918112
11 1250 904 1282 932 0.918322
11 936 1886 968 1913 0.918332
11 1638 904 1670 931 0.918614
12 1918 2606 1952 2632 0.918654
12 855 687 889 714 0.918655
11 825 915 857 942 0.91866
12 1646 2606 1680 2632 0.918749
11 2440 2126 2472 2153 0.918942
11 434 2125 466 2152 0.918949
11 1629 1406 1661 1433 0.918977
11 364 1383 396 1410 0.919114
11 2513 2126 2545 2152 0.919129
11 985 1178 1017 1204 0.919154
11 376 2387 407 2414 0.919154
11 2361 927 2393 954 0.919252
11 1519 1406 1551 1433 0.919356
11 766 1384 798 1411 0.919439
11 1974 470 2006 497 0.919465
11 1684 1394 1717 1422 0.919471
11 261 2616 293 2643 0.919471
12 1548 687 1582 714 0.919512
11 419 1384 451 1410 0.919513
11 1448 733 1480 760 0.919658
11 1903 470 1935 497 0.919726
11 1463 1395 1495 1422 0.919799
11 1955 1407 1987 1433 0.919846
11 1613 1886 1645 1913 0.919865
11 1241 1406 1273 1433 0.919866
11 2121 1658 2153 1684 0.91988
11 461 927 494 954 0.919885
11 2037 926 2069 954 0.919934
11 1301 2137 1333 2164 0.919941
11 1302 1909 1333 1935 0.920021
11 2138 733 2170 760 0.920045
11 408 915 440 942 0.920121
11 261 927 293 954 0.920122
11 2065 1406 2097 1433 0.920125
11 2440 1886 2472 1913 0.920127
11 1285 447 1317 474 0.9202
11 2521 938 2553 965 0.92027
11 422 2399 454 2426 0.920295
11 627 1897 659 1924 0.920319
11 822 1383 854 1410 0.920343
11 1152 949 1184 976 0.920394
11 433 1897 466 1924 0.920402
11 1214 447 1246 474 0.920423
11 1005 447 1037 474 0.920452
11 931 1166 963 1193 0.920459
11 377 1886 408 1913 0.920459
11 568 949 600 976 0.920463
11 1917 1897 1949 1924 0.92049
11 328 2388 360 2414 0.920491
11 1239 2137 1271 2164 0.920501
11 507 1897 539 1924 0.920501
11 2152 1897 2184 1924 0.920548
11 2037 1155 2068 1182 0.920566
11 1573 1395 1606 1422 0.920574
11 1050 1886 1083 1913 0.920575
11 474 1395 506 1422 0.920577
11 328 2616 360 2643 0.920586
11 2121 1418 2153 1445 0.920592
11 2467 927 2500 954 0.92063
11 520 470 552 497 0.920637
11 2267 1886 2299 1913 0.920655
11 1729 1886 1761 1913 0.920665
11 568 1178 600 1204 0.920721
11 988 1418 1020 1445 0.92077
11 955 458 987 485 0.920774
11 2095 1897 2127 1924 0.920797
11 985 949 1017 976 0.920804
11 2288 458 2320 485 0.920841
11 2513 1897 2545 1924 0.920842
11 2024 470 2056 497 0.920875
11 1304 904 1336 931 0.920875
11 2247 1657 2279 1684 0.920883
11 1852 938 1884 965 0.920884
11 878 1155 910 1182 0.920895
11 2095 927 2128 954 0.920951
11 1779 2616 1811 2643 0.921027
11 1732 2605 1764 2632 0.921037
11 640 470 672 497 0.921052
11 1239 1908 1271 1935 0.921068
11 667 2662 700 2689 0.92109
11 462 1155 494 1182 0.921091
11 1691 904 1723 931 0.9211
11 1181 1897 1213 1924 0.921101
11 1548 458 1580 485 0.92113
21 2507 431 2532 503 0.921135
11 1538 961 1571 988 0.92118
11 877 1394 910 1422 0.921189
11 1380 2662 1412 2689 0.921203
11 1745 915 1778 942 0.921224
11 2307 1429 2339 1456 0.921227
11 590 470 623 498 0.921231
11 1747 458 1779 485 0.921233
11 2215 927 2247 954 0.921236
11 662 1441 694 1468 0.92126
11 1108 2137 1140 2164 0.921278
11 2138 504 2170 531 0.921296
11 1464 938 1496 965 0.921296
11 1597 458 1629 485 0.9213
11 2437 458 2469 486 0.92131
11 1798 926 1831 954 0.92134
11 1334 447 1367 474 0.92136
11 1241 1635 1273 1662 0.921378
12 2239 687 2273 714 0.921416
11 2096 1155 2127 1182 0.92142
11 690 470 722 497 0.921457
12 1903 699 1937 726 0.921468
11 2003 2605 2035 2632 0.921483
11 755 504 787 531 0.921483
11 2050 2616 2082 2643 0.921649
11 2307 1658 2340 1685 0.921653
11 319 1897 351 1924 0.921658
11 2010 1418 2042 1445 0.921673
11 2388 447 2420 474 0.921679
11 585 1418 618 1445 0.92168
11 262 2388 293 2414 0.9217
11 1859 1897 1891 1924 0.921708
11 1647 459 1679 485 0.921722
11 905 458 937 485 0.921753
11 2247 1429 2279 1456 0.921765
11 1181 1635 1213 1662 0.921792
11 375 2616 407 2643 0.921826
11 261 1429 293 1456 0.921829
11 678 926 710 954 0.921853
11 1410 926 1443 954 0.921861
11 1055 458 1086 485 0.92193
11 756 927 788 954 0.92193
11 1979 1897 2012 1924 0.921937
11 1357 915 1389 942 0.921943
11 1447 504 1480 531 0.921972
11 1786 1897 1818 1924 0.92199
11 2238 458 2270 485 0.922031
11 515 938 547 965 0.922074
11 2073 470 2106 498 0.922179
11 1697 447 1729 474 0.922182
11 992 1897 1025 1924 0.9222
11 2191 1418 2224 1445 0.922245
11 1108 1897 1140 1924 0.922273
12 577 2628 611 2655 0.922499
11 422 2628 454 2655 0.922631
11 2338 458 2370 485 0.922648
11 1671 1897 1703 1924 0.922667
11 932 938 964 965 0.92288
12 1115 2616 1149 2643 0.922929
11 855 458 887 485 0.923022
11 2209 1896 2242 1924 0.923243
11 339 926 372 954 0.923313
11 878 926 910 953 0.923511
11 564 1896 597 1924 0.923638
11 2097 2628 2129 2654 0.923779
12 1064 1680 1098 1707 0.923804
11 1826 2628 1857 2655 0.923816
11 1384 447 1416 474 0.923874
12 1471 2616 1506 2643 0.923957
12 1926 972 1960 999 0.924168
12 1289 2628 1323 2655 0.924752
12 758 2616 792 2643 0.924897
12 520 698 553 725 0.928
1 145 2559 213 2641 0.944786
1 145 1589 214 1671 0.944891
1 147 1109 214 1190 0.945329
1 146 2069 212 2149 0.945559
1 338 630 406 710 0.95046
10 150 858 213 1035 0.958683
10 150 1816 214 1993 0.958775
10 342 378 407 555 0.958859
10 149 1337 213 1514 0.959456
10 149 2308 214 2486 0.960084
