15 541 2486 572 2532 0.915649
11 1042 3291 1074 3318 0.915849
11 1862 330 1895 357 0.915885
11 555 1511 588 1538 0.915891
11 2154 2469 2186 2497 0.915937
15 2097 1526 2127 1573 0.916192
11 1862 537 1894 564 0.916281
11 2280 812 2311 838 0.916526
11 2191 1019 2223 1047 0.916801
11 1571 2036 1603 2063 0.91704
11 540 1054 572 1081 0.917148
11 1873 3292 1905 3319 0.917224
21 1341 1826 1367 1898 0.917226
11 316 1990 349 2017 0.91724
15 1231 2964 1262 3012 0.917353
11 700 2504 732 2531 0.917448
11 1755 823 1786 850 0.917472
11 1083 2481 1115 2509 0.917638
11 1076 2767 1108 2794 0.917658
11 1910 1511 1942 1538 0.91772
11 463 2767 495 2794 0.91772
11 1389 2504 1422 2531 0.917722
11 1977 2025 2009 2052 0.917855
11 841 2025 873 2052 0.917888
11 2206 549 2238 576 0.917892
11 317 1796 349 1823 0.917961
11 1468 2470 1501 2497 0.918028
11 2191 1065 2223 1092 0.91806
11 2037 3498 2068 3525 0.918106
11 1527 2813 1559 2840 0.918163
11 1026 421 1058 448 0.918198
11 731 1020 764 1047 0.918205
11 964 2321 996 2349 0.918208
11 2008 1020 2040 1047 0.918243
11 1736 2459 1768 2486 0.918245
11 1463 1990 1495 2017 0.91837
11 2492 1522 2524 1549 0.918397
11 1373 375 1406 402 0.918435
11 672 869 704 896 0.91844
9 2515 1798 2541 1867 0.918487
11 676 375 709 403 0.918501
11 1156 1979 1188 2007 0.918514
11 557 386 590 414 0.918543
11 869 2995 901 3022 0.918549
11 582 1796 614 1823 0.91856
11 622 2321 654 2348 0.918577
11 1909 1557 1941 1584 0.918594
11 1754 1020 1787 1047 0.918607
11 2485 1043 2517 1069 0.918693
11 429 1019 461 1047 0.918756
11 488 2379 519 2406 0.918761
11 2008 1077 2040 1104 0.918762
11 1959 330 1991 357 0.918823
11 1710 3509 1742 3536 0.918865
11 317 1054 349 1081 0.918911
11 949 2755 982 2782 0.919007
11 2365 2276 2397 2303 0.919021
11 1367 2984 1399 3011 0.91907
11 760 2744 792 2771 0.919072
11 2032 341 2064 367 0.91911
11 2501 537 2533 564 0.919114
11 1076 409 1108 436 0.919116
11 680 2755 712 2782 0.919127
11 1136 914 1168 941 0.919249
11 375 822 408 850 0.919263
11 1959 549 1991 576 0.919285
11 1254 1054 1286 1081 0.919286
11 2180 2949 2212 2976 0.919295
11 792 3304 824 3331 0.919352
11 2056 2755 2088 2782 0.919364
11 1476 375 1508 402 0.919367
11 1915 2813 1947 2840 0.919402
11 731 869 763 896 0.919418
11 541 2390 573 2417 0.919437
11 556 583 589 610 0.919444
11 1076 2984 1108 3011 0.91946
11 1093 1317 1125 1344 0.919462
11 1779 2984 1811 3011 0.919526
11 1662 2995 1694 3022 0.919574
11 1137 1020 1168 1047 0.919611
11 1780 2813 1812 2840 0.919613
11 2233 3326 2265 3353 0.919614
11 2255 1305 2287 1332 0.919617
11 1201 2333 1233 2360 0.919654
11 1093 1830 1125 1858 0.919661
11 2206 594 2238 621 0.919696
11 432 1294 463 1321 0.919732
11 1548 364 1580 391 0.919761
11 841 1979 873 2006 0.919763
11 1290 1979 1322 2006 0.919766
11 1254 936 1286 963 0.919829
11 701 2459 732 2486 0.919843
11 2485 811 2517 838 0.919845
11 1949 857 1982 884 0.91985
11 1367 2790 1399 2817 0.919873
11 1910 1887 1942 1914 0.919877
8 559 408 584 480 0.919878
11 316 1031 349 1058 0.919887
11 1203 560 1235 587 0.919904
11 1547 1180 1579 1207 0.919921
11 1618 560 1650 587 0.919926
11 833 2344 865 2371 0.919938
11 1912 2287 1944 2314 0.919957
11 954 914 986 941 0.919961
11 658 1807 690 1834 0.920011
11 2346 386 2378 413 0.920025
11 2128 1888 2160 1915 0.920025
11 2097 1305 2130 1332 0.920035
11 2073 2321 2106 2348 0.920041
11 1618 386 1650 414 0.920053
11 1437 2984 1469 3011 0.920067
11 1048 1020 1081 1047 0.920075
11 1858 2276 1890 2303 0.920133
11 2191 800 2223 827 0.920135
11 1390 2287 1422 2314 0.920142
11 518 2755 551 2782 0.920152
11 1735 2276 1768 2303 0.920153
11 1381 948 1413 975 0.92016
11 555 1305 587 1332 0.920172
11 1689 1865 1720 1892 0.920189
11 954 3315 986 3342 0.92019
11 1203 352 1235 380 0.920212
11 2315 3543 2347 3570 0.920217
11 1959 594 1991 622 0.920227
11 954 3463 986 3490 0.920246
11 1439 1100 1471 1127 0.920267
11 2397 811 2429 839 0.920286
11 1440 3326 1472 3354 0.92029
11 1813 834 1845 861 0.920293
11 2344 2813 2376 2840 0.920308
11 1128 432 1160 459 0.920312
11 870 2744 901 2771 0.920316
11 1136 1065 1168 1092 0.92033
11 1364 3304 1396 3331 0.920349
11 747 1305 779 1332 0.920367
11 2512 2835 2544 2862 0.920369
11 1723 1294 1755 1321 0.920396
11 1989 1306 2021 1333 0.920427
11 956 1819 987 1846 0.920435
11 2102 800 2135 827 0.920447
11 779 2333 811 2360 0.920455
11 731 1100 763 1127 0.920458
11 2166 3578 2197 3604 0.920491
11 1405 1979 1437 2006 0.92052
11 1437 2778 1469 2805 0.920557
11 2398 2938 2430 2965 0.920557
11 367 1283 399 1309 0.92056
11 700 2321 733 2348 0.920587
11 1563 1351 1595 1378 0.920616
11 2289 2801 2322 2828 0.920644
11 717 3280 749 3307 0.920672
11 1255 2344 1287 2371 0.920678
11 1787 409 1819 436 0.920683
11 1301 364 1333 391 0.920697
11 2237 2093 2269 2120 0.920713
11 1701 2790 1733 2817 0.920718
11 881 386 913 413 0.920728
11 487 834 519 861 0.920728
11 1764 1876 1797 1903 0.920755
11 2110 2767 2142 2794 0.920755
11 540 857 572 884 0.920765
11 1654 2299 1686 2326 0.920769
11 307 1305 339 1333 0.920778
11 1124 3304 1156 3331 0.920779
11 1137 2321 1169 2348 0.920793
11 628 1031 661 1059 0.920815
11 1581 2801 1614 2828 0.920817
11 2233 2481 2265 2508 0.92083
11 629 1317 661 1344 0.920834
11 571 2984 602 3011 0.920835
11 622 2459 655 2486 0.920853
11 2043 1317 2076 1344 0.920879
11 390 2755 422 2782 0.920901
11 807 571 840 599 0.920914
11 676 583 709 610 0.920935
11 2237 1899 2269 1926 0.920939
11 808 398 840 425 0.920944
11 1151 2790 1183 2817 0.920963
11 881 594 913 621 0.920965
11 841 1807 873 1834 0.920975
11 2314 3327 2346 3354 0.920979
11 1754 1100 1787 1127 0.920993
11 2134 341 2166 368 0.921016
11 380 1773 412 1801 0.921055
11 1016 1522 1048 1549 0.921055
11 1970 2961 2002 2988 0.921062
11 1709 3463 1741 3490 0.921069
11 964 2493 996 2520 0.92109
11 428 846 461 873 0.921126
11 2279 341 2311 368 0.921137
11 2418 2264 2451 2292 0.921154
11 2019 2310 2051 2337 0.921155
11 953 409 985 436 0.921157
11 2154 2253 2186 2280 0.921167
11 2035 1899 2067 1926 0.921171
11 1522 3315 1554 3342 0.921186
11 784 1819 816 1846 0.921214
11 1637 1374 1669 1401 0.921235
11 1601 2310 1633 2337 0.921239
11 1977 1887 2009 1914 0.92125
11 2083 352 2115 380 0.921252
11 1196 925 1227 952 0.921264
11 1404 1534 1436 1561 0.921295
11 317 834 349 861 0.921307
11 2279 549 2311 576 0.921318
11 886 2333 919 2360 0.921336
11 1309 2356 1341 2383 0.921353
11 2353 1910 2385 1937 0.921378
11 898 1500 930 1527 0.921378
11 2473 3018 2505 3045 0.921381
11 307 2344 338 2371 0.921393
11 821 1500 853 1527 0.921424
11 501 1294 533 1321 0.921438
21 1281 3423 1306 3496 0.921451
11 307 3315 339 3341 0.921452
11 1469 2287 1501 2314 0.921475
11 2425 560 2457 587 0.921505
11 2501 352 2533 379 0.921516
11 625 2995 657 3022 0.921541
11 437 1784 470 1812 0.921554
11 1093 2059 1125 2086 0.921555
11 2235 2790 2267 2817 0.921564
11 307 2538 339 2565 0.921588
11 309 2972 341 2999 0.921619
11 2487 1865 2519 1892 0.921631
11 898 1351 930 1378 0.921645
11 1909 1294 1941 1321 0.921651
11 1351 1340 1382 1367 0.921705
11 429 1100 461 1128 0.92174
11 1337 1134 1369 1162 0.921744
11 1084 2310 1116 2337 0.921751
11 2206 341 2238 368 0.921753
11 2311 2265 2343 2292 0.921764
11 1484 1340 1516 1367 0.921765
11 757 409 789 436 0.92183
11 1216 1340 1249 1367 0.921841
11 1424 386 1457 414 0.921873
11 1439 948 1471 976 0.921919
11 394 3269 426 3296 0.921932
11 2523 2504 2555 2531 0.921935
11 1860 2824 1892 2851 0.921938
11 1048 903 1080 930 0.921952
11 1742 386 1774 413 0.922
11 1833 1876 1865 1903 0.922011
11 1547 2299 1579 2325 0.922053
11 726 1807 758 1835 0.922084
11 1563 1522 1595 1549 0.922092
11 307 3463 339 3490 0.922101
11 1791 3280 1823 3307 0.922122
11 1891 846 1923 873 0.922124
11 821 1328 853 1355 0.922125
11 1405 1328 1437 1355 0.922126
11 1296 1351 1328 1378 0.922139
11 1969 2836 2001 2862 0.922165
11 1966 2299 1998 2326 0.922183
11 1629 1854 1661 1881 0.922194
11 2398 2824 2430 2851 0.922206
11 476 3281 508 3308 0.922307
11 360 2356 392 2383 0.922341
11 1093 1545 1125 1572 0.922341
11 1955 3304 1987 3330 0.922433
11 815 2732 847 2760 0.922471
11 2425 352 2457 379 0.922478
11 2469 2493 2502 2520 0.92248
11 2328 1351 2361 1378 0.922497
11 308 2744 341 2771 0.922534
11 848 903 880 930 0.92261
11 2128 2013 2160 2040 0.922614
11 2181 2778 2212 2805 0.922624
11 433 2367 465 2394 0.922654
11 954 3520 987 3548 0.922746
11 2037 3315 2068 3342 0.922827
11 2233 2253 2265 2280 0.922862
11 1709 3269 1742 3296 0.922905
11 1520 1979 1552 2006 0.92293
11 953 583 985 610 0.922932
11 1691 398 1723 425 0.923026
11 1582 2972 1613 2999 0.923101
11 1858 2493 1890 2520 0.923271
11 558 3269 590 3296 0.923378
11 1342 2059 1374 2086 0.923499
11 2353 2059 2385 2086 0.923523
11 1282 3315 1314 3342 0.923584
21 581 1986 606 2058 0.923821
14 1311 2806 1344 2873 0.931436
14 1572 1847 1606 1913 0.936221
1 146 1066 213 1147 0.943469
1 146 1546 212 1626 0.943755
14 1311 2967 1344 3032 0.943838
1 144 2024 214 2108 0.945193
1 338 585 405 664 0.948583
1 145 3462 214 3545 0.949169
1 145 2504 213 2585 0.950169
10 150 811 214 989 0.960036
10 150 3211 214 3390 0.960112
10 150 2254 215 2430 0.960243
10 150 1774 215 1950 0.960652
10 342 330 407 507 0.961296
10 150 1294 214 1470 0.962016
10 146 2733 211 2909 0.963479
