11 2024 136 2056 163 0.848987
11 1875 376 1907 402 0.890094
12 2037 3267 2071 3293 0.890923
12 2025 1694 2060 1721 0.892718
12 2038 3289 2072 3316 0.896272
12 2037 3232 2071 3260 0.902806
12 2026 1718 2060 1745 0.903017
15 1790 3328 1820 3374 0.904906
11 591 1751 623 1778 0.90622
11 735 251 767 278 0.906356
11 523 2422 555 2450 0.907172
0 99 1731 122 2044 0.907231
11 458 239 490 266 0.90728
11 619 3381 652 3408 0.908268
11 1878 2559 1910 2586 0.908494
11 2172 183 2204 210 0.908922
15 1892 3574 1922 3620 0.909048
11 2249 990 2281 1017 0.909287
11 2025 160 2056 187 0.909967
15 2298 2529 2329 2577 0.909972
15 2157 2782 2188 2830 0.910162
12 2026 1660 2059 1688 0.910456
15 1290 2782 1322 2830 0.910655
15 1171 3328 1201 3375 0.910699
0 99 3305 122 3638 0.910894
15 1026 3573 1056 3620 0.911119
15 450 2782 482 2829 0.911175
15 1378 3328 1408 3375 0.911315
11 1598 160 1630 186 0.91148
15 2438 2783 2469 2829 0.911954
11 1028 238 1060 265 0.911986
15 589 2529 621 2577 0.912049
11 882 239 914 266 0.912053
15 1010 2783 1042 2830 0.912388
15 1877 2783 1909 2830 0.912535
15 311 3329 341 3375 0.91262
15 310 2529 341 2577 0.912905
15 722 3327 752 3375 0.912943
11 1997 898 2029 925 0.913023
11 366 1854 398 1881 0.913245
15 730 2783 762 2830 0.913375
11 1485 1991 1517 2018 0.913395
11 1473 1047 1505 1074 0.913427
11 735 227 767 255 0.913772
15 1597 2783 1628 2829 0.913861
15 929 3328 959 3375 0.914072
11 1740 3324 1772 3351 0.914762
15 1457 2529 1489 2576 0.914822
0 100 952 122 1282 0.915091
11 517 3569 549 3596 0.915176
11 1875 171 1906 198 0.915275
15 1737 2529 1768 2576 0.915464
15 517 3328 547 3375 0.915505
11 588 228 620 255 0.915532
11 1149 228 1182 255 0.91554
11 1150 251 1182 278 0.915544
11 612 944 644 971 0.915573
15 870 2529 900 2576 0.915722
11 458 216 490 243 0.915845
11 1843 3546 1875 3573 0.915912
11 1028 262 1061 289 0.915979
15 826 3573 856 3620 0.91603
11 1380 1945 1412 1973 0.916092
11 977 3500 1009 3527 0.916196
11 1727 148 1760 176 0.916409
11 1598 136 1630 163 0.916424
11 735 375 767 403 0.916434
11 882 216 913 243 0.916614
15 620 3573 651 3621 0.916644
15 414 3573 445 3620 0.91683
11 1738 2756 1769 2783 0.91684
11 2293 171 2325 198 0.916935
15 1481 3573 1511 3619 0.917161
15 1584 3327 1614 3375 0.917203
12 2026 2014 2060 2040 0.917297
11 674 3301 706 3328 0.917305
15 2017 2529 2048 2576 0.91731
11 1329 3301 1360 3328 0.917336
11 1363 2468 1396 2495 0.917426
15 1151 2529 1181 2576 0.917467
11 1297 250 1328 277 0.917488
11 2230 2468 2263 2495 0.917558
11 825 3369 858 3397 0.917575
15 1275 3573 1305 3620 0.917622
15 1686 3573 1716 3619 0.917672
11 2314 1183 2346 1210 0.917752
11 1778 1172 1810 1199 0.918023
11 484 1797 516 1824 0.918095
11 1171 3569 1204 3597 0.918132
11 468 3278 500 3305 0.918262
11 2529 3232 2561 3259 0.918293
11 871 2721 903 2749 0.918297
11 2297 2767 2330 2794 0.918308
11 311 3546 343 3573 0.918361
11 759 898 791 925 0.918486
11 414 3358 446 3385 0.918534
11 1160 990 1192 1017 0.918554
11 1875 148 1907 174 0.918562
11 1225 3489 1258 3516 0.918576
11 421 2003 453 2030 0.918621
11 1535 3335 1566 3362 0.918633
11 1745 1695 1776 1722 0.918712
11 2196 3347 2227 3373 0.918718
11 1789 1945 1821 1972 0.918773
11 1223 2664 1256 2691 0.918799
11 1727 479 1760 506 0.918813
11 1260 1991 1291 2018 0.918826
11 2090 2664 2122 2691 0.91883
11 2440 170 2472 197 0.918875
11 311 2699 343 2726 0.918915
11 2437 2571 2469 2598 0.918943
11 571 3489 603 3516 0.919009
11 535 1945 568 1973 0.919017
11 1583 3592 1615 3619 0.919038
11 450 2502 483 2530 0.919118
11 2250 3324 2282 3351 0.91917
11 709 1695 741 1722 0.919189
11 384 2618 416 2645 0.919216
11 2172 387 2204 414 0.919251
12 2037 3603 2071 3630 0.919266
11 1585 1751 1617 1779 0.919287
11 663 2653 695 2680 0.919288
11 536 1775 568 1801 0.919341
11 613 1149 644 1176 0.919369
11 1149 502 1181 529 0.919389
11 1450 262 1482 289 0.919413
11 365 3466 397 3493 0.919451
11 1473 1275 1505 1302 0.919454
11 2502 422 2534 449 0.919476
11 1345 1070 1377 1097 0.919492
11 1851 943 1883 971 0.919503
11 880 3289 912 3316 0.919504
11 1530 2653 1562 2680 0.919548
11 311 513 343 540 0.919568
11 1810 2676 1842 2703 0.919622
11 2293 148 2325 174 0.919633
11 310 262 343 289 0.919633
11 2245 1751 2277 1779 0.919638
11 777 3478 809 3505 0.919659
11 1033 1763 1065 1790 0.919669
11 2423 1695 2455 1722 0.919683
11 1891 3438 1924 3465 0.919721
11 1598 387 1630 414 0.91977
11 1290 2547 1322 2574 0.919795
11 685 921 717 948 0.919833
11 2141 3369 2173 3396 0.919834
11 2440 216 2473 243 0.919887
11 2458 3244 2490 3271 0.919914
11 1899 1968 1931 1995 0.919922
11 457 1172 488 1199 0.919924
11 1035 932 1067 959 0.919945
11 1274 3381 1306 3408 0.91995
11 955 433 987 460 0.920001
11 2366 422 2399 449 0.920022
11 1480 3415 1512 3442 0.920056
11 945 1957 977 1984 0.920089
11 945 1706 978 1733 0.920107
11 2017 2744 2049 2771 0.920114
11 2134 1797 2166 1824 0.920121
11 1899 1695 1931 1722 0.920133
11 803 1706 835 1733 0.920171
11 2403 3267 2435 3294 0.920181
11 1091 433 1123 460 0.920236
11 457 978 489 1006 0.920244
11 1584 2014 1616 2040 0.920251
11 1297 296 1329 323 0.92028
11 722 3558 754 3585 0.920285
11 928 3580 960 3607 0.920289
11 1524 467 1556 494 0.920308
11 1778 967 1810 993 0.920322
11 1377 3603 1409 3630 0.92037
11 2437 1070 2469 1097 0.920382
11 2528 1660 2560 1688 0.920408
11 1670 2456 1703 2483 0.920412
11 1689 1968 1721 1995 0.920418
11 1260 1751 1292 1778 0.920456
11 1540 1717 1573 1744 0.92048
11 1946 3359 1978 3385 0.920488
11 2349 3289 2381 3316 0.920501
11 2157 2547 2189 2574 0.920537
11 1450 513 1483 540 0.92054
11 1083 2445 1115 2472 0.920542
11 1150 2744 1182 2771 0.920567
11 2126 932 2158 959 0.920571
11 758 1172 791 1199 0.92062
11 1485 1740 1517 1767 0.92063
11 2298 3312 2330 3339 0.920635
11 1359 422 1391 449 0.920646
11 1727 125 1760 152 0.920656
11 2234 433 2266 460 0.920681
11 1619 1195 1651 1222 0.920693
11 1330 1740 1362 1767 0.92073
11 1028 387 1060 414 0.920742
11 882 490 913 517 0.920744
11 1284 1207 1315 1233 0.920748
11 845 887 877 914 0.920748
11 803 2456 836 2483 0.920754
11 1011 2525 1043 2552 0.920756
11 2316 1740 2348 1767 0.92076
11 2478 1672 2510 1698 0.920806
11 1435 1751 1467 1778 0.920808
11 1545 1024 1578 1051 0.920816
11 2510 2491 2542 2518 0.920823
11 384 467 416 494 0.920853
11 588 478 620 506 0.920891
11 846 1979 878 2007 0.920905
11 2064 1287 2096 1314 0.920927
0 100 180 122 514 0.92093
11 1597 2536 1629 2563 0.920951
11 2065 910 2097 937 0.920986
11 1223 422 1256 449 0.920995
11 2293 502 2325 529 0.921052
11 2370 2687 2402 2714 0.921062
11 2025 490 2057 517 0.921091
11 730 2536 762 2563 0.921092
11 310 2026 342 2053 0.921094
11 912 1263 944 1290 0.921094
11 2437 1241 2469 1268 0.921111
11 2499 1092 2531 1119 0.921123
11 2368 1717 2400 1744 0.921126
11 912 876 944 903 0.921152
11 1637 3512 1669 3539 0.921236
11 1659 467 1692 494 0.921244
11 2187 955 2219 982 0.921248
11 1619 1001 1651 1028 0.921255
11 310 1877 342 1905 0.921275
11 1149 2014 1181 2041 0.921285
11 974 910 1006 937 0.921303
11 1097 955 1129 982 0.921339
11 653 2003 685 2030 0.92138
11 1160 1160 1192 1187 0.921452
11 310 1024 343 1051 0.921452
11 1634 1740 1666 1767 0.921455
11 1204 1775 1236 1801 0.921463
11 1950 2479 1982 2506 0.921473
11 2376 1035 2408 1062 0.921475
11 2187 1241 2220 1268 0.921492
11 1689 1717 1721 1744 0.921573
11 1283 1035 1316 1062 0.921611
11 1096 3312 1128 3339 0.921619
11 1924 1195 1956 1222 0.921653
11 1149 1797 1181 1824 0.921705
11 890 1763 922 1790 0.92177
11 990 1729 1022 1756 0.921777
11 1789 1740 1821 1767 0.921807
11 1937 398 1969 425 0.921828
11 543 967 575 994 0.921838
11 520 467 552 494 0.921842
11 2098 433 2131 460 0.921915
11 1844 1717 1876 1744 0.921931
11 846 1729 878 1756 0.921981
11 1033 1980 1065 2007 0.922015
11 2190 1775 2221 1802 0.92203
11 1924 921 1956 948 0.922065
11 1458 2733 1489 2760 0.922072
11 1692 978 1724 1005 0.922082
11 1789 3626 1821 3653 0.922115
11 1077 1786 1110 1813 0.922142
11 590 2733 622 2760 0.922222
11 653 1717 685 1744 0.922242
11 1955 1672 1987 1699 0.922296
11 1801 398 1833 425 0.9223
11 2171 159 2204 186 0.922373
11 421 1832 453 1859 0.922414
11 1025 3392 1058 3419 0.922441
11 311 1252 343 1279 0.922488
11 1035 1207 1067 1233 0.922542
11 1431 3523 1463 3550 0.922652
11 588 205 620 232 0.922698
11 458 387 490 414 0.922709
11 758 1684 790 1711 0.922755
11 1685 3403 1717 3430 0.922935
11 943 2641 975 2668 0.922961
11 1380 1775 1412 1802 0.923118
11 661 398 693 425 0.923167
11 1296 398 1329 426 0.923217
11 1222 1012 1254 1040 0.923238
11 758 2014 790 2041 0.923286
11 384 1001 416 1028 0.923286
11 2440 398 2472 425 0.92346
11 797 398 829 425 0.923923
11 2314 1012 2346 1040 0.924072
0 99 2502 122 2857 0.924462
1 145 3545 213 3628 0.944839
1 145 1183 213 1265 0.945477
1 145 1957 213 2038 0.946735
1 145 2755 214 2837 0.947918
1 145 410 214 492 0.94859
10 149 2456 214 2635 0.959642
10 150 136 214 314 0.959927
10 150 3256 213 3433 0.960803
10 150 909 214 1088 0.961071
10 150 1684 214 1859 0.961546
