0 104 3347 122 3571 0.872496
0 103 3583 122 3818 0.88136
1 149 448 215 537 0.883585
1 147 1322 211 1402 0.894579
0 104 2973 123 3182 0.900324
1 151 3077 212 3164 0.901659
1 147 3463 212 3544 0.901781
1 145 3704 212 3785 0.907129
11 2200 1065 2231 1092 0.907784
11 2255 1476 2287 1503 0.908134
21 522 329 547 401 0.908712
15 2469 206 2499 252 0.91049
21 634 328 659 401 0.911198
11 2256 1043 2287 1070 0.912555
11 2199 1464 2232 1491 0.913445
21 1699 1026 1724 1098 0.913673
11 1338 1396 1369 1422 0.915882
12 1337 179 1371 206 0.916885
11 2256 1020 2287 1046 0.917339
21 1561 185 1587 257 0.917738
11 1450 1476 1482 1503 0.917851
11 2050 1077 2082 1104 0.917932
11 1951 213 1984 240 0.918254
12 2311 179 2345 206 0.918522
11 2256 1453 2287 1479 0.918575
12 1699 1441 1733 1468 0.918579
11 2050 167 2082 195 0.918788
11 573 1510 605 1537 0.918871
11 1974 1418 2007 1445 0.919041
11 522 1418 555 1445 0.919061
12 891 1408 925 1434 0.919289
11 2200 1498 2232 1525 0.919357
11 1064 213 1096 240 0.919591
11 1506 1463 1538 1491 0.919744
11 1169 167 1202 194 0.919765
11 635 1476 667 1503 0.919849
11 773 1464 805 1491 0.919879
11 955 225 987 252 0.920209
11 1250 1407 1282 1434 0.920231
11 2050 1464 2082 1491 0.920371
11 344 178 376 206 0.92047
11 2050 1510 2082 1537 0.920482
11 2050 1031 2082 1058 0.920556
11 345 1441 376 1468 0.920761
11 2200 179 2232 206 0.920813
11 1904 201 1936 228 0.920827
11 1842 225 1874 252 0.920908
11 433 1441 465 1468 0.920962
12 434 156 467 183 0.921045
11 1250 178 1282 206 0.921273
11 2199 1031 2232 1058 0.921613
11 1017 201 1049 228 0.921663
11 2311 1019 2344 1047 0.921862
11 344 322 377 349 0.921947
11 1117 190 1149 217 0.921958
11 1562 1464 1594 1491 0.922179
11 691 1464 723 1491 0.922191
11 1974 986 2006 1013 0.922204
11 1618 1453 1650 1480 0.922205
11 1388 1499 1420 1525 0.922464
11 433 322 465 349 0.92252
11 1997 190 2029 217 0.922601
11 2311 1452 2344 1480 0.922885
11 829 1453 861 1479 0.923114
12 2374 997 2408 1024 0.923311
12 2374 1430 2408 1457 0.928447
1 146 2016 213 2097 0.933696
1 146 2146 215 2227 0.947311
1 144 2278 214 2359 0.947842
1 146 2408 214 2490 0.955923
10 148 2631 216 2820 0.956266
10 150 685 214 864 0.956602
10 147 1829 216 2017 0.957051
10 149 824 216 1011 0.957578
10 149 1403 215 1585 0.958912
10 149 2774 216 2963 0.959155
10 147 965 217 1164 0.95922
10 149 3303 215 3486 0.959593
10 149 130 215 312 0.959775
10 149 3165 216 3348 0.960137
10 150 1141 215 1319 0.960198
10 149 542 215 724 0.960203
10 149 2492 214 2673 0.960234
10 149 1542 216 1730 0.960842
10 148 1687 215 1881 0.96177
10 147 266 217 465 0.962019
10 147 2916 216 3111 0.962149
10 150 3546 215 3727 0.962951
