9 1400 1158 1423 1229 0.813624
9 1737 1146 1765 1219 0.870809
13 719 858 761 885 0.880552
8 2009 538 2035 609 0.881046
9 1147 1066 1173 1138 0.881375
13 556 2758 599 2785 0.886773
9 1314 3059 1341 3129 0.887583
9 1738 1074 1763 1146 0.891223
9 2028 2984 2054 3052 0.892109
9 689 1148 715 1217 0.893805
9 1044 3037 1070 3106 0.893979
9 1021 1104 1047 1170 0.893982
9 2298 1134 2325 1209 0.894057
11 993 1169 1025 1195 0.894074
9 521 3047 548 3119 0.894822
21 326 2982 352 3057 0.894904
9 690 1074 715 1146 0.895822
9 884 1148 911 1216 0.895982
9 899 3004 926 3071 0.89607
9 745 2975 771 3047 0.897052
9 1702 2975 1728 3045 0.897308
8 858 537 884 609 0.897762
9 2298 1065 2325 1138 0.897807
9 522 2977 548 3045 0.897918
8 1676 3495 1701 3564 0.898251
8 1288 2450 1313 2521 0.898346
9 1043 2967 1070 3036 0.898383
9 1702 3048 1729 3118 0.898506
9 2035 1147 2062 1217 0.898673
13 1200 2781 1243 2809 0.898957
9 899 2933 926 3003 0.899758
9 2029 3061 2055 3128 0.900122
9 2036 1074 2061 1146 0.900312
9 2173 1033 2199 1103 0.900483
8 494 3428 520 3497 0.900721
9 884 1074 910 1145 0.90102
21 519 1082 543 1156 0.901385
13 1870 1558 1914 1585 0.901428
13 1298 1581 1341 1609 0.901468
8 718 2437 743 2508 0.903644
13 1298 881 1340 908 0.903687
11 2144 1168 2176 1195 0.904025
8 2003 2450 2027 2519 0.904141
21 326 3073 351 3148 0.904157
8 995 493 1020 563 0.904224
13 1201 3482 1243 3509 0.904248
9 1314 2984 1341 3055 0.904404
9 2173 1101 2199 1172 0.905118
8 1711 1593 1736 1663 0.905351
8 662 537 687 609 0.905481
13 557 3459 600 3486 0.906464
8 2272 527 2296 597 0.90673
21 519 1174 544 1247 0.906858
12 1344 3069 1378 3095 0.907217
12 1841 3458 1874 3485 0.907753
13 1870 859 1913 885 0.908275
9 1021 1031 1048 1104 0.908735
9 744 3049 772 3122 0.909214
9 1148 1134 1175 1207 0.909325
12 2328 1134 2361 1161 0.909397
13 718 1558 762 1585 0.909603
9 1399 1083 1426 1153 0.909675
9 1737 814 1763 884 0.910026
8 494 2437 520 2508 0.910179
8 1018 2428 1042 2497 0.910325
21 519 509 545 583 0.910327
8 1711 537 1736 610 0.910478
15 1585 1103 1615 1150 0.910645
15 660 2431 690 2477 0.910822
8 1675 2437 1701 2508 0.911026
12 718 1123 753 1149 0.911054
11 913 1123 944 1150 0.911094
8 873 2391 898 2464 0.911145
21 2425 509 2451 582 0.911558
9 1702 2714 1729 2783 0.911684
15 1944 2431 1974 2477 0.912069
12 555 3024 589 3051 0.912071
12 1429 1168 1463 1195 0.912151
21 1527 509 1551 580 0.912213
11 1371 525 1403 553 0.912507
15 662 1413 692 1461 0.912588
11 1710 1580 1742 1608 0.912642
11 493 3035 525 3062 0.913039
15 662 839 691 886 0.91304
8 1373 550 1398 619 0.913566
21 326 2409 351 2481 0.91357
12 2272 3459 2306 3485 0.913603
11 1016 3023 1048 3051 0.913616
15 806 529 837 576 0.913675
11 2271 1123 2302 1150 0.913754
8 494 2737 519 2805 0.9139
11 1119 1123 1151 1150 0.913931
11 2001 3046 2032 3073 0.914111
11 871 2989 903 3016 0.914377
11 1635 525 1667 553 0.914456
11 779 3023 811 3050 0.914528
11 2059 3079 2090 3106 0.914785
8 2003 3471 2028 3542 0.914813
11 2064 1123 2096 1150 0.915069
21 2389 2409 2414 2482 0.915075
11 1674 3481 1706 3508 0.915231
21 1462 2409 1487 2482 0.915239
11 2000 3459 2033 3486 0.915328
11 2144 1089 2176 1116 0.915401
15 1531 3096 1561 3142 0.915477
12 1429 1248 1462 1275 0.915734
11 716 3035 748 3062 0.915768
11 1674 3035 1706 3062 0.91597
12 1870 1122 1903 1149 0.916024
11 661 1134 693 1162 0.916036
11 587 1146 619 1172 0.916083
11 993 1089 1025 1116 0.91613
11 1371 1146 1403 1173 0.916323
12 2272 2759 2305 2785 0.916407
11 406 3046 438 3073 0.916488
8 2146 492 2171 562 0.916497
11 493 3413 525 3440 0.91673
15 1530 3005 1561 3051 0.916757
11 1287 3046 1319 3074 0.916924
11 2202 1558 2233 1585 0.916957
11 1050 1558 1082 1585 0.917018
11 1709 1134 1741 1162 0.917057
11 493 2713 525 2740 0.917129
11 856 1134 888 1162 0.917174
15 1957 529 1988 576 0.917436
12 327 3413 361 3440 0.917441
11 2270 502 2302 530 0.917518
11 2000 2426 2032 2453 0.917564
11 406 3126 438 3153 0.91774
11 1118 502 1151 530 0.917816
11 2168 3035 2200 3062 0.917829
12 2272 3047 2304 3073 0.91785
11 661 514 694 542 0.917874
11 1674 2782 1706 2809 0.917885
11 2001 3126 2032 3153 0.917895
11 716 3114 748 3142 0.9183
11 993 469 1025 496 0.918325
11 1287 2426 1318 2453 0.918385
11 2007 1134 2039 1162 0.918463
9 2028 2691 2055 2762 0.918599
11 587 525 619 553 0.918618
11 1200 3035 1232 3062 0.918624
11 1587 3046 1619 3073 0.918739
11 1119 1202 1151 1230 0.918753
11 2007 514 2039 541 0.918768
11 2145 469 2176 496 0.918861
12 2272 3126 2306 3153 0.918863
11 856 514 888 541 0.918869
12 2059 3492 2093 3519 0.91887
11 1587 3126 1619 3153 0.918877
11 1635 1145 1667 1172 0.918941
11 1709 514 1742 541 0.919023
11 934 3080 967 3107 0.919045
11 935 2380 967 2407 0.919064
11 716 2414 748 2442 0.919073
11 1015 3103 1047 3130 0.919106
11 935 3459 967 3486 0.919357
11 2270 1202 2302 1230 0.919423
11 406 2426 439 2453 0.919424
11 1709 1214 1741 1241 0.919439
11 872 2369 904 2396 0.919505
11 1297 1214 1329 1241 0.919561
12 1345 3149 1380 3176 0.919563
11 1587 2426 1619 2453 0.919666
11 493 2414 525 2442 0.919722
11 856 1214 888 1241 0.919754
11 1371 1226 1403 1253 0.919779
11 2000 2759 2033 2786 0.919815
11 661 1214 693 1241 0.919837
11 1286 3126 1319 3153 0.919904
11 1674 2414 1706 2442 0.919904
12 2059 2794 2093 2820 0.919933
11 1674 3114 1706 3142 0.91998
11 935 3000 966 3027 0.920031
11 719 503 751 530 0.920149
11 1050 1100 1082 1127 0.920247
11 2007 1214 2039 1241 0.920277
11 587 1226 619 1253 0.9204
11 2065 503 2097 530 0.920434
11 1200 3115 1232 3142 0.920451
11 913 503 945 529 0.92051
11 1709 881 1741 908 0.920565
11 1050 1179 1082 1207 0.920656
11 1635 1226 1667 1253 0.92068
11 493 3115 525 3142 0.920707
11 1016 2404 1048 2430 0.920736
11 2168 2415 2200 2442 0.92081
11 1200 2414 1232 2442 0.920912
11 1870 503 1902 530 0.920983
11 2059 3160 2091 3188 0.921023
11 1050 480 1082 507 0.921039
12 1841 3103 1875 3130 0.921079
11 2168 3114 2200 3142 0.921115
11 1840 2403 1872 2430 0.921149
11 2201 480 2234 507 0.921176
11 2201 1100 2233 1127 0.92119
11 2064 1203 2096 1230 0.921191
11 913 1203 945 1229 0.921198
11 871 3068 903 3095 0.921252
11 556 2403 588 2430 0.921356
12 2327 1214 2361 1241 0.921432
11 934 2759 967 2786 0.921706
11 2202 1179 2234 1206 0.921722
12 556 3103 590 3129 0.92175
11 1297 514 1329 541 0.921778
11 1050 858 1082 885 0.921792
11 1297 1134 1329 1161 0.921882
11 779 3103 811 3130 0.921983
11 2058 2460 2091 2488 0.922003
12 2327 813 2361 839 0.92202
11 2201 858 2233 885 0.922031
12 2271 2427 2306 2453 0.922397
12 2328 1512 2361 1539 0.922816
11 779 2403 811 2430 0.92296
8 1120 526 1145 597 0.923683
12 1345 2449 1379 2476 0.923974
12 1429 550 1463 576 0.92522
12 1840 3023 1874 3050 0.925354
12 327 2714 361 2741 0.926017
12 1869 1203 1903 1229 0.927285
12 1840 2759 1874 2786 0.927792
12 2327 514 2361 541 0.929601
12 719 1204 752 1231 0.931073
1 145 3334 213 3415 0.9455
1 337 812 407 895 0.945908
1 337 1431 407 1515 0.946203
1 144 2713 214 2794 0.94839
10 149 2977 213 3156 0.960094
10 150 2358 213 2535 0.960856
10 342 1076 406 1254 0.962181
10 342 457 406 633 0.963405
