11 335 1482 367 1509 0.902973
8 2455 2758 2480 2827 0.904206
0 100 1225 122 1536 0.90458
0 99 2618 122 2947 0.904938
12 554 1932 588 1959 0.908246
12 555 1990 589 2017 0.908844
15 2325 2879 2355 2926 0.908979
9 654 2144 680 2214 0.909073
11 335 3337 368 3365 0.90966
11 1637 1887 1669 1914 0.910834
11 1480 2178 1511 2205 0.911357
15 2214 3583 2244 3630 0.911438
11 2007 2166 2040 2193 0.91159
15 1649 3582 1679 3630 0.91181
11 1479 2155 1511 2182 0.911962
11 1584 2178 1616 2205 0.912101
11 1151 3418 1183 3444 0.91247
11 2062 3451 2094 3478 0.91259
11 1946 2709 1978 2736 0.91262
11 460 3417 492 3445 0.912715
11 1250 3395 1281 3421 0.91294
15 870 3582 901 3629 0.912954
11 1583 2155 1616 2182 0.912979
11 2109 2166 2141 2193 0.914139
11 1784 3451 1817 3478 0.914313
21 1575 2857 1600 2931 0.91458
9 909 1900 936 1971 0.914642
9 2336 3556 2363 3627 0.914646
11 1399 3429 1431 3456 0.914852
11 1937 3337 1969 3364 0.914975
11 1151 3337 1183 3364 0.915221
11 1936 3417 1968 3445 0.915244
11 1946 2686 1977 2713 0.915305
11 610 3429 641 3456 0.91534
11 2452 2742 2485 2769 0.915431
11 881 2189 913 2216 0.9157
11 335 1270 368 1298 0.915718
11 1249 3417 1281 3444 0.915774
11 1575 2663 1607 2690 0.915906
11 335 1294 367 1321 0.916088
11 995 3451 1027 3478 0.916091
11 1317 3291 1349 3318 0.916702
11 2518 1435 2550 1462 0.917008
15 870 555 901 603 0.917183
11 335 3417 367 3444 0.917185
11 982 2189 1014 2216 0.91721
11 881 2166 913 2192 0.917529
11 1586 3291 1618 3318 0.917542
15 1379 556 1409 603 0.917564
11 1003 1190 1035 1217 0.917706
11 1751 1190 1783 1217 0.917708
15 1888 555 1919 603 0.917758
0 100 1920 122 2249 0.917785
12 2214 3394 2248 3421 0.917823
11 754 2829 786 2856 0.917831
11 1854 2708 1886 2735 0.917853
11 610 3405 642 3432 0.917862
11 870 3337 902 3364 0.917997
11 1837 1271 1868 1298 0.917998
11 2133 751 2166 778 0.918022
11 2072 1271 2105 1298 0.918036
11 1089 1271 1121 1298 0.918182
11 1151 1436 1183 1463 0.918198
11 580 620 612 647 0.918225
12 2214 3337 2248 3363 0.91824
11 2465 643 2497 670 0.918276
11 1899 1436 1930 1463 0.918283
11 392 1898 424 1925 0.918354
11 460 3337 492 3364 0.918368
11 1270 1436 1302 1463 0.91858
11 402 1435 433 1462 0.918587
11 762 1436 794 1462 0.91862
11 1946 2605 1978 2633 0.918652
11 1151 3394 1183 3421 0.918666
11 1399 3404 1431 3432 0.918669
11 2061 3372 2093 3399 0.918702
11 2308 3624 2340 3651 0.918704
11 1479 1898 1511 1925 0.918741
11 2138 1436 2169 1462 0.918744
11 1854 2685 1886 2712 0.918748
11 1390 1436 1422 1462 0.918784
11 642 1436 674 1463 0.918877
11 982 2165 1014 2192 0.918911
11 2257 1436 2289 1462 0.918916
11 2404 3590 2436 3617 0.918976
11 1461 3291 1494 3318 0.918989
11 1509 1436 1541 1462 0.919019
11 1189 586 1221 614 0.91909
11 2313 1482 2346 1509 0.919104
11 1566 1482 1598 1509 0.919136
11 460 3393 492 3421 0.919136
11 2089 2697 2120 2724 0.919177
11 1934 1932 1967 1960 0.919193
11 754 2594 786 2621 0.919194
11 2018 1436 2050 1463 0.919201
11 2129 3349 2161 3376 0.919224
11 2062 3406 2094 3433 0.919233
11 336 2571 368 2598 0.919237
11 2278 751 2310 778 0.919243
11 1584 1875 1615 1902 0.919255
11 2200 586 2232 613 0.919294
11 1782 1898 1814 1925 0.919338
11 2005 3314 2037 3341 0.919352
11 797 3326 829 3353 0.919365
11 577 1271 610 1298 0.919386
11 1836 1482 1868 1509 0.919432
11 2408 1190 2440 1218 0.919456
11 881 1966 913 1993 0.919551
11 818 1482 851 1509 0.919559
11 1325 1271 1357 1298 0.919576
11 2415 632 2447 659 0.919639
11 1648 3291 1681 3318 0.91964
11 1099 2841 1130 2867 0.919663
11 1037 820 1069 847 0.919685
11 1234 797 1266 824 0.919694
0 100 3326 122 3660 0.919701
11 1685 1213 1718 1240 0.919742
11 518 2829 551 2856 0.919758
11 1743 797 1775 824 0.919785
11 1281 2605 1313 2632 0.919797
11 437 2211 469 2238 0.9198
11 884 1435 916 1462 0.919815
11 520 1213 552 1240 0.91983
11 1089 1190 1121 1217 0.91984
11 725 797 757 824 0.91984
11 819 1213 851 1240 0.919893
11 832 2650 864 2678 0.919909
11 1626 1436 1658 1462 0.919918
11 2517 655 2548 682 0.91992
11 610 3337 642 3364 0.919926
11 2379 1435 2411 1462 0.919942
11 1884 1921 1915 1948 0.919944
11 1566 1213 1598 1240 0.919949
11 2305 1978 2337 2005 0.919954
11 437 1921 469 1948 0.919958
11 2453 2605 2485 2632 0.91996
11 1208 1213 1240 1240 0.919962
11 2414 1943 2446 1971 0.919972
11 1698 586 1730 614 0.919983
11 521 1435 553 1463 0.920004
11 1546 575 1578 602 0.920036
11 1937 3394 1969 3421 0.920041
11 2527 1898 2558 1925 0.920041
11 2089 2720 2121 2747 0.920068
11 1836 1190 1868 1217 0.920069
11 2018 1202 2050 1229 0.920101
11 1270 1202 1302 1229 0.920105
11 818 1271 850 1298 0.920112
11 1955 1213 1988 1240 0.920117
11 762 1202 794 1229 0.920133
11 655 739 687 767 0.920141
11 2007 1932 2040 1959 0.920164
11 1350 1921 1383 1948 0.920166
11 400 2829 432 2856 0.920178
11 1037 575 1069 602 0.920187
11 2200 774 2232 801 0.920199
11 2148 2583 2180 2610 0.920213
11 2257 1202 2289 1229 0.920215
11 2210 1966 2242 1993 0.920225
11 655 620 688 647 0.920244
11 2465 751 2497 778 0.920302
11 336 1236 368 1263 0.920335
11 1854 2628 1886 2656 0.920337
11 1524 3280 1556 3307 0.920356
11 1648 740 1680 767 0.920362
11 2109 1955 2141 1982 0.920378
11 626 2212 658 2239 0.920382
11 1688 1887 1720 1914 0.920433
11 2452 1459 2484 1486 0.920456
11 1157 2639 1190 2667 0.920511
11 1517 2651 1549 2678 0.920525
11 1003 1435 1035 1463 0.920534
11 1751 1435 1783 1463 0.920545
11 1407 1898 1439 1925 0.920549
11 1341 2921 1372 2948 0.920564
11 336 2223 368 2249 0.920568
11 1454 740 1486 767 0.920571
11 1509 1202 1541 1229 0.920625
11 1821 740 1853 767 0.920629
11 1846 3326 1878 3353 0.920659
11 2512 2617 2544 2644 0.920672
11 1015 2628 1046 2655 0.920716
11 672 3326 704 3353 0.920735
11 2314 1213 2346 1240 0.920736
11 2364 820 2396 847 0.920756
11 1379 786 1411 813 0.920761
11 2452 1191 2484 1218 0.920773
11 1015 2829 1047 2856 0.920774
11 1208 1470 1240 1497 0.920815
11 1294 1944 1326 1971 0.920818
11 1955 1459 1987 1486 0.920818
11 696 1470 729 1497 0.920823
11 1399 2628 1431 2655 0.92083
11 1962 739 1994 767 0.92084
11 1249 3314 1282 3341 0.920887
11 725 609 757 636 0.920905
11 1899 1202 1931 1229 0.920966
11 1533 1910 1565 1937 0.920974
11 2191 1470 2223 1497 0.920974
11 636 2829 668 2856 0.920998
11 482 1943 514 1970 0.921012
11 1444 1470 1476 1497 0.921036
11 995 3360 1027 3387 0.921038
11 1458 2640 1490 2667 0.92105
11 870 786 902 813 0.921068
11 455 1459 487 1486 0.921069
11 1234 609 1266 636 0.92108
11 1151 1202 1183 1229 0.921081
11 335 3394 368 3421 0.921111
11 1647 598 1680 625 0.921114
11 950 2852 982 2879 0.921218
11 2159 1966 2192 1994 0.921227
11 1138 598 1171 625 0.921235
11 1222 2594 1254 2621 0.921239
11 1833 1909 1865 1936 0.921248
11 1312 740 1344 767 0.921271
11 994 3405 1027 3433 0.921282
11 1099 2628 1130 2655 0.921307
15 555 2170 586 2217 0.92132
11 2011 2583 2042 2609 0.921335
11 1136 1944 1168 1971 0.921347
11 2089 2594 2121 2621 0.9214
11 2007 2143 2039 2170 0.9214
11 336 1955 367 1982 0.921407
11 1597 586 1629 613 0.921461
11 803 740 835 767 0.921463
11 1533 2132 1565 2159 0.921463
11 1888 786 1920 813 0.921469
11 1340 2616 1373 2644 0.921497
11 2364 620 2396 647 0.92153
11 944 598 976 625 0.921541
11 518 2594 550 2621 0.921545
11 2325 2583 2356 2610 0.921578
11 1089 1516 1121 1543 0.921594
11 698 2177 731 2204 0.921623
11 571 2616 603 2644 0.921688
11 1637 2132 1669 2159 0.9217
11 2453 2697 2485 2724 0.921717
11 1743 609 1776 636 0.92172
11 1634 2674 1667 2701 0.921721
11 938 1459 970 1486 0.921727
11 897 2829 929 2856 0.921751
11 2470 1921 2502 1948 0.921759
11 2266 2583 2297 2610 0.921767
11 1088 586 1120 613 0.921781
11 831 2852 864 2879 0.921796
11 1453 597 1486 625 0.921815
11 2109 2143 2141 2170 0.921815
11 1546 820 1579 847 0.921865
11 336 2852 368 2879 0.921906
11 1039 2132 1071 2159 0.921959
11 1721 3303 1753 3330 0.922012
11 1962 597 1995 625 0.922023
11 1187 1955 1219 1982 0.922084
11 1056 3371 1089 3399 0.92209
11 932 3349 964 3376 0.922106
11 2055 832 2087 858 0.922129
11 982 1966 1015 1994 0.92216
11 335 2166 368 2193 0.922189
11 1685 1459 1717 1486 0.922238
11 2058 1943 2091 1971 0.922241
11 1752 2697 1784 2724 0.922247
11 1237 1967 1269 1994 0.922315
11 1138 740 1170 767 0.922343
11 1784 3405 1816 3433 0.922383
11 2313 609 2345 636 0.922401
11 734 3314 767 3341 0.922426
11 1626 1237 1657 1263 0.922432
11 580 786 612 813 0.922463
11 937 2132 970 2159 0.922524
11 2160 2132 2192 2159 0.92264
11 944 740 976 767 0.92267
11 454 2852 486 2879 0.922682
11 572 2852 604 2879 0.922788
11 577 1493 609 1520 0.922833
11 2072 1225 2104 1252 0.922888
11 1784 3314 1816 3341 0.922937
11 1325 1493 1357 1520 0.922947
11 528 3314 560 3341 0.922988
11 2357 1967 2390 1994 0.923032
11 2072 1493 2104 1520 0.923036
11 1325 1225 1357 1252 0.923068
11 2394 2594 2426 2621 0.923164
11 1399 3303 1431 3330 0.92318
11 2058 2132 2091 2159 0.923206
11 577 1225 609 1252 0.92334
11 1693 2686 1725 2712 0.923518
11 398 3349 430 3376 0.924016
11 689 2852 721 2879 0.924115
11 2207 2571 2239 2598 0.924181
1 145 2142 214 2226 0.943124
1 145 1447 213 1530 0.946676
1 145 3554 214 3638 0.947602
1 145 2852 214 2934 0.947615
1 338 751 407 834 0.948896
10 150 3280 213 3457 0.959037
10 149 1875 213 2052 0.959317
10 343 483 407 662 0.960123
10 149 1178 214 1356 0.960962
10 149 2570 214 2748 0.962491
