12 491 1470 526 1497 0.917917
11 1381 1126 1413 1153 0.91795
11 1047 828 1079 855 0.917975
11 1545 404 1577 431 0.917999
11 1908 2902 1939 2929 0.918078
11 1472 3233 1505 3261 0.918154
11 354 1138 386 1165 0.918258
11 1527 2902 1559 2929 0.918282
11 1768 2558 1800 2585 0.918304
11 1738 392 1770 419 0.918352
11 2021 496 2053 523 0.918412
11 2508 2226 2540 2253 0.918436
11 1986 2558 2018 2585 0.91845
11 1059 1138 1091 1165 0.918565
11 1547 828 1579 855 0.918584
11 2377 2237 2408 2264 0.918678
11 1259 794 1290 821 0.918752
11 2103 2192 2136 2219 0.918773
11 2167 2203 2198 2230 0.918786
11 1854 3188 1886 3215 0.918799
11 780 2547 812 2573 0.918814
11 481 2902 513 2929 0.918816
11 2497 392 2529 419 0.91885
11 303 1126 335 1153 0.918856
11 1582 3543 1613 3570 0.91886
11 2315 2225 2347 2252 0.918908
11 946 438 978 465 0.919083
11 2021 1481 2054 1508 0.919141
11 1604 2890 1636 2917 0.919161
11 932 1916 964 1943 0.919187
11 363 2547 395 2573 0.919206
11 303 3336 335 3363 0.919238
11 1808 1824 1839 1851 0.91925
11 1082 484 1114 511 0.919255
11 587 771 618 798 0.919327
11 2058 3680 2090 3707 0.919353
11 735 1183 767 1210 0.919359
11 303 747 335 775 0.919367
11 682 3279 715 3306 0.919393
11 608 1481 640 1508 0.919414
11 2377 2260 2409 2286 0.919436
11 1691 370 1724 397 0.91944
11 1374 1435 1406 1462 0.919442
11 1881 1057 1913 1084 0.9195
11 2094 2559 2126 2586 0.919511
11 920 1080 952 1107 0.919537
11 525 3233 557 3261 0.919583
11 598 2936 629 2963 0.919607
11 1031 1928 1062 1954 0.919618
11 700 2535 733 2562 0.919618
11 2170 759 2202 786 0.919623
11 1365 1870 1397 1898 0.919628
11 2500 1183 2532 1210 0.919635
11 2531 794 2563 821 0.919643
12 2112 3257 2146 3283 0.919693
11 1217 1836 1249 1863 0.919723
11 2112 3200 2144 3227 0.919737
11 1226 1481 1258 1508 0.919746
11 1659 850 1691 878 0.91975
11 2201 495 2233 522 0.919764
11 1321 416 1353 443 0.919765
11 2055 2890 2087 2917 0.919773
11 570 3257 601 3284 0.919776
11 401 3601 433 3627 0.919783
11 758 358 791 385 0.919797
11 2427 3222 2459 3249 0.919798
11 2315 439 2348 466 0.919802
11 2246 736 2278 763 0.919837
11 1142 3577 1174 3604 0.91984
11 1562 3280 1594 3307 0.919843
11 506 1871 539 1898 0.919853
11 1619 3233 1651 3260 0.919855
11 714 1481 746 1508 0.919863
11 2424 381 2455 408 0.91987
11 659 1138 691 1165 0.91991
11 826 3680 859 3708 0.919914
11 1778 2191 1810 2218 0.91992
11 1918 1767 1950 1795 0.919925
12 313 3646 347 3673 0.919931
11 1716 1138 1749 1165 0.919938
11 1681 2878 1714 2906 0.919966
11 943 2559 975 2586 0.919982
11 1674 1481 1706 1508 0.919986
11 1846 2890 1878 2917 0.919995
11 790 1137 823 1165 0.920032
11 1634 3566 1666 3593 0.920054
11 2488 782 2520 809 0.92007
11 660 1836 692 1863 0.920089
11 1179 1149 1212 1176 0.920106
11 1289 1435 1321 1462 0.920123
11 2360 748 2392 774 0.920126
11 1825 1080 1858 1107 0.920145
11 416 3280 448 3306 0.920152
11 1078 3600 1110 3627 0.92016
11 732 782 765 809 0.920171
11 1845 1515 1877 1543 0.920178
11 1371 3623 1403 3650 0.92018
11 1164 1538 1196 1565 0.920186
11 955 3635 987 3662 0.920188
11 1612 1504 1644 1531 0.920188
11 303 782 335 809 0.920191
11 1808 415 1841 442 0.920198
11 1465 428 1497 454 0.920211
11 449 1469 481 1497 0.920211
11 1646 1905 1678 1932 0.920227
11 1470 1171 1502 1198 0.920231
11 2447 1572 2479 1599 0.920232
11 1015 461 1046 488 0.920234
11 2450 2913 2481 2940 0.920258
11 510 2225 542 2253 0.920294
11 1675 3200 1706 3227 0.920301
11 1731 3177 1763 3204 0.920313
11 848 1080 880 1107 0.920313
11 1862 1790 1895 1817 0.920314
11 1828 3612 1859 3639 0.920321
11 2250 2592 2282 2619 0.920331
11 516 759 548 786 0.92037
11 1476 1481 1508 1508 0.920387
11 687 2947 719 2974 0.920388
11 1586 2523 1618 2550 0.920394
11 1661 1161 1693 1187 0.920397
11 1228 2271 1261 2298 0.920406
11 790 1859 821 1886 0.92043
11 1448 805 1480 832 0.920441
11 2243 3623 2275 3650 0.920469
11 483 2489 515 2516 0.920486
11 1364 2512 1395 2539 0.920488
11 1700 1870 1733 1898 0.920491
11 358 1836 390 1863 0.920516
12 2137 1870 2171 1898 0.920523
11 403 1149 435 1176 0.92053
11 1157 3269 1189 3296 0.920558
11 883 2581 915 2608 0.920568
11 1687 3589 1719 3616 0.920574
11 1641 2535 1673 2562 0.920576
11 423 2512 455 2539 0.920576
11 2035 2626 2066 2653 0.920599
11 1585 393 1618 420 0.920601
11 2106 1527 2138 1554 0.920627
11 2185 3211 2216 3238 0.920628
11 1586 839 1619 867 0.920638
11 603 1172 635 1198 0.920644
11 1944 3635 1976 3662 0.920649
11 1259 850 1292 878 0.920657
11 2508 2203 2540 2230 0.92066
11 682 771 714 798 0.920668
11 1973 1745 2004 1772 0.92068
11 2174 3601 2207 3628 0.92068
11 536 2925 568 2951 0.920771
11 803 381 836 408 0.920777
11 1244 2569 1276 2596 0.920786
11 1027 3245 1058 3272 0.92079
11 877 404 909 431 0.920801
11 742 2191 774 2219 0.920858
11 781 1492 813 1520 0.920858
11 360 3314 391 3341 0.920862
11 2355 3222 2387 3249 0.920864
11 2467 2546 2499 2573 0.920882
11 1450 2913 1482 2940 0.920883
11 1197 2970 1229 2997 0.920894
11 1715 2547 1747 2573 0.920908
11 472 3257 504 3284 0.920914
11 833 1905 865 1932 0.920938
11 1009 1126 1041 1153 0.92096
11 1016 3004 1048 3031 0.92097
11 1926 2603 1958 2631 0.920986
11 457 1859 489 1886 0.921016
11 402 1882 434 1909 0.921027
11 2510 1515 2542 1542 0.92103
11 1988 2913 2020 2940 0.92104
11 895 2981 926 3008 0.921044
11 1478 2500 1510 2527 0.921045
11 1959 1538 1991 1565 0.921052
11 1076 2237 1108 2264 0.921081
11 1505 415 1537 442 0.921096
11 2372 381 2404 408 0.921099
11 1100 2626 1132 2653 0.921113
11 1464 1893 1496 1921 0.921118
11 1989 794 2021 821 0.921121
11 1625 380 1658 408 0.92113
11 1435 3600 1467 3627 0.921137
11 899 2225 931 2252 0.921142
11 2285 1172 2317 1199 0.921149
11 1769 1114 1801 1141 0.921165
11 2304 2581 2336 2608 0.92117
11 1188 2226 1220 2253 0.921172
11 2359 2569 2391 2596 0.921173
11 1605 1194 1637 1221 0.921187
11 2122 3577 2154 3605 0.921206
11 353 759 385 786 0.921218
11 777 839 809 866 0.921231
11 1549 1217 1581 1245 0.92124
11 503 1160 534 1187 0.921241
11 1854 439 1886 466 0.921243
11 2168 1504 2200 1531 0.921261
11 1280 2936 1312 2963 0.921265
11 1137 2283 1169 2310 0.921266
11 592 2512 624 2539 0.921275
11 2505 2970 2537 2997 0.921285
11 2008 3612 2040 3639 0.921287
11 2078 450 2110 477 0.921294
12 2455 3624 2489 3651 0.921309
11 1424 1458 1456 1485 0.921311
11 577 3612 608 3639 0.921349
11 1756 1848 1788 1875 0.921377
11 538 2500 570 2527 0.921412
11 1818 2581 1849 2608 0.921418
11 888 1848 920 1875 0.921429
11 2199 2936 2232 2963 0.921467
11 1302 3646 1334 3673 0.921486
11 956 2993 987 3020 0.921487
11 1926 1080 1958 1107 0.921489
11 986 1859 1019 1886 0.921521
11 2333 1561 2366 1588 0.921536
11 674 2237 706 2264 0.921537
11 891 3657 923 3684 0.921561
11 2045 2157 2077 2184 0.921582
11 1590 1928 1623 1955 0.921583
11 964 1103 996 1130 0.921601
11 397 816 429 843 0.92162
11 453 759 485 786 0.921627
11 1315 1859 1347 1886 0.921637
11 969 1515 1001 1542 0.921641
11 1788 1504 1820 1531 0.921643
11 1114 3016 1146 3043 0.921685
11 303 1939 335 1966 0.921726
11 1385 427 1417 455 0.921758
11 2445 771 2478 798 0.921769
11 2257 1881 2289 1909 0.921773
11 2317 736 2349 763 0.921789
11 711 3691 743 3718 0.921797
11 458 2283 490 2310 0.921866
11 605 1893 637 1920 0.921878
11 1362 2913 1395 2940 0.921891
11 601 2248 633 2275 0.921925
11 1280 2248 1313 2275 0.921946
12 553 336 587 363 0.921985
11 2327 2925 2359 2952 0.922026
11 832 782 865 809 0.922075
11 1513 3566 1545 3593 0.922085
12 2427 3280 2461 3306 0.922144
11 2396 1505 2428 1531 0.922146
11 2383 2958 2415 2986 0.922151
11 922 3222 955 3249 0.922167
11 1185 817 1217 844 0.922184
11 734 1882 766 1909 0.922197
11 1118 850 1150 877 0.922199
11 632 3268 664 3295 0.922218
11 2521 2535 2554 2562 0.922234
11 397 2237 429 2264 0.922234
11 2266 2913 2299 2940 0.922263
11 1950 473 1982 500 0.922296
11 1513 1882 1546 1909 0.922298
11 1533 1492 1565 1520 0.922304
11 683 805 715 832 0.922309
11 1162 1939 1194 1966 0.922322
11 646 2523 678 2550 0.922329
11 1013 3623 1045 3650 0.922354
11 561 1848 594 1875 0.922376
11 1266 1848 1298 1875 0.922385
11 1423 2489 1456 2516 0.922398
12 2330 3669 2365 3696 0.922504
12 1781 3234 1816 3261 0.922525
11 1781 3177 1813 3204 0.922656
11 1791 2867 1823 2894 0.922665
11 2440 2248 2472 2275 0.92267
11 2176 2569 2208 2596 0.922688
11 2110 2925 2142 2951 0.922709
11 2282 1492 2315 1520 0.922856
11 2428 1194 2461 1221 0.922858
11 401 1493 433 1520 0.922867
12 2282 3246 2317 3272 0.922874
11 2220 1549 2252 1576 0.922898
11 1745 3600 1777 3627 0.922926
11 309 2878 341 2906 0.922929
11 1230 1160 1262 1187 0.923055
11 772 2958 805 2985 0.923084
11 1497 816 1529 843 0.923104
11 1908 1492 1940 1519 0.923108
11 2402 758 2435 786 0.923128
11 2186 1205 2218 1232 0.923198
11 420 2925 452 2951 0.923208
11 833 2970 865 2997 0.923439
11 549 2271 582 2298 0.923443
11 303 1550 335 1576 0.92345
11 1280 1149 1312 1176 0.923517
12 2027 1103 2061 1130 0.92359
11 1415 1882 1446 1909 0.924044
12 1968 3222 2002 3250 0.925259
12 516 817 551 843 0.926017
12 2424 439 2458 465 0.927719
10 146 2832 210 3010 0.960455
10 146 3189 210 3366 0.960694
10 145 3543 210 3721 0.961077
10 145 702 210 880 0.96135
10 145 1767 210 1946 0.962266
10 146 1412 210 1590 0.962774
10 145 2121 210 2300 0.962944
10 146 2477 210 2656 0.963867
10 146 1058 211 1236 0.964178
