11 2021 1856 2045 1876 0.895994
8 2194 2826 2219 2896 0.896893
8 2194 1391 2219 1463 0.903326
21 551 2103 576 2176 0.904745
8 2516 1795 2541 1866 0.907961
21 551 2460 576 2534 0.908558
21 551 669 577 744 0.910215
21 1974 3178 1999 3251 0.910371
21 1075 2103 1100 2176 0.911933
21 1510 2462 1535 2533 0.911986
21 1510 2103 1535 2176 0.912202
11 875 2155 907 2182 0.91221
21 2148 2461 2173 2533 0.912684
21 2147 2103 2173 2176 0.913121
21 1075 2461 1100 2534 0.913744
21 1075 670 1100 743 0.914575
15 1976 1407 2006 1454 0.915613
21 1510 1029 1535 1101 0.916049
21 1075 1028 1100 1101 0.917038
21 2148 669 2173 743 0.917078
15 1975 2840 2005 2887 0.917202
11 2515 1774 2547 1801 0.918202
15 1976 1765 2006 1813 0.918341
21 551 1028 576 1102 0.918363
11 875 721 907 748 0.918502
11 2192 2802 2224 2830 0.918502
11 633 2143 665 2170 0.918533
21 1510 670 1535 743 0.918704
11 1157 2547 1189 2574 0.918737
11 1886 2155 1918 2182 0.919039
11 794 2155 826 2182 0.919164
11 633 710 665 737 0.919259
11 1710 2143 1741 2170 0.919368
11 2192 1370 2224 1397 0.919386
11 794 721 826 748 0.919415
11 956 732 988 759 0.919426
21 2148 1028 2173 1101 0.919549
11 1333 2558 1365 2585 0.919633
11 2062 732 2094 759 0.919638
11 1709 710 1741 737 0.91972
11 1886 721 1918 748 0.919734
11 2434 1369 2466 1396 0.919842
11 956 2547 988 2574 0.920012
11 633 2524 665 2551 0.920017
11 1216 2547 1248 2574 0.920031
11 2062 2166 2094 2193 0.920108
11 1592 2547 1624 2574 0.920111
11 955 2166 988 2193 0.920117
11 1827 2155 1859 2182 0.920121
11 2062 1148 2094 1175 0.920279
11 1651 2547 1683 2574 0.920316
11 956 1114 987 1141 0.920364
11 1827 721 1859 748 0.920454
11 1975 2581 2007 2608 0.92052
11 1975 1148 2007 1175 0.920524
11 2062 2859 2094 2887 0.920549
11 714 2143 746 2170 0.920665
11 1157 2166 1189 2193 0.920678
11 1709 1125 1742 1152 0.920724
11 1216 2166 1248 2193 0.920746
11 1768 710 1800 737 0.920813
11 795 2536 826 2563 0.920836
11 1768 2143 1800 2170 0.920858
11 2062 1773 2094 1801 0.920885
11 2062 2581 2094 2608 0.920893
11 1215 1113 1248 1141 0.921005
11 1709 2558 1742 2585 0.921067
11 875 2536 907 2563 0.921073
11 1392 2569 1424 2597 0.92111
11 2192 1774 2224 1801 0.921137
11 633 1091 665 1118 0.921175
11 2062 1426 2094 1453 0.921214
11 2354 2848 2386 2875 0.921317
11 1651 1114 1683 1141 0.921341
11 1975 732 2007 759 0.921348
11 875 1102 907 1129 0.921358
11 1768 2558 1800 2585 0.92137
11 1333 1125 1365 1152 0.921416
11 2273 2859 2305 2886 0.921452
11 1392 1136 1424 1164 0.921458
11 1975 2166 2007 2193 0.921481
11 1392 755 1424 782 0.921556
11 1274 2558 1306 2585 0.921578
11 1768 1125 1800 1152 0.921606
11 2434 2802 2466 2829 0.921634
11 1157 1114 1189 1141 0.921655
11 2273 1426 2305 1453 0.921672
11 1886 2570 1918 2597 0.921673
11 1592 1114 1624 1141 0.921744
11 1827 1136 1860 1164 0.921837
11 1886 1136 1918 1164 0.921953
11 794 1102 826 1129 0.921957
11 1592 698 1624 725 0.921973
11 1592 2132 1624 2159 0.922007
11 1392 2189 1424 2216 0.922068
11 1274 1125 1307 1152 0.922094
11 1156 732 1189 759 0.922177
11 713 710 745 737 0.922259
11 1216 732 1248 759 0.922345
11 1651 698 1683 725 0.922425
11 1651 2132 1683 2159 0.922463
11 714 2524 746 2551 0.922691
11 2353 1773 2386 1801 0.922718
11 1827 2569 1860 2597 0.922736
11 1334 2177 1366 2204 0.92291
11 2353 1415 2385 1442 0.923117
11 2515 2848 2547 2875 0.92314
11 713 1091 745 1118 0.923239
11 2515 1415 2547 1442 0.923634
11 1333 744 1365 771 0.924046
11 1274 744 1307 771 0.924527
11 1274 2177 1307 2204 0.924642
12 2148 3207 2183 3234 0.925893
1 337 1738 407 1821 0.945165
1 337 3172 406 3253 0.948487
10 342 617 406 794 0.95919
10 342 976 407 1153 0.959484
10 343 2051 407 2229 0.959632
10 343 2409 407 2587 0.959734
10 342 1334 407 1512 0.959812
10 343 2767 407 2945 0.959904
