8 2447 3525 2471 3589 0.861365
15 1286 3260 1316 3306 0.870691
9 2472 2976 2499 3050 0.872323
9 447 867 473 932 0.874111
8 607 243 633 314 0.874992
9 1195 867 1219 932 0.877297
8 1354 243 1380 314 0.879058
9 591 2989 616 3058 0.881589
9 2385 895 2411 969 0.88208
9 1949 868 1974 932 0.884381
9 1382 815 1407 885 0.884598
9 635 816 660 884 0.885651
9 1685 2863 1712 2930 0.886373
15 1286 3215 1317 3260 0.887592
8 2110 245 2135 312 0.887629
9 1827 2897 1852 2966 0.888636
8 1611 222 1635 290 0.888722
11 2236 196 2268 223 0.889827
9 2472 3280 2498 3350 0.890844
9 635 882 661 954 0.890994
9 1637 849 1662 914 0.892038
9 2094 2991 2119 3057 0.89207
13 1349 2671 1392 2698 0.892304
8 1506 2336 1532 2407 0.892504
9 2265 867 2289 932 0.89292
9 1509 794 1535 859 0.893445
8 1922 220 1946 289 0.894007
9 2136 814 2163 884 0.894248
9 1825 2964 1853 3036 0.89427
9 1383 881 1408 954 0.895559
12 1223 860 1255 886 0.895682
13 1380 3404 1423 3430 0.895725
13 1982 3427 2025 3455 0.896501
8 736 221 760 290 0.896536
9 1509 866 1535 931 0.89709
12 2123 3077 2159 3104 0.897175
8 1483 221 1508 291 0.897353
9 883 896 910 969 0.897941
9 1637 768 1663 838 0.89812
8 2446 2335 2471 2407 0.898771
9 1315 2977 1340 3045 0.899036
9 2138 884 2162 953 0.899181
9 374 2976 400 3049 0.899295
12 476 860 509 886 0.900135
21 1123 2911 1148 2985 0.900233
9 1686 2930 1713 3005 0.900391
9 1948 792 1974 863 0.900745
13 1349 3485 1392 3511 0.901177
9 2473 2904 2499 2973 0.90118
8 420 222 445 291 0.901635
9 1532 2975 1559 3047 0.901751
9 373 2906 399 2975 0.90207
8 2068 2347 2093 2416 0.902485
11 2444 2964 2476 2991 0.902524
12 406 3427 440 3454 0.902739
9 591 2913 618 2984 0.902917
9 2264 791 2291 862 0.903033
8 1167 222 1192 291 0.903057
13 1978 1312 2020 1338 0.903603
13 1982 3347 2025 3374 0.904151
11 1919 929 1952 956 0.904255
9 884 828 910 897 0.905326
11 1919 196 1952 223 0.905327
13 1982 2695 2025 2722 0.905467
13 476 1312 518 1338 0.905501
12 1977 860 2010 887 0.906199
9 762 864 789 936 0.906281
11 2235 928 2266 956 0.906402
12 2415 973 2449 1000 0.906512
15 1286 3352 1316 3397 0.90658
9 763 792 789 863 0.906949
15 1449 2327 1480 2374 0.907043
11 562 3427 595 3454 0.907132
8 565 3440 590 3511 0.907232
12 621 2706 655 2732 0.907233
9 1314 2905 1341 2974 0.907643
8 2238 221 2262 290 0.907978
15 2060 269 2091 316 0.908083
11 2164 860 2196 888 0.90832
13 476 579 519 607 0.908351
13 1223 579 1266 607 0.908422
13 1369 3324 1413 3351 0.908427
9 1532 2904 1559 2975 0.908563
15 1305 268 1335 315 0.9086
9 2385 827 2412 897 0.908861
12 2123 2998 2157 3025 0.908895
13 1980 3507 2025 3534 0.908936
9 2473 2628 2500 2697 0.909202
12 1666 825 1701 853 0.909231
9 2093 2914 2121 2985 0.909254
9 1193 792 1220 863 0.909265
12 2415 1346 2449 1373 0.909601
11 1981 2964 2013 2991 0.909642
13 1223 1311 1265 1338 0.909752
8 346 2336 371 2407 0.909844
13 1977 579 2021 606 0.909996
15 507 2326 538 2374 0.909999
11 620 3009 652 3036 0.910334
8 1288 2336 1313 2407 0.910442
12 828 2976 861 3002 0.910476
12 829 3405 862 3431 0.910674
11 791 860 822 887 0.910734
8 2359 253 2384 324 0.91075
12 2415 894 2448 921 0.910911
15 2305 3025 2335 3072 0.911014
15 1287 2653 1317 2699 0.911083
21 1123 3003 1149 3076 0.91114
15 345 2653 375 2699 0.911146
12 2415 614 2449 640 0.911174
12 621 3439 655 3465 0.911261
9 446 792 474 863 0.91133
8 1799 2323 1824 2394 0.911354
12 2415 241 2449 268 0.911642
15 557 268 588 315 0.91165
8 857 253 882 323 0.912226
21 261 2632 286 2706 0.91224
12 912 894 946 920 0.91231
15 345 3260 375 3307 0.912378
11 606 871 639 898 0.912471
21 1006 246 1031 321 0.912507
11 1609 826 1641 853 0.912783
11 1353 871 1385 898 0.912796
11 1166 196 1197 223 0.912831
11 1411 860 1442 887 0.913211
12 913 1346 946 1372 0.913317
21 942 2306 967 2378 0.913439
21 347 575 371 644 0.9137
12 1665 173 1700 200 0.913856
11 2358 882 2390 910 0.913887
11 1538 837 1570 863 0.913887
11 1657 2918 1688 2945 0.913946
12 1666 1300 1700 1327 0.913976
12 406 3033 440 3060 0.913997
11 1719 2930 1750 2956 0.914157
21 2507 248 2532 320 0.914186
12 1665 568 1699 595 0.914585
21 1123 2306 1148 2378 0.914866
11 1797 2953 1830 2980 0.914886
12 912 241 946 268 0.915063
21 1758 247 1784 320 0.91511
11 1565 2953 1598 2980 0.915144
11 1095 1346 1127 1373 0.915308
11 1505 2964 1537 2991 0.915541
11 419 196 450 223 0.915659
12 405 2953 439 2980 0.915696
11 2445 3428 2476 3454 0.915764
11 562 2975 595 3002 0.915781
11 2444 3508 2477 3535 0.915816
11 1657 2265 1689 2292 0.91585
11 663 860 695 887 0.915948
11 2066 2323 2098 2350 0.916059
11 791 207 823 234 0.916127
21 2238 2308 2263 2378 0.916127
11 2293 860 2324 887 0.91623
11 727 2963 759 2991 0.916424
11 2235 849 2267 875 0.916761
12 828 2673 862 2699 0.916799
11 348 1346 379 1373 0.917011
11 2066 2975 2099 3003 0.917193
12 913 613 947 640 0.917246
11 1481 196 1513 223 0.917365
11 407 2300 438 2326 0.917366
11 562 2323 595 2350 0.917474
11 734 196 766 223 0.917481
8 565 2346 589 2417 0.917574
11 1849 184 1881 212 0.917579
11 1798 2300 1830 2327 0.91766
11 1286 2964 1318 2991 0.917823
12 914 974 948 1001 0.917869
11 1719 3325 1751 3352 0.918006
11 1920 849 1952 876 0.918101
11 2360 2975 2392 3002 0.918204
11 855 882 887 909 0.918302
11 347 837 379 864 0.918307
11 345 2964 377 2992 0.918353
11 2108 871 2140 899 0.918409
15 2305 2933 2336 2979 0.918451
11 734 849 767 876 0.918482
11 1201 2323 1233 2350 0.918492
11 2357 230 2389 257 0.918495
11 1481 849 1513 876 0.918499
11 418 928 450 956 0.918552
11 1538 184 1570 211 0.918554
11 2444 3347 2476 3374 0.918577
11 1977 207 2009 234 0.918585
11 1504 2312 1536 2339 0.918599
11 855 230 888 257 0.918682
11 1849 837 1881 864 0.918712
11 1348 2300 1380 2326 0.91873
11 1201 3055 1233 3083 0.91886
11 1719 3404 1751 3431 0.918909
11 1094 613 1127 641 0.918919
11 1165 928 1197 956 0.919121
12 1347 2953 1381 2980 0.919138
11 344 2312 376 2339 0.919167
11 419 849 451 876 0.919211
11 1095 184 1127 211 0.919282
11 663 207 695 234 0.919353
11 2360 2323 2392 2350 0.919354
11 261 3055 293 3082 0.919357
11 1354 218 1385 245 0.919522
11 607 218 638 245 0.919536
11 1481 929 1513 956 0.919559
11 563 3055 595 3083 0.919578
11 2360 3055 2392 3082 0.919596
11 1166 849 1198 876 0.919602
11 734 929 766 956 0.919646
11 2445 2695 2477 2722 0.91965
11 261 2975 293 3002 0.919674
11 1095 837 1126 864 0.919753
11 475 206 507 234 0.919756
11 1411 207 1443 234 0.919826
11 344 3044 376 3071 0.919854
11 1286 3044 1318 3071 0.920073
11 1719 3484 1751 3511 0.920074
11 262 3404 293 3431 0.920079
11 1286 2312 1317 2339 0.920088
11 2293 207 2325 234 0.920136
11 1353 951 1385 978 0.920183
11 1850 917 1882 944 0.920207
11 1657 2998 1689 3025 0.920224
11 2165 207 2197 234 0.920269
11 1201 2975 1233 3002 0.920281
11 347 184 380 211 0.920285
11 2357 962 2389 990 0.920366
11 1538 917 1570 944 0.920414
11 2108 951 2140 978 0.920416
11 1719 2277 1751 2304 0.920419
11 1222 207 1254 234 0.920463
11 1538 579 1570 606 0.920582
11 1719 3009 1751 3036 0.920676
11 727 2312 759 2339 0.92069
11 1719 2672 1751 2699 0.920696
11 606 951 638 978 0.920779
11 620 2357 652 2384 0.920805
11 1609 173 1641 200 0.920816
11 791 1312 823 1339 0.920824
11 2444 3044 2477 3071 0.920841
11 563 2672 595 2699 0.920862
11 348 917 380 944 0.920894
11 2065 3055 2098 3082 0.92097
11 791 579 823 606 0.920971
11 2108 218 2140 245 0.920976
11 1798 3032 1830 3059 0.921005
11 2445 2312 2476 2338 0.921024
11 1538 1312 1570 1339 0.921058
11 2293 940 2325 966 0.921139
12 1977 940 2011 967 0.921219
11 1095 917 1127 944 0.921263
11 261 2323 293 2350 0.921274
11 790 939 823 967 0.921454
11 1849 568 1882 595 0.92158
11 1981 2312 2013 2339 0.921644
11 1504 3044 1536 3071 0.921728
11 1981 3044 2013 3071 0.921805
11 620 3090 652 3116 0.921942
11 1567 2300 1598 2327 0.922059
11 1608 906 1641 933 0.922099
8 1658 2288 1684 2360 0.922655
11 727 3044 759 3071 0.922905
11 1849 1300 1882 1327 0.922943
12 1665 905 1699 933 0.922944
11 1410 939 1443 967 0.922964
11 2293 579 2325 606 0.923095
11 855 962 887 989 0.923292
11 2293 1312 2325 1339 0.923499
11 663 939 696 967 0.923641
12 828 2323 861 2350 0.923664
12 475 940 509 967 0.924078
11 2165 940 2197 967 0.924259
12 1222 940 1256 967 0.924888
9 590 2604 617 2675 0.925067
12 406 2672 440 2699 0.925629
12 828 3056 862 3082 0.926782
11 1566 3032 1599 3060 0.927343
12 2123 2346 2158 2373 0.929459
12 1349 3033 1383 3060 0.93059
1 145 3279 213 3360 0.943395
1 145 2625 214 2708 0.947742
1 144 1219 214 1302 0.948653
1 144 567 213 648 0.950939
10 149 2254 214 2433 0.960042
10 150 848 214 1026 0.960257
10 150 2907 214 3084 0.960331
10 149 195 214 374 0.96061
