11 1202 1302 1235 1329 0.905327
11 857 958 889 986 0.90553
11 1126 2723 1158 2750 0.906397
12 2360 2688 2393 2715 0.906497
11 2369 568 2401 595 0.907453
11 1189 1989 1221 2016 0.908314
12 313 1702 347 1729 0.908588
11 1471 1646 1503 1672 0.90865
11 839 2035 871 2063 0.908751
11 303 2036 335 2063 0.908891
11 1740 2379 1772 2406 0.908907
11 1960 2723 1992 2750 0.908996
11 2293 271 2326 298 0.90929
12 2467 1955 2501 1981 0.909336
11 676 2080 709 2108 0.909523
12 1863 1301 1897 1329 0.909915
12 1863 1347 1897 1373 0.910016
12 865 2665 899 2692 0.910479
11 439 1302 471 1329 0.911035
11 1297 2723 1329 2750 0.91135
11 528 1302 561 1329 0.911496
11 1028 2035 1060 2063 0.911789
21 1980 1204 2005 1278 0.911847
12 1863 1246 1897 1272 0.911859
11 1786 2424 1818 2451 0.912279
11 1067 1347 1100 1375 0.912371
11 1960 2746 1991 2773 0.912516
11 839 2058 870 2085 0.912553
11 1887 2734 1920 2761 0.913142
11 1199 2734 1231 2761 0.913219
11 1108 2024 1140 2051 0.913417
12 1863 1187 1897 1214 0.913544
11 2411 1657 2442 1684 0.91385
11 757 2069 789 2096 0.914551
11 1667 1600 1698 1626 0.915062
12 2353 2001 2387 2028 0.915192
11 1270 2001 1302 2028 0.915247
11 353 1302 385 1329 0.916445
11 695 2620 727 2646 0.916545
11 1532 1588 1564 1615 0.916586
11 882 1302 913 1329 0.916604
11 360 2276 392 2303 0.916617
11 1271 1978 1302 2005 0.916629
11 303 958 335 985 0.916848
11 1453 2665 1485 2692 0.917062
11 1353 2676 1385 2703 0.917152
11 2036 615 2068 642 0.917169
11 1575 569 1607 596 0.917297
11 792 1302 824 1329 0.917482
11 2108 569 2139 596 0.917628
11 1255 569 1287 595 0.917679
11 919 2046 951 2074 0.917836
11 1054 2688 1086 2715 0.917851
11 1189 2013 1220 2040 0.917954
11 543 1990 575 2017 0.917984
12 1587 1646 1620 1672 0.917989
11 463 2024 494 2050 0.918029
11 956 569 988 596 0.918038
11 1117 1302 1149 1329 0.91809
11 1296 2700 1328 2727 0.918096
11 1887 2711 1918 2738 0.918112
11 1336 1291 1368 1318 0.91821
11 462 2046 495 2074 0.918235
11 705 1302 738 1330 0.91825
11 1563 1943 1594 1970 0.918257
11 1391 569 1423 596 0.918295
12 764 2711 798 2738 0.918316
11 1209 935 1241 962 0.918336
11 1199 2711 1230 2738 0.918351
11 2014 958 2046 985 0.918426
11 2489 1669 2521 1696 0.918441
11 302 2013 334 2040 0.918455
11 2192 1657 2224 1684 0.918482
11 1586 1588 1618 1615 0.91859
11 303 225 335 252 0.918615
11 2502 569 2534 596 0.918656
11 1673 1966 1705 1993 0.918707
11 1553 1302 1585 1329 0.91872
11 2410 1634 2442 1661 0.918738
11 473 2723 505 2750 0.918774
11 1277 179 1310 206 0.918778
11 1837 568 1869 595 0.91878
11 1640 1302 1672 1330 0.91883
11 375 569 407 596 0.918926
11 2319 1291 2351 1318 0.91893
11 854 225 887 252 0.919
11 1946 2379 1978 2406 0.919028
11 2241 569 2272 595 0.919055
11 1417 1347 1450 1374 0.919114
11 919 2024 951 2050 0.919146
11 2130 2459 2162 2486 0.919153
11 2442 512 2474 539 0.919184
11 615 1303 647 1330 0.919233
11 1351 1703 1383 1730 0.919246
11 1647 512 1679 539 0.919265
11 1379 1302 1412 1329 0.919265
11 406 2321 438 2348 0.919271
11 1909 511 1941 538 0.919282
11 1753 225 1785 252 0.919314
11 2225 935 2257 962 0.919377
11 431 1622 463 1649 0.919396
11 928 202 959 229 0.919396
11 1708 569 1740 596 0.919447
11 1814 2700 1846 2727 0.919499
11 758 2046 790 2073 0.919555
11 1478 248 1509 275 0.919583
11 2411 2321 2443 2349 0.91959
11 575 259 607 286 0.919593
11 1163 1702 1196 1730 0.919651
11 1549 2676 1581 2703 0.919663
11 2169 1931 2201 1959 0.919682
11 1207 2379 1239 2406 0.919707
11 1999 1932 2031 1959 0.919728
11 1054 2711 1086 2738 0.919732
11 2005 1611 2037 1638 0.919754
11 2469 2299 2501 2326 0.91981
11 642 2333 674 2360 0.919833
11 772 2321 805 2348 0.919846
11 791 935 823 962 0.919869
11 2057 2757 2089 2784 0.919885
11 511 569 543 596 0.919889
11 1092 569 1125 596 0.919899
11 1027 2013 1059 2040 0.919925
11 1546 2413 1578 2440 0.919986
11 377 936 409 962 0.920009
11 1001 179 1033 206 0.920022
11 1224 1657 1256 1684 0.920029
11 925 1291 957 1317 0.920032
11 1108 2001 1140 2028 0.920045
11 2301 2379 2333 2406 0.920048
11 582 2676 614 2703 0.920059
11 885 592 917 619 0.920113
11 1126 2700 1158 2727 0.920136
11 1427 1966 1459 1993 0.920138
11 722 179 754 206 0.920139
11 818 569 850 596 0.920147
11 1467 1302 1499 1330 0.920178
11 1970 569 2001 595 0.920198
11 2085 1623 2117 1650 0.920219
11 2155 1233 2187 1260 0.920238
11 968 1302 1001 1329 0.920273
11 833 1336 865 1363 0.920277
11 360 2779 392 2807 0.920329
11 932 935 964 962 0.920341
11 1773 1634 1806 1661 0.920374
11 981 2711 1013 2738 0.920378
11 514 2310 547 2337 0.920404
11 2362 935 2394 962 0.920414
11 416 2757 448 2784 0.920439
11 700 2310 731 2337 0.920448
11 2437 878 2468 905 0.92045
11 2179 511 2212 538 0.920453
11 2162 878 2194 905 0.920463
11 1346 936 1378 962 0.920482
11 1736 969 1768 996 0.920502
11 1418 2390 1450 2417 0.920513
11 1843 2367 1876 2394 0.920514
11 1343 202 1375 229 0.92052
11 865 1600 897 1627 0.920558
11 2367 202 2398 229 0.920578
11 396 1291 427 1318 0.920609
11 572 2287 604 2314 0.920621
11 683 569 714 595 0.920655
11 981 2676 1013 2703 0.920662
11 1773 1600 1805 1627 0.920676
11 2297 637 2329 664 0.920678
11 987 1646 1019 1673 0.920716
11 377 202 409 229 0.920737
11 1889 2436 1921 2463 0.920742
11 2434 191 2467 218 0.920744
11 1160 1291 1192 1318 0.920755
11 447 546 479 573 0.920758
11 1028 545 1060 573 0.920762
11 1885 878 1917 905 0.920798
11 2097 202 2129 229 0.920806
11 2049 2390 2081 2417 0.920807
11 1530 935 1563 963 0.920811
11 1135 969 1167 996 0.920812
11 2114 1921 2146 1948 0.920839
11 514 935 547 962 0.92085
11 1747 1977 1779 2004 0.920856
11 656 1325 688 1352 0.920867
11 580 969 612 996 0.920885
11 706 1599 738 1627 0.920889
11 463 2299 495 2325 0.920907
11 2526 2276 2558 2303 0.92092
11 2244 2402 2275 2429 0.920935
11 977 2356 1010 2383 0.920939
11 1090 1680 1122 1707 0.920941
11 1244 1336 1276 1363 0.920943
11 1744 2676 1776 2703 0.920944
11 1877 2012 1909 2040 0.920988
11 1671 2688 1702 2715 0.920988
11 572 1291 604 1318 0.920996
11 2232 202 2264 229 0.920996
11 1080 2367 1113 2394 0.921
11 1408 2642 1440 2669 0.921024
11 1894 190 1926 218 0.921043
11 2058 2734 2089 2761 0.921076
11 2356 1634 2388 1661 0.921089
11 749 1291 780 1317 0.921092
11 497 1634 529 1661 0.921107
11 1283 878 1315 905 0.921117
11 1938 1966 1970 1993 0.921121
11 1937 1611 1968 1638 0.921127
11 648 202 680 229 0.921139
11 2288 981 2320 1008 0.921146
11 515 202 547 229 0.92115
11 1041 1657 1073 1684 0.921181
11 450 179 482 206 0.921191
11 2502 202 2534 229 0.921191
11 830 2299 861 2326 0.921205
11 384 2001 416 2028 0.921217
11 1035 2299 1067 2326 0.921241
11 1066 202 1098 229 0.921259
11 611 603 642 630 0.92127
11 2187 2436 2219 2463 0.921292
11 2480 1336 2512 1363 0.921298
11 2024 248 2055 275 0.921307
11 1668 935 1700 962 0.921351
11 816 1577 849 1604 0.921394
11 1948 936 1979 963 0.921396
11 1765 637 1797 664 0.921406
11 2246 1634 2279 1662 0.921411
11 932 2287 964 2314 0.921471
11 2236 1256 2268 1283 0.921474
11 1204 202 1236 229 0.921497
11 1513 1921 1546 1948 0.921507
11 1069 936 1101 962 0.921562
11 1504 2654 1536 2681 0.921565
11 1309 2401 1342 2429 0.921581
11 747 1588 779 1615 0.921594
11 539 1646 571 1673 0.921603
11 1962 202 1994 229 0.921628
11 1877 1669 1908 1696 0.921642
11 654 936 686 962 0.92167
11 2127 2745 2159 2772 0.921682
11 2192 1623 2224 1650 0.921716
11 1264 2356 1296 2383 0.921728
12 2005 1668 2039 1695 0.921733
11 1599 2665 1631 2692 0.921735
11 480 1337 512 1363 0.921745
11 2280 1955 2311 1982 0.921763
11 875 2345 907 2372 0.921801
11 2354 2356 2387 2383 0.921805
11 1183 603 1215 630 0.921813
11 303 2802 335 2829 0.921831
11 303 592 335 619 0.921832
11 543 2092 576 2119 0.921853
11 1550 202 1583 229 0.921881
11 2102 1210 2135 1238 0.921895
11 754 546 786 573 0.921915
11 452 878 484 905 0.92193
11 1683 2402 1716 2429 0.921954
11 663 1611 696 1639 0.921998
11 2224 1943 2256 1970 0.922011
11 580 1634 613 1661 0.922057
11 1618 191 1650 218 0.922069
11 639 2642 670 2669 0.922074
11 1683 1291 1715 1318 0.922077
11 1509 1291 1542 1318 0.922111
11 1326 545 1359 573 0.922141
11 622 1622 655 1650 0.92217
11 1801 1966 1834 1993 0.922197
11 938 1623 970 1650 0.922211
11 1605 878 1637 905 0.922235
11 1131 236 1163 263 0.922246
11 383 2058 416 2085 0.922306
11 303 1325 335 1352 0.922306
11 1475 2367 1508 2395 0.922415
11 2088 935 2120 963 0.922418
11 1827 202 1858 229 0.92242
11 1138 2310 1170 2337 0.922478
11 1603 2390 1636 2417 0.922525
11 2399 1313 2432 1340 0.922623
11 303 2298 335 2326 0.922638
11 2499 936 2531 962 0.922671
11 1457 981 1489 1008 0.922696
11 1618 1955 1650 1982 0.922783
11 787 202 819 229 0.922783
11 728 878 760 905 0.922834
11 526 2700 558 2727 0.922837
11 1828 1611 1860 1638 0.922871
11 1591 1370 1623 1397 0.922922
11 1811 936 1843 962 0.922929
11 2059 1909 2091 1936 0.923032
11 2164 191 2196 218 0.923166
11 676 2058 708 2085 0.923243
11 1685 202 1718 229 0.923266
11 1006 878 1038 905 0.923548
11 2127 2802 2159 2830 0.92397
11 1992 2447 2024 2474 0.924141
10 145 2264 210 2442 0.959764
10 145 2620 210 2799 0.960567
10 145 133 210 312 0.961124
10 145 1199 210 1377 0.961784
10 146 843 210 1022 0.96256
10 145 1553 210 1731 0.962939
10 146 1909 210 2088 0.963488
10 146 489 210 667 0.964043
