11 910 1235 942 1262 0.914387
11 1517 2579 1549 2606 0.914475
11 2498 1213 2529 1240 0.91456
11 1341 2602 1373 2629 0.914656
11 1183 1202 1214 1228 0.914702
11 798 1914 831 1942 0.914799
12 1691 1869 1725 1896 0.914872
11 818 1247 850 1274 0.915048
11 383 2499 415 2526 0.91508
11 307 3517 339 3544 0.915262
11 1909 1467 1941 1494 0.915296
11 560 1869 592 1896 0.91534
11 600 2738 632 2765 0.915342
12 1457 3541 1491 3566 0.91539
11 613 1881 645 1907 0.915437
11 2372 592 2403 619 0.91553
11 336 1927 368 1954 0.915562
11 1084 3301 1116 3328 0.915656
21 2497 449 2521 524 0.915873
11 1788 1466 1820 1494 0.915939
11 307 3482 339 3509 0.915989
11 1941 2601 1974 2629 0.916054
12 2023 1445 2057 1471 0.916196
11 947 3471 979 3498 0.916262
11 1661 2830 1693 2857 0.916266
8 1282 1867 1307 1938 0.916365
11 2038 3483 2070 3510 0.916369
12 1085 3518 1119 3545 0.916382
11 2263 1247 2294 1274 0.916386
11 1662 2784 1694 2811 0.916408
11 2038 3336 2071 3363 0.916427
11 1231 2050 1263 2077 0.916566
11 1340 615 1373 642 0.91657
12 2372 810 2406 837 0.916708
11 691 1213 724 1240 0.916763
11 2038 3517 2070 3544 0.916796
11 1462 1915 1494 1942 0.917002
11 336 1904 368 1930 0.917062
11 852 1213 884 1240 0.917071
15 1691 2056 1722 2101 0.917081
11 1019 1224 1051 1251 0.917099
11 1589 1915 1621 1942 0.917106
11 1019 1409 1051 1436 0.917324
0 99 3210 122 3562 0.917332
12 1618 3243 1652 3270 0.917392
11 1941 2773 1974 2800 0.91743
11 1516 2818 1549 2846 0.917478
11 1942 2807 1974 2834 0.917503
11 2103 1915 2136 1942 0.917545
11 2081 730 2113 757 0.917729
11 2372 3335 2404 3363 0.917754
12 1462 2120 1497 2147 0.917799
11 1807 2613 1839 2640 0.917831
11 1341 764 1372 791 0.917907
11 910 1282 942 1309 0.917993
12 548 1376 582 1402 0.918028
11 1945 2085 1977 2112 0.918053
11 1209 2841 1241 2868 0.918068
12 1805 3256 1838 3283 0.918085
12 653 535 687 562 0.918119
11 383 2545 415 2571 0.918209
11 428 1432 460 1459 0.918264
11 307 2750 338 2777 0.91829
15 1462 2057 1493 2100 0.918351
11 947 3278 979 3305 0.918355
11 1076 1213 1108 1240 0.918424
11 2372 558 2405 585 0.918457
11 1341 2830 1372 2857 0.918459
11 2262 1432 2294 1459 0.918484
11 1806 2784 1839 2812 0.918485
11 1807 2556 1839 2584 0.918521
11 1064 2830 1096 2857 0.918545
11 2383 1247 2415 1274 0.918583
11 2215 810 2247 838 0.918611
11 1569 615 1601 642 0.91866
11 1064 2773 1096 2800 0.918748
11 444 3324 476 3352 0.918752
11 2181 1927 2213 1953 0.918786
11 468 1857 501 1885 0.918795
11 910 1421 942 1447 0.918835
11 1662 2545 1694 2572 0.918877
11 2026 2096 2058 2124 0.918955
12 548 1421 583 1448 0.918997
11 527 2579 559 2606 0.919008
11 468 1892 500 1920 0.919019
11 1517 2556 1548 2583 0.919078
11 1183 1259 1215 1286 0.919106
11 1691 1235 1723 1262 0.919114
11 2215 730 2247 757 0.919148
11 1588 1248 1620 1275 0.919148
11 1405 615 1437 642 0.91923
11 827 2534 859 2561 0.919255
11 1945 1938 1977 1965 0.919256
11 1467 1352 1499 1379 0.919272
12 2392 2773 2426 2799 0.919288
11 1788 1283 1820 1310 0.919308
11 600 2580 632 2606 0.919346
11 1908 1386 1941 1414 0.919363
12 2103 2773 2137 2801 0.919382
11 444 3278 476 3305 0.919393
11 1558 730 1590 757 0.919393
11 1120 1202 1151 1228 0.919444
11 455 2727 487 2754 0.919491
11 427 1248 459 1275 0.919502
11 1276 753 1308 780 0.919521
11 2437 3336 2469 3363 0.919529
11 2103 2096 2136 2123 0.919569
11 1277 604 1308 631 0.919628
11 1768 2097 1800 2124 0.919645
12 2392 2819 2427 2845 0.919651
11 527 2510 559 2538 0.919655
11 1899 615 1931 642 0.919658
11 809 3528 841 3555 0.91966
11 307 2096 339 2123 0.91969
11 307 2579 339 2607 0.919715
11 1243 1179 1275 1206 0.91972
11 1852 1224 1883 1251 0.91972
11 2215 558 2247 585 0.919732
11 1405 764 1437 791 0.91976
11 1788 1386 1820 1413 0.919771
11 1064 2590 1096 2617 0.919776
11 307 3313 339 3340 0.919782
11 613 1938 645 1965 0.919785
11 1424 1259 1455 1286 0.919785
11 1558 810 1590 838 0.919802
11 1281 1846 1314 1873 0.919811
11 809 3482 841 3509 0.919823
11 527 2738 559 2765 0.919837
11 672 2521 704 2548 0.919885
12 576 3540 611 3567 0.919919
11 1695 3198 1727 3226 0.91992
11 1988 2579 2020 2606 0.919938
11 1589 2545 1621 2572 0.919946
11 1945 2119 1977 2146 0.919953
11 1945 2165 1977 2192 0.919959
11 1691 1926 1723 1953 0.919994
11 1899 764 1931 791 0.919995
11 2306 3324 2338 3351 0.919995
11 2491 1949 2524 1976 0.920014
11 2503 3528 2536 3555 0.920017
11 2279 558 2311 585 0.92002
11 1329 3244 1362 3271 0.920052
11 2372 3517 2404 3544 0.920098
11 2305 3505 2338 3533 0.92012
11 947 3528 979 3555 0.920129
11 1136 2534 1168 2561 0.920135
11 307 1892 338 1920 0.920154
11 379 3278 410 3305 0.920163
11 2259 1926 2291 1953 0.920171
11 2081 810 2114 838 0.920188
11 2181 2108 2213 2135 0.920192
11 600 2511 632 2538 0.920218
11 1209 2534 1241 2561 0.92022
11 1822 753 1855 780 0.920226
11 1759 604 1791 631 0.920228
11 1588 1341 1620 1368 0.920232
11 809 3301 841 3328 0.920241
11 444 3482 476 3509 0.920243
11 2173 3313 2205 3340 0.920257
11 1340 2579 1373 2606 0.92027
12 1618 3302 1652 3328 0.920275
11 1332 1432 1365 1459 0.920301
11 1148 742 1180 769 0.920365
11 2262 1224 2295 1252 0.920365
11 2142 1432 2174 1459 0.920367
11 919 2534 951 2561 0.920372
11 307 3563 339 3590 0.92038
11 2256 2556 2288 2583 0.920381
11 390 1869 422 1896 0.920392
11 672 2579 704 2606 0.92041
11 2107 3313 2139 3340 0.920413
11 1216 3267 1248 3294 0.920426
11 1468 776 1500 803 0.920443
11 975 1213 1008 1240 0.920445
12 892 696 928 723 0.920457
11 1552 3244 1585 3272 0.920468
11 1019 1282 1051 1309 0.920515
11 1538 2085 1571 2112 0.920528
12 552 536 586 562 0.920536
11 2240 3324 2272 3351 0.920543
11 428 1224 460 1251 0.920549
11 548 1248 580 1275 0.920565
11 307 1433 339 1460 0.920565
12 1462 1858 1496 1885 0.920569
11 2183 2556 2216 2584 0.92057
11 613 2108 645 2135 0.920575
11 2258 2108 2291 2135 0.920623
12 1559 558 1593 586 0.920629
11 2141 1247 2173 1274 0.920634
11 769 2120 801 2146 0.920643
11 468 1937 500 1965 0.920644
11 1966 1235 1998 1262 0.920693
11 1818 1926 1850 1953 0.920704
11 1119 1259 1152 1286 0.920737
11 2151 558 2183 585 0.920778
11 1085 742 1116 769 0.920795
11 906 1835 937 1862 0.920815
11 2262 1375 2294 1402 0.92082
11 2325 1202 2357 1229 0.920833
11 2341 2568 2373 2595 0.920858
11 881 3278 913 3305 0.920868
11 1734 2556 1766 2584 0.920872
11 691 1869 723 1896 0.920878
11 1631 742 1662 769 0.920894
11 1148 592 1181 619 0.920895
11 1182 1420 1215 1448 0.920901
11 1963 776 1995 803 0.920937
11 591 1224 624 1252 0.920959
11 2504 3347 2536 3374 0.920988
0 99 1817 122 2176 0.920991
11 2414 2119 2446 2146 0.921011
11 307 2521 339 2548 0.921013
11 788 1235 821 1263 0.921034
11 1084 3267 1116 3294 0.92107
11 920 2761 951 2788 0.921084
11 642 3313 674 3340 0.921122
11 2440 1224 2473 1251 0.921148
11 672 2750 704 2777 0.921152
11 510 3289 542 3316 0.921154
11 1963 627 1995 654 0.921157
11 741 2521 773 2549 0.921164
11 1631 592 1663 619 0.921235
11 1150 3278 1183 3305 0.921291
11 1209 2590 1241 2617 0.921299
11 1691 1420 1723 1448 0.921316
11 2240 3506 2271 3533 0.921325
11 307 1247 339 1274 0.921344
11 2465 2590 2497 2617 0.921384
11 1467 1247 1499 1274 0.921427
11 789 1398 821 1425 0.921452
11 383 2727 414 2754 0.92148
11 1413 2568 1444 2595 0.921494
11 307 1387 339 1414 0.921498
11 1147 2085 1180 2112 0.921522
12 2024 1387 2058 1414 0.921544
11 1064 2522 1096 2548 0.921549
11 2414 1938 2446 1965 0.921554
12 576 3482 610 3509 0.921585
11 2107 3494 2139 3521 0.921591
11 1661 2602 1694 2629 0.921624
11 1908 1224 1941 1252 0.921631
11 919 2818 951 2845 0.921638
11 1530 1225 1562 1252 0.921667
11 919 2579 951 2606 0.921691
11 1695 742 1727 769 0.921718
11 468 2119 500 2146 0.921766
11 1469 627 1501 654 0.921838
11 1694 592 1727 619 0.921845
11 427 1375 460 1402 0.921849
11 2491 2130 2524 2158 0.921863
11 1085 592 1116 619 0.921894
11 2215 604 2247 631 0.921897
11 1011 730 1043 757 0.921906
11 1396 1386 1428 1413 0.921932
11 2141 1386 2173 1413 0.922024
11 2437 3517 2469 3544 0.922029
11 828 1835 860 1862 0.922111
11 992 2522 1024 2549 0.922142
11 2336 1938 2368 1965 0.922144
11 2336 2119 2368 2146 0.922206
11 1212 604 1245 631 0.922223
11 1879 2579 1912 2607 0.922295
11 444 3551 476 3578 0.922318
11 491 1202 523 1228 0.922362
11 1759 753 1791 780 0.922366
11 910 1202 942 1229 0.92238
11 2204 1224 2236 1251 0.922401
11 1908 1270 1941 1297 0.922426
11 741 2579 774 2607 0.922471
11 2433 592 2465 619 0.922487
11 1212 753 1245 780 0.922489
11 1639 1375 1672 1402 0.922501
12 551 673 585 700 0.922717
11 1289 2579 1321 2606 0.922839
12 2372 731 2406 757 0.922864
11 2173 3494 2205 3521 0.922893
11 2081 592 2113 619 0.923003
11 1282 3256 1314 3282 0.923198
12 1805 3311 1839 3339 0.923522
11 370 1224 402 1251 0.923637
11 741 2750 774 2777 0.923714
11 1018 3256 1050 3283 0.924151
11 1064 2130 1096 2157 0.924516
12 1909 3324 1944 3351 0.924536
12 791 547 825 573 0.924644
12 652 685 686 712 0.925039
12 1691 2120 1725 2147 0.925236
12 893 558 927 584 0.926543
12 1910 3267 1943 3293 0.926736
12 792 696 826 723 0.929287
1 146 3472 214 3553 0.947146
1 145 2773 213 2854 0.94762
1 146 2073 214 2154 0.949109
1 338 719 406 799 0.950373
1 145 1375 213 1456 0.951309
10 150 1766 214 1944 0.958536
10 150 3164 213 3341 0.958571
10 150 1110 214 1287 0.959789
10 150 2464 214 2643 0.960924
10 343 444 407 623 0.962867
