11 441 674 472 701 0.830576
11 1234 1218 1257 1238 0.8626
9 1252 1167 1273 1220 0.87362
13 312 177 354 205 0.876397
9 960 1413 982 1471 0.878258
11 2234 2647 2267 2674 0.878668
9 1508 2352 1529 2408 0.881131
8 1701 2445 1726 2515 0.881189
11 1488 2404 1511 2423 0.892296
11 942 1469 964 1488 0.895402
8 1701 2129 1726 2199 0.897734
8 1933 2129 1957 2200 0.901537
0 100 1433 122 1745 0.902984
13 884 177 927 204 0.903041
0 100 2390 122 2702 0.90321
0 100 3348 122 3660 0.904051
0 100 475 122 789 0.904384
11 695 1227 727 1254 0.908712
11 1413 2139 1445 2166 0.910318
15 1166 2640 1196 2687 0.910335
12 2324 3120 2358 3146 0.911335
11 1784 2424 1817 2451 0.911383
11 588 2139 621 2166 0.911404
11 2293 211 2325 238 0.912253
9 1959 2368 1986 2439 0.912349
11 1699 2423 1731 2450 0.912753
12 2041 1735 2075 1762 0.912976
21 1741 1661 1766 1734 0.91421
11 1232 2648 1264 2674 0.914256
11 2430 1735 2462 1762 0.914275
21 2300 1660 2325 1734 0.914319
11 948 496 980 523 0.914838
11 2168 2139 2199 2166 0.915502
11 1366 2412 1398 2439 0.917077
11 2450 3313 2482 3340 0.917212
11 1156 720 1188 747 0.917313
21 2293 702 2318 776 0.917317
11 1166 2139 1197 2166 0.917708
11 1318 2424 1350 2451 0.917733
12 1449 177 1483 204 0.91779
11 311 3324 342 3351 0.917848
11 898 3097 930 3124 0.917936
11 1785 2636 1817 2663 0.918064
11 656 2150 687 2177 0.918156
11 437 3336 469 3363 0.918244
11 1699 2093 1731 2120 0.918256
11 588 2412 620 2439 0.918314
21 588 2619 613 2691 0.918402
11 1358 3560 1390 3587 0.918456
11 377 2150 409 2177 0.918458
12 1025 3097 1059 3124 0.918474
11 466 1476 498 1503 0.918589
12 2301 2093 2335 2120 0.918626
11 2301 2635 2334 2663 0.91872
11 1232 2127 1264 2154 0.918722
11 2502 2648 2533 2674 0.918722
11 2052 3381 2084 3408 0.918758
11 1317 2117 1349 2143 0.918815
11 1647 2647 1680 2675 0.918908
11 2197 3605 2229 3632 0.918942
11 898 2185 930 2212 0.918945
11 1883 1420 1914 1447 0.919011
11 1350 496 1382 523 0.919056
12 310 2659 344 2686 0.919115
11 311 2139 343 2166 0.919126
11 704 496 736 523 0.919145
11 1592 1169 1625 1196 0.919159
11 522 2424 554 2451 0.919167
11 596 1723 628 1750 0.919229
11 655 2400 687 2427 0.919255
11 722 2659 754 2686 0.91927
11 743 3381 775 3408 0.91929
11 1742 1169 1774 1196 0.919293
11 2435 2366 2467 2393 0.9193
11 444 2412 477 2439 0.919327
11 1538 2412 1571 2439 0.919391
11 2512 211 2544 238 0.919442
11 1539 2105 1571 2131 0.919443
11 1579 496 1611 523 0.919466
11 2361 508 2393 534 0.919481
11 1880 3560 1912 3586 0.919494
11 2041 1215 2073 1242 0.919533
11 311 496 343 523 0.919539
11 1883 1770 1914 1797 0.919562
11 1931 2105 1963 2132 0.91959
11 575 663 607 690 0.919611
11 2106 1203 2138 1230 0.91962
11 1676 1158 1708 1185 0.919644
11 1318 2659 1349 2686 0.919646
11 2365 1226 2397 1253 0.919687
11 2301 1215 2332 1242 0.919705
11 1643 484 1675 511 0.919734
12 1150 3336 1184 3363 0.919745
11 444 2139 477 2166 0.919752
11 987 1477 1019 1503 0.919767
11 743 3605 775 3632 0.919805
11 497 3347 529 3374 0.919812
11 898 2389 930 2416 0.919819
11 1087 3560 1119 3587 0.919822
11 1282 1227 1314 1253 0.919863
11 2166 508 2198 535 0.91989
11 596 1203 628 1230 0.919961
11 1462 1169 1494 1196 0.920017
11 2165 188 2197 215 0.920026
11 2227 200 2259 227 0.920027
11 1448 3571 1479 3598 0.920029
11 522 2127 554 2154 0.920045
11 959 3583 991 3610 0.920065
11 862 1723 893 1750 0.920074
11 1573 3571 1605 3598 0.920086
11 2512 485 2544 511 0.920165
11 596 1397 628 1424 0.920179
11 2361 223 2393 249 0.920182
11 2435 2635 2467 2662 0.920195
11 1807 1181 1839 1208 0.920212
11 375 484 407 511 0.920221
11 1156 530 1188 557 0.92026
11 1883 1192 1914 1219 0.920286
11 1449 519 1481 546 0.920287
11 1448 3108 1479 3135 0.920332
11 2301 1465 2333 1492 0.920343
11 769 484 801 512 0.920386
11 1514 508 1546 535 0.920405
11 704 685 736 712 0.920405
11 1715 3142 1747 3169 0.920405
11 2041 1420 2073 1446 0.920448
11 311 1181 343 1208 0.920456
11 311 1723 343 1750 0.92048
11 2450 3583 2482 3610 0.920511
12 1447 3347 1481 3373 0.920511
11 1701 674 1733 701 0.920547
11 1931 2435 1963 2462 0.920559
11 883 507 915 535 0.920569
11 310 2400 343 2428 0.920604
11 1914 508 1946 535 0.920605
11 1784 530 1816 557 0.920616
11 862 1147 893 1174 0.920629
11 965 2173 997 2200 0.920629
11 1962 3583 1994 3610 0.92069
11 1077 473 1109 500 0.920709
11 1346 1712 1379 1739 0.920719
11 2227 553 2259 580 0.920736
11 722 2389 754 2416 0.920769
11 1807 1431 1839 1458 0.920779
11 1798 3571 1830 3598 0.920805
11 2362 2671 2394 2698 0.920824
11 1118 1723 1150 1750 0.920838
11 987 1181 1019 1208 0.92086
11 1150 3548 1182 3575 0.920863
11 1286 507 1317 535 0.920872
11 1232 3537 1264 3564 0.920874
11 639 508 671 534 0.920876
11 803 3085 835 3112 0.920918
11 1539 2682 1571 2709 0.920926
11 1285 697 1317 724 0.920961
11 760 1712 792 1739 0.920968
11 988 1701 1019 1727 0.920996
11 1510 3583 1542 3610 0.921021
11 515 461 547 488 0.921033
11 1031 2162 1063 2189 0.921064
11 1676 1454 1709 1481 0.921066
11 466 1181 498 1208 0.92107
11 1448 708 1481 735 0.921077
11 883 697 914 724 0.921079
11 2293 530 2325 557 0.921081
11 1784 2116 1817 2144 0.921102
11 311 1454 343 1481 0.921105
11 743 3074 775 3101 0.921143
11 2101 177 2132 204 0.921154
11 373 3628 405 3655 0.921157
11 1414 2671 1445 2697 0.92116
11 2034 2105 2066 2132 0.921198
11 2445 473 2476 500 0.921212
11 2445 235 2476 261 0.921222
11 2101 2671 2133 2697 0.921247
11 2168 2659 2200 2686 0.921251
11 1878 2716 1910 2742 0.921281
11 1012 708 1045 735 0.921301
11 2506 1250 2538 1277 0.921322
11 1012 484 1044 512 0.921359
11 1701 541 1733 568 0.921391
11 1166 2435 1198 2462 0.9214
11 1849 754 1881 782 0.921423
11 2034 2435 2066 2462 0.921437
11 1462 1431 1494 1458 0.921444
11 2506 1454 2539 1481 0.92145
11 661 3616 693 3643 0.921474
11 2171 1465 2203 1492 0.921482
11 1527 1181 1559 1208 0.92152
11 441 473 472 500 0.921534
11 531 1193 562 1219 0.921538
11 2171 1192 2203 1219 0.921546
11 1295 3548 1328 3575 0.921597
11 2034 2682 2066 2709 0.92163
11 862 1454 894 1481 0.921636
11 789 2173 821 2200 0.921724
11 1031 2435 1064 2462 0.921742
12 2052 3109 2086 3135 0.921765
11 1592 1442 1624 1470 0.921797
11 578 3358 610 3385 0.921805
11 696 1701 727 1727 0.921809
11 1742 1442 1774 1470 0.92182
11 1099 2151 1130 2177 0.92183
11 1633 3594 1665 3621 0.921865
11 898 3594 930 3621 0.921867
11 2236 1203 2268 1231 0.921968
11 437 3616 469 3643 0.921976
11 575 519 607 546 0.921978
11 2101 519 2132 546 0.92199
11 2430 1238 2462 1265 0.922003
11 1053 1712 1084 1739 0.92203
11 695 1431 727 1458 0.922049
11 1024 3571 1056 3598 0.922137
11 1880 3359 1912 3386 0.92214
11 496 3639 528 3666 0.922152
11 1879 3165 1911 3192 0.922153
12 2036 720 2070 746 0.922154
11 1117 1203 1150 1231 0.922222
11 531 1712 563 1739 0.92223
11 723 2162 755 2189 0.922235
11 2430 1442 2463 1470 0.922267
11 1282 1700 1313 1727 0.922296
12 2168 2354 2202 2381 0.922354
11 1715 3583 1747 3610 0.922415
11 1220 519 1252 546 0.922419
11 1849 519 1881 546 0.922427
11 1413 2401 1445 2428 0.922437
11 2445 800 2476 827 0.92245
11 2324 3583 2356 3610 0.922485
11 1578 685 1610 712 0.922545
11 1962 3370 1994 3397 0.922564
11 2261 3594 2292 3621 0.922567
11 958 3131 990 3158 0.922593
11 1182 1712 1215 1739 0.922598
11 1633 3131 1665 3158 0.9226
11 1282 1431 1313 1458 0.922614
11 578 3628 611 3655 0.922695
11 1947 1204 1980 1231 0.922741
11 311 685 343 712 0.92282
11 1117 1431 1149 1458 0.922892
11 2386 3571 2419 3598 0.922927
11 311 3616 343 3643 0.922975
12 899 2624 932 2651 0.923107
11 1295 3108 1327 3135 0.923148
11 803 3628 835 3655 0.923562
11 2512 3594 2544 3621 0.923566
11 2134 3616 2166 3643 0.923714
11 2036 188 2068 215 0.923798
12 898 3325 933 3351 0.923975
11 2052 3628 2084 3655 0.924092
11 2036 530 2068 557 0.924095
11 466 1701 498 1728 0.924171
12 1701 188 1735 215 0.924182
11 1573 3119 1605 3146 0.924261
12 2197 3302 2231 3328 0.924376
12 1462 1689 1496 1716 0.924783
12 310 3063 344 3090 0.926984
1 145 233 214 316 0.946934
1 144 1191 214 1275 0.947133
1 145 2613 214 2695 0.947172
1 145 3571 214 3652 0.948656
1 146 1654 214 1736 0.950535
1 145 696 213 778 0.950703
10 150 1386 214 1561 0.959626
10 150 2344 214 2521 0.960145
10 150 3301 214 3479 0.960534
10 150 428 214 604 0.961052
