9 1297 3086 1316 3141 0.87497
11 1097 3635 1129 3662 0.882464
9 1008 3334 1029 3389 0.887359
11 1278 3139 1300 3159 0.892591
11 990 3391 1013 3411 0.893903
11 1740 1437 1772 1464 0.901774
13 2140 1118 2183 1144 0.902445
0 99 431 121 758 0.90439
0 100 2371 122 2702 0.90451
0 99 3343 122 3662 0.904647
0 100 1403 122 1718 0.905534
11 932 1438 964 1464 0.905698
13 1229 2383 1272 2410 0.905745
11 1891 3113 1923 3140 0.906865
13 776 2384 818 2411 0.90712
13 1686 1118 1730 1145 0.90722
13 1230 1118 1272 1145 0.908093
11 1548 1437 1580 1464 0.908753
21 2307 3572 2332 3644 0.910031
11 2248 1437 2280 1464 0.910275
12 859 149 892 176 0.911634
11 1607 659 1640 686 0.91211
12 441 400 474 426 0.913475
11 827 1437 859 1464 0.915518
11 508 3067 540 3094 0.915599
11 910 3067 942 3094 0.916422
11 1097 2678 1128 2705 0.916538
11 2248 1663 2280 1690 0.916852
11 2046 659 2078 686 0.916892
11 2058 1437 2090 1464 0.917023
12 1682 2384 1716 2411 0.917113
11 1791 2677 1823 2705 0.917414
11 1097 2109 1129 2137 0.917516
11 1825 3353 1858 3380 0.917576
11 988 422 1020 450 0.917631
12 2176 206 2210 232 0.917672
11 2459 1708 2492 1735 0.917747
11 1621 3364 1653 3392 0.917853
11 642 1152 674 1179 0.917931
11 775 2678 807 2704 0.918011
11 1441 2712 1473 2739 0.918012
12 1458 412 1492 439 0.91818
11 1323 3353 1355 3380 0.91824
11 881 1152 913 1179 0.918256
11 1229 1438 1261 1465 0.91826
11 571 602 603 629 0.918341
11 588 1140 620 1168 0.91837
11 700 411 733 438 0.918467
11 311 480 342 507 0.91861
11 1032 3102 1064 3129 0.918678
12 2046 435 2080 461 0.91869
11 775 2109 807 2137 0.918809
11 1867 194 1899 221 0.918835
12 571 137 605 164 0.91885
11 2437 3364 2468 3391 0.918878
11 443 3410 475 3437 0.918879
11 1032 3399 1065 3426 0.918984
11 1895 2666 1927 2693 0.91899
11 473 1437 505 1464 0.919017
11 419 1662 451 1689 0.919029
11 1895 2155 1927 2182 0.919066
12 1895 2395 1929 2422 0.919222
11 1605 2109 1637 2137 0.919268
11 2178 3113 2210 3140 0.919312
11 988 625 1020 651 0.919319
11 859 411 890 438 0.919331
11 506 613 538 640 0.919347
11 528 1163 560 1190 0.919351
11 1791 2110 1824 2137 0.919372
11 1338 2666 1370 2693 0.919413
11 529 2441 561 2468 0.919425
12 1608 183 1642 210 0.919429
11 1556 3102 1588 3129 0.919431
11 375 3079 407 3106 0.919441
11 1323 3624 1355 3651 0.919449
11 527 1651 559 1678 0.919494
11 2467 2384 2499 2411 0.919579
11 586 2098 619 2125 0.919694
11 1134 636 1166 663 0.919739
11 1283 2110 1315 2137 0.919741
11 1439 1662 1471 1689 0.919747
11 2048 3342 2080 3369 0.919757
11 827 1163 859 1190 0.919799
11 1761 3364 1793 3392 0.919819
11 984 1198 1016 1225 0.919831
11 773 1662 805 1689 0.919841
11 2252 659 2284 686 0.91988
11 2046 194 2078 221 0.919901
11 508 3399 540 3426 0.919911
11 2004 1674 2036 1701 0.919911
11 2307 3388 2339 3415 0.919943
12 528 1427 561 1453 0.920004
11 1388 3635 1420 3662 0.920007
11 1303 613 1335 640 0.920024
11 1736 2121 1769 2148 0.920028
11 1826 3102 1857 3129 0.92004
11 643 2665 675 2692 0.920051
11 1794 1651 1826 1678 0.920052
11 1151 2098 1183 2125 0.920077
11 1050 435 1082 462 0.920078
11 1867 636 1899 663 0.920086
11 420 2631 452 2658 0.920106
11 311 1163 342 1190 0.920182
11 1392 2087 1424 2114 0.920199
11 1229 1708 1261 1735 0.9202
11 1229 2689 1261 2716 0.920201
11 2447 659 2479 686 0.920204
11 643 2110 674 2137 0.920232
11 764 3635 796 3662 0.920294
11 1441 2144 1473 2171 0.920323
11 1162 3353 1194 3380 0.920341
11 1491 3353 1523 3380 0.920391
11 643 2384 675 2411 0.920395
11 700 3113 732 3140 0.920418
11 2004 2745 2036 2772 0.920425
11 1895 1662 1927 1689 0.920425
11 2105 682 2137 709 0.92045
11 1365 171 1397 198 0.920466
11 2351 1628 2383 1655 0.920467
11 2243 3125 2275 3152 0.920469
11 1337 2098 1370 2125 0.920484
11 829 2098 861 2126 0.920542
11 642 1674 674 1701 0.920543
11 881 1674 913 1701 0.920556
11 2351 1484 2383 1510 0.920557
11 1228 2121 1261 2148 0.920558
21 1760 3572 1785 3644 0.920561
11 881 1449 913 1476 0.920568
11 2244 2441 2277 2468 0.920591
11 2244 2631 2276 2658 0.920596
11 635 3102 667 3129 0.920598
11 576 3319 608 3346 0.920602
11 1303 160 1335 187 0.920603
11 2136 2395 2168 2422 0.920617
11 701 602 733 629 0.920622
11 910 3646 942 3673 0.920629
11 2466 2665 2499 2693 0.920661
11 2521 2395 2554 2423 0.920662
11 1493 1449 1525 1476 0.920663
11 1890 3342 1923 3369 0.920669
11 1098 1697 1130 1724 0.920685
11 472 2643 504 2670 0.920704
11 2358 2143 2390 2171 0.920713
11 2184 2464 2216 2491 0.920722
11 1949 2144 1981 2171 0.920744
11 1846 2098 1878 2125 0.920792
11 311 2711 343 2738 0.920825
11 2302 2643 2334 2670 0.920831
11 1495 2133 1527 2160 0.92085
11 2136 2711 2167 2738 0.920854
11 1458 183 1490 210 0.920887
11 375 3399 407 3426 0.920901
11 1303 469 1335 496 0.920901
11 2004 2133 2036 2159 0.920904
11 910 3376 941 3403 0.920949
11 2302 2418 2334 2445 0.920955
11 700 3353 732 3380 0.920979
11 310 3102 342 3129 0.921003
11 2436 3658 2468 3685 0.921013
11 311 3376 343 3403 0.921017
11 1044 1403 1076 1430 0.921018
11 2467 2155 2498 2182 0.92103
11 311 2441 343 2468 0.921034
11 987 2133 1019 2159 0.921045
11 419 1186 451 1214 0.921051
11 2511 183 2543 210 0.921061
11 2358 2395 2390 2422 0.921121
11 1227 3635 1259 3662 0.921194
11 1050 648 1082 675 0.921197
11 884 2087 916 2114 0.921214
11 1459 682 1490 709 0.921251
11 764 3102 796 3129 0.921257
11 858 624 890 652 0.921265
11 2140 1685 2172 1712 0.921266
11 1392 1403 1424 1430 0.921277
11 1696 3079 1728 3106 0.921292
11 987 2700 1019 2728 0.921301
11 1323 3147 1355 3175 0.921301
11 2049 3136 2080 3163 0.921316
11 2140 1461 2172 1487 0.921323
11 2436 3158 2469 3186 0.921325
11 529 2087 561 2114 0.921328
12 2136 2143 2169 2170 0.921344
11 441 625 472 651 0.921362
11 508 3635 540 3662 0.921363
11 2004 1449 2036 1476 0.921371
11 2512 670 2544 697 0.921391
11 1098 1118 1130 1145 0.921398
11 419 1426 451 1453 0.921401
11 472 2464 504 2491 0.921405
11 1338 1685 1369 1712 0.921419
11 2178 3388 2210 3415 0.921421
11 1697 3376 1728 3403 0.921435
11 700 3624 732 3651 0.921454
11 1803 625 1834 651 0.921463
11 1033 3624 1065 3651 0.921549
11 311 1651 343 1678 0.921569
11 1683 2133 1714 2160 0.921572
11 1134 445 1166 472 0.921588
11 1542 194 1574 221 0.921601
11 933 1175 965 1202 0.921606
11 529 2654 561 2681 0.921618
11 2501 3170 2533 3197 0.921628
11 1891 3612 1923 3639 0.921637
11 984 1685 1016 1712 0.92165
11 1672 647 1704 674 0.921658
11 2413 2166 2445 2193 0.92167
12 2316 445 2351 472 0.92168
11 2405 1472 2437 1499 0.921689
11 2376 693 2408 720 0.921709
11 773 1175 805 1202 0.921723
11 2317 670 2349 697 0.921732
11 1219 625 1250 652 0.921751
11 2447 171 2479 198 0.921772
11 2113 3124 2146 3152 0.921776
11 2302 1426 2334 1453 0.921805
11 2514 1449 2546 1476 0.921816
11 766 613 798 640 0.921822
11 1365 636 1397 663 0.921836
11 365 2429 397 2457 0.921851
11 939 2076 970 2102 0.921887
11 630 636 662 663 0.921898
11 698 2121 730 2148 0.921933
11 586 2418 619 2445 0.921943
11 696 1163 728 1190 0.922016
11 311 1415 342 1442 0.922036
11 1949 1460 1982 1488 0.922041
11 2412 2373 2445 2400 0.922053
11 1682 2700 1714 2727 0.922073
11 1547 1628 1579 1655 0.922073
11 1098 1415 1130 1442 0.922074
11 1685 1639 1717 1666 0.92211
11 2357 2654 2390 2681 0.922121
11 2459 1460 2491 1487 0.922122
11 365 1175 397 1202 0.922138
11 443 3056 476 3083 0.922183
11 1550 2689 1582 2716 0.922193
11 2521 2144 2554 2171 0.922199
11 2176 647 2208 675 0.922221
11 443 3624 476 3651 0.922221
11 1794 1426 1826 1453 0.92227
11 1338 1415 1369 1442 0.922279
11 576 3646 608 3673 0.922341
11 1932 647 1964 675 0.922355
11 2372 3147 2404 3175 0.922355
11 773 1426 805 1453 0.922373
11 311 647 343 674 0.922444
11 473 1175 506 1202 0.922492
11 1542 670 1575 697 0.922517
11 420 2419 452 2445 0.922553
11 2059 2121 2091 2148 0.92261
11 1162 3125 1194 3151 0.922621
11 1738 636 1770 663 0.922628
11 1848 1415 1880 1442 0.922638
11 1550 2121 1582 2148 0.922646
11 1895 1472 1928 1500 0.92268
11 1602 1426 1634 1453 0.922726
11 2307 3136 2340 3163 0.922738
11 1955 3125 1987 3152 0.922752
11 1621 3090 1653 3117 0.922806
11 576 3079 608 3106 0.922818
11 984 1426 1016 1453 0.92286
11 376 636 408 663 0.922899
11 884 2654 916 2681 0.92293
11 1042 2121 1074 2148 0.922975
11 923 636 955 663 0.923014
11 1686 1449 1717 1476 0.923053
11 311 3646 343 3673 0.923097
11 1491 3090 1523 3117 0.923131
12 310 2086 345 2114 0.923155
11 1283 1426 1315 1453 0.92355
11 1761 3090 1793 3117 0.923556
11 1439 1461 1471 1487 0.923607
11 1152 1426 1185 1453 0.923814
12 1738 423 1771 450 0.924226
11 1162 3646 1194 3673 0.92424
11 2194 1449 2226 1476 0.924518
12 311 126 345 153 0.924885
12 2049 3658 2083 3684 0.927199
12 1491 3612 1525 3639 0.927826
1 145 1628 213 1710 0.945827
1 145 2132 213 2213 0.947574
1 144 3102 213 3184 0.947633
1 144 1163 214 1246 0.947824
1 145 2596 214 2679 0.948381
1 146 659 213 740 0.949354
1 145 3566 213 3649 0.949661
10 150 2327 213 2503 0.959307
10 150 1357 214 1536 0.960808
10 149 3296 214 3472 0.961193
10 149 387 214 565 0.962433
