11 1731 1213 1763 1240 0.911473
11 1899 404 1931 432 0.911527
11 1417 439 1449 466 0.91159
11 1112 1900 1144 1927 0.911626
11 1418 461 1449 488 0.911851
11 349 1737 381 1764 0.911958
11 1848 3415 1879 3441 0.91198
11 2115 2634 2147 2662 0.911995
11 1553 3437 1584 3464 0.91204
11 1631 3437 1663 3464 0.912219
11 547 1900 579 1928 0.912223
0 99 2461 122 2810 0.91228
11 2510 1911 2541 1938 0.912345
11 820 404 851 431 0.91255
11 1922 2737 1955 2764 0.912629
11 2267 3392 2298 3419 0.912676
11 602 1179 634 1206 0.913067
11 1155 2737 1187 2764 0.913102
11 1252 1179 1283 1205 0.91328
11 1472 1202 1503 1229 0.913315
11 2060 2458 2092 2485 0.913359
21 2419 3186 2445 3260 0.913398
11 1865 927 1897 954 0.913502
11 1078 2459 1110 2486 0.913579
11 2504 1202 2536 1229 0.913728
11 802 2681 834 2707 0.913743
11 1901 1958 1933 1985 0.913872
11 1326 2095 1358 2122 0.91392
11 2166 2095 2198 2122 0.913944
11 820 461 852 488 0.914062
11 2398 427 2429 454 0.914062
11 1251 1213 1283 1240 0.914115
11 2306 1911 2339 1939 0.914163
11 430 2703 462 2731 0.914292
11 693 2703 725 2730 0.914311
11 946 1201 978 1229 0.914363
11 2101 1958 2133 1985 0.914403
11 1845 2691 1877 2719 0.914421
11 602 1214 633 1240 0.91448
11 547 3391 579 3417 0.914503
11 1431 2737 1463 2764 0.914509
11 510 2658 541 2685 0.914615
11 1467 1911 1499 1939 0.91473
11 546 1934 578 1962 0.91474
11 548 3425 579 3452 0.914877
11 1185 3471 1217 3498 0.914951
11 1318 2692 1350 2719 0.915167
11 1078 2692 1110 2719 0.915215
11 1238 2390 1270 2417 0.915221
11 2115 2691 2147 2719 0.915226
11 2267 3425 2299 3452 0.915267
11 2032 1958 2065 1985 0.915327
11 1238 2714 1270 2741 0.91552
11 693 2658 725 2685 0.915595
11 403 1634 435 1661 0.915615
11 2504 1179 2535 1206 0.915632
11 1348 3425 1380 3452 0.91583
11 474 1646 506 1673 0.915867
11 429 2658 461 2684 0.915958
11 1472 1225 1504 1252 0.915978
11 1833 1958 1866 1986 0.916108
11 1592 2692 1624 2719 0.916167
11 519 586 551 613 0.916257
11 1113 3392 1144 3418 0.916289
11 2267 1202 2299 1229 0.916344
11 1901 1934 1933 1961 0.916348
11 1670 1934 1702 1962 0.916407
11 838 3426 869 3452 0.91644
11 1833 1980 1865 2007 0.916502
11 623 3585 654 3612 0.91655
11 1093 1327 1125 1354 0.916649
11 2027 1190 2058 1217 0.916661
11 2499 3425 2531 3452 0.916664
11 1941 1167 1973 1195 0.916717
11 2267 3368 2299 3395 0.916728
11 2504 1156 2535 1183 0.916733
11 843 1179 874 1206 0.91683
11 784 3158 816 3185 0.916873
11 1899 461 1931 488 0.916877
11 877 1946 910 1973 0.917007
11 945 1134 977 1161 0.917088
11 2342 1304 2373 1331 0.917117
11 584 2737 616 2764 0.91713
11 1765 2095 1797 2122 0.917133
11 2499 3368 2531 3395 0.917154
11 1845 2623 1877 2650 0.917244
11 1417 196 1450 224 0.917322
11 946 1178 979 1206 0.917334
11 349 928 381 955 0.917347
11 693 1657 725 1684 0.917371
11 1598 506 1631 533 0.91739
11 436 3391 469 3418 0.917403
11 2033 1981 2065 2008 0.91744
11 1962 1691 1995 1719 0.917513
12 950 3182 983 3208 0.917529
11 1319 1327 1351 1354 0.917531
11 1719 3357 1752 3384 0.917535
11 2410 2379 2442 2406 0.917557
11 1241 1691 1274 1719 0.917569
11 2465 2680 2497 2707 0.917585
11 2006 2715 2037 2741 0.917657
11 1751 484 1784 511 0.917662
11 837 3357 869 3384 0.917665
11 735 1282 766 1309 0.917681
0 99 219 122 579 0.917682
11 1592 2623 1624 2650 0.917705
11 1976 3471 2008 3498 0.917713
11 725 2129 757 2156 0.917752
11 2342 973 2374 1001 0.917804
11 2006 2658 2037 2685 0.917836
11 1602 1935 1634 1962 0.917882
11 1319 2401 1351 2428 0.917909
11 2397 404 2429 431 0.917924
11 1511 2725 1544 2753 0.91802
11 803 2658 835 2685 0.918022
11 730 3402 762 3429 0.918034
11 1764 2669 1796 2696 0.918041
11 894 882 927 909 0.918057
11 1348 3368 1380 3395 0.918066
11 510 2623 542 2650 0.91807
11 904 3170 936 3196 0.918091
11 349 2459 381 2486 0.918154
11 2006 2447 2037 2473 0.918175
11 1034 3391 1066 3418 0.918182
11 1166 1248 1198 1275 0.918284
11 1235 438 1268 465 0.918292
11 1764 2726 1797 2753 0.918298
11 1552 3471 1584 3498 0.918316
11 619 1657 651 1685 0.918332
11 2510 1970 2542 1996 0.918361
11 349 2049 381 2076 0.918378
11 2356 2726 2388 2753 0.918384
11 1235 473 1267 500 0.918398
11 2486 208 2518 235 0.918491
11 1848 3391 1880 3418 0.918493
11 735 951 766 978 0.918527
11 1319 916 1351 943 0.918532
11 1467 1969 1499 1996 0.918618
11 1848 3437 1880 3464 0.918651
11 2056 3170 2087 3197 0.918665
11 349 2817 381 2844 0.918695
11 1901 1900 1933 1927 0.918719
11 519 196 551 223 0.918726
11 911 2817 944 2844 0.918809
11 1199 1680 1231 1707 0.918828
11 547 1969 579 1996 0.918831
11 602 1156 634 1183 0.918849
11 1026 242 1058 269 0.918931
11 349 1282 381 1309 0.918941
11 1764 2482 1796 2509 0.918973
11 2267 1133 2300 1160 0.919
11 1270 3391 1302 3418 0.919001
11 1752 427 1784 454 0.919012
11 1631 3391 1663 3418 0.919048
11 2221 483 2253 510 0.919056
11 2420 3391 2452 3418 0.919085
11 602 973 634 1000 0.919096
11 2104 3158 2137 3185 0.919151
11 439 1935 470 1962 0.919177
11 946 893 978 920 0.919208
11 2442 1935 2474 1962 0.919262
11 1512 2669 1544 2696 0.919268
11 2442 1992 2474 2019 0.919312
11 355 3505 387 3532 0.91932
11 1833 1934 1865 1961 0.919337
11 2194 1180 2226 1206 0.919358
11 821 265 852 292 0.919369
11 1941 928 1973 955 0.91938
11 2026 962 2058 989 0.919432
11 1912 3181 1944 3208 0.919467
11 547 3357 579 3384 0.919482
11 1731 1191 1763 1218 0.919495
11 2309 231 2341 258 0.919527
11 1529 2014 1561 2041 0.919534
11 1731 1145 1763 1172 0.919564
11 1235 242 1267 269 0.91958
11 1025 506 1057 533 0.919612
11 1239 2657 1270 2684 0.919631
11 2465 2390 2497 2417 0.919632
11 693 2459 725 2485 0.919654
11 1093 905 1125 932 0.919679
11 2306 1969 2339 1996 0.919696
11 843 1236 875 1263 0.919699
11 1963 2014 1995 2041 0.919702
11 2272 2783 2304 2810 0.919706
11 2420 3448 2452 3475 0.91972
11 1417 392 1450 419 0.919755
11 2115 1282 2147 1309 0.919757
11 909 254 941 281 0.91976
11 1599 208 1631 235 0.919762
11 419 984 452 1012 0.919776
11 1602 1992 1634 2019 0.919817
11 2104 3551 2136 3579 0.919825
11 2101 1934 2132 1961 0.919833
11 2268 1179 2301 1207 0.919839
11 2188 3448 2220 3475 0.919858
11 1658 1190 1690 1217 0.919882
11 1900 220 1931 247 0.919897
0 99 3180 122 3545 0.919901
11 2221 427 2253 454 0.919914
11 436 3459 468 3486 0.919949
11 1112 1969 1144 1996 0.919949
11 1431 2413 1464 2440 0.919968
11 1270 3448 1302 3475 0.919982
11 676 3147 709 3174 0.920023
11 2356 2657 2387 2684 0.920051
11 1114 254 1146 281 0.920121
11 659 939 691 966 0.920133
11 2356 2367 2388 2394 0.920141
11 2239 1934 2271 1962 0.920144
11 990 1737 1022 1764 0.920219
11 792 916 824 943 0.920234
11 2239 1992 2271 2019 0.92026
11 1922 2458 1954 2486 0.9203
11 2188 3391 2220 3418 0.920302
11 2034 1934 2065 1961 0.920319
11 1398 1202 1430 1229 0.920359
11 747 2447 779 2474 0.920359
11 471 1236 502 1263 0.920369
11 1687 2424 1719 2451 0.920401
11 997 2657 1029 2684 0.920421
11 1720 3181 1752 3208 0.920444
11 1283 1702 1316 1729 0.920447
11 832 1669 864 1696 0.920488
11 1400 1992 1431 2019 0.920505
11 950 3551 982 3578 0.920525
11 912 2435 943 2462 0.920529
11 1111 1725 1144 1753 0.920535
11 1459 3181 1491 3208 0.920545
11 672 427 704 454 0.920549
11 2369 2014 2401 2041 0.920561
11 1399 1248 1431 1275 0.920564
11 470 1179 502 1206 0.920585
11 2415 1179 2447 1206 0.920642
11 1765 1703 1797 1730 0.920693
11 584 2459 616 2486 0.920709
11 438 2003 471 2030 0.920718
11 1941 1236 1973 1263 0.920783
11 2272 2356 2304 2383 0.920805
11 730 3459 762 3486 0.920811
11 1323 231 1355 258 0.920826
11 756 1669 788 1696 0.92083
11 1670 1969 1702 1996 0.920843
11 623 3135 655 3162 0.92088
11 2398 220 2430 247 0.920909
11 2221 220 2252 247 0.920915
11 2416 1236 2447 1263 0.921008
0 98 955 122 1330 0.92101
11 1817 3181 1849 3208 0.921048
11 547 3135 580 3162 0.921066
11 1458 3597 1490 3624 0.921077
11 1670 1911 1702 1939 0.921078
11 2194 1236 2226 1263 0.921109
11 2044 220 2076 247 0.921111
11 802 2623 835 2650 0.921116
11 1961 3169 1993 3196 0.921132
11 730 3147 763 3174 0.921166
11 802 2459 835 2486 0.921166
11 1769 3169 1801 3196 0.921173
11 1578 939 1611 966 0.921227
11 2033 1702 2065 1730 0.921288
11 2132 208 2164 235 0.921363
11 1166 1191 1198 1217 0.921403
11 837 3158 870 3185 0.921434
11 551 962 583 989 0.921475
11 1658 1247 1690 1275 0.921495
11 1865 1293 1897 1320 0.921507
11 2115 951 2147 978 0.921664
11 1399 1934 1431 1962 0.921705
11 997 2714 1030 2742 0.921744
11 2007 3181 2039 3208 0.921809
11 1578 1293 1611 1320 0.921836
0 98 1704 122 2083 0.92205
11 2169 2459 2201 2486 0.922054
11 2044 518 2076 545 0.92207
12 2166 1680 2199 1707 0.922199
11 2519 2401 2551 2428 0.92224
11 1034 3448 1066 3475 0.922289
11 1535 208 1568 235 0.922347
11 436 3135 469 3162 0.922354
11 672 484 705 511 0.922714
11 1863 3169 1896 3196 0.922799
11 877 2003 910 2030 0.922827
11 1033 1726 1065 1753 0.922999
11 857 2447 889 2474 0.923129
11 877 1748 909 1776 0.923452
11 638 2447 670 2474 0.923458
11 354 3124 387 3151 0.924045
11 1154 1714 1187 1741 0.924711
9 2225 2401 2258 2465 0.926421
1 145 1991 213 2073 0.944152
1 145 484 213 567 0.946329
1 145 1235 214 1317 0.95025
1 145 2714 214 2796 0.950689
1 146 3448 214 3528 0.951267
10 150 174 213 350 0.958753
10 150 2413 214 2590 0.95892
10 150 3136 213 3313 0.960129
10 150 1657 214 1835 0.960616
10 150 905 214 1080 0.961494
