9 1182 2760 1208 2827 0.882923
15 2070 1262 2101 1308 0.883314
11 2131 1317 2154 1336 0.883422
9 1732 2782 1759 2853 0.883986
8 1104 2072 1129 2140 0.884345
13 378 1866 422 1895 0.884556
9 2113 3969 2140 4039 0.884954
9 2714 2803 2741 2873 0.885119
9 2059 3494 2085 3562 0.885852
8 2000 559 2025 627 0.885918
11 1442 1810 1472 1836 0.886463
8 1419 287 1443 353 0.88652
11 1417 236 1450 264 0.886955
12 1971 2565 2006 2592 0.887043
9 2164 2784 2190 2851 0.887258
12 2470 1822 2503 1849 0.887552
15 2716 1261 2746 1307 0.88785
9 1112 2759 1138 2828 0.888484
11 677 4329 710 4357 0.888705
8 2314 560 2337 626 0.889372
9 574 2759 600 2830 0.889636
15 2276 2741 2306 2788 0.889636
8 2783 3280 2807 3349 0.889729
12 1730 3380 1764 3407 0.889818
15 1992 1262 2022 1308 0.89041
8 2191 1327 2215 1397 0.891293
12 2756 2554 2789 2580 0.891439
15 1224 2740 1255 2787 0.891906
15 665 1262 696 1308 0.892288
15 1371 3971 1401 4016 0.892312
8 874 1281 899 1351 0.892754
21 1834 197 1860 269 0.893081
11 2311 534 2342 560 0.89312
12 1730 3335 1764 3362 0.893243
12 1155 2543 1188 2569 0.89353
15 1335 219 1366 265 0.893613
15 766 3475 797 3522 0.893941
9 1662 2783 1689 2852 0.894276
12 1156 2600 1189 2626 0.89431
15 2005 3971 2035 4017 0.894454
15 2077 526 2108 573 0.894599
9 644 2760 669 2828 0.894839
15 2669 1758 2699 1802 0.894958
15 1257 219 1288 264 0.895086
8 381 2073 404 2139 0.895297
15 2669 2006 2698 2051 0.895424
21 1998 198 2023 269 0.895502
8 2754 2035 2779 2106 0.895621
8 1443 2028 1467 2094 0.895631
15 605 2005 635 2051 0.895712
15 604 218 634 265 0.89575
15 1187 2006 1218 2051 0.895827
9 1515 1942 1554 2012 0.896058
15 1864 3475 1895 3521 0.896128
8 2181 2026 2205 2094 0.896471
15 2073 2741 2103 2786 0.896631
15 2031 3237 2061 3282 0.896898
12 382 3288 415 3314 0.897067
12 2522 2566 2554 2592 0.89721
12 1103 1810 1136 1836 0.897268
12 2469 1856 2503 1883 0.897432
11 1703 260 1735 287 0.897554
21 2539 3214 2565 3287 0.897647
12 382 3334 416 3361 0.897769
15 1020 2741 1051 2786 0.897809
11 1507 602 1538 629 0.898182
15 1441 3475 1472 3521 0.898289
12 682 3289 715 3316 0.898295
12 920 2600 954 2627 0.898424
11 1481 248 1512 275 0.898761
12 919 2544 953 2571 0.898762
11 1509 238 1540 264 0.898983
15 1571 2741 1602 2786 0.899109
15 2687 3971 2718 4017 0.899325
12 1103 1855 1138 1882 0.899357
21 1874 1983 1899 2055 0.899433
15 2704 3236 2734 3281 0.899441
15 1773 2741 1803 2788 0.8995
12 2757 2611 2791 2638 0.899577
15 682 220 712 264 0.899647
15 1145 1262 1176 1308 0.899804
12 682 3345 716 3372 0.899818
12 2521 2612 2556 2639 0.899962
15 2821 2740 2852 2787 0.900279
12 2206 2566 2240 2593 0.900284
8 991 1281 1015 1349 0.900623
11 989 1087 1020 1114 0.901424
11 872 1256 904 1283 0.902032
15 2623 2741 2653 2787 0.902295
11 2429 1110 2461 1137 0.902407
11 2540 3504 2572 3531 0.902814
15 2117 3475 2148 3520 0.902879
11 1608 3573 1639 3600 0.902958
21 2528 3951 2553 4023 0.903065
11 2510 534 2541 560 0.903235
11 1442 1854 1473 1882 0.903321
11 2179 2001 2211 2028 0.903801
15 686 2740 716 2788 0.903881
8 1045 294 1069 362 0.903904
11 1998 534 2030 560 0.903972
11 989 1121 1020 1148 0.90422
11 846 4331 877 4357 0.904252
11 2588 341 2620 367 0.904613
11 1271 1990 1302 2016 0.904638
15 516 3475 547 3521 0.90471
11 2198 3255 2229 3281 0.905073
12 2206 2612 2240 2639 0.905366
11 2281 3574 2313 3600 0.905498
11 1659 1833 1691 1860 0.905538
11 463 2058 496 2085 0.905682
11 1470 2850 1501 2877 0.905691
11 1568 1855 1600 1882 0.905726
11 2116 3277 2149 3304 0.90576
11 2509 340 2541 367 0.905778
11 2842 2047 2873 2073 0.905801
11 1417 260 1449 286 0.90589
11 461 283 492 309 0.905963
11 1920 534 1951 560 0.906021
11 2771 4285 2802 4312 0.906078
15 2234 526 2265 573 0.906097
11 458 1268 489 1295 0.906263
11 1835 568 1867 595 0.906398
11 2940 1144 2972 1171 0.906453
11 2207 2850 2237 2876 0.906476
11 1971 2850 2003 2877 0.906546
11 777 2082 809 2108 0.906706
11 2529 4297 2560 4323 0.906769
11 2312 341 2344 368 0.906784
11 2927 2035 2959 2062 0.90684
11 2943 3573 2974 3600 0.906846
11 2402 3243 2434 3270 0.90689
15 2233 220 2264 265 0.906918
11 2429 1087 2460 1113 0.90699
11 2927 1855 2959 1882 0.907095
11 2859 3243 2891 3270 0.907148
11 1441 2001 1473 2027 0.907152
11 2589 534 2620 560 0.907252
11 1042 272 1074 298 0.907263
11 1213 4023 1244 4050 0.907375
11 933 3574 964 3600 0.907393
11 382 2826 414 2854 0.907411
11 2720 340 2752 367 0.907429
11 2282 3243 2314 3270 0.907632
11 1367 1256 1399 1283 0.907636
11 2009 1990 2040 2016 0.907774
11 2173 4023 2205 4050 0.907859
11 2955 2850 2987 2877 0.907909
11 846 260 878 287 0.907923
11 1809 1303 1840 1329 0.908041
11 1704 4035 1736 4062 0.908076
11 1635 2850 1666 2877 0.908136
11 2005 4320 2036 4346 0.908183
11 2752 2013 2784 2039 0.908289
11 2429 1314 2460 1341 0.908326
11 834 2071 865 2097 0.908396
11 2558 1110 2590 1136 0.9084
11 1271 1280 1303 1307 0.908403
11 2802 316 2834 343 0.908456
21 2558 1240 2583 1313 0.908566
11 1530 4330 1562 4358 0.908767
11 2136 2850 2168 2877 0.908806
11 743 1257 775 1284 0.908813
11 2752 1879 2784 1906 0.908837
11 382 4297 414 4324 0.908843
11 925 272 957 298 0.90886
11 1366 1064 1398 1091 0.908863
11 2884 522 2916 549 0.9089
11 1355 3562 1387 3588 0.908912
11 2858 4012 2889 4038 0.908981
11 2391 4035 2423 4062 0.908996
11 2842 1855 2874 1882 0.908999
11 2622 3517 2652 3542 0.909009
11 765 4297 796 4324 0.909019
11 1319 1268 1350 1295 0.90904
11 1103 2047 1134 2073 0.909125
11 382 3596 414 3623 0.909212
11 2942 4023 2974 4050 0.909219
11 2424 2873 2456 2900 0.909224
11 2884 283 2916 310 0.909335
11 1370 4320 1401 4346 0.909345
11 379 2047 410 2074 0.909409
11 2268 1303 2299 1329 0.909575
15 483 2741 513 2786 0.909632
11 989 1257 1020 1283 0.909656
11 1048 4023 1080 4050 0.909728
11 1569 2013 1601 2040 0.90974
11 1614 1098 1645 1125 0.909842
11 1538 1087 1570 1113 0.909905
11 2434 522 2466 549 0.909927
11 1185 602 1216 629 0.909955
11 763 283 794 309 0.910025
11 1454 4297 1486 4323 0.910026
11 1750 1810 1782 1837 0.910088
11 920 2827 952 2854 0.910164
11 2756 2873 2788 2900 0.910212
11 2402 3562 2434 3589 0.910234
11 1287 2862 1319 2888 0.910325
11 1085 2826 1117 2854 0.910389
11 1704 4320 1735 4346 0.910513
11 513 4319 545 4346 0.910579
11 382 3978 414 4005 0.910634
21 1835 3949 1860 4023 0.910664
11 820 2839 852 2865 0.910688
11 1048 4319 1080 4346 0.910751
11 1444 1075 1476 1102 0.910753
11 2189 1303 2221 1329 0.910779
11 682 3596 714 3623 0.910851
11 2703 3516 2734 3543 0.910853
11 1484 1267 1515 1294 0.910883
11 2795 1292 2827 1319 0.910936
11 2716 1087 2748 1114 0.910937
11 2031 3562 2063 3589 0.910971
11 763 614 795 641 0.911006
11 1755 1314 1787 1341 0.911073
11 1944 3562 1976 3589 0.911094
11 2273 4023 2306 4050 0.911105
11 382 259 414 286 0.911156
11 899 4012 931 4039 0.911201
21 513 3950 538 4022 0.911271
11 846 625 878 652 0.911274
11 1454 4023 1486 4050 0.911281
11 1580 625 1612 652 0.911378
11 1837 2862 1869 2889 0.911385
11 1538 1268 1569 1295 0.911455
11 1836 4353 1867 4380 0.91148
11 1223 1291 1254 1318 0.911482
11 617 2827 648 2854 0.911505
11 1145 1075 1177 1102 0.911629
11 1223 1064 1255 1090 0.911764
11 1703 237 1736 264 0.911805
11 2859 3596 2891 3623 0.911813
11 2637 1098 2669 1125 0.911817
11 2942 4319 2974 4346 0.911854
11 596 3596 628 3623 0.911983
11 2780 3562 2812 3589 0.912024
11 1268 3562 1300 3589 0.912046
11 2802 511 2835 538 0.912257
11 846 3596 877 3623 0.912304
11 2867 1121 2899 1148 0.912329
11 2944 3243 2976 3270 0.91238
11 2433 317 2465 344 0.912382
11 2781 3255 2812 3281 0.912382
11 1705 2850 1736 2877 0.912396
11 536 1256 568 1283 0.91246
11 1863 1291 1895 1318 0.912526
11 1042 648 1074 675 0.912705
11 379 1256 410 1283 0.912785
11 2198 3596 2229 3623 0.912873
11 1258 649 1290 676 0.912925
11 1121 283 1152 309 0.912955
11 525 671 556 697 0.913066
11 2339 2861 2372 2889 0.913114
11 2721 499 2752 526 0.913231
11 2274 4342 2306 4369 0.913339
11 2884 2873 2916 2900 0.91335
11 1614 1291 1645 1318 0.913409
11 1336 648 1368 675 0.913444
11 1703 614 1736 641 0.913522
11 1055 3562 1086 3589 0.913533
11 1130 4035 1162 4062 0.913537
11 2086 4319 2118 4346 0.913591
11 2857 4343 2889 4369 0.913597
11 546 2827 578 2854 0.91362
11 791 3989 824 4016 0.913685
11 892 2058 924 2085 0.91374
11 381 660 413 687 0.91374
11 1154 2827 1186 2854 0.913744
11 2086 4035 2118 4062 0.913778
11 2604 4343 2636 4369 0.913881
11 2094 2001 2126 2028 0.913888
11 750 2862 782 2888 0.914122
11 1668 1303 1699 1329 0.914138
11 2264 2013 2296 2040 0.91421
11 2794 1098 2826 1125 0.914249
11 595 4330 627 4357 0.914254
11 2686 2873 2718 2900 0.914337
11 1356 2001 1388 2028 0.91456
11 2771 4035 2802 4062 0.914621
11 2521 2873 2553 2900 0.91471
11 1372 2862 1403 2889 0.914844
11 1730 3562 1762 3589 0.914862
11 2391 4343 2423 4369 0.914901
11 1418 591 1449 617 0.915142
11 1923 4319 1955 4346 0.915249
11 1213 4274 1244 4300 0.915317
11 682 660 713 686 0.915375
11 1521 3596 1553 3623 0.915507
11 1288 4319 1320 4346 0.916629
11 2687 4343 2719 4370 0.917741
11 604 659 636 686 0.918833
1 167 4229 235 4310 0.953146
1 167 545 235 626 0.954309
10 171 3208 235 3385 0.954819
10 171 3942 236 4121 0.955106
10 167 1729 231 1906 0.955818
1 167 3493 234 3575 0.956119
10 171 190 236 368 0.956694
1 167 2759 234 2840 0.95756
10 171 2474 236 2652 0.957697
10 167 995 231 1173 0.958178
