12 575 3277 609 3304 0.805327
13 1581 1927 1626 1956 0.85529
13 676 1916 719 1943 0.859382
13 337 1942 377 1967 0.860932
13 868 615 910 640 0.864542
13 868 592 910 617 0.865694
13 337 1918 379 1944 0.868163
13 1286 1927 1330 1954 0.869719
12 2076 1941 2109 1966 0.871683
13 1728 579 1773 606 0.874346
13 2217 558 2259 585 0.876875
13 676 1940 719 1966 0.877574
12 1350 592 1382 618 0.879296
12 1525 568 1560 596 0.879427
13 335 581 377 607 0.880142
13 1287 1905 1330 1932 0.88182
13 2216 579 2259 606 0.884048
13 337 557 378 585 0.885038
13 868 567 910 593 0.888533
12 2261 1941 2294 1968 0.88938
12 2200 3288 2234 3314 0.892084
12 1883 1940 1916 1966 0.892104
12 1932 3288 1965 3315 0.892461
13 1582 1905 1624 1932 0.892488
12 1392 3288 1425 3314 0.892567
12 1646 3287 1679 3314 0.892748
13 1729 603 1772 630 0.893262
12 1524 590 1560 618 0.894419
13 335 603 378 630 0.896794
12 1349 568 1382 594 0.897018
12 2416 1941 2449 1967 0.897131
13 1730 557 1772 584 0.89772
12 1526 545 1558 571 0.897943
12 1391 3311 1425 3337 0.898978
12 1348 614 1383 640 0.89928
12 2200 3312 2233 3338 0.899419
12 335 3254 369 3281 0.899595
12 574 3255 609 3281 0.900258
9 770 203 797 273 0.900438
13 1580 1950 1625 1978 0.900859
12 1931 3311 1966 3337 0.900906
13 2216 603 2259 631 0.901553
12 2260 1964 2293 1990 0.901885
12 1104 3254 1137 3280 0.901983
13 677 1963 719 1990 0.903124
12 2415 1906 2449 1933 0.90324
12 1932 3254 1965 3281 0.904883
13 337 1964 378 1990 0.905104
12 861 3254 895 3281 0.905217
12 2075 1962 2110 1989 0.905964
13 1287 2144 1330 2171 0.905973
12 1105 3299 1139 3326 0.906386
12 2261 1906 2295 1933 0.907568
12 1645 3254 1679 3281 0.907684
12 2200 3254 2233 3281 0.907925
12 1882 1905 1916 1933 0.908283
12 2075 1906 2109 1932 0.90869
0 99 461 123 820 0.908972
13 1581 2144 1624 2171 0.910088
9 454 168 481 239 0.910272
12 1391 3254 1425 3281 0.91048
0 99 1808 123 2169 0.910569
11 335 2156 368 2184 0.910716
12 1882 1963 1917 1989 0.91101
11 2281 2990 2313 3018 0.912097
12 1646 3311 1679 3338 0.912952
12 575 3300 610 3327 0.913106
0 99 3164 122 3519 0.913366
21 335 2882 360 2956 0.913585
21 1693 1533 1719 1607 0.91381
12 2415 1619 2449 1646 0.914804
21 2300 184 2326 258 0.915693
12 1580 1619 1615 1646 0.916029
12 336 3300 371 3327 0.916261
12 336 1597 369 1624 0.916523
13 1286 1952 1331 1979 0.916735
12 2416 1963 2449 1989 0.916961
11 413 2156 445 2183 0.917784
11 2383 305 2414 332 0.918291
11 1101 2156 1133 2183 0.918469
11 1882 1596 1914 1623 0.918574
11 2338 1620 2370 1647 0.918593
12 1433 248 1468 275 0.918611
11 743 271 774 298 0.91883
11 680 796 712 823 0.918885
12 1435 1619 1470 1646 0.918906
11 489 2156 521 2183 0.91903
11 868 807 900 835 0.919274
12 862 3299 897 3326 0.919289
11 336 796 368 823 0.919325
11 1358 1619 1391 1646 0.919339
11 2494 2945 2525 2972 0.919449
11 2215 305 2248 332 0.919449
11 976 282 1008 309 0.919454
11 675 2156 707 2183 0.919455
11 2367 3002 2398 3029 0.919507
11 566 2156 598 2183 0.91952
11 1178 2155 1210 2183 0.919526
11 1827 282 1859 309 0.919676
11 1764 1654 1795 1681 0.919783
11 2482 305 2514 332 0.919798
11 1391 2945 1423 2972 0.91982
11 427 796 459 823 0.91982
11 1287 1596 1319 1623 0.919849
11 881 2155 913 2183 0.919861
11 2153 1596 2184 1623 0.919984
11 881 1596 913 1623 0.920002
11 2382 796 2414 823 0.920044
11 1080 271 1112 298 0.920081
11 1104 2956 1136 2983 0.92016
11 2112 2968 2145 2995 0.920176
11 868 305 900 332 0.920196
11 676 1596 707 1623 0.920202
11 1827 796 1859 823 0.920202
11 1348 259 1381 287 0.920229
11 1930 271 1962 298 0.920307
11 1930 796 1962 823 0.920335
11 1609 305 1642 333 0.920391
11 2261 1608 2293 1635 0.920427
11 1391 3527 1424 3554 0.920449
11 1433 807 1465 834 0.920468
11 2215 796 2248 823 0.920474
11 696 2968 728 2995 0.920492
11 1645 3527 1677 3554 0.9205
11 453 2945 485 2972 0.920612
11 1101 1596 1133 1623 0.920617
11 1007 1607 1039 1635 0.920626
11 1226 2968 1258 2995 0.920629
11 1766 2945 1798 2972 0.920662
11 2096 305 2128 332 0.920691
11 2096 796 2128 823 0.920721
11 1524 3527 1556 3554 0.920727
11 427 236 459 264 0.92077
11 1524 785 1556 812 0.920783
11 696 3493 728 3520 0.920802
9 2140 2899 2167 2972 0.920812
11 1226 3493 1257 3520 0.920827
11 575 2956 607 2983 0.92083
11 1228 259 1260 287 0.920899
11 1729 305 1761 332 0.920996
11 1228 807 1260 835 0.921076
11 1080 807 1112 834 0.921105
11 1729 796 1761 823 0.92112
11 2200 3527 2232 3554 0.921139
11 977 807 1009 834 0.921189
11 1104 3493 1136 3520 0.921243
11 1348 807 1380 834 0.921277
11 518 248 550 275 0.921322
12 1524 2956 1558 2983 0.921351
11 2482 796 2514 823 0.921403
11 1882 2179 1914 2206 0.921414
11 1766 3527 1799 3554 0.921472
11 2152 2179 2184 2206 0.921479
11 1932 3527 1964 3554 0.921528
11 2053 3527 2085 3554 0.921542
11 983 2945 1015 2972 0.921656
12 1997 1608 2032 1635 0.921678
11 617 259 649 286 0.921682
11 336 3493 367 3520 0.921689
11 567 796 600 823 0.921703
11 861 3493 894 3520 0.921801
11 1177 1607 1210 1635 0.921805
11 575 3493 607 3520 0.921891
11 2199 2968 2231 2995 0.9219
11 2366 3527 2399 3554 0.921904
11 1609 785 1642 812 0.921933
11 861 2956 894 2983 0.92196
11 2301 796 2333 823 0.921991
11 1998 2178 2030 2206 0.922011
11 454 3493 485 3520 0.922027
11 2415 2179 2446 2205 0.922064
11 2491 2178 2523 2206 0.922092
11 765 1608 797 1635 0.922228
11 2338 2179 2370 2206 0.922315
11 336 248 368 275 0.922351
11 1931 2956 1963 2983 0.922437
11 983 3493 1015 3520 0.922782
11 2076 2179 2107 2206 0.923129
11 2261 2179 2293 2205 0.92439
12 490 1597 523 1624 0.929476
1 146 3413 214 3495 0.946494
1 145 716 214 798 0.947887
1 146 2065 213 2145 0.949456
10 150 2831 214 3009 0.959519
10 150 419 214 598 0.95972
10 150 1768 214 1945 0.959797
10 149 1482 214 1660 0.960171
10 150 3117 214 3293 0.960909
10 149 133 214 312 0.961695
