11 261 269 294 297 0.911838
11 2365 2215 2397 2242 0.912821
15 856 2173 888 2219 0.913057
12 1728 2428 1762 2454 0.913086
0 100 248 122 582 0.9132
15 1888 228 1919 274 0.913635
11 1478 292 1510 319 0.913902
12 709 776 743 803 0.913948
12 709 1342 743 1368 0.914141
11 763 293 795 320 0.914314
11 521 269 553 296 0.914505
15 1157 2174 1187 2219 0.914514
11 2403 269 2435 296 0.915316
11 689 2993 721 3020 0.915623
15 1669 229 1701 274 0.915901
11 262 448 294 475 0.916019
11 1861 3558 1893 3585 0.916102
15 1728 2173 1759 2219 0.916288
11 2499 2214 2531 2242 0.916517
12 709 1625 742 1651 0.916519
11 1292 269 1324 296 0.916546
21 401 2432 426 2506 0.916639
11 469 1411 501 1438 0.916788
12 470 1579 503 1605 0.916821
11 365 269 397 296 0.916855
15 1170 228 1201 273 0.917077
11 2024 3546 2056 3573 0.917085
11 857 2901 889 2929 0.917322
11 2511 269 2543 296 0.917396
12 709 1060 743 1086 0.917546
11 417 246 449 273 0.917693
11 624 269 656 296 0.917696
11 689 2755 721 2783 0.917864
11 2182 246 2214 273 0.917896
11 1996 811 2028 838 0.917924
11 1535 1601 1567 1628 0.917981
11 1728 3173 1760 3199 0.917985
11 1089 2248 1122 2275 0.917998
11 417 304 449 331 0.918067
11 1296 3546 1328 3573 0.91822
11 401 3038 434 3066 0.918249
11 402 3275 434 3302 0.918289
11 1723 223 1755 251 0.918398
11 762 2169 794 2196 0.918489
11 1861 2755 1893 2783 0.918514
11 1478 528 1510 555 0.918557
11 2432 3501 2464 3528 0.918559
11 2229 2192 2261 2219 0.918564
11 1661 2169 1693 2196 0.918564
11 2229 2248 2261 2276 0.91863
11 1004 2924 1035 2951 0.918677
11 2350 1093 2382 1121 0.918704
11 1089 2192 1122 2219 0.918719
11 1365 304 1398 331 0.918727
11 1041 482 1073 509 0.918743
11 1477 246 1510 274 0.918855
11 1090 3172 1122 3200 0.918893
11 572 1399 604 1426 0.91893
12 2300 2473 2333 2500 0.918951
11 2457 304 2489 331 0.918975
12 2349 460 2383 487 0.918995
11 1794 2203 1826 2230 0.91902
11 1661 3546 1693 3573 0.919077
11 2050 258 2082 285 0.919078
11 1592 293 1624 320 0.919084
11 872 293 904 319 0.919108
11 1003 3546 1035 3574 0.919147
12 262 1602 296 1628 0.919184
11 2024 3184 2056 3211 0.919189
11 417 528 449 555 0.919195
11 334 2427 367 2454 0.919197
11 2182 304 2214 331 0.919218
11 1661 2924 1692 2951 0.919268
11 1928 2248 1960 2275 0.919313
11 1661 2226 1693 2253 0.919353
11 926 269 958 296 0.919362
11 1834 1601 1866 1628 0.919375
11 2157 2958 2189 2985 0.919376
11 1594 2755 1626 2783 0.919379
11 1170 776 1202 803 0.919457
11 1226 2192 1258 2219 0.919472
11 762 247 795 274 0.919546
11 936 2248 968 2275 0.919587
11 616 2226 649 2253 0.919589
11 544 3535 576 3562 0.919594
11 1661 2744 1692 2771 0.919611
11 402 3558 434 3585 0.919615
11 1592 247 1624 274 0.919616
11 572 505 604 532 0.919667
11 1171 1319 1202 1346 0.919701
11 1003 3184 1035 3211 0.919704
11 2090 2192 2122 2219 0.919704
11 468 304 501 331 0.919709
11 2365 2271 2397 2299 0.919716
11 2295 304 2327 331 0.919733
11 1461 3172 1493 3199 0.919741
11 1421 1036 1453 1063 0.919773
11 1927 2202 1960 2230 0.919775
11 689 3218 722 3245 0.91981
11 1366 2192 1398 2219 0.91981
15 2128 229 2159 274 0.919841
11 1861 2936 1893 2963 0.919881
11 2457 1636 2489 1663 0.919898
11 2295 811 2327 838 0.91991
11 417 1376 449 1403 0.919917
11 1090 2913 1122 2939 0.919934
11 1092 247 1124 274 0.919947
11 1157 2721 1189 2748 0.919966
11 2299 3172 2331 3199 0.919969
11 1292 528 1324 555 0.919985
11 1527 2226 1559 2253 0.920036
11 1041 1319 1073 1346 0.920039
11 689 3512 721 3539 0.920045
11 1157 3161 1189 3188 0.920063
11 1365 1590 1398 1617 0.920092
11 572 811 604 838 0.920103
11 1794 2248 1826 2275 0.920115
11 261 777 293 804 0.920139
11 544 2248 576 2276 0.920142
11 2350 799 2382 826 0.920144
11 313 246 345 273 0.920145
11 872 246 904 274 0.920279
11 1941 257 1973 285 0.920281
11 520 482 553 509 0.920287
11 2350 1602 2381 1628 0.920305
11 1366 2237 1398 2264 0.920336
11 2157 2215 2189 2242 0.920342
11 1421 777 1453 804 0.920361
11 689 2203 721 2230 0.920382
11 1170 505 1202 532 0.920405
11 401 2755 434 2782 0.920407
11 2512 326 2544 353 0.920409
11 1227 2238 1258 2264 0.920411
11 1660 3184 1693 3211 0.920417
15 1421 228 1452 273 0.920424
11 1170 1059 1202 1086 0.920426
11 1003 2215 1035 2242 0.920452
11 623 528 656 555 0.920452
11 1777 1613 1809 1640 0.920464
11 2024 2924 2056 2952 0.920482
11 2236 1376 2268 1403 0.920487
11 1090 3535 1122 3562 0.920488
11 1296 2215 1329 2242 0.920491
11 1834 281 1866 308 0.920511
11 402 2306 434 2333 0.920549
11 1996 1613 2028 1640 0.920549
11 2157 3218 2189 3245 0.920584
11 2228 2755 2261 2783 0.920601
11 1777 1353 1809 1380 0.920612
11 1292 1353 1324 1380 0.920628
11 1527 2169 1559 2196 0.920631
11 2229 3558 2261 3585 0.920664
11 469 459 501 486 0.920684
11 262 1036 293 1063 0.920686
11 2157 3581 2189 3608 0.9207
11 365 799 397 826 0.920708
11 818 269 850 296 0.920719
11 2499 2271 2531 2299 0.920725
11 1594 2203 1626 2230 0.920734
11 1292 799 1324 826 0.92074
11 2024 2744 2056 2771 0.920755
11 1090 2732 1122 2759 0.920774
11 1365 246 1398 274 0.920777
11 2457 833 2489 860 0.92078
11 857 3524 888 3550 0.920815
11 1170 1579 1202 1606 0.920818
11 1090 2507 1121 2534 0.920819
11 2129 1353 2161 1380 0.920824
11 2236 1116 2268 1143 0.92083
11 2431 3138 2463 3165 0.920838
11 262 1319 294 1346 0.92085
11 1777 1093 1809 1121 0.920858
11 2237 270 2269 297 0.920867
11 2129 799 2161 826 0.920875
11 2457 1376 2489 1403 0.920877
11 1237 304 1270 331 0.920897
12 926 1602 960 1628 0.920907
11 2432 2699 2464 2726 0.920948
11 857 3161 889 3188 0.920964
11 936 2192 968 2219 0.920968
11 1421 1296 1453 1323 0.92097
11 544 3252 576 3279 0.920991
11 1728 2733 1760 2760 0.920995
11 926 528 958 555 0.921013
11 417 1071 449 1098 0.921065
11 1535 269 1568 296 0.921067
11 262 3298 294 3325 0.921075
11 1421 1579 1453 1606 0.921101
11 1461 3535 1493 3562 0.92112
11 1041 270 1073 297 0.921143
11 544 2732 576 2760 0.921178
11 365 505 397 532 0.921181
11 2432 2879 2464 2906 0.921208
11 708 292 741 320 0.921211
11 572 1071 604 1098 0.921216
11 1594 3558 1626 3585 0.921223
11 1833 1319 1866 1346 0.921228
11 1535 505 1567 532 0.921237
11 469 833 501 860 0.921242
11 2237 833 2269 860 0.921242
11 1157 3523 1189 3550 0.921258
11 2050 304 2082 331 0.921277
11 1092 505 1124 532 0.9213
11 857 2721 889 2748 0.921329
11 1833 799 1866 827 0.921338
11 1728 2913 1760 2940 0.921347
11 365 1353 397 1380 0.921349
11 2229 3195 2261 3222 0.92136
11 1941 303 1973 330 0.921363
11 1366 1330 1398 1357 0.921374
11 1594 3195 1626 3222 0.92138
11 1421 551 1454 578 0.921383
11 262 2779 294 2806 0.92142
11 262 2192 294 2219 0.921423
11 1594 2935 1626 2963 0.921431
11 2432 2248 2465 2276 0.921448
11 2299 3535 2331 3562 0.921469
11 417 811 449 838 0.921487
11 313 304 345 331 0.921504
11 2157 2779 2190 2806 0.921506
11 1996 1353 2028 1380 0.921511
11 857 2450 889 2477 0.921511
11 2237 1635 2269 1662 0.921512
11 1092 304 1124 331 0.921523
11 2090 2248 2122 2275 0.921597
11 1996 281 2027 308 0.921625
11 1535 1082 1568 1109 0.921639
11 2295 246 2328 274 0.921639
11 1888 1071 1921 1098 0.921686
11 2295 1613 2327 1640 0.921695
11 365 1059 397 1086 0.921698
11 1728 3535 1760 3562 0.921701
11 1296 2924 1328 2951 0.921746
11 1535 799 1567 827 0.921754
15 2350 228 2381 274 0.921805
11 1041 799 1073 827 0.921809
11 572 304 604 331 0.921826
11 1777 811 1809 838 0.921827
11 1535 1341 1567 1369 0.921849
11 1861 3195 1893 3222 0.921879
11 262 3073 294 3100 0.921892
11 983 247 1015 274 0.921895
11 313 482 345 509 0.921917
11 1670 1590 1702 1617 0.92196
11 1226 2473 1258 2500 0.921975
11 936 2461 968 2489 0.921979
11 1777 258 1809 285 0.921998
11 1157 2496 1189 2523 0.922027
11 2229 2936 2261 2963 0.922035
11 1888 1330 1920 1357 0.922038
11 1669 1071 1702 1098 0.922054
11 1366 1071 1398 1098 0.922104
11 1722 281 1755 308 0.922162
11 1461 2732 1493 2760 0.922166
11 521 326 553 354 0.92217
11 1461 2912 1493 2939 0.922176
11 1861 2226 1893 2253 0.922197
11 2295 1353 2327 1380 0.92222
11 984 505 1015 531 0.922225
11 1888 1590 1920 1617 0.922225
11 262 2461 293 2488 0.922245
11 983 304 1015 331 0.922257
11 1004 2744 1035 2771 0.922274
11 1669 788 1701 815 0.922295
11 1296 2450 1328 2477 0.922343
11 623 326 656 354 0.922373
11 2457 1116 2489 1143 0.922392
11 1366 2416 1398 2443 0.922429
11 262 3581 294 3608 0.922431
11 2299 2913 2331 2939 0.922458
11 544 3015 576 3042 0.922481
11 1040 1059 1073 1086 0.922486
11 1833 1059 1866 1086 0.922492
11 1296 3184 1328 3211 0.922504
11 1237 246 1270 274 0.922537
11 1592 471 1624 498 0.922638
11 1237 517 1270 544 0.922688
11 2403 326 2435 354 0.922692
11 1296 2744 1329 2771 0.922705
11 474 2271 506 2299 0.922767
11 1366 562 1398 589 0.922964
11 1888 788 1920 815 0.922994
11 2299 2732 2331 2759 0.923103
11 1003 2473 1035 2500 0.923166
11 1670 1330 1702 1357 0.923329
11 1366 788 1398 815 0.923444
11 1833 224 1866 251 0.923548
11 2349 1353 2382 1380 0.924331
1 146 2427 214 2510 0.944738
1 146 483 214 565 0.94559
1 144 3500 213 3582 0.946578
1 145 1556 213 1636 0.949926
10 150 1250 213 1428 0.958983
10 150 201 213 378 0.959049
10 149 2144 213 2322 0.959512
10 150 990 214 1168 0.959558
10 149 2935 214 3113 0.9596
10 150 3196 214 3374 0.960093
10 149 730 214 908 0.960895
10 149 2674 214 2854 0.961384
