9 568 2663 593 2734 0.820099
13 2194 560 2236 587 0.872658
13 2562 2777 2604 2804 0.87626
13 2562 2430 2603 2457 0.880986
13 2560 3319 2603 3346 0.882608
13 396 617 439 644 0.88547
13 395 1159 439 1187 0.888414
13 397 871 441 899 0.889099
13 2561 3008 2603 3035 0.889121
12 2367 1183 2401 1210 0.89582
12 2620 1183 2654 1210 0.896347
12 1485 583 1519 610 0.89757
12 911 2420 944 2447 0.898025
12 1485 1126 1519 1153 0.898197
12 2074 2997 2108 3023 0.898254
21 343 2381 368 2452 0.898484
12 2738 572 2772 599 0.898749
12 1488 2743 1522 2770 0.898899
12 706 606 740 633 0.898996
12 1770 3262 1804 3289 0.899054
12 631 3286 664 3312 0.899097
12 1891 571 1926 599 0.899173
12 1271 261 1305 288 0.899394
12 2192 1104 2227 1131 0.899408
21 1485 246 1509 316 0.899488
12 2737 249 2771 275 0.899496
21 1123 2380 1148 2451 0.89955
12 344 2962 378 2990 0.899589
12 706 872 740 899 0.899618
12 876 283 910 310 0.899992
12 1892 825 1926 852 0.900603
21 876 821 901 893 0.900639
12 2738 1172 2772 1199 0.900836
12 910 2962 944 2989 0.900857
12 1892 1115 1926 1142 0.901373
12 2320 2443 2352 2469 0.901605
12 1649 261 1682 287 0.901673
12 343 3297 378 3324 0.901796
21 1891 247 1914 316 0.9018
12 2738 838 2772 865 0.901828
12 910 2731 944 2758 0.901962
12 705 1149 740 1176 0.902342
21 1647 533 1672 604 0.902394
12 2620 849 2654 876 0.902473
12 2074 2754 2108 2780 0.902637
21 1074 245 1099 316 0.903369
12 1075 1137 1109 1165 0.903559
12 1485 849 1520 876 0.903653
12 1075 861 1109 887 0.904284
12 551 294 585 322 0.904348
12 2074 3273 2109 3300 0.904428
12 1075 595 1109 622 0.904533
21 2039 533 2064 606 0.904603
21 1647 821 1672 893 0.904861
12 1769 2430 1804 2458 0.905028
12 910 3273 944 3300 0.905176
11 1253 2407 1285 2434 0.905582
21 2039 821 2064 893 0.905907
11 1253 2719 1285 2746 0.905917
21 629 2957 654 3029 0.906378
21 706 246 731 317 0.906511
12 1124 3296 1158 3323 0.906652
11 765 2719 797 2746 0.906829
21 876 533 900 604 0.907001
11 1633 2430 1664 2457 0.907385
21 396 243 420 317 0.907906
11 937 1149 969 1176 0.908391
11 1546 295 1578 322 0.908547
11 343 2719 375 2746 0.908633
21 1270 532 1295 606 0.909743
11 765 2408 798 2435 0.909772
11 1488 2974 1519 3000 0.909974
21 1270 821 1295 892 0.911107
11 1709 814 1741 841 0.911118
11 630 2742 662 2769 0.911158
11 1633 3274 1665 3300 0.911172
11 1143 306 1175 333 0.911305
11 2424 3274 2456 3301 0.911611
11 1487 2420 1519 2447 0.911653
11 1952 283 1984 310 0.912839
11 2424 2997 2456 3024 0.913051
11 2101 1114 2133 1141 0.913084
11 1253 2962 1285 2989 0.913319
11 629 2397 661 2424 0.913323
11 1709 583 1741 610 0.913972
11 1488 3285 1520 3312 0.9141
11 2239 2453 2271 2481 0.914414
11 2159 2442 2191 2469 0.914698
11 1770 2985 1801 3012 0.914711
11 2485 860 2517 887 0.914794
11 2284 872 2316 899 0.914795
11 1770 2777 1801 2803 0.914906
11 540 2730 572 2758 0.914957
11 456 328 488 356 0.915029
11 767 318 799 345 0.915213
11 1915 2997 1947 3023 0.915567
11 1332 595 1364 622 0.915827
11 472 2385 504 2412 0.916145
11 2423 2765 2455 2792 0.916151
11 2101 572 2133 599 0.916469
11 765 3008 798 3035 0.91705
11 1332 826 1364 853 0.917087
11 2192 849 2225 876 0.917088
11 1332 1137 1364 1164 0.9175
11 1915 2765 1947 2792 0.917606
11 937 837 969 864 0.917741
11 2100 837 2133 864 0.917793
11 1633 2985 1665 3012 0.917873
11 2367 872 2399 899 0.918058
11 1709 1137 1741 1164 0.918164
11 937 606 969 633 0.918859
11 1994 3008 2027 3036 0.918972
1 161 1102 229 1185 0.950486
1 160 3240 229 3322 0.951862
10 165 2328 228 2503 0.955912
10 165 768 230 946 0.956455
10 164 191 229 369 0.956687
10 166 2617 229 2792 0.957876
10 165 2904 229 3083 0.958463
10 165 480 229 658 0.959581
