9 908 124 929 177 0.847563
11 1217 1362 1249 1389 0.889601
8 1366 478 1390 548 0.894246
11 889 171 911 190 0.898368
0 100 2373 122 2705 0.902074
0 99 3344 122 3662 0.90365
11 1443 1169 1475 1196 0.90391
11 1443 1363 1475 1389 0.904082
0 100 1402 122 1734 0.905084
11 2310 2635 2342 2661 0.906094
0 100 442 122 761 0.906374
8 1138 214 1163 285 0.906399
11 440 3544 472 3571 0.906555
11 1651 1169 1683 1196 0.906957
11 1921 1169 1953 1196 0.907542
11 784 1169 816 1196 0.908641
8 1366 224 1391 296 0.909262
11 1082 1362 1114 1389 0.909733
11 1217 1168 1249 1196 0.910114
12 1580 3023 1614 3050 0.910323
11 2505 2635 2537 2661 0.910446
12 440 3320 474 3347 0.911728
11 1515 3590 1548 3617 0.91204
21 878 1638 904 1713 0.912221
11 1725 1123 1757 1150 0.913656
11 2442 2410 2474 2437 0.913787
11 2114 2634 2146 2661 0.914389
11 2072 3590 2104 3617 0.914454
11 311 689 342 716 0.915513
12 1618 2067 1652 2094 0.915593
12 875 3069 909 3096 0.915626
11 678 734 710 761 0.91622
11 875 3545 907 3571 0.916458
11 1221 190 1253 217 0.916491
11 1364 453 1396 480 0.916613
12 2023 678 2057 704 0.916898
12 1443 1633 1477 1660 0.916933
11 1149 3366 1181 3393 0.917024
11 1889 2079 1921 2106 0.917124
11 2510 3590 2542 3617 0.917393
11 1284 1351 1316 1378 0.91761
11 378 1362 410 1389 0.917714
11 2170 453 2202 480 0.918018
11 2048 2079 2080 2106 0.918047
12 321 2680 355 2707 0.918196
11 2171 1169 2203 1196 0.91828
11 396 213 428 240 0.918306
11 744 167 776 194 0.918379
11 504 3533 536 3560 0.918447
11 990 2125 1022 2152 0.918492
11 1071 452 1103 480 0.918506
11 311 1351 343 1378 0.918524
11 2198 3057 2230 3084 0.918527
11 1381 2113 1413 2140 0.918542
11 1822 2589 1854 2616 0.918552
11 2441 1169 2473 1196 0.918596
11 1738 407 1770 434 0.9186
11 784 1408 816 1436 0.91862
11 1854 1157 1886 1184 0.91864
11 1584 1500 1616 1527 0.918817
11 2281 3069 2314 3096 0.918821
11 1838 3034 1870 3062 0.918861
11 2023 464 2055 491 0.918941
11 1004 689 1036 716 0.918973
21 922 2607 948 2679 0.919001
11 311 510 342 537 0.919027
11 1751 2611 1783 2638 0.919033
11 1666 453 1699 480 0.919102
11 1364 202 1396 229 0.91914
11 923 2409 955 2437 0.919151
11 612 723 645 750 0.919182
11 938 179 970 205 0.91919
11 2312 1123 2344 1150 0.919191
11 569 3522 601 3549 0.919215
11 1188 2680 1220 2707 0.919225
11 1600 441 1632 468 0.919229
11 461 224 494 251 0.919247
11 2023 156 2056 183 0.919275
11 2237 464 2268 491 0.919287
11 2442 2136 2474 2163 0.919364
11 2449 3366 2481 3393 0.919383
11 1584 1157 1616 1184 0.9194
11 2308 407 2340 434 0.919402
11 1618 2589 1650 2616 0.919406
12 1751 2387 1785 2414 0.919411
11 808 2125 841 2152 0.91942
11 446 1374 478 1401 0.919429
11 1149 1351 1181 1378 0.919557
11 581 1203 613 1230 0.919561
11 1298 3533 1330 3560 0.919565
11 782 3533 813 3560 0.919587
11 1600 236 1632 263 0.919612
11 1014 1587 1046 1614 0.919622
11 1320 2703 1352 2730 0.919634
11 1534 430 1566 457 0.919672
11 2104 1157 2136 1184 0.919674
11 1450 3103 1482 3130 0.919689
11 1221 464 1254 491 0.919696
11 1136 442 1168 468 0.919726
12 310 3046 345 3073 0.919771
11 1284 1157 1316 1184 0.919777
11 648 1408 681 1436 0.91982
11 461 700 494 727 0.919825
11 716 1180 748 1207 0.919825
11 2282 3590 2314 3617 0.919856
11 1463 201 1495 228 0.91987
11 1254 2102 1286 2129 0.919896
11 2007 3035 2039 3062 0.919909
11 1313 734 1346 761 0.91999
11 1014 1134 1046 1161 0.919995
11 1070 677 1103 704 0.920013
11 1930 453 1962 480 0.920029
11 1547 2623 1579 2650 0.920161
11 612 247 644 274 0.920176
11 1298 3080 1330 3107 0.920272
11 2030 1180 2062 1207 0.920295
11 1346 1374 1378 1401 0.920319
11 1149 1644 1182 1671 0.920333
11 1014 1374 1046 1401 0.920338
12 2030 1713 2065 1740 0.920345
11 1136 666 1168 693 0.920394
11 610 2090 642 2117 0.9204
11 1738 201 1770 228 0.920405
11 1285 1667 1316 1694 0.920413
11 2310 2113 2342 2140 0.920439
11 2198 3601 2230 3628 0.920452
11 1463 452 1495 479 0.920456
11 716 1420 748 1447 0.920492
11 2170 179 2202 206 0.920511
11 1516 1145 1548 1173 0.920527
11 406 2136 438 2163 0.920527
11 472 2433 504 2459 0.920527
11 2030 1420 2062 1447 0.920552
11 1298 3389 1330 3415 0.920557
11 311 1226 343 1253 0.920567
11 472 2147 504 2174 0.920585
11 321 2387 352 2413 0.920586
11 1725 1465 1757 1492 0.920586
11 2243 2646 2275 2673 0.92059
11 2180 2090 2212 2117 0.920634
11 2171 1465 2203 1492 0.92064
11 547 235 579 263 0.920666
11 940 3556 972 3583 0.920679
11 2510 3377 2542 3404 0.920691
11 676 2102 708 2129 0.920693
11 1346 1180 1378 1207 0.920718
11 1474 2102 1507 2129 0.920729
11 1450 3601 1483 3628 0.920765
11 446 1157 478 1184 0.920815
11 1136 190 1168 217 0.920815
11 1774 3544 1806 3571 0.92082
11 2441 1420 2473 1447 0.92082
11 947 1145 979 1172 0.92085
11 1150 3556 1181 3583 0.920886
11 2180 2623 2212 2650 0.920921
11 1644 3568 1676 3594 0.920923
11 2308 201 2340 228 0.920942
11 1838 3556 1870 3583 0.920955
11 375 3556 407 3583 0.921038
11 2136 3046 2168 3073 0.921051
11 1360 3556 1392 3583 0.921072
11 311 3400 343 3427 0.921084
11 875 3331 907 3358 0.92111
11 1360 3091 1391 3118 0.921111
11 2445 236 2476 263 0.921141
11 321 2158 353 2185 0.921168
11 581 1397 613 1424 0.921176
11 1854 1443 1886 1470 0.921198
11 1320 2090 1352 2117 0.921254
11 1121 2102 1154 2129 0.921265
11 2048 2623 2080 2650 0.921271
11 1787 1146 1818 1172 0.921289
11 2509 1180 2541 1207 0.921321
11 1004 3544 1036 3571 0.921332
11 1066 3568 1098 3594 0.92135
11 2510 452 2542 480 0.921368
11 610 2455 642 2483 0.921377
11 2444 442 2476 469 0.921409
11 1889 2600 1921 2627 0.921459
11 742 2113 775 2140 0.921464
11 2243 2102 2275 2129 0.921497
11 634 3510 665 3537 0.9215
11 311 235 343 262 0.921506
11 924 2135 956 2162 0.921518
11 1056 2623 1088 2650 0.921546
11 1214 3544 1246 3572 0.921577
11 1082 1145 1114 1172 0.921581
11 1066 3354 1098 3381 0.921586
11 1321 2433 1353 2460 0.921595
11 742 2432 774 2460 0.921621
11 1149 1157 1181 1184 0.92163
11 2136 3579 2168 3606 0.921636
11 2365 3579 2397 3606 0.921661
11 1056 2113 1088 2140 0.921672
11 310 3568 342 3594 0.921772
11 947 1385 979 1412 0.921787
11 1580 3579 1612 3606 0.921787
11 938 441 970 468 0.921787
11 810 712 842 738 0.921881
11 1005 3343 1036 3370 0.921883
11 2007 3579 2039 3606 0.921885
11 546 712 578 739 0.921912
11 698 3331 730 3358 0.921931
11 2312 1442 2344 1470 0.921931
11 2449 3568 2480 3594 0.922016
12 2048 2399 2082 2425 0.922042
11 1188 2090 1220 2117 0.922048
11 649 1192 681 1219 0.922078
11 1056 2387 1088 2414 0.922089
11 698 3521 730 3549 0.922134
11 2373 1157 2406 1184 0.922156
11 1709 3556 1741 3583 0.922216
11 744 441 776 468 0.92224
11 2376 2623 2408 2650 0.922272
11 879 1157 911 1184 0.922289
11 1903 3568 1935 3594 0.922298
11 2449 3091 2481 3118 0.922334
11 1221 654 1253 681 0.922434
11 538 2159 570 2186 0.922466
11 2368 430 2400 457 0.922573
11 513 1385 546 1413 0.922627
11 879 1397 911 1424 0.922638
12 1463 700 1497 727 0.922724
11 2104 441 2136 468 0.922732
11 1864 179 1896 206 0.922763
11 744 723 776 750 0.922804
11 1864 441 1897 469 0.922882
11 1474 2669 1507 2696 0.9229
12 462 430 496 457 0.922955
12 1474 2376 1509 2403 0.923037
11 1798 430 1830 457 0.923071
11 938 700 970 727 0.923174
11 2505 2421 2537 2448 0.923235
11 2442 2611 2474 2638 0.923317
11 1955 2611 1986 2638 0.923396
11 2239 1180 2271 1207 0.923421
11 1685 2600 1717 2627 0.924025
12 2007 3355 2041 3382 0.924085
12 1709 3343 1743 3370 0.924794
12 1451 3331 1485 3358 0.925047
12 569 3058 603 3085 0.927087
12 310 1622 345 1648 0.92966
1 145 1632 213 1715 0.944388
1 145 2137 213 2218 0.944438
1 145 2600 214 2682 0.947618
1 145 666 214 748 0.949543
1 146 3567 213 3647 0.950132
10 150 1362 214 1540 0.959926
10 150 3298 214 3473 0.961062
10 150 396 214 572 0.961407
10 149 2329 214 2508 0.96146
