11 1188 525 1221 551 0.822062
11 2054 1184 2086 1210 0.858341
11 1726 1183 1757 1210 0.861075
11 933 434 964 461 0.865067
11 1845 3366 1877 3393 0.894771
0 99 2377 122 2701 0.899509
8 958 1197 983 1266 0.900415
0 99 3345 122 3661 0.904576
11 1264 1184 1296 1210 0.905668
0 100 445 122 760 0.906037
11 1844 3590 1876 3617 0.906237
11 933 704 965 732 0.906688
11 1851 1388 1883 1415 0.908255
11 1564 749 1596 776 0.908321
0 100 1411 122 1744 0.908898
11 1949 525 1981 552 0.909001
12 1084 2377 1119 2404 0.909273
15 809 1199 838 1245 0.910854
15 544 1663 575 1710 0.911549
15 520 2629 550 2676 0.911588
15 558 697 589 744 0.911754
21 2073 676 2099 750 0.912682
11 808 1423 839 1449 0.913343
11 1118 1400 1149 1427 0.913639
11 1587 2545 1620 2572 0.913973
11 1845 3081 1877 3108 0.914106
21 2111 1641 2137 1714 0.915185
11 660 1647 692 1674 0.91522
11 1084 2602 1116 2629 0.915231
21 1313 676 1338 748 0.915893
12 310 3355 344 3382 0.916149
11 2332 2423 2364 2450 0.916631
11 660 1423 692 1450 0.916745
11 2227 1377 2259 1404 0.917014
11 1069 172 1101 199 0.91712
11 310 182 343 210 0.917237
11 1553 1422 1584 1449 0.917382
11 311 422 343 449 0.917492
11 929 2389 961 2416 0.917623
11 2449 422 2481 449 0.917742
11 371 446 403 472 0.917767
11 433 435 465 461 0.917816
11 2516 1423 2548 1450 0.917964
11 496 422 528 449 0.917994
11 780 2366 812 2393 0.918059
11 430 3081 462 3108 0.91808
11 780 2590 812 2617 0.918096
11 1069 422 1101 450 0.918114
11 2280 2377 2312 2404 0.918161
11 857 3069 889 3097 0.918304
11 2087 3366 2120 3393 0.918378
11 311 3069 343 3096 0.918383
11 738 3069 770 3096 0.918558
11 433 194 465 221 0.918593
11 370 3069 402 3096 0.918604
11 2087 3590 2119 3618 0.918669
11 2449 3366 2481 3393 0.918797
11 1500 469 1532 496 0.918848
11 1433 2579 1464 2606 0.918867
11 2329 3366 2361 3393 0.918904
11 746 206 777 232 0.918908
11 2012 137 2044 165 0.918917
11 615 3069 647 3096 0.918952
11 2343 1750 2375 1777 0.918987
11 1188 183 1220 210 0.91903
11 558 194 590 221 0.919071
11 429 1183 461 1210 0.919273
11 1688 480 1720 507 0.919278
11 2285 1138 2317 1165 0.919295
11 1313 2115 1346 2142 0.919334
11 871 183 902 210 0.919372
11 1868 2377 1900 2404 0.91939
11 1557 3545 1590 3572 0.91944
11 929 2613 961 2640 0.919443
11 1381 3355 1413 3382 0.919454
11 683 704 715 732 0.919493
11 429 1377 461 1404 0.919493
11 1689 194 1721 221 0.919553
11 2209 3366 2241 3393 0.919585
11 493 3058 525 3085 0.919594
11 1854 149 1885 176 0.919606
11 1264 1411 1296 1438 0.91964
11 371 1366 403 1393 0.919652
11 310 704 343 731 0.919663
11 403 2309 435 2336 0.919736
11 1199 3366 1231 3393 0.919742
11 1314 2602 1345 2629 0.919762
11 311 1388 342 1415 0.919797
11 2387 434 2419 461 0.919854
11 2324 739 2356 765 0.919928
11 1438 480 1470 508 0.919938
11 2074 149 2107 176 0.919945
11 1970 3366 2002 3393 0.91997
11 1315 3377 1347 3404 0.919999
11 750 1659 782 1686 0.920003
11 1438 3556 1470 3583 0.920011
11 2333 2568 2364 2595 0.920019
11 1725 1704 1758 1731 0.920034
11 1313 183 1345 210 0.920097
11 2330 3081 2361 3108 0.920118
11 1751 206 1783 232 0.920128
11 1126 537 1158 564 0.920135
11 1626 183 1658 210 0.920155
11 2450 194 2481 221 0.920167
11 310 2332 342 2359 0.920195
11 808 194 840 221 0.920206
11 2449 3081 2481 3108 0.920262
11 1623 3354 1655 3382 0.92029
11 750 1434 783 1461 0.920293
11 2161 2377 2193 2404 0.920299
11 2324 172 2356 199 0.920307
11 722 2355 754 2382 0.920358
11 792 3522 824 3549 0.920367
11 898 1412 930 1439 0.920374
11 1949 126 1981 153 0.920384
11 1379 1682 1411 1709 0.920437
11 2097 2590 2129 2617 0.920443
11 2458 1411 2491 1438 0.920447
11 745 693 777 720 0.920478
11 2152 3568 2184 3595 0.920501
11 1079 3354 1111 3382 0.920503
11 808 682 840 709 0.920504
11 871 2602 903 2629 0.92053
11 1706 2602 1739 2629 0.920544
11 1495 1704 1527 1731 0.920549
11 956 1172 988 1199 0.92055
11 2136 480 2169 507 0.92055
11 606 2556 638 2584 0.92056
11 558 412 590 438 0.920579
11 311 1160 343 1187 0.92058
11 2452 2400 2484 2427 0.920582
11 1258 2613 1290 2640 0.920586
11 2170 1161 2202 1188 0.920587
11 1199 3648 1231 3675 0.920587
11 1497 2092 1529 2119 0.920591
11 1851 1172 1883 1199 0.920592
11 807 1670 839 1697 0.920603
11 808 458 840 485 0.920604
11 980 3069 1012 3097 0.920624
11 933 172 965 199 0.920627
11 1200 2625 1232 2652 0.920632
11 722 2579 754 2606 0.920638
11 2041 2377 2074 2404 0.920644
11 2272 3568 2304 3595 0.920646
11 2387 183 2419 210 0.920657
11 1552 1693 1585 1720 0.920663
11 2209 3081 2241 3108 0.920668
11 898 1682 930 1709 0.920668
11 1495 1138 1526 1165 0.92067
11 1587 2138 1619 2165 0.920678
11 1564 172 1596 199 0.920698
11 2343 1126 2376 1153 0.920701
11 2199 469 2232 496 0.920707
11 2512 206 2543 232 0.920724
11 2217 2579 2249 2606 0.920742
11 1080 3568 1111 3595 0.920745
11 1504 3354 1535 3381 0.920761
12 1079 3081 1113 3108 0.920768
11 2324 446 2356 473 0.920774
11 672 3104 704 3131 0.920812
11 2343 1388 2375 1415 0.920824
11 1853 503 1885 530 0.92083
11 1258 2092 1290 2119 0.920846
11 2449 3625 2481 3652 0.920868
11 2401 1400 2433 1427 0.920889
11 915 3579 947 3606 0.920892
11 1264 1636 1296 1663 0.920898
11 1558 3400 1590 3427 0.920915
11 493 3590 525 3617 0.920935
11 1315 3568 1347 3595 0.920946
11 462 2320 494 2348 0.920954
11 1014 1704 1046 1731 0.920965
11 2227 1149 2260 1176 0.920981
11 683 389 715 416 0.920989
11 1668 1400 1700 1427 0.921
11 792 3115 824 3142 0.92102
11 1322 1171 1354 1199 0.921025
11 1118 1172 1150 1199 0.921035
11 956 1693 988 1720 0.92107
11 2216 2412 2248 2439 0.921088
11 1313 503 1345 530 0.9211
11 2112 1171 2144 1199 0.921122
11 871 2377 903 2404 0.921129
11 606 2343 638 2370 0.921136
11 1925 2377 1958 2404 0.921137
11 1564 457 1596 484 0.92114
11 1377 2092 1409 2119 0.921153
11 1851 1670 1883 1697 0.921166
11 672 3556 704 3583 0.921168
11 545 1205 576 1232 0.921184
11 1258 3355 1290 3382 0.921199
11 956 1400 987 1427 0.9212
11 1084 2092 1115 2119 0.921212
11 1142 2092 1174 2119 0.921267
11 1726 1388 1758 1415 0.921281
11 1379 1411 1411 1438 0.921287
11 1610 1412 1642 1439 0.921311
11 1139 3355 1171 3382 0.921336
11 1173 1195 1205 1222 0.921343
11 602 1411 634 1438 0.921362
11 1964 1194 1996 1222 0.921372
11 683 217 715 245 0.921392
11 2272 3092 2304 3119 0.921402
11 2459 1149 2491 1176 0.921422
11 1432 2126 1465 2153 0.921432
11 1867 2590 1900 2617 0.921459
11 1906 1206 1938 1232 0.921505
11 1983 2388 2016 2416 0.921538
11 915 3092 947 3119 0.921542
11 2452 2590 2484 2617 0.921553
11 2262 457 2294 484 0.921588
11 550 3579 582 3606 0.92159
11 2396 2377 2428 2404 0.921605
11 2329 3614 2361 3640 0.921623
11 1680 3377 1712 3404 0.92163
11 1495 1435 1526 1461 0.921674
11 371 1172 403 1199 0.921687
11 430 3602 462 3629 0.921694
11 2074 491 2106 518 0.921703
11 664 2568 696 2595 0.921745
11 1770 2092 1803 2119 0.92177
11 620 400 652 427 0.921785
11 2516 2377 2548 2404 0.921786
11 1069 670 1101 697 0.921805
11 1910 3568 1941 3595 0.921814
11 2112 1400 2144 1427 0.921835
11 519 2332 551 2359 0.921856
11 1379 1160 1412 1187 0.921919
11 1200 2103 1232 2130 0.921975
11 1680 3568 1712 3595 0.921975
11 311 2682 343 2709 0.922171
11 1983 2671 2015 2698 0.922171
11 1610 1682 1642 1709 0.922206
11 2097 2400 2129 2427 0.922214
11 1706 2115 1738 2142 0.922226
11 310 3579 343 3606 0.922247
11 1651 2092 1683 2119 0.922253
11 2209 3601 2241 3628 0.922264
11 1375 491 1408 519 0.92232
11 1969 3579 2002 3606 0.922353
11 1853 715 1885 743 0.922359
11 1437 1149 1469 1176 0.922383
11 2029 3568 2061 3595 0.922416
11 1964 1400 1996 1427 0.922442
11 2199 160 2231 187 0.92247
11 2030 3377 2062 3404 0.922546
11 550 3092 582 3119 0.922557
11 544 1400 576 1427 0.922585
11 1745 3354 1778 3382 0.92261
11 1610 1206 1642 1233 0.922629
12 1867 2103 1901 2130 0.922666
11 1438 3389 1470 3416 0.922774
11 1118 1716 1150 1743 0.922808
11 487 1388 519 1415 0.922897
11 1438 160 1470 187 0.922939
11 2395 3568 2427 3595 0.9231
11 486 1194 519 1222 0.923124
11 311 1670 343 1697 0.923307
11 2515 3568 2546 3595 0.923311
11 1250 514 1283 541 0.923717
12 311 2138 344 2165 0.924067
1 145 1172 213 1255 0.943819
1 145 1635 214 1719 0.946154
1 144 205 214 288 0.946698
1 145 670 214 751 0.948243
1 145 2602 213 2683 0.949659
1 146 3567 213 3648 0.950313
1 145 3103 213 3184 0.950805
10 150 1365 214 1544 0.959117
10 150 400 214 578 0.960294
10 150 3298 214 3474 0.961692
10 149 2331 213 2509 0.962336
