13 1270 3276 1314 3304 0.817243
12 1523 1916 1557 1942 0.848041
13 1333 612 1377 639 0.859995
13 657 3288 699 3313 0.860724
13 889 1916 931 1942 0.863731
13 336 3290 377 3315 0.865621
13 337 3265 378 3291 0.867551
13 946 556 988 583 0.867784
13 1334 567 1377 592 0.867986
13 1334 590 1374 614 0.869814
13 1270 3253 1313 3279 0.870388
13 2243 1927 2285 1953 0.871823
13 2174 579 2216 605 0.873434
13 1832 3286 1873 3313 0.873554
13 889 1939 930 1964 0.873844
13 336 579 378 605 0.875222
13 1271 3299 1314 3326 0.875748
13 659 3263 699 3289 0.875935
13 334 1929 378 1955 0.877566
13 1750 1927 1792 1953 0.878103
13 2073 3285 2115 3313 0.878153
12 1375 1916 1407 1941 0.878251
13 2360 3287 2402 3314 0.88047
12 1689 590 1724 617 0.881649
13 1750 1950 1793 1977 0.881904
13 1750 1904 1793 1931 0.88204
12 1374 1939 1408 1965 0.882745
13 336 602 378 629 0.884336
13 945 579 987 604 0.884603
13 337 1905 378 1932 0.885604
13 945 601 988 627 0.886477
12 1523 1939 1557 1966 0.887577
13 337 555 379 582 0.887905
13 1557 3252 1601 3280 0.89064
12 1967 567 1999 592 0.890932
11 2174 794 2206 821 0.892299
12 1690 612 1725 639 0.892305
13 1557 3300 1601 3327 0.892703
13 1830 3252 1873 3279 0.892936
13 2175 556 2217 582 0.893516
11 621 794 653 821 0.893652
13 336 1951 378 1978 0.894699
13 1831 3311 1872 3338 0.895071
12 1523 1893 1556 1920 0.895178
13 2071 3252 2114 3279 0.896044
13 2244 1904 2286 1931 0.896711
13 336 3311 378 3338 0.896784
12 1690 566 1724 593 0.897144
13 888 1963 930 1989 0.897448
12 1373 1961 1408 1989 0.898144
13 2360 3310 2402 3338 0.898332
13 2071 3310 2115 3338 0.898786
13 2360 3253 2403 3280 0.900615
12 1965 543 2000 570 0.902975
13 1558 3493 1601 3520 0.903512
13 1271 3493 1314 3520 0.90431
13 657 3310 699 3337 0.904734
13 2174 602 2217 628 0.905357
11 335 794 368 822 0.907563
12 1936 3527 1971 3554 0.908491
0 99 1806 123 2169 0.909213
11 1128 2155 1161 2182 0.909707
12 1831 3527 1865 3554 0.910223
21 2315 1531 2340 1607 0.910897
9 1718 213 1745 284 0.91149
12 2176 3527 2211 3554 0.912277
0 99 3163 122 3519 0.91316
0 99 461 122 817 0.913193
11 2252 794 2284 821 0.913214
12 2071 3526 2105 3553 0.913266
13 2242 1951 2285 1978 0.914557
21 1663 2882 1688 2955 0.915556
12 2465 3527 2500 3554 0.915821
11 1026 794 1058 821 0.915888
11 336 1584 368 1611 0.91603
11 413 794 445 821 0.916054
11 2367 794 2399 822 0.9163
21 2174 183 2199 257 0.916307
12 1966 590 2000 617 0.916312
11 802 794 834 821 0.916401
21 1333 183 1358 256 0.916481
11 1920 269 1952 296 0.91666
11 944 794 977 822 0.916968
12 336 2945 370 2972 0.91719
11 2485 795 2517 822 0.91734
12 2359 3527 2393 3554 0.917546
12 1422 2921 1455 2948 0.917662
11 874 3504 906 3531 0.917803
11 887 2155 919 2182 0.918141
11 408 3504 440 3531 0.918232
11 1411 269 1443 296 0.918265
21 335 183 360 257 0.918321
11 1094 3504 1126 3531 0.918582
11 1192 794 1224 821 0.918744
11 1110 794 1142 822 0.918771
11 336 3504 368 3531 0.918921
11 481 3504 513 3531 0.919027
11 438 2143 470 2170 0.919033
11 1729 3002 1760 3029 0.919155
11 1445 2155 1477 2182 0.919165
11 1000 2955 1032 2982 0.919205
11 336 2143 368 2170 0.919215
11 1690 281 1722 308 0.919275
11 1792 269 1824 296 0.919403
11 1128 1618 1161 1646 0.919449
11 747 2955 778 2982 0.919542
11 887 1653 919 1680 0.919558
11 1595 1653 1627 1680 0.919583
11 728 1618 760 1645 0.919595
11 1270 1607 1302 1634 0.91971
11 2485 269 2517 297 0.919722
11 1166 2955 1198 2982 0.919846
11 1966 783 1997 810 0.919852
11 2384 2143 2416 2171 0.919896
11 1535 269 1568 296 0.919951
11 1349 2922 1381 2949 0.919992
11 1270 2945 1302 2972 0.920054
11 1192 269 1224 296 0.920143
11 1991 1618 2024 1645 0.920148
11 657 2944 689 2971 0.920179
11 1094 2945 1126 2972 0.920211
11 1494 806 1526 833 0.920213
11 1373 1607 1406 1634 0.920238
11 657 3504 689 3531 0.920241
11 2483 2143 2516 2171 0.920261
11 2243 1653 2275 1680 0.920317
11 2383 1652 2416 1680 0.920327
11 1166 3504 1198 3531 0.920371
11 539 247 571 274 0.920381
11 1690 806 1722 833 0.920456
11 566 1607 598 1634 0.920503
11 2243 2143 2275 2170 0.920617
11 566 2143 598 2170 0.920618
11 1016 1630 1048 1657 0.92063
11 1333 806 1365 833 0.920712
11 2367 246 2399 274 0.920752
11 1110 258 1143 286 0.9208
11 874 2944 906 2971 0.920819
11 2058 258 2090 285 0.920853
11 803 269 835 296 0.920857
11 2483 1653 2515 1680 0.920936
11 857 269 889 296 0.920992
11 1016 2155 1048 2182 0.921041
11 2255 2921 2287 2948 0.92109
11 1750 2143 1782 2171 0.921097
11 1750 1653 1782 1680 0.921119
11 1856 806 1888 833 0.92113
11 1878 1630 1911 1657 0.921157
11 2315 2143 2347 2170 0.921159
11 1991 2143 2024 2170 0.921174
11 553 3504 585 3532 0.921178
11 1373 2155 1405 2182 0.921179
11 1270 2155 1302 2182 0.921189
11 1523 2132 1555 2159 0.921209
11 2140 1653 2172 1680 0.921335
11 621 247 653 274 0.921336
11 2252 246 2284 274 0.921357
11 1411 806 1443 833 0.921463
11 728 2143 760 2171 0.921558
12 480 2945 514 2971 0.921613
11 1575 806 1607 833 0.921637
11 2140 2143 2173 2171 0.921655
11 1026 246 1058 274 0.921702
11 2059 783 2091 810 0.92171
11 439 1596 470 1623 0.921926
11 413 246 446 274 0.921961
11 1879 2143 1911 2171 0.921991
11 721 246 753 274 0.922031
11 2176 2944 2209 2971 0.922361
11 945 235 977 262 0.922435
12 2360 2910 2394 2938 0.922516
11 1595 2132 1627 2159 0.922521
12 2466 2910 2500 2937 0.923058
12 1446 1596 1479 1623 0.9254
12 1557 2921 1591 2948 0.926612
1 146 3413 214 3495 0.946417
1 145 714 214 797 0.949153
1 145 2064 213 2144 0.950278
10 150 2830 214 3008 0.959514
10 150 1768 214 1945 0.959668
10 149 3116 214 3293 0.960725
10 150 132 214 310 0.961143
10 149 1480 214 1660 0.961437
10 149 417 214 596 0.962319
