8 2154 1287 2179 1356 0.870657
8 877 1578 903 1650 0.882321
9 1817 773 1842 841 0.884939
13 1153 794 1196 821 0.887283
13 2212 2212 2253 2239 0.890065
8 906 3253 930 3324 0.890126
8 1253 235 1278 305 0.892321
8 1679 1287 1704 1357 0.89245
9 2292 772 2319 842 0.893217
8 409 3251 433 3322 0.896973
11 2264 839 2296 866 0.89762
11 709 211 741 238 0.897998
9 2147 2170 2174 2239 0.8982
13 1153 987 1196 1014 0.898911
8 2344 3482 2369 3552 0.899449
8 489 1569 515 1641 0.900148
8 1020 3482 1045 3552 0.90153
9 1047 2737 1074 2808 0.902461
8 2518 245 2543 317 0.902703
8 1501 3515 1525 3586 0.903498
13 2212 3001 2254 3028 0.904041
9 549 2739 576 2809 0.904232
15 1622 1288 1654 1335 0.905032
8 1908 3483 1932 3550 0.90617
21 1623 742 1647 816 0.906179
8 523 3480 548 3551 0.906489
8 1284 2234 1309 2305 0.907247
11 2400 2784 2432 2811 0.907391
13 1367 2189 1411 2217 0.90799
15 847 3256 878 3302 0.908024
13 1624 177 1667 204 0.908039
15 464 2731 495 2778 0.90842
15 2099 1288 2130 1334 0.909083
8 1790 1513 1815 1586 0.909394
21 845 2711 870 2782 0.909864
21 2098 742 2123 816 0.910073
15 348 3255 380 3302 0.911085
21 2460 1267 2485 1341 0.911825
11 1019 3457 1051 3484 0.912229
15 2210 764 2240 810 0.91259
12 846 3080 881 3108 0.912767
13 350 1000 392 1026 0.913103
11 1557 2783 1589 2811 0.913286
13 348 2167 393 2194 0.913437
12 1994 3035 2027 3062 0.91374
11 2342 3457 2375 3484 0.913829
15 1734 764 1764 810 0.913862
12 1368 3047 1403 3073 0.914335
15 961 2730 992 2778 0.914682
11 406 3229 438 3256 0.914915
11 543 1512 575 1539 0.914942
15 1282 2731 1313 2777 0.915028
11 1252 211 1283 238 0.915083
11 1906 3457 1938 3484 0.915265
12 2211 3263 2246 3290 0.915605
12 349 3081 383 3107 0.915739
12 2099 1113 2134 1141 0.915953
11 1788 839 1820 866 0.915989
11 585 3457 617 3484 0.916136
11 903 3229 936 3256 0.916234
11 876 1558 909 1585 0.916618
21 1961 1267 1986 1340 0.916645
11 521 3457 554 3484 0.916968
11 1252 1512 1284 1539 0.91714
11 584 3023 617 3051 0.917185
15 760 2730 790 2777 0.917227
11 626 1512 658 1539 0.917296
11 1906 3229 1938 3256 0.917466
11 1678 1261 1710 1289 0.917545
15 2017 763 2048 810 0.917585
11 2153 1261 2185 1288 0.917617
12 465 3217 499 3244 0.917662
8 2266 1513 2290 1584 0.917706
11 643 2783 675 2810 0.917791
21 1221 3236 1247 3307 0.917965
8 1253 1537 1278 1608 0.918182
11 1164 2783 1196 2811 0.918292
11 876 211 908 238 0.91851
11 2349 1489 2381 1516 0.918541
21 347 2709 374 2784 0.918647
11 487 1547 520 1575 0.918686
11 1044 245 1076 272 0.918721
11 1788 1490 1820 1516 0.91879
11 626 839 658 866 0.918924
11 349 828 381 855 0.918977
15 2516 763 2547 809 0.919024
11 1106 3023 1138 3051 0.919031
11 1363 211 1396 238 0.919151
11 1993 3457 2026 3485 0.919266
11 1585 2773 1616 2799 0.919268
11 2099 177 2131 204 0.919274
11 2349 1056 2381 1083 0.919328
11 1153 211 1185 238 0.919333
11 702 3035 734 3062 0.919369
11 1993 3252 2026 3279 0.919522
11 1498 3491 1531 3519 0.919566
11 2485 3503 2517 3530 0.919569
11 2076 3537 2108 3564 0.919594
11 1644 3491 1676 3518 0.919637
11 2460 1570 2493 1597 0.919726
11 2400 3457 2432 3484 0.91977
11 1106 2795 1138 2822 0.91979
12 1557 3024 1591 3050 0.919836
11 1019 2807 1050 2834 0.919862
11 626 1330 658 1357 0.919918
12 1760 3023 1794 3050 0.919942
11 349 1547 381 1574 0.919959
11 701 3537 733 3564 0.919988
11 521 2807 553 2834 0.919989
12 349 1285 383 1311 0.920028
11 918 222 950 249 0.920051
11 1044 805 1075 832 0.920102
11 1044 999 1075 1026 0.920113
11 1906 2213 1938 2240 0.920161
11 1438 1547 1470 1574 0.920168
11 432 839 464 866 0.92022
11 2118 2235 2151 2262 0.920301
11 777 199 809 226 0.920305
11 2349 211 2381 238 0.920311
11 1044 1295 1075 1322 0.920322
11 1961 1067 1993 1094 0.920354
11 961 1558 993 1585 0.920404
11 2264 188 2296 215 0.920438
11 1494 211 1526 238 0.920456
11 349 3537 381 3564 0.92048
11 1455 3229 1488 3256 0.920492
11 1438 1261 1470 1288 0.920493
11 1438 222 1471 249 0.920496
11 543 188 575 215 0.920534
11 1019 2179 1050 2206 0.920661
11 2516 222 2548 250 0.920667
11 1308 199 1340 227 0.920698
11 1760 3217 1792 3244 0.920765
11 1961 1570 1993 1597 0.920793
11 2461 1068 2493 1095 0.920819
11 543 828 575 855 0.920851
11 1961 805 1993 832 0.920855
11 1062 2190 1094 2217 0.920857
11 2211 2807 2243 2834 0.92087
11 1623 1570 1656 1597 0.920872
11 1307 1524 1340 1551 0.920914
11 2076 3263 2108 3290 0.920923
11 1153 1524 1185 1551 0.921025
11 1106 3457 1138 3484 0.921034
11 1760 2190 1792 2217 0.921083
12 778 1296 812 1323 0.921106
11 585 2795 617 2822 0.921135
11 2264 1489 2296 1516 0.921168
11 2485 2772 2517 2799 0.921175
11 1645 3240 1676 3267 0.921193
11 1252 1261 1284 1288 0.921193
11 1368 2772 1400 2799 0.921217
11 777 1558 809 1585 0.921284
11 2211 3502 2243 3530 0.921289
11 1557 3252 1589 3278 0.921291
11 1043 1558 1076 1585 0.921314
11 1994 2224 2026 2251 0.921339
11 2405 816 2437 843 0.921351
11 1848 2201 1880 2228 0.921356
11 1849 828 1882 855 0.921378
11 488 828 520 855 0.921429
11 2099 1570 2131 1597 0.921491
11 667 199 699 226 0.921529
11 1557 3491 1589 3518 0.921534
11 2349 828 2381 855 0.921556
11 2306 199 2339 226 0.921574
11 1645 2772 1677 2799 0.921606
11 1368 3491 1400 3518 0.921636
11 1222 3035 1254 3062 0.921644
11 1950 3240 1982 3267 0.921662
11 1222 3537 1254 3564 0.921872
11 702 2772 733 2799 0.921879
11 1849 1056 1881 1083 0.921884
11 1106 2201 1138 2228 0.92194
11 1494 1558 1526 1585 0.921964
11 1368 3240 1400 3267 0.921967
11 1905 817 1937 844 0.922022
11 846 3537 878 3565 0.922034
12 778 999 812 1026 0.922106
11 1281 2212 1313 2239 0.922164
11 1364 1536 1396 1562 0.922219
11 846 2167 878 2194 0.922225
11 1760 3537 1792 3564 0.922251
11 1222 2772 1255 2799 0.92249
11 1153 1261 1185 1288 0.922527
21 702 3234 726 3307 0.922581
12 1624 1113 1658 1140 0.92259
11 2486 3240 2518 3267 0.922597
11 960 234 993 261 0.922696
11 1456 2761 1488 2787 0.922797
11 1849 1490 1881 1516 0.922799
11 2299 2795 2331 2822 0.923001
11 2461 805 2493 832 0.923656
12 1993 2761 2027 2787 0.924264
12 962 3217 996 3244 0.924822
12 777 828 812 855 0.925341
12 349 188 383 215 0.925726
12 1734 1250 1768 1277 0.926428
12 2210 1250 2244 1277 0.927922
12 1759 2749 1793 2776 0.929186
1 144 1262 213 1344 0.944488
1 144 211 213 293 0.947719
1 144 3491 214 3573 0.950353
1 145 1524 214 1606 0.950604
1 145 3229 213 3310 0.951141
10 150 2396 214 2573 0.959443
10 150 691 214 868 0.95963
10 151 429 214 605 0.960238
10 150 2659 213 2836 0.961357
