11 2234 3515 2266 3542 0.838939
11 1757 1572 1789 1599 0.855801
8 1447 235 1472 305 0.892175
13 774 165 815 192 0.893282
13 1524 176 1566 203 0.894513
11 2056 211 2088 238 0.895852
8 2353 3537 2378 3609 0.896725
8 1257 1550 1281 1619 0.896772
8 1975 1551 1999 1620 0.898793
13 773 979 815 1006 0.899636
8 1633 1553 1657 1621 0.900087
11 2234 3275 2266 3302 0.902518
13 1865 1287 1908 1314 0.902826
13 1865 1036 1909 1063 0.90396
11 2489 3515 2521 3542 0.904611
13 2260 1299 2304 1326 0.904878
8 1174 3483 1199 3552 0.905419
13 2260 1025 2302 1051 0.905938
13 1523 990 1566 1018 0.90613
11 2055 1526 2088 1553 0.90631
8 882 1537 907 1609 0.906959
8 838 3483 863 3553 0.907017
12 1454 2979 1488 3005 0.907061
11 1336 1527 1369 1554 0.907321
8 2167 244 2191 314 0.907353
8 464 3528 489 3599 0.907704
8 2370 1561 2394 1632 0.907787
13 1150 1024 1193 1051 0.907959
12 737 2145 771 2173 0.908068
9 2010 3482 2037 3553 0.908201
13 349 2146 393 2173 0.910006
21 963 2186 989 2259 0.911818
11 1255 1527 1287 1554 0.912103
12 2319 3275 2353 3302 0.912375
11 1446 211 1478 238 0.913035
8 1570 3481 1595 3551 0.913141
12 1454 2168 1487 2195 0.914236
12 1454 3218 1489 3245 0.914671
11 644 838 676 866 0.914769
8 446 1516 471 1586 0.91512
11 2351 3515 2383 3542 0.915449
11 1973 1526 2005 1554 0.915922
12 1934 2774 1967 2800 0.916195
11 2234 3035 2266 3062 0.916346
11 1149 165 1181 192 0.916625
11 1228 3458 1260 3485 0.916627
11 2125 2739 2157 2766 0.916722
11 444 1492 476 1519 0.916819
11 2125 2215 2157 2242 0.91715
11 2125 3264 2157 3291 0.917192
12 2260 211 2294 238 0.917842
11 2406 3515 2438 3542 0.917925
11 1631 1526 1663 1554 0.918028
11 2489 2784 2521 2812 0.918126
11 1568 3458 1601 3485 0.918211
12 431 2785 465 2812 0.918401
11 698 990 730 1017 0.918429
11 1624 3458 1656 3485 0.918455
11 1173 3458 1205 3485 0.918484
11 2260 827 2292 854 0.918489
12 2319 2180 2353 2207 0.918798
11 2492 827 2524 854 0.918837
11 526 244 558 272 0.918852
11 1004 1572 1036 1599 0.918935
12 1601 804 1634 831 0.919035
11 892 3457 925 3485 0.919074
11 644 1276 676 1303 0.919103
11 526 1492 558 1519 0.919129
11 1173 2751 1205 2777 0.919149
11 2234 2784 2267 2812 0.91919
11 1004 804 1036 831 0.919224
11 1523 815 1555 842 0.919378
11 349 2967 381 2994 0.919394
11 2126 1583 2158 1611 0.919416
12 1684 1298 1719 1326 0.919418
11 462 3503 495 3530 0.919457
11 1835 3217 1867 3244 0.919475
11 1004 1276 1036 1303 0.919531
11 837 3457 869 3485 0.919573
11 1300 3252 1332 3279 0.9196
11 1058 1287 1090 1314 0.919673
11 2125 3024 2157 3051 0.919703
11 1835 2168 1867 2195 0.919751
11 1835 2978 1867 3005 0.919753
11 1149 1583 1182 1611 0.919803
12 350 3299 383 3325 0.919822
11 1684 1527 1717 1554 0.919831
11 1982 3549 2014 3576 0.919832
11 1966 2157 1998 2184 0.919861
11 1973 188 2005 215 0.919926
12 431 2956 465 2982 0.919972
11 1407 804 1439 831 0.920031
11 880 1515 912 1542 0.920094
11 1523 1572 1555 1599 0.920101
11 526 827 558 854 0.920129
11 1255 176 1287 203 0.920143
11 933 1515 966 1542 0.920147
11 349 3572 381 3599 0.920152
11 485 815 517 842 0.920162
12 850 792 884 819 0.920251
11 1454 2750 1486 2778 0.920254
11 585 222 617 249 0.920257
11 837 2955 869 2982 0.920291
11 1407 1583 1440 1611 0.920326
11 1300 2762 1332 2789 0.920351
11 1149 781 1182 808 0.920397
12 1523 1344 1557 1371 0.920399
11 2126 816 2158 843 0.920399
11 1300 2955 1332 2982 0.920401
11 1149 1298 1181 1325 0.920468
11 1866 792 1897 819 0.9205
11 2043 2203 2075 2230 0.920502
11 1755 3229 1788 3256 0.920511
11 592 2785 624 2812 0.920584
11 349 792 381 819 0.920593
11 1073 2738 1105 2765 0.920599
11 2368 1538 2400 1565 0.920605
11 1966 3207 1998 3234 0.920625
11 1300 3538 1332 3565 0.920661
11 1901 2180 1933 2206 0.920692
11 518 3503 551 3531 0.920759
11 444 804 476 830 0.920791
11 772 1275 804 1302 0.92082
11 644 1001 676 1029 0.920844
11 1300 2192 1332 2219 0.920845
11 1865 176 1897 203 0.920985
12 1224 1344 1259 1371 0.921002
11 1966 2967 1998 2994 0.921032
11 1757 815 1788 842 0.921045
11 964 3252 996 3279 0.921066
11 1336 199 1369 227 0.921076
11 1407 1321 1439 1348 0.921088
11 837 3241 869 3268 0.921089
11 1755 2990 1788 3017 0.92109
11 698 176 729 203 0.921138
11 837 2751 869 2777 0.921163
12 349 1036 383 1063 0.921173
11 2422 1537 2453 1565 0.921185
11 1700 3503 1732 3531 0.921187
11 592 3310 624 3337 0.921217
11 2125 3549 2157 3576 0.921239
11 349 2796 381 2823 0.921254
11 2014 199 2047 226 0.921293
11 2491 188 2524 215 0.921322
11 964 2762 996 2789 0.921384
11 2492 1595 2524 1622 0.921391
11 1901 2990 1933 3017 0.921465
11 1834 3549 1867 3576 0.92147
11 772 1560 805 1587 0.921474
11 1454 3503 1486 3531 0.921548
11 647 2796 679 2823 0.921573
11 772 804 804 831 0.921611
11 1355 2180 1387 2206 0.921613
11 1173 3241 1205 3268 0.921673
12 1537 2751 1570 2778 0.921692
11 1756 2179 1788 2207 0.921717
11 1072 3229 1105 3257 0.921775
11 1700 2191 1732 2219 0.921786
11 1901 3229 1933 3257 0.921846
11 2043 3013 2075 3040 0.921867
11 349 1549 381 1576 0.921882
11 2043 3549 2076 3576 0.921905
11 1173 2955 1205 2982 0.921916
11 2164 222 2196 249 0.921966
11 2260 1595 2292 1622 0.922047
11 964 2955 996 2982 0.922096
11 2234 2226 2267 2253 0.922173
12 2319 2785 2353 2812 0.922178
11 1834 2773 1867 2801 0.922188
11 1072 3538 1104 3565 0.922193
11 964 3538 996 3565 0.922199
11 1700 3241 1732 3268 0.9222
11 2043 3252 2076 3280 0.922352
11 1700 3001 1732 3028 0.922446
11 644 1549 676 1576 0.922469
11 592 3571 624 3599 0.922526
11 736 3252 769 3280 0.922574
11 737 3538 768 3565 0.922636
12 2320 2991 2353 3017 0.922763
11 644 188 676 215 0.922768
11 1295 188 1328 216 0.922808
11 1865 1583 1898 1611 0.922949
11 1072 2956 1104 2982 0.922999
11 1700 2751 1732 2777 0.923029
12 1224 792 1259 819 0.923244
11 737 2762 769 2789 0.92346
12 349 245 383 272 0.92347
12 350 1264 383 1291 0.924056
12 1943 804 1977 830 0.924058
11 737 2955 769 2982 0.924296
12 2339 815 2372 842 0.924337
12 850 1264 884 1291 0.926881
1 145 1264 213 1346 0.948706
1 145 1526 213 1607 0.949919
1 145 3491 214 3573 0.950393
1 145 3230 213 3310 0.951875
10 150 690 214 867 0.958559
10 150 2397 214 2574 0.959692
10 149 2659 213 2837 0.961232
10 150 428 214 604 0.961344
