21 2298 1430 2324 1501 0.830443
21 2479 1429 2504 1501 0.881843
13 361 1003 404 1030 0.898482
21 2091 1429 2116 1501 0.902452
13 360 731 404 757 0.903516
11 1742 1004 1774 1031 0.903741
21 1881 1429 1907 1502 0.906032
11 1413 2844 1445 2871 0.907207
21 1597 1669 1622 1741 0.907552
12 1004 765 1038 791 0.907852
13 2213 731 2255 757 0.908091
11 1803 435 1835 462 0.908111
21 1091 1429 1116 1501 0.908514
21 628 1430 652 1501 0.910571
21 884 1430 909 1501 0.910888
21 1476 3099 1501 3171 0.911901
11 1742 1480 1774 1507 0.912553
21 1213 3100 1237 3171 0.913164
21 1352 1668 1377 1742 0.913728
21 1352 1428 1377 1502 0.913775
21 1597 1429 1622 1503 0.914302
21 448 1430 473 1501 0.914508
21 745 3100 770 3171 0.914703
21 1004 2623 1029 2694 0.915256
21 1004 3100 1029 3172 0.915396
12 1004 1038 1038 1065 0.91549
12 1004 2844 1038 2871 0.915578
21 1741 3100 1766 3172 0.915707
21 541 3099 565 3172 0.916221
11 448 2843 480 2870 0.91646
11 1213 1004 1245 1031 0.916633
21 2392 3100 2417 3172 0.916898
11 805 435 837 462 0.917066
11 2393 1481 2425 1508 0.917792
11 628 2843 660 2871 0.917966
11 1273 435 1305 462 0.918151
11 2212 1480 2244 1507 0.918294
11 1537 435 1569 462 0.918295
11 2002 1480 2034 1507 0.918399
11 360 1480 392 1508 0.918681
21 2002 3099 2027 3172 0.918709
11 745 1481 777 1507 0.918843
11 1477 424 1509 451 0.918922
21 2212 3100 2237 3172 0.918923
11 541 1650 573 1677 0.919098
12 2002 765 2036 791 0.919117
11 541 1480 573 1507 0.919233
11 1477 1481 1509 1508 0.919268
11 2479 3185 2511 3212 0.919288
11 2212 1651 2244 1678 0.919292
11 945 2843 977 2870 0.91934
11 1004 1480 1036 1507 0.919385
11 360 1651 392 1677 0.919543
11 1658 2843 1690 2871 0.919564
11 2393 1651 2425 1678 0.919647
11 1598 446 1630 473 0.919663
11 745 424 777 451 0.919685
11 1213 1480 1245 1507 0.919688
11 541 2810 573 2837 0.919699
11 448 2674 480 2701 0.919737
11 2299 3185 2331 3212 0.919757
11 1882 2832 1914 2859 0.919758
11 1942 2844 1974 2871 0.919789
11 805 2821 837 2848 0.919905
11 885 2832 917 2859 0.919913
11 745 1004 777 1031 0.919927
11 1742 424 1774 451 0.919945
11 2479 1981 2511 2008 0.920042
11 360 2674 392 2701 0.920042
11 745 2809 777 2836 0.920092
11 1477 1003 1509 1031 0.920116
11 2002 2674 2034 2701 0.920127
11 1882 446 1914 473 0.920146
11 1882 1026 1914 1053 0.920195
11 1882 2674 1914 2701 0.920201
11 2393 923 2424 950 0.920303
11 1537 2820 1569 2847 0.920419
11 2091 2674 2123 2701 0.920463
12 2002 2843 2036 2870 0.920465
12 2002 1038 2036 1064 0.92049
11 2479 1708 2511 1735 0.920517
11 745 2674 777 2701 0.920523
11 1213 2674 1245 2701 0.920531
11 1353 2832 1385 2859 0.920539
11 448 3162 480 3189 0.920577
11 745 731 777 757 0.920598
11 2393 1924 2425 1951 0.920641
11 1353 2674 1385 2701 0.920644
11 1882 3162 1914 3189 0.920655
11 628 3162 660 3189 0.920674
11 1353 1026 1384 1053 0.920704
11 1091 3162 1123 3189 0.920741
11 1882 1685 1914 1712 0.920785
11 1598 3162 1630 3189 0.920834
11 2299 1708 2331 1735 0.920865
11 361 424 392 451 0.920883
11 360 2810 392 2837 0.920886
11 805 742 837 769 0.92089
11 1352 3162 1385 3189 0.9209
11 2212 923 2244 950 0.920937
11 1091 2674 1123 2701 0.920943
11 1803 2821 1835 2847 0.920963
11 448 458 479 485 0.921017
11 1942 1685 1974 1712 0.921023
11 542 424 574 451 0.921074
11 805 1685 837 1712 0.921088
11 628 458 659 485 0.921089
11 1742 2674 1774 2701 0.921114
11 2091 3162 2123 3189 0.92121
11 945 742 977 769 0.921212
11 745 1685 777 1712 0.921216
11 2212 2731 2244 2758 0.921244
11 2479 981 2511 1008 0.921257
11 448 1685 480 1712 0.921278
11 1537 1685 1569 1712 0.92128
11 2212 1924 2244 1950 0.921289
11 1598 981 1629 1008 0.921291
11 1353 753 1384 780 0.921297
11 628 1686 659 1712 0.921365
11 885 2674 917 2701 0.921383
11 1803 742 1835 769 0.9214
11 1658 742 1689 769 0.92142
11 1942 742 1974 769 0.921442
11 1213 2810 1245 2837 0.92147
11 1657 458 1690 485 0.921496
11 1942 458 1974 485 0.921498
11 1803 1685 1835 1712 0.921538
11 1537 742 1569 769 0.921615
11 1742 1685 1774 1712 0.921634
11 1213 424 1245 451 0.921645
11 2299 1981 2331 2008 0.921674
12 541 2674 575 2701 0.921829
11 1352 446 1384 473 0.921879
11 1598 2832 1630 2859 0.9219
11 1273 2821 1305 2848 0.921926
11 2299 981 2331 1008 0.922015
11 1477 1685 1509 1712 0.922091
11 885 446 917 473 0.922125
11 1477 2809 1509 2836 0.922183
11 1413 742 1444 769 0.922228
11 1742 2810 1774 2836 0.922315
11 885 1026 916 1053 0.922525
21 359 3099 384 3172 0.922548
11 1413 458 1445 485 0.922644
11 1742 731 1774 758 0.922675
11 1273 742 1305 769 0.922716
11 1882 753 1914 780 0.922717
11 1538 992 1569 1019 0.922746
11 885 3162 917 3189 0.922762
11 945 1685 977 1712 0.922781
11 1213 730 1245 757 0.922849
11 885 753 917 780 0.922894
11 945 458 977 484 0.922933
11 1273 1685 1305 1712 0.923196
11 2299 2731 2331 2758 0.923486
11 1598 753 1630 780 0.92357
11 1477 730 1508 757 0.923685
11 885 1685 917 1712 0.923809
11 1213 1685 1245 1712 0.924161
12 2393 2731 2427 2757 0.924427
12 1004 1685 1038 1712 0.925632
12 2002 458 2036 485 0.925828
12 1477 2674 1511 2701 0.925979
12 2002 1686 2036 1713 0.926915
12 1004 457 1038 484 0.929132
1 145 2140 213 2220 0.947497
1 145 2379 213 2458 0.948952
1 145 2617 213 2697 0.949309
10 150 1378 214 1556 0.958767
10 149 1616 214 1794 0.958953
10 150 901 214 1078 0.959305
10 150 1140 214 1317 0.959387
10 149 662 214 840 0.959709
10 149 423 214 601 0.959846
10 149 1854 214 2033 0.960061
10 149 185 214 362 0.960239
10 149 3286 214 3465 0.9606
10 149 3047 213 3226 0.961426
10 149 2808 213 2986 0.961995
