11 3039 1476 3061 1495 0.81551
11 497 1554 527 1579 0.843762
11 2081 1474 2111 1500 0.858958
11 2718 974 2751 1001 0.859212
11 3067 1466 3089 1484 0.85979
11 2720 952 2750 977 0.861724
11 1693 974 1725 1001 0.862733
11 1695 951 1726 978 0.863464
11 2371 1476 2394 1496 0.863795
12 1317 1451 1349 1476 0.865806
12 2140 1473 2171 1498 0.866705
11 3286 1484 3316 1511 0.867403
12 2140 1532 2172 1557 0.868704
12 2138 1428 2171 1455 0.869944
11 2424 1465 2447 1484 0.872778
11 726 952 757 978 0.873404
11 603 1472 634 1499 0.875222
11 382 1575 414 1602 0.875308
11 3148 582 3178 608 0.875429
11 2233 974 2266 1001 0.878069
11 3286 1416 3318 1442 0.87872
11 1208 974 1241 1001 0.878858
11 3203 974 3235 1001 0.879002
11 531 1496 563 1523 0.879609
11 425 1576 457 1602 0.880734
12 3374 1485 3407 1511 0.881167
11 3167 1496 3196 1521 0.881414
11 1175 582 1206 608 0.881567
11 724 974 756 1001 0.882173
11 420 570 451 597 0.882307
11 3029 583 3059 609 0.882339
21 3449 1365 3473 1438 0.883364
12 1918 1428 1951 1454 0.883686
11 2680 1484 2711 1511 0.884125
12 1716 1484 1749 1510 0.884771
11 2274 570 2305 596 0.885237
11 3204 951 3236 977 0.886084
12 3374 1427 3406 1453 0.886253
12 2807 1450 2840 1476 0.886621
12 3375 1531 3406 1556 0.886674
11 2235 951 2266 978 0.887548
12 2138 1371 2170 1396 0.887828
12 2732 1484 2766 1511 0.888033
12 3248 1484 3281 1510 0.888218
11 541 570 571 596 0.888467
12 2215 1451 2247 1476 0.888468
11 2679 1427 2711 1454 0.889077
11 382 1598 414 1625 0.889077
12 2732 1427 2765 1454 0.889246
11 1452 951 1483 977 0.889283
11 1991 951 2023 979 0.88948
11 2477 951 2508 977 0.889859
11 2476 974 2508 1001 0.889986
11 966 974 999 1001 0.890392
11 482 974 514 1001 0.890397
11 1210 951 1241 978 0.890404
11 1990 974 2023 1002 0.890549
11 1651 559 1683 586 0.890552
12 2044 1451 2076 1476 0.890561
11 1541 1462 1572 1487 0.890756
11 1451 974 1483 1001 0.890854
11 2405 570 2436 596 0.890953
11 1918 570 1948 597 0.891079
11 2037 570 2068 596 0.891776
11 909 571 939 595 0.891965
11 1234 650 1266 677 0.892121
12 2733 1531 2766 1556 0.892153
12 2607 1484 2641 1510 0.892184
12 3450 1473 3484 1500 0.892411
11 2962 951 2992 977 0.892745
11 1832 1462 1862 1488 0.892986
11 967 951 998 978 0.893036
12 1593 1450 1624 1476 0.893174
11 480 650 512 677 0.893268
11 936 1358 968 1385 0.894076
11 482 951 514 979 0.89419
11 617 1439 647 1465 0.894263
11 2287 1462 2317 1488 0.894415
12 1467 1428 1501 1455 0.894457
11 2960 974 2993 1002 0.894553
11 3147 559 3178 586 0.89487
11 2156 570 2187 596 0.894952
12 1716 1530 1749 1556 0.895189
11 2336 1462 2367 1488 0.895287
11 420 593 451 620 0.895356
11 778 571 808 596 0.895418
11 1532 583 1563 610 0.89544
11 1174 560 1206 587 0.895482
11 777 593 809 621 0.896005
11 1663 1484 1695 1511 0.896205
12 1716 1427 1749 1453 0.896453
11 1331 1008 1363 1035 0.896637
11 2524 570 2555 596 0.89667
11 497 1519 528 1545 0.896931
11 1573 985 1604 1012 0.897097
11 3003 1484 3035 1511 0.897185
11 3130 1484 3162 1511 0.897354
11 3029 560 3060 586 0.897418
11 1506 1450 1537 1476 0.897602
11 2791 559 2822 586 0.897605
11 1977 650 2008 677 0.897704
11 2356 1009 2387 1035 0.897828
11 665 1438 696 1465 0.897843
11 2911 560 2942 586 0.897991
11 2598 985 2629 1012 0.897999
11 2036 594 2067 620 0.898061
11 1871 997 1902 1024 0.898075
11 2845 1439 2876 1465 0.898129
11 1026 593 1058 621 0.898331
11 3287 1519 3319 1546 0.898407
11 1049 1335 1081 1362 0.89841
11 806 1393 839 1420 0.898623
11 2522 1495 2554 1522 0.898671
12 1794 1451 1826 1476 0.898688
11 2113 985 2144 1012 0.898791
11 660 235 691 262 0.898879
11 2680 1530 2711 1557 0.898962
11 2840 997 2873 1025 0.898962
11 846 998 877 1024 0.898974
11 1028 571 1058 596 0.899115
11 1770 560 1802 587 0.89921
11 1916 593 1948 621 0.89932
11 532 1518 563 1544 0.899452
11 2080 1530 2112 1557 0.899489
11 3266 560 3297 586 0.89962
11 3200 1473 3232 1500 0.899654
11 2671 583 2703 610 0.899701
11 1088 985 1119 1012 0.89989
11 2731 650 2763 677 0.899959
11 2790 583 2822 610 0.899991
11 660 571 689 596 0.900001
11 720 246 751 273 0.900048
11 1663 1427 1695 1454 0.900265
11 2404 594 2435 620 0.900266
11 1293 559 1325 586 0.900288
11 1531 559 1562 586 0.90042
11 2881 1450 2912 1476 0.900455
11 848 627 880 654 0.9005
11 539 593 571 620 0.900589
11 1381 1462 1412 1488 0.900663
11 907 593 939 620 0.900746
11 1992 1461 2022 1487 0.900785
11 2559 1473 2591 1500 0.900923
11 2214 605 2246 632 0.901026
11 1350 258 1381 285 0.90132
11 361 235 392 262 0.90133
11 658 593 690 621 0.901423
11 1179 1279 1210 1305 0.901628
11 2155 594 2187 620 0.901876
11 899 235 931 262 0.901946
11 1957 1450 1988 1476 0.901973
11 2523 593 2555 621 0.90207
11 1979 270 2010 296 0.902692
11 1416 1449 1448 1476 0.902705
11 2217 247 2249 273 0.902759
11 1769 582 1802 609 0.902771
11 2607 281 2639 308 0.902941
11 3266 582 3298 609 0.902948
11 3082 1031 3114 1058 0.903123
11 2488 1485 2519 1511 0.903323
11 540 235 572 262 0.903435
11 2910 583 2941 609 0.903497
11 718 604 750 632 0.903691
11 2965 280 2997 308 0.903735
11 1413 583 1444 609 0.903893
11 2453 1473 2484 1499 0.904019
11 3204 304 3235 331 0.904057
11 1290 236 1321 262 0.904065
11 1651 583 1683 610 0.904138
11 425 1552 457 1579 0.904184
11 771 1416 802 1442 0.904223
11 2671 559 2703 586 0.90424
11 2274 594 2305 620 0.90438
11 1294 582 1325 609 0.904667
11 361 696 393 723 0.904728
11 1591 616 1623 642 0.904785
11 958 258 990 285 0.904799
11 2337 269 2368 296 0.904853
11 736 1416 767 1442 0.904954
11 1919 235 1950 262 0.905041
11 2345 628 2376 654 0.905213
11 2851 605 2882 631 0.905235
11 1093 1313 1124 1339 0.905284
11 1663 1530 1695 1557 0.905323
11 361 1077 393 1103 0.905377
11 1115 696 1147 722 0.905436
11 1413 560 1444 586 0.905439
11 893 1358 925 1385 0.90555
11 2905 235 2937 262 0.905553
11 1171 235 1202 262 0.90566
11 1710 604 1742 631 0.905662
11 1709 258 1739 284 0.905885
11 1867 1450 1898 1476 0.905904
11 3207 604 3238 631 0.906408
11 850 1392 882 1419 0.906427
11 1006 1336 1038 1363 0.906439
11 2969 1462 3000 1488 0.906465
11 1648 236 1679 262 0.906596
11 1111 246 1143 273 0.906833
11 1353 604 1385 632 0.906955
11 1859 281 1891 308 0.907128
11 420 235 452 262 0.907197
11 2080 1370 2111 1397 0.907323
11 2276 235 2308 262 0.907325
11 1469 246 1501 274 0.907345
11 3025 235 3057 262 0.90768
11 2096 616 2128 643 0.90771
11 2396 235 2428 262 0.907764
11 3144 235 3176 262 0.907976
11 2038 235 2070 262 0.908168
11 2098 258 2130 284 0.908334
11 2464 616 2495 643 0.908425
11 2968 593 3000 620 0.908479
11 1768 235 1799 262 0.908489
11 2516 235 2548 262 0.908517
11 604 1031 635 1057 0.908522
11 567 1474 599 1500 0.908699
11 3088 616 3120 643 0.9093
11 1409 235 1441 262 0.9093
11 2846 258 2878 285 0.909482
11 1136 1312 1168 1339 0.909669
11 1589 270 1620 296 0.909787
11 601 225 631 249 0.909823
11 2612 696 2644 723 0.909873
11 3084 292 3116 319 0.909913
11 2786 235 2818 262 0.909917
11 1472 593 1504 620 0.909988
11 1529 235 1561 262 0.910162
11 1858 696 1890 723 0.910267
11 780 235 811 262 0.910294
11 1018 235 1050 262 0.910439
11 599 616 631 643 0.910651
11 1230 270 1262 297 0.910729
11 2158 235 2190 262 0.910912
11 3094 1473 3126 1499 0.911063
11 3263 235 3295 262 0.911086
11 967 616 1000 643 0.911271
11 480 234 513 262 0.911954
11 2667 235 2699 262 0.912313
11 2457 258 2488 285 0.912472
11 839 235 872 262 0.913742
11 2726 269 2758 296 0.914026
