9 2081 3551 2107 3620 0.897676
15 577 508 607 555 0.903009
9 535 3076 563 3149 0.904363
11 2041 3157 2073 3184 0.906293
15 594 3070 626 3117 0.907212
9 361 3077 387 3149 0.907624
15 769 3070 800 3117 0.907938
15 1815 934 1847 982 0.908088
9 885 3078 911 3150 0.908579
11 739 2246 772 2274 0.909259
9 710 3077 736 3149 0.91083
11 664 1346 696 1374 0.911135
15 332 935 362 982 0.911192
15 1809 2216 1839 2261 0.911349
15 955 3496 985 3543 0.912703
15 778 3497 808 3543 0.913098
9 893 3527 920 3598 0.913252
15 1159 1362 1190 1409 0.914021
9 715 3526 742 3598 0.914352
12 2168 3618 2202 3645 0.915084
15 332 2216 363 2263 0.915209
15 944 3070 975 3116 0.915299
21 2232 1340 2258 1414 0.915604
11 1979 931 2011 958 0.915936
15 420 3070 451 3116 0.916024
11 332 1751 364 1778 0.916368
11 1538 1323 1570 1350 0.916613
11 740 897 772 924 0.917237
9 537 3527 564 3598 0.917358
11 2374 1323 2406 1350 0.91737
11 1472 2291 1505 2319 0.917491
15 599 3496 630 3543 0.91774
11 495 930 527 957 0.917915
11 1809 3111 1842 3138 0.918312
11 1744 1301 1776 1328 0.918369
11 868 470 900 497 0.918394
11 2337 930 2369 958 0.918443
11 1038 2235 1070 2262 0.918445
11 1065 1392 1098 1420 0.918464
11 1221 1796 1253 1823 0.918512
11 1345 493 1376 520 0.918555
11 788 504 820 531 0.918564
11 2375 2741 2407 2769 0.918599
11 1189 3607 1221 3634 0.918614
15 1120 2643 1150 2689 0.918734
11 558 897 590 924 0.918763
11 2515 2235 2546 2261 0.918817
11 2042 897 2074 924 0.918824
11 1337 1324 1369 1351 0.918866
11 2037 2257 2069 2284 0.918869
11 1945 1324 1977 1351 0.918948
11 1485 930 1517 958 0.918967
11 2256 515 2288 542 0.919023
11 865 3595 897 3622 0.919051
11 1688 3145 1721 3172 0.919059
11 1029 481 1062 508 0.919159
12 2042 1312 2076 1339 0.919255
11 1915 3607 1948 3634 0.919263
11 2053 3618 2085 3645 0.919282
11 2216 2246 2248 2273 0.919286
11 1030 942 1062 969 0.919295
11 2224 897 2257 924 0.919364
11 865 1369 897 1396 0.91937
11 1968 2292 2000 2319 0.919484
11 1109 469 1141 497 0.919493
11 561 2258 593 2285 0.919565
11 518 2707 550 2734 0.919574
11 1874 2661 1906 2688 0.919632
11 2095 504 2127 531 0.919647
11 934 1380 966 1408 0.91965
11 1612 953 1644 981 0.919652
11 1421 920 1453 947 0.919676
11 1612 1289 1645 1316 0.91969
11 853 931 885 958 0.919729
11 2401 920 2433 947 0.919745
21 2241 2621 2266 2694 0.919762
11 1069 3595 1101 3622 0.9198
11 1297 942 1329 969 0.91981
11 671 2291 704 2318 0.91981
11 1500 515 1532 542 0.919821
11 1713 2303 1745 2330 0.91983
11 1237 2291 1269 2318 0.91986
11 687 3595 719 3622 0.919861
11 2497 538 2528 565 0.919863
11 1768 527 1800 554 0.919897
15 421 3496 453 3543 0.919907
11 1212 3157 1244 3184 0.919913
11 682 3145 714 3173 0.919917
11 458 1380 491 1408 0.919922
11 596 1865 628 1892 0.919935
11 527 1370 559 1397 0.919947
11 332 1358 364 1384 0.919958
11 733 1358 765 1385 0.920018
11 2148 2291 2180 2319 0.920037
11 1126 2246 1158 2273 0.920039
11 1613 504 1645 531 0.920049
11 1474 3629 1507 3657 0.920076
11 507 3145 539 3173 0.920152
11 1121 930 1152 957 0.920161
11 1299 2280 1331 2307 0.920161
11 2327 2291 2359 2319 0.920166
11 332 3595 364 3622 0.920172
11 1265 504 1297 531 0.920212
11 1731 942 1763 969 0.920227
11 1796 3595 1828 3622 0.920245
11 1020 2730 1052 2757 0.920294
11 917 919 949 946 0.92038
11 1749 2649 1781 2677 0.920404
11 2336 527 2368 554 0.920413
11 2327 3595 2359 3623 0.920456
11 1779 1853 1810 1880 0.920465
11 1290 2719 1322 2746 0.920478
11 1555 2673 1586 2700 0.920518
11 1406 1312 1438 1339 0.920566
11 1951 1876 1983 1903 0.920579
11 850 2291 883 2318 0.920585
11 2302 1887 2334 1914 0.920587
11 2506 1312 2538 1339 0.920635
11 492 2291 524 2319 0.920642
11 1967 2673 1999 2700 0.920649
11 1596 2314 1629 2341 0.920656
11 1674 2718 1706 2746 0.920663
11 1599 3157 1631 3184 0.920679
11 2513 942 2546 969 0.920694
11 861 1865 893 1892 0.9207
11 895 2741 927 2768 0.92073
11 2500 2730 2532 2757 0.920742
12 2236 3180 2271 3207 0.920762
11 1295 3618 1328 3645 0.920821
11 703 2719 735 2746 0.920851
11 2480 1876 2512 1903 0.920868
11 1493 3168 1526 3195 0.920886
11 689 1831 721 1858 0.92093
11 1376 3180 1408 3206 0.921086
11 332 3145 364 3172 0.921177
11 1100 3145 1132 3172 0.921195
11 1848 515 1880 542 0.921286
11 1409 2303 1442 2330 0.921304
11 1233 954 1265 981 0.921327
11 2446 3584 2478 3611 0.921345
11 1355 3630 1387 3657 0.921411
11 1363 2684 1395 2711 0.921412
11 1317 3168 1350 3195 0.921432
11 828 2730 861 2757 0.921478
11 2161 908 2193 935 0.921484
11 451 2718 484 2746 0.921516
11 921 2222 954 2250 0.921673
11 1582 3629 1614 3656 0.921689
11 1399 1807 1431 1834 0.921767
11 637 2730 669 2757 0.921843
11 1670 3618 1702 3645 0.921855
11 2015 493 2047 520 0.921877
11 1056 3134 1088 3161 0.921943
11 1813 1312 1845 1339 0.921951
11 510 3595 541 3622 0.921955
11 1692 1865 1724 1891 0.921997
11 1519 1819 1552 1846 0.922092
11 2403 3191 2435 3218 0.9221
11 856 3145 888 3172 0.922254
11 2215 1876 2247 1903 0.922356
11 2146 3168 2179 3195 0.92237
11 1924 3145 1956 3173 0.922387
11 332 2673 364 2700 0.922441
11 2398 2222 2430 2249 0.92248
11 1482 2719 1515 2746 0.92256
11 2508 3180 2540 3207 0.922632
11 676 908 709 935 0.922777
11 1126 1865 1158 1892 0.9229
11 953 1819 985 1846 0.922916
9 360 3528 386 3600 0.922982
11 2037 1865 2070 1892 0.923034
21 2107 2621 2132 2694 0.925791
14 430 937 462 1004 0.926669
14 419 1789 453 1857 0.927926
14 508 1790 541 1857 0.929515
14 1267 1362 1302 1430 0.936705
14 428 2218 462 2285 0.938858
14 706 509 740 577 0.941968
14 1903 2217 1937 2285 0.943091
14 1224 2644 1256 2711 0.943275
14 1914 937 1946 1003 0.946969
