9 1208 2268 1234 2336 0.808518
13 1504 1945 1547 1972 0.881063
13 333 1945 376 1973 0.882868
8 1180 2390 1205 2457 0.894814
8 2045 632 2069 703 0.897108
8 2014 182 2039 252 0.900381
13 330 2373 375 2400 0.902157
11 1651 2395 1683 2422 0.904852
8 2397 633 2421 702 0.905357
8 2214 2362 2239 2432 0.905616
8 1868 633 1892 700 0.905821
8 1261 1081 1285 1151 0.906743
15 2132 589 2162 636 0.90747
8 334 182 358 253 0.907539
8 2221 632 2245 702 0.908399
8 1453 183 1478 253 0.909236
15 1172 161 1203 208 0.909312
8 894 181 919 253 0.909842
15 2316 2296 2347 2343 0.910674
8 1875 2350 1900 2421 0.911367
15 1282 2387 1313 2434 0.912006
15 1733 161 1763 208 0.912087
11 962 584 994 611 0.912215
21 1383 2276 1408 2348 0.912286
11 1504 1900 1536 1927 0.913895
15 1976 2296 2008 2344 0.913988
15 1282 2297 1313 2344 0.914068
11 1018 1034 1050 1061 0.914343
15 612 161 643 208 0.914513
15 2292 161 2323 209 0.91469
21 1512 993 1538 1069 0.914871
21 2078 2275 2104 2349 0.915071
11 1917 1137 1949 1165 0.915395
11 1086 550 1118 577 0.915798
11 1618 1138 1651 1165 0.916129
11 1676 630 1708 657 0.91655
15 332 2297 362 2343 0.916748
11 1866 607 1898 634 0.916831
11 930 1900 962 1927 0.916883
11 575 2337 607 2365 0.916995
11 2298 1968 2330 1995 0.91707
15 2484 589 2515 635 0.917161
11 2029 1137 2061 1164 0.91718
15 2308 589 2339 636 0.917483
11 1318 595 1350 622 0.91753
11 1179 2372 1210 2399 0.917568
11 2519 1484 2551 1511 0.917581
11 332 158 364 185 0.917637
11 332 573 364 600 0.917995
11 332 1530 364 1557 0.918147
11 836 1945 868 1973 0.918164
11 566 1945 599 1973 0.918194
11 2210 1957 2242 1984 0.918236
11 376 584 408 611 0.918404
21 2417 2276 2443 2349 0.918462
15 1955 590 1985 636 0.91849
11 2147 1080 2179 1107 0.91852
11 2029 1945 2061 1972 0.918707
12 2424 1114 2459 1141 0.918718
11 1766 1438 1798 1465 0.918862
11 957 2304 989 2331 0.918893
11 2396 608 2427 634 0.91892
11 772 607 804 634 0.918959
11 1452 158 1484 185 0.918981
11 661 1911 693 1938 0.919034
11 1259 1057 1291 1084 0.919063
11 1379 1888 1411 1915 0.919117
11 1679 1946 1711 1973 0.919117
11 332 1035 364 1062 0.919178
11 2042 608 2074 634 0.919275
12 1507 619 1541 645 0.919422
11 432 1541 464 1569 0.919475
11 1942 1957 1974 1984 0.919498
12 1540 1439 1574 1466 0.919524
21 1517 2367 1542 2438 0.91957
11 489 595 521 623 0.919653
11 1104 1946 1137 1973 0.919695
11 1315 1404 1347 1431 0.919702
11 2012 158 2044 185 0.919741
11 2219 608 2251 635 0.919745
21 2028 1421 2054 1494 0.919789
15 332 1870 362 1917 0.919845
11 1198 1877 1230 1904 0.919919
12 2288 1091 2321 1118 0.919923
11 595 607 627 634 0.920042
11 901 1057 932 1084 0.920119
11 1199 585 1231 612 0.920221
11 891 158 923 185 0.920243
11 1874 2327 1906 2354 0.920307
11 1782 618 1814 646 0.920424
11 2151 1450 2182 1477 0.920518
11 2212 2338 2244 2365 0.920541
11 723 1553 755 1580 0.920592
11 1116 1438 1148 1465 0.920602
11 713 1080 745 1107 0.920671
11 951 1461 983 1488 0.920684
11 1210 1461 1242 1488 0.920693
11 2479 1957 2510 1983 0.920732
11 1719 1149 1751 1176 0.920738
11 601 1068 633 1096 0.920836
11 1661 1462 1692 1488 0.920867
11 1416 1416 1447 1443 0.920883
11 1766 1934 1798 1961 0.921038
11 502 2372 534 2399 0.921238
11 1179 2327 1211 2354 0.921245
11 654 618 686 646 0.921254
11 444 1046 476 1073 0.921439
11 1082 2315 1114 2343 0.921496
11 694 2372 726 2399 0.921527
11 1776 2384 1808 2411 0.921821
11 1424 607 1456 634 0.921853
11 813 1069 845 1096 0.921898
11 2250 1462 2282 1488 0.921908
11 879 596 911 623 0.921918
11 1805 1149 1837 1176 0.922023
21 1383 2367 1408 2439 0.922081
11 545 1057 577 1084 0.922171
11 766 2327 798 2354 0.922499
11 2350 1472 2383 1499 0.922534
11 1131 1046 1163 1073 0.92254
11 632 1564 664 1591 0.922542
11 532 1553 564 1580 0.922874
11 1041 1450 1073 1477 0.922875
11 886 2372 917 2399 0.923177
12 1372 1057 1406 1084 0.923414
12 1889 1450 1924 1477 0.924477
12 803 1518 838 1546 0.927141
14 477 1849 510 1915 0.928426
14 2465 1444 2498 1511 0.930861
14 435 2276 468 2342 0.942924
