9 536 3284 563 3354 0.8813
9 536 3042 563 3113 0.883569
9 536 2742 563 2812 0.889964
9 536 238 563 308 0.892047
9 536 3548 563 3619 0.892573
15 578 230 609 275 0.896309
11 2269 3696 2300 3723 0.896453
21 1288 2326 1313 2395 0.897113
15 578 2735 609 2780 0.897335
21 860 2325 885 2395 0.897637
21 2573 2326 2597 2395 0.897944
12 723 3030 757 3056 0.900498
12 320 3352 353 3378 0.900598
12 319 3132 354 3159 0.900868
12 1151 836 1185 863 0.900977
12 319 305 354 332 0.901007
12 1151 617 1185 643 0.901149
12 2436 260 2469 286 0.901345
12 1578 605 1611 632 0.901376
12 723 2753 757 2780 0.901418
12 1151 3605 1185 3632 0.901473
12 723 3317 757 3344 0.901558
12 722 594 757 621 0.901575
21 319 2326 344 2397 0.901639
12 723 813 757 840 0.901704
12 1578 836 1611 863 0.901798
12 2435 2741 2469 2768 0.90181
12 2007 1192 2041 1219 0.901955
12 723 3582 757 3609 0.902093
12 1151 3340 1186 3367 0.902201
12 1152 272 1186 299 0.902202
12 2435 3306 2469 3333 0.902207
12 1577 294 1611 320 0.902347
12 2007 3029 2040 3056 0.902525
12 2435 801 2469 829 0.90257
12 1151 1181 1185 1208 0.902667
12 2435 3018 2469 3044 0.902693
12 2007 812 2041 840 0.902703
21 1714 2327 1738 2395 0.902766
12 1152 2776 1186 2803 0.903084
11 2269 282 2301 310 0.903266
12 320 2810 353 2837 0.903412
12 2007 594 2041 621 0.903428
12 320 3617 353 3644 0.903647
12 723 249 756 276 0.903687
12 1577 1123 1611 1150 0.90388
12 2434 1146 2469 1174 0.903881
12 2007 271 2041 299 0.903883
12 2007 2753 2041 2780 0.903962
12 2007 3617 2041 3644 0.904173
12 2006 3317 2040 3344 0.904313
12 723 1158 757 1185 0.904521
12 1577 3628 1611 3655 0.904922
12 2435 582 2469 609 0.904943
12 2435 3651 2469 3678 0.904962
21 2142 2326 2167 2396 0.905153
12 1151 3052 1185 3079 0.905185
15 579 3311 608 3357 0.906012
21 319 2037 344 2109 0.9062
15 579 3598 610 3644 0.907094
15 580 3022 610 3069 0.907352
11 1907 3052 1939 3079 0.909375
11 1714 2065 1746 2092 0.910344
11 1908 1766 1939 1793 0.910353
11 1220 2065 1252 2092 0.910436
11 2701 2376 2732 2403 0.910506
11 2340 2031 2372 2058 0.911167
11 990 259 1022 286 0.911432
11 2644 2031 2676 2058 0.912126
11 1577 2376 1608 2403 0.912264
11 990 2054 1022 2081 0.912336
11 1907 1455 1939 1482 0.912534
11 1151 1535 1182 1562 0.9129
11 2573 2065 2605 2092 0.912927
11 1220 1800 1252 1827 0.913003
11 508 305 541 333 0.913022
11 509 3351 541 3378 0.913113
11 1289 2042 1321 2069 0.913181
11 931 1997 963 2024 0.913427
11 990 2730 1022 2757 0.913804
11 990 593 1022 621 0.913871
11 1414 283 1446 310 0.913942
11 2269 3041 2301 3068 0.913942
11 1714 1800 1746 1827 0.913991
11 1485 1444 1517 1471 0.914008
11 990 3006 1022 3033 0.914061
11 2340 1443 2372 1470 0.914104
11 1151 2065 1183 2092 0.914176
11 1907 3340 1939 3367 0.91421
11 2701 1123 2733 1151 0.914211
11 2269 593 2301 620 0.914236
11 1577 2088 1608 2115 0.914244
11 1782 2042 1814 2069 0.914268
11 2701 3628 2733 3655 0.914612
11 1415 3029 1447 3056 0.914661
11 1151 1823 1183 1850 0.914692
11 2701 3075 2733 3102 0.914695
11 1061 1420 1093 1448 0.914722
11 2269 1834 2301 1861 0.914724
11 1782 2730 1814 2757 0.915087
11 2505 1822 2537 1850 0.915199
11 1289 1455 1321 1482 0.915335
11 509 2444 541 2471 0.915343
11 2269 2364 2301 2391 0.915417
11 1782 3006 1814 3034 0.91544
11 1842 2741 1874 2768 0.915476
11 1907 2042 1939 2070 0.915555
11 2771 2031 2804 2058 0.915559
11 413 2110 445 2138 0.915648
11 1646 1823 1678 1850 0.915667
11 413 2398 445 2426 0.915687
11 2075 1800 2107 1827 0.91572
11 2771 1455 2804 1482 0.915855
11 990 3295 1023 3322 0.915867
11 2006 2365 2038 2391 0.916005
11 2006 1546 2038 1573 0.916021
11 1415 2364 1447 2391 0.916027
11 2644 1455 2676 1482 0.916056
11 791 2042 823 2069 0.916078
11 2269 1546 2301 1573 0.916083
11 1714 3283 1747 3310 0.916165
11 1645 2088 1678 2115 0.916171
11 722 1800 754 1827 0.916217
11 2701 1558 2733 1585 0.91632
11 1714 2995 1746 3022 0.916321
11 1577 3075 1609 3102 0.916337
11 2771 1766 2803 1793 0.916398
11 1484 2019 1517 2046 0.916415
11 2701 2088 2733 2115 0.91644
11 2505 2088 2537 2115 0.916507
11 1484 1754 1517 1782 0.91651
11 1151 2353 1183 2380 0.916554
11 509 2156 542 2184 0.916554
11 1415 3317 1447 3344 0.916568
11 2006 2077 2038 2104 0.916611
11 2434 2398 2467 2426 0.916708
11 2268 2764 2301 2791 0.91678
11 1782 3294 1814 3322 0.916828
11 2701 605 2733 632 0.916837
11 722 1512 754 1539 0.916891
11 1781 1766 1814 1793 0.916896
11 2435 2110 2467 2137 0.916916
11 1842 1146 1875 1174 0.91692
11 2573 1478 2606 1505 0.916969
11 508 2810 541 2837 0.917046
11 1842 582 1874 609 0.917174
11 509 3617 541 3644 0.917187
11 1714 2718 1746 2746 0.917277
11 2434 1580 2466 1608 0.917327
11 1288 1777 1321 1804 0.917362
11 2269 3329 2301 3356 0.91741
11 1359 1743 1391 1771 0.917423
11 931 1720 964 1747 0.917429
11 2701 294 2734 322 0.91743
11 2644 1766 2676 1793 0.917437
11 1415 1834 1447 1861 0.917471
11 2006 1834 2038 1861 0.917489
11 990 1169 1022 1196 0.91754
11 2573 1789 2605 1816 0.917555
11 1415 616 1447 643 0.917571
11 2340 1754 2371 1781 0.917624
11 1577 2798 1609 2826 0.917633
11 1842 2399 1874 2426 0.917637
11 2269 1192 2301 1219 0.917644
11 2075 1489 2107 1516 0.917651
11 2269 2077 2301 2104 0.917721
11 723 2042 755 2069 0.917722
11 1782 1455 1814 1482 0.917756
11 1577 3363 1609 3390 0.917811
11 1414 1546 1447 1573 0.917866
11 990 2341 1023 2369 0.917878
11 990 824 1022 851 0.917969
11 1714 1478 1747 1505 0.917985
11 1061 1996 1093 2024 0.918017
11 2142 2042 2175 2069 0.918047
11 2143 1777 2175 1804 0.918051
11 2213 2019 2245 2046 0.918141
11 1907 2776 1939 2803 0.918154
11 1843 271 1875 298 0.918161
11 1842 1580 1875 1608 0.918272
11 2075 2077 2107 2104 0.918393
11 1359 2019 1391 2046 0.918408
11 722 2330 755 2357 0.918412
11 791 1777 823 1804 0.918491
11 1415 1192 1447 1219 0.918522
11 2701 3363 2733 3390 0.918536
11 1061 1731 1093 1758 0.9186
11 1645 1512 1677 1539 0.918697
11 1577 1558 1609 1585 0.918779
11 791 1466 823 1494 0.918798
11 1415 2077 1447 2104 0.91881
11 1220 1489 1252 1516 0.918813
11 1842 2111 1874 2138 0.91884
11 2701 2798 2733 2825 0.918863
11 2505 1500 2537 1528 0.918882
11 1577 1846 1609 1873 0.918917
11 1359 1432 1392 1459 0.918924
11 2268 824 2301 851 0.918958
11 2143 1466 2175 1493 0.91898
11 2435 1868 2467 1896 0.919025
11 931 1409 964 1436 0.919206
11 1842 801 1874 829 0.919277
11 990 1523 1023 1551 0.919297
11 990 3594 1023 3621 0.919413
11 1843 1868 1874 1895 0.919442
11 1415 2753 1447 2780 0.919515
11 990 1811 1023 1839 0.919531
11 1842 3018 1874 3045 0.919655
11 1415 3617 1447 3644 0.919869
11 1415 847 1447 874 0.919995
11 2213 1754 2246 1781 0.920021
11 861 2019 893 2046 0.920249
11 860 1754 893 1781 0.920331
11 2701 1845 2733 1873 0.920415
11 2213 1432 2246 1459 0.921021
11 509 3132 541 3159 0.921028
11 1842 3651 1875 3678 0.921526
11 1842 3306 1875 3333 0.921774
11 861 1432 893 1459 0.922168
11 2701 824 2733 851 0.922288
1 157 1067 225 1149 0.950379
1 157 3571 225 3652 0.950503
1 156 2318 225 2400 0.951137
1 157 2030 225 2113 0.951418
10 161 157 226 335 0.957752
10 162 2663 226 2838 0.958572
10 162 2949 226 3126 0.959399
10 163 444 226 620 0.960275
