9 2067 1715 2089 1773 0.800573
9 1054 2313 1075 2373 0.813769
8 1156 734 1179 797 0.82141
8 1663 1352 1688 1414 0.825906
8 2151 730 2183 796 0.9
8 506 2348 537 2417 0.9
8 1553 2346 1587 2418 0.9
8 2046 2986 2080 3057 0.9
8 660 735 683 795 0.833406
8 630 1335 654 1392 0.839529
10 172 477 227 623 0.840281
8 1147 1331 1171 1393 0.859904
8 1650 752 1674 815 0.873312
15 2092 747 2116 785 0.874728
15 599 747 623 785 0.879324
15 2119 1347 2143 1385 0.880682
15 1095 748 1118 785 0.882289
8 2181 1331 2205 1394 0.884722
15 1591 747 1614 785 0.885676
15 1085 1346 1109 1384 0.8863
12 1129 2962 1155 2982 0.888268
11 445 2552 473 2576 0.890614
15 567 1346 592 1385 0.89276
11 1555 2552 1583 2576 0.893455
12 1348 1771 1378 1794 0.894581
13 843 1453 883 1477 0.898565
15 1601 1347 1624 1384 0.899538
13 1854 833 1895 857 0.900106
12 316 1771 345 1795 0.900233
13 1361 1443 1400 1467 0.900553
12 1344 2971 1374 2994 0.901705
13 368 873 409 897 0.901928
13 863 853 903 877 0.902601
0 130 1113 150 1408 0.905614
12 822 2961 852 2984 0.905723
12 816 1761 847 1785 0.906047
13 1359 842 1399 867 0.906362
0 129 510 150 811 0.908471
12 316 2971 346 2994 0.908646
13 324 1473 365 1497 0.908807
12 1344 2901 1374 2924 0.908992
11 1734 2592 1763 2616 0.909706
11 2006 2592 2035 2616 0.910187
13 1876 1432 1916 1456 0.910987
11 1555 2330 1583 2354 0.911142
12 822 2891 852 2914 0.911496
12 1887 2361 1918 2385 0.912821
12 1599 1932 1629 1955 0.912898
12 316 2900 346 2924 0.913423
11 730 2891 758 2914 0.914264
0 131 1721 150 1999 0.915048
12 561 1932 591 1955 0.915554
11 670 2931 699 2955 0.916291
11 1762 1771 1791 1795 0.916321
11 1662 1331 1690 1356 0.916425
12 1064 1922 1094 1945 0.916557
11 1495 2592 1524 2616 0.916822
11 1859 2911 1888 2935 0.916932
11 1890 2632 1917 2655 0.916943
11 2105 1771 2133 1795 0.917137
11 2034 510 2063 535 0.917217
11 2179 1312 2207 1335 0.917281
11 1216 2592 1245 2616 0.917346
0 131 2320 150 2602 0.917496
11 1188 2880 1217 2904 0.917512
11 671 3168 699 3192 0.917533
11 506 2330 534 2355 0.917554
11 1216 2360 1245 2385 0.91774
11 1145 1311 1174 1335 0.918006
11 628 1311 656 1335 0.918261
11 1615 2331 1643 2354 0.918268
11 1026 1111 1055 1135 0.918316
11 2295 3207 2324 3232 0.918323
11 1189 2951 1217 2975 0.918341
11 2151 712 2180 736 0.91854
11 1152 501 1181 525 0.918547
11 879 1961 908 1986 0.918673
11 2046 2971 2075 2994 0.918772
11 1859 3277 1888 3301 0.918866
11 1535 511 1563 535 0.918884
11 2042 1771 2070 1795 0.918943
11 1152 711 1181 735 0.918982
11 1662 1101 1691 1125 0.918996
11 544 510 572 535 0.919039
11 375 3207 404 3232 0.919124
11 2151 501 2179 525 0.919231
11 1128 2890 1156 2914 0.919258
11 384 2602 413 2626 0.919349
11 566 2331 594 2355 0.919351
11 2239 1322 2268 1346 0.919368
11 1465 3177 1494 3201 0.919381
11 945 3168 973 3192 0.919396
11 323 2642 351 2666 0.919399
11 844 2380 872 2404 0.919418
11 817 2011 846 2036 0.919422
11 1648 731 1676 756 0.919466
11 823 3257 852 3281 0.919512
11 1765 2900 1794 2925 0.919513
11 1882 1130 1911 1155 0.919517
11 905 2602 934 2626 0.919519
11 687 2371 716 2395 0.91956
11 2268 491 2296 515 0.919581
11 1852 1780 1881 1805 0.919587
11 2109 2901 2137 2925 0.919605
11 1781 1131 1809 1155 0.919624
11 656 501 685 525 0.91963
11 2231 2002 2260 2026 0.919632
11 1039 510 1068 535 0.91966
11 1543 1111 1572 1135 0.919662
11 508 1111 537 1135 0.919685
11 2060 1111 2089 1135 0.919697
11 379 1962 407 1986 0.919707
11 1375 2642 1404 2666 0.919715
11 2105 2033 2134 2057 0.919748
11 2046 3277 2074 3301 0.919766
11 2233 2890 2262 2915 0.919771
11 1067 3208 1096 3232 0.919819
11 1648 501 1676 525 0.919852
11 316 3248 345 3272 0.919854
11 2298 1091 2326 1115 0.919899
11 1029 2602 1057 2626 0.919912
11 1250 2901 1278 2924 0.91993
11 493 3248 522 3272 0.91996
11 1091 2652 1120 2676 0.919998
11 1614 2642 1643 2666 0.92001
11 2240 2380 2268 2404 0.920016
11 1705 2860 1733 2885 0.920022
11 1067 2890 1096 2914 0.920063
11 2178 1101 2207 1125 0.920066
11 730 3138 758 3161 0.920072
11 1003 1922 1032 1946 0.920074
11 656 711 685 736 0.920078
11 1947 2602 1975 2626 0.920102
11 316 2002 345 2026 0.920131
11 884 3208 913 3232 0.920139
11 2001 1161 2029 1186 0.92014
11 1984 3188 2012 3212 0.920165
11 1006 3257 1035 3281 0.920178
11 1478 562 1507 586 0.920183
11 2233 2960 2262 2984 0.92019
11 1348 2022 1377 2046 0.920204
11 1279 2561 1307 2586 0.920206
11 926 572 954 595 0.920238
11 1251 1771 1280 1795 0.920247
11 2239 1130 2267 1155 0.92025
11 1645 3178 1674 3202 0.920268
11 1411 1982 1439 2006 0.92027
11 2294 2012 2323 2036 0.920291
11 450 1161 478 1185 0.920297
11 714 722 742 745 0.9203
11 843 2652 872 2676 0.92033
11 1250 3137 1278 3161 0.92042
11 440 1942 468 1966 0.920446
11 1765 2971 1794 2995 0.92047
11 1475 1942 1503 1965 0.920486
11 1699 1730 1728 1755 0.920495
11 688 2561 716 2586 0.920513
11 1096 572 1124 596 0.920525
11 1145 1100 1174 1125 0.920535
11 1918 572 1947 596 0.920581
11 1127 3167 1156 3192 0.920595
11 1204 1292 1233 1316 0.92062
11 2046 2901 2075 2925 0.920637
11 1705 3188 1734 3212 0.920651
11 847 1131 876 1155 0.920663
11 553 3207 581 3232 0.920677
11 671 3000 699 3025 0.920678
11 746 1131 775 1155 0.920699
11 505 2602 534 2626 0.920705
11 2041 1991 2070 2016 0.920709
11 1209 691 1237 715 0.920714
11 430 572 458 596 0.920743
11 1721 1322 1749 1346 0.920761
11 2109 2971 2137 2995 0.920796
11 1762 531 1791 556 0.920856
11 966 1161 995 1185 0.92091
11 2123 2351 2151 2375 0.920911
11 1405 3228 1434 3252 0.920947
11 628 1100 656 1124 0.920964
11 659 1801 688 1825 0.921015
11 1029 2371 1058 2395 0.921022
11 1706 722 1734 746 0.921053
11 2171 3188 2199 3212 0.921069
11 1364 531 1393 555 0.921075
11 2240 2522 2269 2546 0.921148
11 1794 2561 1823 2586 0.921157
11 1922 3228 1950 3252 0.921179
11 714 572 742 595 0.921241
11 566 2642 594 2666 0.921264
11 1915 2032 1944 2057 0.921282
11 1264 1131 1293 1155 0.921284
11 2299 2491 2327 2516 0.921305
11 1585 3228 1614 3252 0.921308
11 1979 1982 2007 2006 0.921324
11 1591 572 1620 595 0.921356
11 1537 1931 1565 1955 0.921359
11 1721 1171 1750 1196 0.92138
11 1155 2602 1183 2626 0.921409
11 1484 1161 1513 1186 0.921443
11 869 532 897 556 0.921506
11 1067 2960 1096 2984 0.921519
11 1365 1131 1394 1155 0.921534
11 687 1322 716 1346 0.921534
11 1267 532 1295 556 0.921537
11 2210 722 2238 745 0.921548
11 1852 1982 1880 2006 0.921568
11 2233 3198 2261 3222 0.921571
11 1250 2971 1278 2994 0.921596
11 1421 571 1450 596 0.921619
11 2168 1991 2197 2016 0.921628
11 1706 2931 1734 2955 0.9217
11 747 2602 776 2626 0.921705
11 611 3157 640 3182 0.921755
11 1765 3158 1794 3182 0.921764
11 1977 562 2006 586 0.921766
11 390 1171 418 1195 0.921776
11 568 1171 597 1196 0.921842
11 1705 572 1734 596 0.921949
11 330 1131 359 1155 0.921953
11 1375 2371 1404 2395 0.921961
11 2120 1171 2149 1196 0.921978
11 2109 3228 2137 3252 0.922016
11 435 3158 463 3182 0.922055
11 1734 2371 1763 2395 0.922068
11 771 531 799 555 0.922068
11 1127 1760 1156 1785 0.922104
11 2093 572 2121 596 0.922135
11 1209 572 1238 596 0.922232
11 729 2961 758 2985 0.922299
11 1085 1171 1114 1195 0.922383
11 1525 3268 1554 3292 0.922473
11 2231 1761 2260 1785 0.922545
11 1189 1751 1218 1775 0.922551
11 967 2561 996 2586 0.922557
11 1674 2602 1703 2626 0.922577
11 599 572 628 596 0.922586
11 373 532 401 555 0.922587
11 1345 3268 1374 3292 0.922591
11 1941 1171 1970 1196 0.922622
11 941 1931 970 1956 0.922648
11 2064 2561 2093 2586 0.92265
11 721 1761 750 1785 0.922655
11 1424 1171 1453 1196 0.922655
11 1065 1761 1094 1785 0.922666
11 500 1931 529 1956 0.922788
11 486 561 515 586 0.922805
11 1188 3177 1217 3202 0.922891
11 2123 2542 2152 2566 0.922982
11 627 2602 655 2626 0.923051
11 1860 531 1889 555 0.923071
11 907 1171 936 1195 0.923113
11 1091 2371 1121 2395 0.923132
11 1602 1171 1631 1196 0.923176
11 982 561 1011 585 0.923234
11 1435 2602 1464 2626 0.92328
11 687 1171 716 1195 0.923373
11 2210 531 2239 555 0.923468
11 323 2371 352 2395 0.923514
11 1204 1171 1233 1196 0.923647
11 2182 2532 2210 2555 0.923667
11 1859 2981 1888 3005 0.92398
0 129 2913 151 3254 0.928912
10 173 1077 225 1225 0.934196
10 173 1676 226 1824 0.935661
1 172 719 230 789 0.944264
1 173 1921 229 1987 0.94835
1 171 2519 229 2588 0.948551
1 171 3165 229 3234 0.948736
1 172 1320 229 1388 0.948866
10 174 2878 226 3022 0.952618
10 173 2279 226 2423 0.955087
