8 692 1027 717 1091 0.840415
8 2072 2312 2096 2374 0.844395
8 1239 1026 1264 1090 0.847543
8 1536 1685 1560 1747 0.851673
8 480 1027 504 1090 0.85229
8 1508 1028 1532 1091 0.85458
8 1289 2360 1314 2424 0.854905
8 1251 3028 1275 3090 0.865283
12 1324 318 1352 340 0.879927
11 542 1674 570 1698 0.881446
11 2116 1934 2144 1958 0.888829
12 789 208 819 231 0.893315
12 324 318 353 341 0.900112
8 2285 334 2318 403 0.9
8 1568 1025 1601 1093 0.9
8 1761 987 1796 1055 0.9
8 2287 1024 2321 1096 0.9
8 478 1691 511 1760 0.9
8 721 1690 756 1762 0.9
8 981 1683 1014 1749 0.9
8 1234 1693 1271 1762 0.9
8 1357 1568 1382 1631 0.9
8 2295 1690 2328 1762 0.9
8 496 2358 528 2426 0.9
8 728 2358 759 2425 0.9
8 1556 2356 1587 2426 0.9
8 1615 2359 1649 2428 0.9
8 1789 2320 1822 2386 0.9
8 2292 2356 2326 2426 0.9
8 2130 2542 2163 2609 0.9
8 2316 2532 2343 2594 0.9
8 497 3022 530 3097 0.9
8 731 3024 764 3093 0.9
8 1005 3004 1038 3073 0.9
8 1367 2901 1393 2963 0.9
8 1527 3015 1560 3084 0.9
8 783 1010 819 1083 0.9
11 2104 3277 2132 3301 0.901705
12 2103 2997 2133 3021 0.901794
11 2294 3167 2323 3192 0.903001
12 323 248 354 272 0.903663
12 949 511 979 534 0.904829
12 2145 491 2175 515 0.905587
0 130 948 150 1245 0.905627
12 1857 238 1887 261 0.907106
11 1706 1634 1734 1657 0.907347
12 2103 2928 2133 2951 0.907908
12 462 521 492 544 0.908165
11 1101 2251 1130 2275 0.908519
11 1007 3237 1036 3261 0.908675
11 1334 1934 1363 1958 0.908834
12 1322 248 1352 271 0.909019
12 789 278 819 301 0.909071
0 129 2948 150 3253 0.910825
12 1495 501 1525 525 0.911719
12 1857 308 1887 331 0.911984
12 1847 2917 1876 2941 0.912311
11 1323 591 1352 616 0.913116
11 1706 1894 1735 1919 0.913518
11 2069 2291 2097 2314 0.913647
11 2298 1674 2326 1697 0.913694
11 1570 1007 1599 1031 0.914348
11 1009 2250 1037 2274 0.914704
0 129 1620 149 1906 0.914826
12 1846 2988 1876 3011 0.915208
11 1685 248 1714 272 0.91539
11 383 3277 411 3301 0.915398
11 323 2948 352 2972 0.91561
12 1874 1584 1904 1607 0.915635
11 1634 967 1662 990 0.915674
11 2286 318 2314 342 0.915804
11 1384 2230 1413 2255 0.915936
11 1344 2948 1373 2972 0.915961
11 323 2230 352 2255 0.916012
11 1237 1007 1266 1031 0.916048
11 1236 1674 1265 1698 0.916165
11 2037 3237 2066 3261 0.916187
11 1102 2321 1130 2345 0.916244
11 730 2341 758 2364 0.916364
11 784 997 813 1021 0.916368
11 541 1865 570 1889 0.916381
11 2028 967 2056 991 0.916513
11 723 1674 751 1698 0.916683
11 1334 1614 1363 1638 0.916704
11 784 1269 812 1293 0.916784
11 823 2331 851 2355 0.916869
11 1847 3277 1875 3301 0.916889
11 1467 1894 1496 1919 0.916903
11 918 1228 946 1252 0.916914
11 1529 2997 1556 3021 0.916928
11 1910 3238 1939 3262 0.916958
11 1790 2230 1818 2255 0.917034
11 1875 1934 1904 1958 0.91713
11 323 3017 352 3042 0.917155
0 129 2282 150 2581 0.91725
11 1762 967 1792 991 0.917516
11 1862 967 1890 990 0.917546
11 323 1613 352 1638 0.91756
11 1401 1674 1430 1698 0.917654
11 1685 318 1713 341 0.917712
11 1674 2230 1703 2255 0.917727
11 1344 3018 1373 3042 0.917774
11 1590 2928 1619 2952 0.917788
11 2287 248 2315 272 0.917793
11 1570 1167 1599 1191 0.917798
11 477 937 506 961 0.917842
11 323 897 351 921 0.917845
11 1528 2928 1557 2952 0.917883
11 1773 1654 1802 1678 0.917899
11 1384 2592 1412 2616 0.917913
11 2145 228 2173 252 0.917924
11 481 1673 509 1698 0.917963
11 1558 2552 1587 2575 0.918071
11 2028 897 2056 921 0.918153
11 478 1007 506 1031 0.918204
11 2297 1824 2326 1849 0.918313
11 2122 966 2151 991 0.918315
11 2116 1593 2145 1618 0.918331
11 852 997 880 1020 0.918358
11 323 1955 351 1979 0.918453
11 1208 318 1237 342 0.918472
11 1008 2988 1036 3012 0.9185
11 1467 3237 1496 3261 0.918585
11 690 937 719 961 0.918619
11 1031 906 1060 930 0.918647
11 1031 976 1060 1001 0.918664
11 1590 3188 1618 3212 0.918672
11 1442 2552 1470 2576 0.918736
11 1674 2301 1703 2325 0.918781
11 558 3008 586 3031 0.918799
11 2167 3237 2195 3261 0.918815
11 886 3277 915 3301 0.918825
11 323 967 352 991 0.918825
11 684 208 712 231 0.918826
11 1591 2998 1619 3021 0.918847
11 1600 1594 1629 1618 0.91893
11 784 927 813 950 0.918949
11 1249 3007 1277 3031 0.918961
11 2116 1663 2145 1688 0.918987
11 498 2341 526 2364 0.918991
11 1068 3188 1096 3212 0.919026
11 499 2938 528 2962 0.919039
11 1055 2311 1083 2335 0.919039
11 324 2301 352 2325 0.919062
11 2056 1894 2084 1919 0.919089
11 1344 3277 1373 3301 0.919119
11 1688 3237 1717 3262 0.919139
11 2069 2221 2098 2245 0.919159
11 1225 2512 1254 2536 0.919161
11 556 2341 584 2364 0.919168
11 1237 937 1266 961 0.919174
11 1127 328 1155 351 0.919193
11 1861 897 1890 921 0.919204
11 2231 3208 2260 3232 0.919242
11 2145 298 2174 322 0.91925
11 822 2261 851 2285 0.919295
11 536 1007 565 1031 0.919308
11 1974 3188 2002 3212 0.919311
11 919 1905 948 1929 0.919321
11 1249 2938 1278 2962 0.919326
11 982 1663 1011 1687 0.919344
11 537 936 565 961 0.919371
11 1558 2340 1587 2364 0.919373
11 1706 1704 1734 1727 0.919374
11 1790 2301 1818 2325 0.919375
11 733 3008 761 3032 0.919385
11 1958 1238 1986 1262 0.919402
11 690 1007 719 1031 0.919491
11 1009 2321 1037 2344 0.919492
11 1674 2551 1703 2576 0.919499
11 983 1593 1011 1617 0.919509
11 556 2482 584 2506 0.919663
11 2007 2542 2035 2566 0.919677
11 1600 1663 1629 1687 0.919687
11 1046 1865 1075 1889 0.919721
11 1883 2230 1911 2254 0.919743
11 818 1593 846 1618 0.919752
11 323 3298 351 3322 0.919754
11 1930 562 1959 586 0.919783
11 1935 1895 1964 1919 0.919794
11 986 987 1014 1011 0.919794
11 1127 258 1156 282 0.919796
11 1339 897 1368 921 0.919803
11 382 2532 410 2556 0.919818
11 2193 2502 2221 2526 0.919839
11 557 2938 586 2962 0.919846
11 1046 1654 1074 1678 0.919849
11 1506 936 1534 961 0.919854
11 1790 2551 1819 2576 0.919871
11 2074 501 2102 525 0.919879
12 1874 1653 1904 1677 0.919913
11 615 198 644 222 0.919916
11 499 3008 528 3032 0.919934
11 1406 2938 1435 2962 0.919942
11 827 2928 855 2952 0.919949
11 1406 3008 1435 3032 0.919965
11 2292 2271 2320 2295 0.919969
11 1634 896 1662 921 0.91997
11 2292 2340 2320 2364 0.919986
11 2218 1238 2246 1262 0.919989
11 1163 2561 1192 2586 0.920022
11 1101 2502 1130 2526 0.920023
11 946 2511 975 2536 0.920053
11 2288 936 2316 961 0.920094
11 2002 531 2031 555 0.920095
11 671 2492 700 2516 0.920103
11 1208 248 1237 272 0.920111
11 1763 896 1792 921 0.920123
11 2075 887 2104 911 0.920125
11 1384 2301 1412 2325 0.920137
0 129 259 150 576 0.92014
11 827 2997 855 3021 0.920178
11 1773 1584 1802 1608 0.92018
11 481 1603 509 1628 0.920198
11 1570 936 1599 961 0.920232
11 536 1158 565 1182 0.920239
11 2069 2532 2097 2556 0.92024
11 1534 1593 1563 1618 0.920246
11 985 916 1014 940 0.920253
11 615 267 644 291 0.920269
11 1732 2501 1761 2526 0.920274
11 1750 2917 1779 2941 0.92028
11 1688 3038 1716 3061 0.920333
11 418 1197 447 1222 0.920335
11 1068 2917 1097 2942 0.920355
11 323 1238 352 1262 0.920358
11 1046 1584 1075 1608 0.920362
11 1883 2612 1912 2636 0.920419
11 947 3248 976 3272 0.920459
11 733 2938 762 2962 0.920474
11 2288 1007 2316 1031 0.920492
11 1883 2301 1911 2325 0.920534
11 1616 2492 1645 2516 0.920534
11 1616 2271 1644 2295 0.920552
11 1068 2988 1097 3012 0.920553
11 1170 1228 1199 1252 0.920554
11 557 3208 586 3232 0.920576
11 1442 1218 1470 1242 0.920601
11 1287 2271 1315 2295 0.920603
11 1078 916 1107 940 0.920605
11 1249 3168 1278 3192 0.920608
11 1688 2967 1717 2991 0.920624
11 2131 2231 2159 2255 0.920689
11 1287 2561 1316 2586 0.920692
11 851 927 880 950 0.920716
11 1600 1845 1628 1869 0.920727
11 1338 967 1367 991 0.920754
11 601 1885 630 1909 0.920782
11 2237 1865 2265 1889 0.920783
11 1558 2270 1587 2295 0.920784
11 1945 2572 1973 2596 0.920795
11 441 3248 469 3272 0.920802
11 498 2271 526 2295 0.920816
11 2122 1188 2150 1212 0.920837
11 2177 1895 2206 1919 0.920846
11 730 2271 758 2294 0.92085
11 1055 2241 1084 2265 0.920873
11 1236 1603 1265 1628 0.92092
11 2122 897 2150 921 0.920931
11 499 3228 528 3252 0.920937
11 1007 2917 1036 2941 0.920945
11 555 2270 584 2295 0.920957
11 1128 3207 1157 3232 0.920962
11 1078 987 1107 1011 0.921026
11 870 561 899 585 0.92103
11 1401 1603 1430 1628 0.921063
11 1109 1885 1138 1909 0.921083
11 1409 551 1438 576 0.921104
11 1288 2341 1316 2364 0.921135
11 1616 2341 1645 2364 0.921136
11 1334 1684 1363 1708 0.921168
11 1996 1845 2024 1869 0.92117
11 1506 1007 1535 1031 0.921211
11 2131 2301 2159 2325 0.921218
11 323 611 352 636 0.92127
11 1699 1218 1727 1242 0.921281
11 2292 2612 2320 2636 0.921324
11 733 3178 762 3202 0.921334
11 2131 2522 2159 2546 0.921377
11 323 2572 352 2596 0.921385
11 684 278 713 302 0.921396
11 675 3188 703 3212 0.921405
11 822 2602 851 2626 0.921435
11 323 1683 352 1708 0.921567
11 614 2532 642 2556 0.921583
11 616 3228 645 3252 0.921643
11 1534 1663 1563 1688 0.921669
11 1862 1279 1891 1303 0.92168
11 498 2532 526 2556 0.921713
11 662 1845 690 1869 0.921719
11 439 2491 468 2515 0.921826
11 1173 1834 1202 1859 0.921833
11 2075 957 2104 981 0.921839
11 1500 2502 1528 2526 0.921846
11 817 1663 846 1688 0.921945
11 631 1198 660 1222 0.921972
11 420 1905 449 1929 0.922021
11 1858 601 1887 625 0.922049
11 826 3289 855 3313 0.922054
11 722 1603 751 1627 0.922065
11 393 571 422 596 0.922079
11 884 2561 913 2586 0.922191
11 730 2532 758 2555 0.922204
11 1008 2561 1037 2586 0.922405
11 1188 3177 1217 3201 0.922444
11 789 601 818 626 0.92253
11 2297 1603 2326 1627 0.92264
11 817 1945 846 1969 0.922679
11 1078 1178 1107 1202 0.922681
11 1339 1258 1368 1282 0.92271
11 1750 2988 1778 3012 0.92275
11 1236 1884 1265 1909 0.922763
11 722 1834 751 1859 0.923038
11 541 1603 570 1627 0.923203
10 173 912 225 1060 0.936001
10 173 2913 225 3061 0.93662
1 173 2490 229 2557 0.936941
10 173 227 225 371 0.938375
1 172 1822 230 1891 0.947531
1 172 1156 229 1224 0.947634
1 172 489 229 557 0.950124
1 172 3165 229 3234 0.950737
10 174 2248 226 2393 0.952043
10 173 1581 226 1727 0.955663
