13 1855 577 1896 604 0.801278
0 1577 3078 1721 3089 0.816676
13 326 3318 366 3343 0.819845
0 333 3078 476 3090 0.822021
0 1165 3077 1302 3089 0.822255
8 981 3177 1004 3240 0.82248
0 750 3078 890 3090 0.831559
8 1814 3179 1836 3240 0.833793
8 631 2502 655 2564 0.836292
8 2183 1153 2207 1216 0.837757
8 2183 2502 2207 2564 0.837968
8 631 1153 655 1216 0.839808
8 1149 2502 1173 2565 0.843662
8 631 1828 655 1891 0.84645
8 2183 1828 2207 1890 0.848226
8 1149 1153 1173 1216 0.848991
8 1149 1828 1173 1891 0.8521
8 722 2149 797 2180 0.9
8 2337 505 2421 534 0.9
8 2337 1555 2421 1584 0.9
8 2977 2046 3068 2077 0.9
13 326 1968 366 1993 0.852652
13 326 2643 366 2668 0.854275
13 741 3297 779 3323 0.871554
13 1990 3318 2029 3342 0.872915
15 1086 1841 1109 1881 0.873787
13 326 1293 366 1318 0.875891
8 1666 2522 1690 2586 0.87606
15 2121 1842 2144 1880 0.876132
8 1666 1173 1690 1235 0.876388
8 1666 1848 1690 1911 0.879003
13 1314 246 1354 272 0.881432
8 568 3177 591 3242 0.881456
15 569 1841 593 1880 0.882035
15 1086 1168 1109 1206 0.885842
15 1086 2517 1110 2555 0.888418
15 2121 1168 2144 1206 0.88939
13 844 1272 884 1298 0.890149
15 569 1168 593 1206 0.890927
15 1761 3191 1786 3231 0.891268
15 2121 2516 2145 2555 0.89209
15 568 2516 593 2555 0.893315
15 1603 1168 1626 1206 0.8935
15 1603 1842 1627 1880 0.893574
15 931 3191 955 3230 0.894749
15 1603 2517 1627 2555 0.895873
13 1316 316 1354 341 0.897144
15 1344 3192 1369 3231 0.898413
13 844 1947 884 1973 0.900597
8 1395 3196 1418 3258 0.901202
15 517 3192 541 3231 0.901535
12 776 579 804 603 0.90236
13 845 2622 884 2648 0.90386
12 524 579 553 603 0.905349
12 325 568 355 593 0.905373
13 1361 2612 1399 2638 0.907639
13 1989 2875 2028 2900 0.907909
13 1362 1263 1400 1288 0.90831
11 1025 3137 1053 3161 0.908312
11 1206 1112 1234 1136 0.908447
12 1570 549 1599 573 0.908602
11 1206 2462 1234 2486 0.908648
11 1206 1787 1234 1811 0.908654
13 1362 1938 1400 1963 0.908677
11 458 277 485 301 0.909364
11 1439 3016 1467 3041 0.910193
12 1861 327 1890 351 0.910403
12 1027 588 1058 613 0.91088
11 1664 2501 1692 2526 0.911196
11 1664 1826 1692 1851 0.911832
11 1664 1152 1692 1177 0.912306
11 2140 257 2168 281 0.912307
12 1861 258 1889 281 0.91234
11 1154 297 1182 321 0.912433
11 2121 992 2150 1017 0.912494
11 1206 992 1234 1016 0.912558
11 1723 1666 1751 1691 0.912585
11 1025 3016 1053 3041 0.912634
11 1723 992 1751 1016 0.912674
11 2122 1667 2150 1691 0.912704
12 1320 588 1350 613 0.912726
11 2122 2341 2150 2366 0.912777
11 1147 2270 1175 2295 0.912811
11 1147 1595 1175 1620 0.912828
11 1147 921 1175 946 0.912854
11 629 1595 657 1620 0.912929
11 629 2270 657 2295 0.913
11 1858 2935 1886 2960 0.913115
11 1392 3177 1420 3201 0.91312
11 1664 2270 1692 2295 0.913193
11 1664 921 1692 946 0.913261
11 1763 3016 1791 3040 0.913307
11 1664 1595 1692 1620 0.913311
11 1716 2955 1744 2980 0.913355
11 629 921 657 946 0.913388
11 968 2331 996 2356 0.913401
11 689 992 717 1016 0.913434
11 1206 1666 1234 1691 0.913476
11 1723 2341 1751 2366 0.91355
11 565 2945 593 2970 0.913569
11 1087 992 1115 1016 0.913661
11 525 236 553 261 0.913768
11 1206 2341 1234 2366 0.913776
11 1299 2956 1327 2980 0.913778
11 525 306 553 331 0.913788
11 1206 3016 1234 3040 0.913816
11 569 992 598 1016 0.913826
11 451 982 479 1006 0.91383
11 968 1657 996 1681 0.913844
11 1604 992 1632 1016 0.913855
11 688 1666 717 1692 0.913882
11 1604 1667 1632 1691 0.913897
11 569 1666 598 1691 0.913924
11 2003 2331 2031 2356 0.91395
11 1604 2341 1632 2366 0.91396
11 1087 1666 1115 1691 0.913988
11 451 2331 479 2356 0.913992
11 1906 2906 1934 2930 0.914017
11 1486 2331 1514 2356 0.914082
11 689 2342 717 2366 0.914083
11 1439 3167 1467 3191 0.914085
11 1028 236 1056 261 0.914091
11 569 2341 598 2366 0.914097
11 885 2956 913 2980 0.914101
11 1087 2341 1115 2366 0.914165
11 2181 1595 2209 1620 0.914252
11 510 2280 538 2305 0.914267
11 968 982 996 1006 0.914279
11 1545 2281 1573 2305 0.914303
11 2181 2270 2209 2295 0.914311
11 2003 1656 2031 1681 0.914384
11 451 1656 479 1681 0.914437
11 1486 1656 1514 1681 0.914475
11 2062 2280 2090 2305 0.914497
11 777 317 804 341 0.91451
11 849 2301 877 2325 0.914532
11 1028 2281 1056 2305 0.914557
11 2003 981 2031 1006 0.914558
11 1545 1605 1573 1630 0.91456
11 2181 921 2209 946 0.914613
11 2181 1131 2209 1156 0.914631
11 510 1605 538 1630 0.914632
11 1545 931 1573 956 0.914715
11 1486 981 1514 1006 0.914718
11 629 1131 657 1156 0.914738
11 510 931 538 956 0.91476
11 839 3005 867 3030 0.914768
11 390 991 419 1017 0.914788
11 2062 1605 2090 1630 0.914812
11 1028 1605 1056 1630 0.914819
11 1028 931 1056 956 0.914904
11 2181 1806 2209 1831 0.914951
11 1367 2301 1395 2325 0.914952
11 1723 1816 1751 1841 0.914962
11 2300 1585 2328 1610 0.914976
11 2062 931 2090 956 0.914979
11 326 317 354 341 0.914984
11 932 3016 960 3041 0.915001
11 326 246 354 271 0.915016
11 629 1806 657 1831 0.915027
11 776 246 804 271 0.915034
11 978 2945 1006 2970 0.915049
11 2181 2481 2209 2506 0.915052
11 1392 2945 1420 2970 0.915057
11 1884 2301 1912 2325 0.915094
11 1811 2945 1839 2970 0.915102
11 629 2481 657 2506 0.915127
11 909 992 937 1017 0.915165
11 1028 307 1056 331 0.915222
11 2300 2260 2328 2285 0.915239
11 1668 3005 1696 3030 0.915269
11 1621 3016 1649 3040 0.915273
11 1147 1131 1175 1156 0.915333
11 633 347 660 371 0.915357
13 1154 3287 1193 3313 0.915419
11 332 921 360 946 0.915422
11 457 347 485 371 0.915481
11 2250 347 2278 371 0.915493
11 518 3015 547 3041 0.915515
11 2300 911 2328 936 0.915528
11 849 1626 877 1651 0.915532
11 1723 2491 1751 2516 0.915575
11 1858 3166 1885 3191 0.915612
11 1147 1806 1175 1831 0.915613
11 1943 992 1971 1016 0.915613
11 1252 3006 1280 3031 0.915625
11 909 1667 937 1692 0.915685
11 1159 2975 1187 3000 0.915723
11 909 2341 937 2366 0.915754
11 1147 2481 1175 2506 0.915773
11 633 276 660 301 0.915779
11 332 2976 360 3000 0.915786
11 978 3156 1006 3181 0.915795
11 1884 1626 1912 1651 0.915805
11 332 2301 360 2325 0.915823
11 849 951 877 976 0.915847
11 378 3016 405 3040 0.915872
11 425 3006 453 3031 0.915902
11 748 2301 776 2325 0.915952
11 792 3015 820 3040 0.915955
11 1071 2975 1099 3000 0.91599
11 1367 951 1395 976 0.916014
11 1782 2300 1811 2325 0.916019
11 1367 1626 1395 1651 0.916048
11 1884 951 1912 976 0.916101
11 2140 327 2168 351 0.916126
11 1265 2300 1294 2325 0.91614
11 1943 1666 1971 1691 0.916143
11 1723 1142 1751 1167 0.916158
11 1811 3156 1839 3181 0.916244
11 902 277 930 301 0.916283
11 2249 277 2277 301 0.91632
11 332 992 360 1016 0.916333
11 1573 2976 1601 3000 0.91639
11 1426 1666 1454 1691 0.91639
11 901 347 930 372 0.91641
11 657 2975 686 3000 0.916445
11 1943 2341 1971 2366 0.916529
11 610 3016 639 3041 0.916532
11 391 1666 419 1691 0.916648
11 332 1626 360 1651 0.916649
11 2241 2301 2269 2325 0.916669
11 2241 2492 2269 2516 0.916734
11 565 3156 593 3181 0.916792
11 1426 991 1454 1016 0.916824
11 689 2492 717 2516 0.916861
11 1426 2341 1454 2366 0.916882
11 391 2341 419 2366 0.916962
11 471 2956 499 2980 0.916975
11 2241 951 2269 976 0.916989
11 1345 3015 1374 3041 0.917152
11 748 951 776 976 0.917233
11 2240 1816 2269 1841 0.917267
11 2240 1142 2269 1167 0.917299
11 1265 951 1294 976 0.917419
11 611 3167 638 3191 0.917434
11 1265 1626 1294 1651 0.917442
11 1783 951 1811 976 0.917472
11 748 1626 776 1651 0.91756
11 689 1816 717 1841 0.917635
11 2241 1626 2269 1651 0.917851
11 1783 1626 1811 1651 0.917878
11 688 1142 717 1167 0.917991
11 1484 2976 1513 3000 0.91805
11 746 2976 773 3000 0.918112
11 332 951 360 975 0.918551
11 1154 226 1182 251 0.918585
0 2166 208 2276 239 0.922306
1 173 1816 230 1883 0.925655
1 173 466 231 534 0.926398
0 1347 3068 1488 3105 0.927019
1 173 3166 230 3232 0.927109
1 174 1141 230 1208 0.927215
1 173 2491 230 2557 0.927245
0 1606 2393 1787 2429 0.936819
0 1606 1719 1787 1755 0.937185
0 331 1034 514 1075 0.937581
0 1606 1044 1787 1080 0.937926
0 571 1719 752 1755 0.938412
0 1765 3047 1908 3089 0.938459
0 571 2393 751 2430 0.938883
0 571 1043 752 1080 0.939877
0 2123 1023 2303 1065 0.94072
0 2123 2372 2303 2414 0.940894
0 2123 1697 2303 1740 0.940914
0 520 3068 662 3105 0.946657
0 1090 2393 1267 2430 0.947159
0 1090 1044 1267 1080 0.947978
0 937 3068 1073 3105 0.948258
0 1090 1719 1267 1755 0.948458
10 175 2925 226 3069 0.961409
10 176 226 227 369 0.961555
10 176 902 227 1044 0.962242
10 176 1576 227 1720 0.962935
10 176 2251 227 2395 0.96351
